1 0.8735638234375 0.3458202861111111 0.8589153859375 0.3718619527777778 0.8589153859375 0.406584175 0.8657513234375 0.4187369527777778 0.8696575734375 0.4187369527777778 0.8706341359375 0.4274175083333333 0.8774700734375 0.4360980638888889 0.8960247609375 0.4343619527777778 0.9155560109375 0.406584175 0.9155560109375 0.3649175083333333 0.9106731984375 0.3631813972222222 0.8989544484375 0.3423480638888889 0.8891888234375 0.3388758416666667 0.8735638234375 0.3458202861111111
1 0.6715445218749999 0.3410533055555556 0.6588492093749999 0.36709497222222226 0.6588492093749999 0.3914005277777778 0.6627554593749999 0.4087616388888889 0.6734976468749999 0.4243866388888889 0.6998648343749999 0.4226505277777778 0.7096304593749999 0.4052894166666667 0.7135367093749999 0.3879283055555556 0.7096304593749999 0.3566783055555556 0.6969351468749999 0.33758108333333336 0.6832632718749999 0.33410886111111116 0.6715445218749999 0.3410533055555556
1 0.6682577187500001 0.42657095833333336 0.6623983437500001 0.43004318055555557 0.6516561562500001 0.4491404027777778 0.6477499062500001 0.4803904027777778 0.6497030312500001 0.49080706944444447 0.6643514687500001 0.5168487361111112 0.6809530312500001 0.5185848472222222 0.6897420937500001 0.5133765138888889 0.6985311562500001 0.4977515138888889 0.7024374062500001 0.483862625 0.7024374062500001 0.45955706944444447 0.6916952187500001 0.4335154027777778 0.6682577187500001 0.42657095833333336
1 0.48993216614583335 0.2502140074074074 0.47235404114583335 0.2502140074074074 0.45575247864583335 0.2797278962962963 0.45575247864583335 0.3144501185185185 0.45965872864583335 0.31792234074074077 0.46161185364583335 0.33181122962962967 0.46844779114583335 0.3404917851851852 0.49090872864583335 0.3422278962962963 0.5006743536458333 0.33181122962962967 0.5006743536458333 0.31792234074074077 0.5065337286458333 0.3109778962962963 0.5065337286458333 0.2797278962962963 0.5006743536458333 0.2623667851851852 0.48993216614583335 0.2502140074074074
1 0.48993216614583335 0.42762240185185185 0.48016654114583335 0.42762240185185185 0.47430716614583335 0.43803906851851854 0.47040091614583335 0.43109462407407406 0.46649466614583335 0.43109462407407406 0.46258841614583335 0.4345668462962963 0.45575247864583335 0.4501918462962963 0.45575247864583335 0.45713629074074075 0.45379935364583335 0.46060851296296296 0.45379935364583335 0.46755295740740743 0.45575247864583335 0.47102517962962964 0.45575247864583335 0.4849140685185185 0.45770560364583335 0.4918585129629629 0.46844779114583335 0.5109557351851851 0.47430716614583335 0.5109557351851851 0.47626029114583335 0.5144279574074073 0.48602591614583335 0.5144279574074073 0.48700247864583335 0.5126918462962963 0.49383841614583335 0.5074835129629629 0.5045806036458333 0.4849140685185185 0.5045806036458333 0.45366406851851854 0.5026274786458333 0.44671962407407406 0.49383841614583335 0.43109462407407406 0.48993216614583335 0.42762240185185185
0 0.296337203125 0.43953871203703704 0.287548140625 0.4273859342592593 0.283641890625 0.4273859342592593 0.281688765625 0.42391371203703704 0.269970015625 0.42391371203703704 0.264110640625 0.4308581564814815 0.260204390625 0.4308581564814815 0.256298140625 0.4343303787037037 0.251415328125 0.4430109342592593 0.24946220312499998 0.4499553787037037 0.24946220312499998 0.4812053787037037 0.258251265625 0.5037748231481481 0.262157515625 0.5072470453703704 0.266063765625 0.5072470453703704 0.269970015625 0.5141914898148149 0.282665328125 0.5124553787037037 0.291454390625 0.5003026009259259 0.293407515625 0.5003026009259259 0.298290328125 0.4916220453703704 0.302196578125 0.4777331564814815 0.300243453125 0.45342760092592593 0.296337203125 0.43953871203703704
0 0.4964243875 0.3762237027777778 0.4944712625 0.37275148055555557 0.4944712625 0.3658070361111111 0.48958845 0.3501820361111111 0.48177595 0.3432375916666667 0.47396345 0.3432375916666667 0.472010325 0.3397653694444444 0.460291575 0.3397653694444444 0.4554087625 0.3449737027777778 0.4554087625 0.348445925 0.4456431375 0.3658070361111111 0.4436900125 0.37275148055555557 0.4436900125 0.3901125916666667 0.4456431375 0.3935848138888889 0.4456431375 0.40400148055555557 0.4475962625 0.410945925 0.45833845 0.426570925 0.472010325 0.426570925 0.4729868875 0.4248348138888889 0.47396345 0.4230987027777778 0.4856822 0.4230987027777778 0.4925181375 0.4144181472222222 0.4925181375 0.410945925 0.4964243875 0.40400148055555557 0.4964243875 0.3762237027777778
0 0.08444444166666668 0.4241175009259259 0.05905381666666667 0.4241175009259259 0.05319444166666667 0.4380063898148148 0.047335066145833334 0.4380063898148148 0.042452253645833334 0.45015916759259256 0.044405378645833334 0.4779369453703704 0.05319444166666667 0.4970341675925926 0.05710069166666667 0.4970341675925926 0.06296006666666668 0.5074508342592593 0.07565537916666668 0.5091869453703705 0.08249131666666668 0.5074508342592593 0.09518662916666668 0.4883536120370371 0.09909287916666668 0.4744647231481482 0.09909287916666668 0.4536313898148148 0.09518662916666668 0.4397425009259259 0.08444444166666668 0.4241175009259259
1 0.04892118385416667 0.34966845555555554 0.04306180885416667 0.38091845555555554 0.05380399583333333 0.41390456666666664 0.07626493385416667 0.4156406777777778 0.09091337135416667 0.41390456666666664 0.09970243385416667 0.4017517888888889 0.09970243385416667 0.36355734444444443 0.08505399635416667 0.3375156777777778 0.06161649583333333 0.33404345555555554 0.04892118385416667 0.34966845555555554
0 0.8981486640625 0.43236286759259257 0.8668986640625 0.4358350898148148 0.8600627265625 0.4514600898148148 0.8600627265625 0.4896545342592593 0.8668986640625 0.5052795342592593 0.8786174140625 0.5191684231481482 0.8952189765625 0.5174323120370371 0.9127971015625 0.4931267564814815 0.9167033515625 0.47229342314814815 0.9147502265625 0.4514600898148148 0.9098674140625 0.44277953425925926 0.9059611640625 0.44625175648148147 0.8981486640625 0.43236286759259257
0 0.6997886421874999 0.30160154074074075 0.6997886421874999 0.2772959851851852 0.6958823921874999 0.27035154074074075 0.6939292671874999 0.25993487407407406 0.6831870796874999 0.24083765185185185 0.6695152046874999 0.24083765185185185 0.6577964546874999 0.25125431851851854 0.6509605171874999 0.26340709629629633 0.6509605171874999 0.26687931851851854 0.6451011421874999 0.28076820740740743 0.6451011421874999 0.30160154074074075 0.6470542671874999 0.30507376296296296 0.6470542671874999 0.31201820740740743 0.6548667671874999 0.32590709629629633 0.6548667671874999 0.32937931851851854 0.6617027046874999 0.33805987407407406 0.6656089546874999 0.33805987407407406 0.6675620796874999 0.34153209629629633 0.6802573921874999 0.3397959851851852 0.6861167671874999 0.33285154074074075 0.6870933296874999 0.32069876296296296 0.6909995796874999 0.32069876296296296 0.6978355171874999 0.31201820740740743 0.6978355171874999 0.30507376296296296 0.6997886421874999 0.30160154074074075