1 0.8565162937499999 0.23622931388888888 0.8369850437499999 0.2397015361111111 0.8262428562499999 0.2553265361111111 0.8223366062499999 0.269215425 0.8242897312499999 0.2969932027777778 0.8311256687499999 0.30914598055555553 0.8389381687499999 0.3126182027777778 0.8574928562499999 0.31088209166666664 0.8662819187499999 0.3056737583333333 0.8711647312499999 0.29352098055555553 0.8711647312499999 0.2587987583333333 0.8565162937499999 0.23622931388888888
1 0.675316328125 0.3252766787037037 0.649925703125 0.3252766787037037 0.639183515625 0.34784612314814817 0.639183515625 0.3756239009259259 0.653831953125 0.4016655675925926 0.668480390625 0.3999294564814815 0.677269453125 0.3912489009259259 0.684105390625 0.3756239009259259 0.684105390625 0.3409016787037037 0.675316328125 0.3252766787037037
1 0.5049537604166666 0.3383818101851852 0.4815162604166667 0.3383818101851852 0.4707740729166667 0.3609512546296296 0.4707740729166667 0.381784587962963 0.4746803229166667 0.39567347685185184 0.4854225104166667 0.41129847685185184 0.4981178229166667 0.413034587962963 0.5117896979166666 0.39567347685185184 0.5156959479166666 0.381784587962963 0.5156959479166666 0.36442347685185184 0.5049537604166666 0.3383818101851852
1 0.3314710848958333 0.3570323759259259 0.3207288973958333 0.3414073759259259 0.3129163973958333 0.3414073759259259 0.3070570223958333 0.3483518203703704 0.2992445223958333 0.34487959814814817 0.2885023348958333 0.3709212648148148 0.2924085848958333 0.4021712648148148 0.3051038973958333 0.421268487037037 0.3217054598958333 0.4195323759259259 0.3334242098958333 0.4021712648148148 0.3353773348958333 0.39175459814814817 0.3353773348958333 0.3709212648148148 0.3314710848958333 0.3570323759259259
0 0.495628828125 0.25885779999999997 0.474144453125 0.25885779999999997 0.465355390625 0.27448279999999997 0.465355390625 0.31614946666666666 0.472191328125 0.32830224444444445 0.498558515625 0.32656613333333334 0.504417890625 0.31962168888888887 0.508324140625 0.30573279999999997 0.506371015625 0.27448279999999997 0.495628828125 0.25885779999999997
1 0.6836646979166667 0.22284615277777778 0.6856178229166667 0.195068375 0.6768287604166667 0.17249893055555557 0.6690162604166667 0.16555448611111112 0.6572975104166667 0.16555448611111112 0.6406959479166667 0.18812393055555557 0.6387428229166667 0.22284615277777778 0.6494850104166667 0.24194337499999996 0.6641334479166667 0.2471517083333333 0.6699928229166667 0.24020726388888886 0.6709693854166667 0.23152670833333333 0.6748756354166667 0.23847115277777775 0.6836646979166667 0.22284615277777778
0 0.6883570572916666 0.2515762546296296 0.6805445572916666 0.2446318101851852 0.6688258072916666 0.2446318101851852 0.6610133072916666 0.2515762546296296 0.6541773697916666 0.2672012546296296 0.6522242447916666 0.2984512546296296 0.6649195572916666 0.3210206990740741 0.6815211197916666 0.319284587962963 0.6883570572916666 0.31754847685185184 0.6971461197916666 0.3053956990740741 0.6990992447916666 0.2776179212962963 0.6883570572916666 0.2515762546296296
0 0.8717958442708333 0.33205255648148146 0.8649599067708333 0.3198997787037037 0.8591005317708333 0.3198997787037037 0.8551942817708333 0.31295533425925925 0.8337099067708333 0.31295533425925925 0.8229677192708333 0.3355247787037037 0.8229677192708333 0.35983033425925925 0.8395692817708333 0.38934422314814815 0.8522645942708333 0.38760811203703704 0.8591005317708333 0.37545533425925925 0.8630067817708333 0.37892755648148146 0.8678895942708333 0.37024700092592594 0.8717958442708333 0.33205255648148146
0 0.119689153125 0.3639608472222222 0.115782903125 0.3709052916666667 0.111876653125 0.3674330694444445 0.103087590625 0.3934747361111111 0.108946965625 0.4038914027777778 0.106993840625 0.4108358472222222 0.115782903125 0.4264608472222222 0.121642278125 0.4264608472222222 0.125548528125 0.4368775138888889 0.136290715625 0.4351414027777778 0.151915715625 0.4143080694444445 0.153868840625 0.3795858472222222 0.143126653125 0.360488625 0.119689153125 0.3639608472222222
1 0.14754225260416665 0.29806286111111113 0.14070631510416665 0.28591008333333334 0.13094069010416667 0.2789656388888889 0.11726881510416667 0.2789656388888889 0.10945631510416667 0.28591008333333334 0.10847975260416667 0.2945906388888889 0.10066725260416667 0.30500730555555555 0.10262037760416667 0.33972952777777776 0.11140944010416667 0.35188230555555555 0.13582350260416665 0.35014619444444445 0.14461256510416665 0.34841008333333334 0.15144850260416665 0.33278508333333334 0.15144850260416665 0.30847952777777776 0.14754225260416665 0.29806286111111113
0 0.8447265625 0.14930555555555555 0.8359375 0.16493055555555555 0.830078125 0.1857638888888889 0.830078125 0.203125 0.8447265625 0.2326388888888889 0.861328125 0.234375 0.880859375 0.203125 0.880859375 0.17881944444444445 0.8681640625 0.14930555555555555 0.8447265625 0.14930555555555555