0 0.9470332265625 0.3344213861111111 0.9528926015625 0.3274769416666667 0.9528926015625 0.317060275 0.9548457265625 0.3135880527777778 0.9528926015625 0.3101158305555555 0.9528926015625 0.2962269416666667 0.9509394765625 0.2927547194444444 0.9509394765625 0.285810275 0.9382441640625 0.2667130527777778 0.9323847890625 0.2667130527777778 0.9304316640625 0.2632408305555555 0.9187129140625 0.2632408305555555 0.9148066640625 0.270185275 0.9109004140625 0.270185275 0.9001582265625 0.285810275 0.8962519765625 0.2996991638888889 0.8962519765625 0.3274769416666667 0.9069941640625 0.3500463861111111 0.9148066640625 0.3569908305555555 0.9392207265625 0.3552547194444444 0.9431269765625 0.3517824972222222 0.9441035390625 0.3431019416666667 0.9489863515625 0.3413658305555555 0.9470332265625 0.3344213861111111
0 0.9437137026041668 0.4897897925925926 0.9456668276041668 0.4863175703703704 0.9456668276041668 0.4759009037037037 0.9388308901041668 0.4602759037037037 0.9349246401041668 0.46374812592592596 0.9319949526041668 0.45159534814814817 0.9290652651041668 0.44638701481481485 0.9251590151041668 0.44638701481481485 0.9232058901041668 0.44985923703703706 0.9095340151041668 0.44985923703703706 0.9075808901041668 0.44638701481481485 0.8997683901041668 0.44638701481481485 0.8958621401041668 0.4533314592592593 0.8939090151041668 0.4533314592592593 0.8870730776041668 0.4689564592592593 0.8870730776041668 0.49326201481481485 0.8929324526041668 0.5140953481481482 0.8978152651041668 0.5227759037037037 0.8997683901041668 0.5227759037037037 0.9075808901041668 0.5331925703703704 0.9134402651041668 0.5331925703703704 0.9153933901041668 0.5366647925925926 0.9183230776041668 0.5349286814814815 0.9271121401041668 0.5297203481481482 0.9417605776041668 0.5071509037037037 0.9437137026041668 0.5002064592592593 0.9437137026041668 0.4897897925925926
1 0.9452621276041667 0.39361107314814814 0.9452621276041667 0.3866666287037037 0.9394027526041667 0.37972218425925924 0.9394027526041667 0.3727777398148148 0.9345199401041667 0.36409718425925924 0.9267074401041667 0.3571527398148148 0.9110824401041667 0.3571527398148148 0.9091293151041667 0.36062496203703703 0.9013168151041667 0.36409718425925924 0.8905746276041667 0.37972218425925924 0.8905746276041667 0.3831944064814815 0.8866683776041667 0.39013885092592593 0.8866683776041667 0.4179166287037037 0.8935043151041667 0.4335416287037037 0.9003402526041667 0.43874996203703703 0.9013168151041667 0.4474305175925926 0.9130355651041667 0.4509027398148148 0.9149886901041667 0.45437496203703703 0.9218246276041667 0.45263885092592593 0.9325668151041667 0.4439582953703704 0.9433090026041667 0.42486107314814814 0.9472152526041667 0.3970832953703704 0.9452621276041667 0.39361107314814814
1 0.7228789234375 0.4923803944444445 0.7267851734375 0.48543595000000006 0.7267851734375 0.4715470611111111 0.7160429859375 0.4455053944444444 0.7043242359375 0.43856095 0.6886992359375 0.43856095 0.6740507984375 0.4611303944444444 0.6720976734375 0.49585261666666675 0.6808867359375 0.5184220611111111 0.6926054859375 0.5288387277777779 0.7053007984375 0.5271026166666667 0.7140898609375 0.5218942833333334 0.7209257984375 0.5097415055555556 0.7248320484375 0.49932483888888896 0.7228789234375 0.4923803944444445
1 0.50609685 0.4369594675925926 0.5021906 0.45084835648148147 0.49828435 0.4404316898148148 0.492424975 0.4404316898148148 0.4797296625 0.4699455787037037 0.4816827875 0.4942511342592593 0.4943781 0.520292800925926 0.5129327875 0.522028912037037 0.5285577875 0.5011955787037038 0.5305109125 0.46300113425925926 0.519768725 0.4404316898148148 0.50609685 0.4369594675925926
1 0.529701575 0.28309315185185185 0.5209125125 0.26746815185185185 0.5033343875 0.26052370740740743 0.4935687625 0.26746815185185185 0.482826575 0.28656537407407406 0.48087345 0.32475981851851854 0.4935687625 0.3508014851851852 0.4994281375 0.35427370740740743 0.5013812625 0.34732926296296296 0.5072406375 0.35774592962962964 0.514076575 0.35600981851851854 0.5209125125 0.3508014851851852 0.533607825 0.32475981851851854 0.533607825 0.30045426296296296 0.529701575 0.28309315185185185
0 0.5191057807291667 0.37061845092592594 0.5122698432291667 0.35846567314814815 0.48883234322916663 0.34804900648148146 0.47223078072916663 0.37756289537037035 0.47027765572916663 0.40534067314814815 0.47711359322916663 0.4313823398148148 0.49273859322916663 0.44527122870370367 0.49957453072916663 0.44353511759259256 0.5083635932291667 0.44179900648148146 0.5210589057291667 0.42270178425925925 0.5249651557291667 0.39492400648148146 0.5191057807291667 0.37061845092592594
1 0.322670325 0.4539517518518519 0.3080218875 0.43485452962962967 0.2865375125 0.4383267518518519 0.2738422 0.4643684185185185 0.2738422 0.49214619629629625 0.2865375125 0.5181878629629629 0.2943500125 0.5181878629629629 0.2982562625 0.5251323074074074 0.30899845 0.5233961962962963 0.322670325 0.5060350851851851 0.326576575 0.49214619629629625 0.326576575 0.4678406407407408 0.322670325 0.4539517518518519
0 0.13154808958333333 0.4538252555555556 0.11494652708333333 0.4312558111111111 0.09541527760416665 0.4312558111111111 0.07881371510416665 0.4572974777777778 0.07686059010416665 0.47465858888888884 0.08076684010416665 0.49201969999999995 0.09346215260416665 0.5145891444444444 0.10127465208333333 0.5215335888888889 0.10811058958333333 0.5197974777777777 0.11885277708333333 0.5145891444444444 0.12959496458333333 0.4989641444444444 0.13350121510416668 0.4642419222222222 0.13154808958333333 0.4538252555555556
0 0.1140452609375 0.3504054638888889 0.0925608859375 0.34346101944444446 0.0720530734375 0.36950268611111114 0.0700999484375 0.39033601944444446 0.0769358859375 0.41984990833333335 0.0886546359375 0.4267943527777778 0.1130686984375 0.42505824166666667 0.1208811984375 0.41811379722222225 0.1286936984375 0.39033601944444446 0.1228343234375 0.3660304638888889 0.1140452609375 0.3504054638888889
1 0.1064453125 0.2569444444444444 0.0888671875 0.2569444444444444 0.0791015625 0.2673611111111111 0.072265625 0.2864583333333333 0.07421875 0.3211805555555556 0.0927734375 0.3472222222222222 0.11328125 0.3454861111111111 0.12890625 0.3177083333333333 0.126953125 0.2829861111111111 0.1162109375 0.2638888888888889 0.1064453125 0.2569444444444444