0 0.74204439375 0.40959658425925927 0.74790376875 0.4026521398148148 0.74790376875 0.39223547314814816 0.74985689375 0.3887632509259259 0.74790376875 0.3852910287037037 0.74790376875 0.3714021398148148 0.74595064375 0.3679299175925926 0.74595064375 0.36098547314814816 0.73325533125 0.3418882509259259 0.72739595625 0.3418882509259259 0.72544283125 0.3384160287037037 0.71372408125 0.3384160287037037 0.7059697010416667 0.35109772314814813 0.6999295604166667 0.35608043055555555 0.6948627953125001 0.37176758055555553 0.69126314375 0.374874362037037 0.69126314375 0.4026521398148148 0.70200533125 0.42522158425925927 0.70981783125 0.4321660287037037 0.73423189375 0.4304299175925926 0.73813814375 0.42695769537037037 0.73911470625 0.4182771398148148 0.74399751875 0.4165410287037037 0.74204439375 0.40959658425925927
0 0.9524835625 0.47467491111111115 0.9544366875 0.4712026888888889 0.9544366875 0.46078602222222226 0.94760075 0.44516102222222226 0.9436945 0.44863324444444447 0.9407648125 0.4364804666666667 0.937835125 0.43127213333333336 0.933928875 0.43127213333333336 0.93197575 0.4347443555555556 0.918303875 0.4347443555555556 0.91635075 0.43127213333333336 0.90853825 0.43127213333333336 0.904632 0.4382165777777778 0.902678875 0.4382165777777778 0.8958429375 0.4538415777777778 0.8958429375 0.47814713333333336 0.9017023125 0.4989804666666667 0.906585125 0.5076610222222222 0.90853825 0.5076610222222222 0.91635075 0.5180776888888889 0.922210125 0.5180776888888889 0.92416325 0.5215499111111112 0.9270929375 0.5198138 0.935882 0.5146054666666667 0.9505304375 0.49203602222222226 0.9524835625 0.4850915777777778 0.9524835625 0.47467491111111115
1 0.9527503057291666 0.3756825185185185 0.9527503057291666 0.36873807407407405 0.9468909307291666 0.36179362962962963 0.9468909307291666 0.3548491851851852 0.9420081182291666 0.34616862962962963 0.9341956182291666 0.3392241851851852 0.9185706182291666 0.3392241851851852 0.9166174932291666 0.3426964074074074 0.9088049932291666 0.34616862962962963 0.8980628057291666 0.36179362962962963 0.8980628057291666 0.36526585185185184 0.8941565557291666 0.3722102962962963 0.8941565557291666 0.39998807407407405 0.9009924932291666 0.41561307407407405 0.9078284307291666 0.4208214074074074 0.9088049932291666 0.42950196296296295 0.9205237432291666 0.4329741851851852 0.9224768682291666 0.4364464074074074 0.9293128057291666 0.4347102962962963 0.9400549932291666 0.42602974074074074 0.9507971807291666 0.4069325185185185 0.9547034307291666 0.37915474074074074 0.9527503057291666 0.3756825185185185
1 0.7299574651041667 0.4795142416666666 0.7338637151041667 0.4725697972222222 0.7338637151041667 0.45868090833333336 0.7231215276041667 0.4326392416666667 0.7114027776041667 0.4256947972222222 0.6957777776041667 0.4256947972222222 0.6811293401041667 0.4482642416666667 0.6791762151041667 0.48298646388888883 0.6879652776041667 0.5055559083333333 0.6996840276041667 0.5159725749999999 0.7123793401041667 0.5142364638888889 0.7211684026041667 0.5090281305555555 0.7280043401041667 0.4968753527777777 0.7319105901041667 0.48645868611111104 0.7299574651041667 0.4795142416666666
1 0.5120994057291667 0.4284567361111111 0.5081931557291667 0.442345625 0.5042869057291667 0.43192895833333333 0.4984275307291667 0.43192895833333333 0.4857322182291667 0.46144284722222223 0.4876853432291667 0.4857484027777778 0.5003806557291667 0.5117900694444445 0.5189353432291667 0.5135261805555557 0.5345603432291667 0.4926928472222223 0.5365134682291667 0.45449840277777775 0.5257712807291667 0.43192895833333333 0.5120994057291667 0.4284567361111111
1 0.5340332817708333 0.27230610555555557 0.5252442192708333 0.25668110555555557 0.5076660942708333 0.24973666111111112 0.4979004692708333 0.25668110555555557 0.4871582817708333 0.2757783277777778 0.4852051567708333 0.31397277222222225 0.4979004692708333 0.3400144388888889 0.5037598442708333 0.34348666111111115 0.5057129692708333 0.33654221666666667 0.5115723442708333 0.34695888333333336 0.5184082817708333 0.34522277222222225 0.5252442192708333 0.3400144388888889 0.5379395317708333 0.31397277222222225 0.5379395317708333 0.28966721666666667 0.5340332817708333 0.27230610555555557
0 0.5244182609375 0.35856933611111114 0.5175823234375 0.34641655833333335 0.4941448234375 0.33599989166666666 0.4775432609375 0.36551378055555556 0.4755901359375 0.39329155833333335 0.4824260734375 0.41933322500000003 0.4980510734375 0.43322211388888887 0.5048870109375 0.43148600277777777 0.5136760734375 0.42974989166666666 0.5263713859375 0.41065266944444445 0.5302776359375 0.38287489166666666 0.5244182609375 0.35856933611111114
1 0.339931 0.4413188564814815 0.3252825625 0.4222216342592593 0.3037981875 0.4256938564814815 0.291102875 0.45173552314814813 0.291102875 0.4795133009259259 0.3037981875 0.5055549675925926 0.3116106875 0.5055549675925926 0.3155169375 0.5124994120370371 0.326259125 0.5107633009259259 0.339931 0.4934021898148148 0.34383725 0.4795133009259259 0.34383725 0.4552077453703704 0.339931 0.4413188564814815
0 0.13993595781249998 0.4472616018518519 0.1233343953125 0.4246921574074074 0.1038031453125 0.4246921574074074 0.0872015828125 0.4507338240740741 0.0852484578125 0.4680949351851852 0.0891547078125 0.48545604629629635 0.1018500203125 0.5080254907407408 0.1096625203125 0.5149699351851852 0.1164984578125 0.5132338240740741 0.1272406453125 0.5080254907407408 0.13798283281249998 0.49240049074074077 0.14188908281249998 0.4576782685185185 0.13993595781249998 0.4472616018518519
0 0.11980791614583333 0.34167380833333333 0.09832354166666667 0.3347293638888889 0.07781572916666667 0.3607710305555556 0.07586260416666667 0.3816043638888889 0.08269854166666667 0.4111182527777778 0.09441729166666667 0.4180626972222222 0.11883135364583333 0.4163265861111111 0.12664385364583333 0.4093821416666667 0.13445635364583333 0.3816043638888889 0.12859697864583333 0.35729880833333333 0.11980791614583333 0.34167380833333333
1 0.30795575468749997 0.34207855555555555 0.29037762968749997 0.34207855555555555 0.28061200468749997 0.35249522222222224 0.27377606718749997 0.37159244444444445 0.27572919218749997 0.40631466666666666 0.29428387968749997 0.43235633333333334 0.31479169218749997 0.43062022222222224 0.32670714791666666 0.40245338333333336 0.3278591927083333 0.3727425675925926 0.31772137968749997 0.34902299999999997 0.30795575468749997 0.34207855555555555