0 0.9140625 0.2899305555555556 0.8955078125 0.2638888888888889 0.8720703125 0.2673611111111111 0.875 0.2934027777777778 0.8701171875 0.2916666666666667 0.8671875 0.296875 0.8671875 0.3177083333333333 0.87109375 0.3246527777777778 0.869140625 0.3315972222222222 0.8798828125 0.34375 0.89453125 0.3420138888888889 0.90234375 0.3315972222222222 0.9033203125 0.3229166666666667 0.912109375 0.3142361111111111 0.9140625 0.2899305555555556
1 0.8759765625 0.34375 0.859375 0.3663194444444444 0.857421875 0.3940972222222222 0.859375 0.4045138888888889 0.8740234375 0.4236111111111111 0.890625 0.421875 0.90625 0.4010416666666667 0.908203125 0.3663194444444444 0.8916015625 0.34375 0.8759765625 0.34375
0 0.8974609375 0.4340277777777778 0.8916015625 0.4236111111111111 0.8681640625 0.4201388888888889 0.857421875 0.4392361111111111 0.857421875 0.4670138888888889 0.8701171875 0.4930555555555556 0.88671875 0.4947916666666667 0.904296875 0.4704861111111111 0.90625 0.4461805555555556 0.8994140625 0.4305555555555556 0.8974609375 0.4340277777777778
1 0.71484375 0.4288194444444444 0.7080078125 0.4201388888888889 0.6845703125 0.4131944444444444 0.671875 0.4357638888888889 0.671875 0.4635416666666667 0.6767578125 0.4791666666666667 0.6865234375 0.4895833333333333 0.6953125 0.4913194444444444 0.7080078125 0.4826388888888889 0.716796875 0.4670138888888889 0.71875 0.4427083333333333 0.71484375 0.4288194444444444
1 0.6962890625 0.2569444444444444 0.6796875 0.2725694444444444 0.671875 0.3038194444444444 0.6845703125 0.3368055555555556 0.705078125 0.3385416666666667 0.720703125 0.3142361111111111 0.720703125 0.2899305555555556 0.7099609375 0.2638888888888889 0.6962890625 0.2569444444444444
1 0.544921875 0.4253472222222222 0.5322265625 0.4097222222222222 0.5283203125 0.4097222222222222 0.5244140625 0.4236111111111111 0.5205078125 0.4131944444444444 0.5126953125 0.4131944444444444 0.50390625 0.4322916666666667 0.50390625 0.453125 0.5078125 0.4704861111111111 0.5166015625 0.4861111111111111 0.533203125 0.484375 0.5400390625 0.4791666666666667 0.546875 0.4635416666666667 0.548828125 0.4392361111111111 0.544921875 0.4253472222222222
1 0.3525390625 0.3298611111111111 0.3330078125 0.3298611111111111 0.322265625 0.3454861111111111 0.3203125 0.3767361111111111 0.3291015625 0.3993055555555556 0.359375 0.3975694444444444 0.365234375 0.3836805555555556 0.3671875 0.3628472222222222 0.3583984375 0.3368055555555556 0.3525390625 0.3298611111111111
1 0.3681640625 0.4097222222222222 0.3544921875 0.4027777777777778 0.3388671875 0.4131944444444444 0.33203125 0.4392361111111111 0.333984375 0.4565972222222222 0.3427734375 0.4722222222222222 0.3447265625 0.46875 0.3486328125 0.4826388888888889 0.361328125 0.4809027777777778 0.373046875 0.4670138888888889 0.376953125 0.453125 0.376953125 0.4288194444444444 0.3681640625 0.4097222222222222
0 0.5205078125 0.3333333333333333 0.5048828125 0.34375 0.498046875 0.3559027777777778 0.5 0.3975694444444444 0.5107421875 0.4097222222222222 0.53125 0.4079861111111111 0.541015625 0.3940972222222222 0.541015625 0.3559027777777778 0.5322265625 0.3402777777777778 0.5205078125 0.3333333333333333
0 0.5546875 0.2934027777777778 0.552734375 0.2899305555555556 0.552734375 0.2829861111111111 0.55078125 0.2795138888888889 0.55078125 0.2760416666666667 0.5439453125 0.2638888888888889 0.5419921875 0.2638888888888889 0.5361328125 0.2569444444444444 0.5283203125 0.2569444444444444 0.5263671875 0.2604166666666667 0.5224609375 0.2604166666666667 0.5205078125 0.2638888888888889 0.5185546875 0.2638888888888889 0.51171875 0.2760416666666667 0.51171875 0.2795138888888889 0.509765625 0.2829861111111111 0.509765625 0.2934027777777778 0.5078125 0.296875 0.509765625 0.3003472222222222 0.509765625 0.3072916666666667 0.513671875 0.3142361111111111 0.513671875 0.3177083333333333 0.517578125 0.3246527777777778 0.5185546875 0.3298611111111111 0.5244140625 0.3298611111111111 0.5283203125 0.3368055555555556 0.5400390625 0.3368055555555556 0.541015625 0.3350694444444444 0.544921875 0.3315972222222222 0.546875 0.3211805555555556 0.5546875 0.3072916666666667 0.5546875 0.2934027777777778
0 0.728515625 0.359375 0.7197265625 0.34375 0.7001953125 0.3402777777777778 0.6875 0.359375 0.68359375 0.3802083333333333 0.6923828125 0.4097222222222222 0.7021484375 0.4097222222222222 0.705078125 0.4045138888888889 0.705078125 0.3767361111111111 0.693359375 0.3697916666666667 0.7021484375 0.3680555555555556 0.7060546875 0.3611111111111111 0.7099609375 0.3680555555555556 0.72265625 0.3697916666666667 0.7099609375 0.3715277777777778 0.70703125 0.3767361111111111 0.70703125 0.4079861111111111 0.724609375 0.4079861111111111 0.73046875 0.3940972222222222 0.73046875 0.3732638888888889 0.7265625 0.3697916666666667 0.728515625 0.359375