1 0.8758900921875 0.3673243388888889 0.8612416546875 0.39336600555555556 0.8612416546875 0.4280882277777778 0.8680775921875 0.44024100555555556 0.8719838421875 0.44024100555555556 0.8729604046875 0.4489215611111111 0.8797963421875 0.45760211666666667 0.8983510296875 0.45586600555555556 0.9178822796875 0.4280882277777778 0.9178822796875 0.3864215611111111 0.9129994671875 0.38468545 0.9012807171875 0.36385211666666667 0.8915150921875 0.36037989444444446 0.8758900921875 0.3673243388888889
1 0.6739276453124999 0.35716006666666666 0.6612323328124999 0.3832017333333333 0.6612323328124999 0.4075072888888889 0.6651385828124999 0.4248684 0.6758807703124999 0.4404934 0.7022479578124999 0.4387572888888889 0.7120135828124999 0.42139617777777777 0.7159198328124999 0.40403506666666666 0.7120135828124999 0.37278506666666666 0.6993182703124999 0.35368784444444445 0.6856463953124999 0.3502156222222222 0.6739276453124999 0.35716006666666666
1 0.6701642609375 0.44267768611111113 0.6643048859375 0.44614990833333334 0.6535626984375 0.46524713055555555 0.6496564484375 0.49649713055555555 0.6516095734375 0.5069137972222222 0.6662580109375 0.5329554638888889 0.6828595734375 0.534691575 0.6916486359375 0.5294832416666667 0.7004376984375 0.5138582416666667 0.7043439484375 0.49996935277777776 0.7043439484375 0.47566379722222224 0.6936017609375 0.44962213055555555 0.6701642609375 0.44267768611111113
1 0.49279194322916664 0.2643064277777778 0.47521381822916664 0.2643064277777778 0.45861225572916664 0.2938203166666667 0.45861225572916664 0.3285425388888889 0.46251850572916664 0.3320147611111111 0.46447163072916664 0.34590365 0.47130756822916664 0.35458420555555553 0.49376850572916664 0.3563203166666667 0.5035341307291666 0.34590365 0.5035341307291666 0.3320147611111111 0.5093935057291666 0.3250703166666667 0.5093935057291666 0.2938203166666667 0.5035341307291666 0.27645920555555553 0.49279194322916664 0.2643064277777778
1 0.49279194322916664 0.4420337055555556 0.48302631822916664 0.4420337055555556 0.47716694322916664 0.45245037222222223 0.47326069322916664 0.4455059277777778 0.46935444322916664 0.4455059277777778 0.46544819322916664 0.44897815 0.45861225572916664 0.46460315 0.45861225572916664 0.47154759444444444 0.45665913072916664 0.47501981666666665 0.45665913072916664 0.48196426111111107 0.45861225572916664 0.4854364833333333 0.45861225572916664 0.4993253722222222 0.46056538072916664 0.5062698166666666 0.47130756822916664 0.5253670388888888 0.47716694322916664 0.5253670388888888 0.47912006822916664 0.5288392611111111 0.48888569322916664 0.5288392611111111 0.48986225572916664 0.52710315 0.49669819322916664 0.5218948166666666 0.5074403807291666 0.4993253722222222 0.5074403807291666 0.46807537222222223 0.5054872557291666 0.4611309277777778 0.49669819322916664 0.4455059277777778 0.49279194322916664 0.4420337055555556
0 0.2989608734375 0.45225459166666665 0.2901718109375 0.44010181388888886 0.2862655609375 0.44010181388888886 0.2843124359375 0.43662959166666665 0.2725936859375 0.43662959166666665 0.2667343109375 0.4435740361111111 0.2628280609375 0.4435740361111111 0.2589218109375 0.44704625833333334 0.2540389984375 0.45572681388888886 0.2520858734375 0.46267125833333334 0.2520858734375 0.4939212583333334 0.2608749359375 0.5164907027777779 0.2647811859375 0.5199629250000001 0.2686874359375 0.5199629250000001 0.2725936859375 0.5269073694444445 0.2852889984375 0.5251712583333333 0.2940780609375 0.5130184805555557 0.2960311859375 0.5130184805555557 0.3009139984375 0.5043379250000001 0.3048202484375 0.4904490361111112 0.3028671234375 0.46614348055555554 0.2989608734375 0.45225459166666665
0 0.5007140526041667 0.39233046388888887 0.4987609276041667 0.38885824166666666 0.4987609276041667 0.38191379722222224 0.4938781151041667 0.36628879722222224 0.4860656151041667 0.35934435277777776 0.4782531151041667 0.35934435277777776 0.4762999901041667 0.35587213055555555 0.4645812401041667 0.35587213055555555 0.4596984276041667 0.36108046388888887 0.4596984276041667 0.36455268611111113 0.4499328026041667 0.38191379722222224 0.4479796776041667 0.38885824166666666 0.4479796776041667 0.40621935277777776 0.4499328026041667 0.40969157500000003 0.4499328026041667 0.42010824166666666 0.4518859276041667 0.42705268611111113 0.4626281151041667 0.44267768611111113 0.4762999901041667 0.44267768611111113 0.4772765526041667 0.44094157500000003 0.4782531151041667 0.43920546388888887 0.4899718651041667 0.43920546388888887 0.4968078026041667 0.43052490833333334 0.4968078026041667 0.42705268611111113 0.5007140526041667 0.42010824166666666 0.5007140526041667 0.39233046388888887
0 0.0868275640625 0.4359856351851852 0.0614369390625 0.4359856351851852 0.0555775640625 0.4498745240740741 0.0497181890625 0.4498745240740741 0.0448353765625 0.46202730185185187 0.0467885015625 0.48980507962962966 0.0555775640625 0.5089023018518519 0.0594838140625 0.5089023018518519 0.0653431890625 0.5193189685185186 0.0780385015625 0.5210550796296297 0.0848744390625 0.5193189685185186 0.0975697515625 0.5002217462962963 0.1014760015625 0.48633285740740745 0.1014760015625 0.4654995240740741 0.0975697515625 0.4516106351851852 0.0868275640625 0.4359856351851852
1 0.051780923437499994 0.3606888777777778 0.045921548437499994 0.3919388777777778 0.056663735937499994 0.4249249888888889 0.0791246734375 0.4266611 0.0937731109375 0.4249249888888889 0.1025621734375 0.4127722111111111 0.1025621734375 0.3745777666666667 0.0879137359375 0.3485361 0.0644762359375 0.3450638777777778 0.051780923437499994 0.3606888777777778
0 0.9004137359375 0.45026610925925925 0.8691637359375 0.45373833148148146 0.8623277984375 0.46936333148148146 0.8623277984375 0.507557775925926 0.8691637359375 0.523182775925926 0.8808824859375 0.5370716648148148 0.8974840484375 0.5353355537037038 0.9150621734375 0.5110299981481482 0.9189684234375 0.4901966648148149 0.9170152984375 0.46936333148148146 0.9121324859375 0.46068277592592594 0.9082262359375 0.46415499814814815 0.9004137359375 0.45026610925925925
0 0.703125 0.3177083333333333 0.703125 0.2934027777777778 0.69921875 0.2864583333333333 0.697265625 0.2760416666666667 0.6865234375 0.2569444444444444 0.6728515625 0.2569444444444444 0.6611328125 0.2673611111111111 0.654296875 0.2795138888888889 0.654296875 0.2829861111111111 0.6484375 0.296875 0.6484375 0.3177083333333333 0.650390625 0.3211805555555556 0.650390625 0.328125 0.658203125 0.3420138888888889 0.658203125 0.3454861111111111 0.6650390625 0.3541666666666667 0.6689453125 0.3541666666666667 0.6708984375 0.3576388888888889 0.68359375 0.3559027777777778 0.689453125 0.3489583333333333 0.6904296875 0.3368055555555556 0.6943359375 0.3368055555555556 0.701171875 0.328125 0.701171875 0.3211805555555556 0.703125 0.3177083333333333