1 0.841108821875 0.321986875 0.843061946875 0.3324035416666667 0.857710384375 0.3515007638888889 0.874311946875 0.3497646527777778 0.889936946875 0.3289313194444445 0.891890071875 0.29420909722222227 0.875288509375 0.2716396527777778 0.859663509375 0.2716396527777778 0.843061946875 0.29420909722222227 0.841108821875 0.321986875
0 0.8551623906250001 0.35136585833333334 0.8444202031250001 0.37046308055555555 0.8444202031250001 0.39824085833333334 0.8571155156250001 0.42428252499999997 0.8737170781250001 0.42601863611111107 0.8912952031250001 0.40171308055555555 0.8932483281250001 0.37740752499999997 0.8864123906250001 0.36178252499999997 0.8844592656250001 0.36525474722222223 0.8785998906250001 0.35483808055555555 0.8551623906250001 0.35136585833333334
1 0.669411325 0.35852457962962964 0.6567160125 0.38109402407407406 0.6567160125 0.40887180185185185 0.661598825 0.42449680185185185 0.67136445 0.43491346851851853 0.6801535125 0.43664957962962964 0.692848825 0.42796902407407406 0.7016378875 0.41234402407407406 0.7035910125 0.38803846851851853 0.6996847625 0.37414957962962964 0.692848825 0.36546902407407406 0.669411325 0.35852457962962964
1 0.5126602708333333 0.3675400527777778 0.5087540208333333 0.3814289416666667 0.5048477708333333 0.371012275 0.4970352708333333 0.371012275 0.4882462083333333 0.3901094972222222 0.4882462083333333 0.4109428305555556 0.4921524583333333 0.4283039416666667 0.5009415208333333 0.4439289416666667 0.5175430833333333 0.4421928305555556 0.5243790208333333 0.4369844972222222 0.5312149583333333 0.4213594972222222 0.5331680833333333 0.3970539416666667 0.5292618333333333 0.3831650527777778 0.5165665208333333 0.3675400527777778 0.5126602708333333 0.3675400527777778
0 0.488455103125 0.30081311574074077 0.481619165625 0.31296589351851856 0.483572290625 0.3546325601851852 0.494314478125 0.366785337962963 0.514822290625 0.36504922685185187 0.524587915625 0.351160337962963 0.524587915625 0.31296589351851856 0.5197752630208333 0.31052592222222225 0.515798853125 0.29734089351851856 0.504080103125 0.2903964490740741 0.488455103125 0.30081311574074077
0 0.5305615677083334 0.2383784574074074 0.5286084427083334 0.2349062351851852 0.5286084427083334 0.23143401296296295 0.5217725052083334 0.2192812351851852 0.5198193802083334 0.2192812351851852 0.5139600052083334 0.21233679074074074 0.5061475052083334 0.21233679074074074 0.5041943802083334 0.21580901296296295 0.5002881302083334 0.21580901296296295 0.49833500520833335 0.2192812351851852 0.49638188020833335 0.2192812351851852 0.48954594270833335 0.23143401296296295 0.48954594270833335 0.2349062351851852 0.48759281770833335 0.2383784574074074 0.48759281770833335 0.2487951240740741 0.48563969270833335 0.2522673462962963 0.48759281770833335 0.25573956851851853 0.48759281770833335 0.26268401296296295 0.49149906770833335 0.26962845740740743 0.49149906770833335 0.27310067962962964 0.49540531770833335 0.28004512407407406 0.49638188020833335 0.28525345740740743 0.5022412552083334 0.28525345740740743 0.5061475052083334 0.29219790185185185 0.5178662552083334 0.29219790185185185 0.5188428177083334 0.29046179074074074 0.5227490677083334 0.28698956851851853 0.5247021927083334 0.27657290185185185 0.5325146927083334 0.26268401296296295 0.5325146927083334 0.2487951240740741 0.5305615677083334 0.24532290185185185 0.5305615677083334 0.2383784574074074
0 0.6692332755208333 0.3155588027777778 0.6731395255208333 0.3433365805555556 0.6780223380208333 0.35201713611111113 0.7043895255208333 0.35375324722222223 0.7092723380208333 0.35201713611111113 0.7161082755208333 0.33639213611111113 0.7141551505208333 0.3016699138888889 0.6995067130208333 0.2825726916666667 0.6799754630208333 0.2860449138888889 0.6692332755208333 0.3155588027777778
1 0.1561080046875 0.3141461268518519 0.1365767546875 0.3141461268518519 0.12192831718750001 0.3367155712962963 0.12192831718750001 0.3644933481481481 0.1287642546875 0.3801183481481481 0.1307173796875 0.3766461259259259 0.1385298796875 0.3870627925925926 0.1473189421875 0.38532668148148147 0.1658736296875 0.3801183481481481 0.1707564421875 0.36796557037037037 0.1727095671875 0.3436600157407408 0.1668501921875 0.3367155712962963 0.1688033171875 0.3297711268518519 0.1561080046875 0.3141461268518519
0 0.1259239234375 0.4097669027777778 0.1239707984375 0.42365579166666667 0.1327598609375 0.45316968055555557 0.1405723609375 0.4566419027777778 0.1464317359375 0.4670585694444444 0.1552207984375 0.4653224583333333 0.1708457984375 0.4479613472222222 0.1767051734375 0.4167113472222222 0.1640098609375 0.3871974583333333 0.1444786109375 0.3871974583333333 0.1327598609375 0.397614125 0.1259239234375 0.4097669027777778
0 0.1318359375 0.22569444444444445 0.1171875 0.2517361111111111 0.1171875 0.2795138888888889 0.1376953125 0.3055555555555556 0.150390625 0.3038194444444444 0.1591796875 0.2986111111111111 0.16796875 0.2829861111111111 0.16796875 0.2586805555555556 0.1572265625 0.2326388888888889 0.1474609375 0.22569444444444445 0.1318359375 0.22569444444444445
0 0.3291015625 0.2951388888888889 0.310546875 0.3177083333333333 0.30859375 0.3350694444444444 0.3125 0.3559027777777778 0.3173828125 0.3645833333333333 0.333984375 0.3697916666666667 0.3505859375 0.3645833333333333 0.357421875 0.3350694444444444 0.353515625 0.3142361111111111 0.3486328125 0.3055555555555556 0.3369140625 0.2951388888888889 0.3291015625 0.2951388888888889
1 0.3232421875 0.3819444444444444 0.3173828125 0.3784722222222222 0.306640625 0.3975694444444444 0.306640625 0.4253472222222222 0.3125 0.4427083333333333 0.3232421875 0.4548611111111111 0.3359375 0.453125 0.34765625 0.4392361111111111 0.3515625 0.4253472222222222 0.3515625 0.4010416666666667 0.3388671875 0.375 0.3271484375 0.375 0.3232421875 0.3819444444444444
0 0.6943359375 0.2048611111111111 0.6748046875 0.2013888888888889 0.66015625 0.2204861111111111 0.658203125 0.2586805555555556 0.6669921875 0.2673611111111111 0.6728515625 0.28125 0.68359375 0.2829861111111111 0.689453125 0.2760416666666667 0.6923828125 0.2638888888888889 0.6982421875 0.2638888888888889 0.703125 0.2552083333333333 0.705078125 0.2309027777777778 0.6943359375 0.2048611111111111