1 0.8544921875 0.17708333333333334 0.84375 0.19270833333333334 0.83984375 0.2065972222222222 0.83984375 0.2309027777777778 0.8447265625 0.2326388888888889 0.845703125 0.24131944444444445 0.8544921875 0.2534722222222222 0.873046875 0.2517361111111111 0.8759765625 0.2361111111111111 0.890625 0.22743055555555555 0.890625 0.1996527777777778 0.8818359375 0.18055555555555555 0.8740234375 0.1736111111111111 0.8544921875 0.17708333333333334
1 0.8359375 0.2725694444444444 0.83203125 0.2864583333333333 0.833984375 0.3142361111111111 0.8408203125 0.3263888888888889 0.8486328125 0.3298611111111111 0.8671875 0.328125 0.8759765625 0.3229166666666667 0.880859375 0.3107638888888889 0.880859375 0.2760416666666667 0.8662109375 0.2534722222222222 0.8466796875 0.2569444444444444 0.8359375 0.2725694444444444
1 0.6484375 0.3697916666666667 0.6484375 0.3975694444444444 0.6630859375 0.4236111111111111 0.677734375 0.421875 0.6865234375 0.4131944444444444 0.693359375 0.3975694444444444 0.693359375 0.3628472222222222 0.6845703125 0.3472222222222222 0.6591796875 0.3472222222222222 0.6484375 0.3697916666666667
1 0.48046875 0.3836805555555556 0.48046875 0.4045138888888889 0.484375 0.4184027777777778 0.4951171875 0.4340277777777778 0.5078125 0.4357638888888889 0.521484375 0.4184027777777778 0.525390625 0.4045138888888889 0.525390625 0.3871527777777778 0.5146484375 0.3611111111111111 0.4912109375 0.3611111111111111 0.48046875 0.3836805555555556
1 0.3212890625 0.3680555555555556 0.3154296875 0.375 0.3076171875 0.3715277777777778 0.296875 0.3975694444444444 0.30078125 0.4288194444444444 0.3134765625 0.4479166666666667 0.330078125 0.4461805555555556 0.341796875 0.4288194444444444 0.34375 0.4184027777777778 0.34375 0.3975694444444444 0.33984375 0.3836805555555556 0.3291015625 0.3680555555555556 0.3212890625 0.3680555555555556
0 0.3046875 0.3072916666666667 0.30078125 0.3420138888888889 0.3095703125 0.3611111111111111 0.3154296875 0.3576388888888889 0.3193359375 0.3645833333333333 0.330078125 0.3628472222222222 0.34375 0.3559027777777778 0.34765625 0.3420138888888889 0.345703125 0.3072916666666667 0.3330078125 0.2916666666666667 0.3154296875 0.2916666666666667 0.3046875 0.3072916666666667
0 0.5126953125 0.2048611111111111 0.4951171875 0.2013888888888889 0.482421875 0.2170138888888889 0.478515625 0.2309027777777778 0.478515625 0.2482638888888889 0.4853515625 0.2638888888888889 0.48978072916666665 0.27502676666666664 0.5 0.2760416666666667 0.505859375 0.2795138888888889 0.515625 0.2725694444444444 0.515625 0.2621527777777778 0.5234375 0.2552083333333333 0.525390625 0.24131944444444445 0.51953125 0.2170138888888889 0.5126953125 0.2048611111111111
0 0.474609375 0.3003472222222222 0.474609375 0.3420138888888889 0.4814453125 0.3541666666666667 0.5078125 0.3524305555555556 0.513671875 0.3454861111111111 0.517578125 0.3315972222222222 0.515625 0.3003472222222222 0.5048828125 0.2847222222222222 0.4833984375 0.2847222222222222 0.474609375 0.3003472222222222
0 0.6865234375 0.19444444444444445 0.6787109375 0.1875 0.6669921875 0.1875 0.650390625 0.21006944444444445 0.6484375 0.24479166666666666 0.6591796875 0.2638888888888889 0.673828125 0.2690972222222222 0.6796875 0.2621527777777778 0.6806640625 0.2534722222222222 0.6845703125 0.2604166666666667 0.693359375 0.24479166666666666 0.6953125 0.2170138888888889 0.6865234375 0.19444444444444445
0 0.6767578125 0.2673611111111111 0.6689453125 0.2743055555555556 0.662109375 0.2899305555555556 0.66015625 0.3211805555555556 0.6728515625 0.34375 0.689453125 0.3420138888888889 0.6962890625 0.3402777777777778 0.705078125 0.328125 0.70703125 0.3003472222222222 0.6962890625 0.2743055555555556 0.6884765625 0.2673611111111111 0.6767578125 0.2673611111111111
0 0.8701171875 0.3402777777777778 0.8662109375 0.3333333333333333 0.8447265625 0.3333333333333333 0.833984375 0.3559027777777778 0.833984375 0.3802083333333333 0.8505859375 0.4097222222222222 0.86328125 0.4079861111111111 0.8701171875 0.3958333333333333 0.8740234375 0.3993055555555556 0.87890625 0.390625 0.8828125 0.3524305555555556 0.8759765625 0.3402777777777778 0.8701171875 0.3402777777777778
0 0.1240234375 0.3923611111111111 0.115234375 0.4184027777777778 0.12109375 0.4288194444444444 0.119140625 0.4357638888888889 0.1279296875 0.4513888888888889 0.1337890625 0.4513888888888889 0.1376953125 0.4618055555555556 0.1484375 0.4600694444444444 0.1640625 0.4392361111111111 0.166015625 0.4045138888888889 0.1552734375 0.3854166666666667 0.1318359375 0.3888888888888889 0.1279296875 0.3958333333333333 0.1240234375 0.3923611111111111
0 0.1396484375 0.22916666666666666 0.1201171875 0.2222222222222222 0.103515625 0.24131944444444445 0.1015625 0.2795138888888889 0.1064453125 0.2951388888888889 0.1162109375 0.2951388888888889 0.1220703125 0.3055555555555556 0.134765625 0.3038194444444444 0.1396484375 0.3020833333333333 0.14453125 0.2934027777777778 0.142578125 0.2899305555555556 0.15234375 0.2795138888888889 0.15234375 0.2552083333333333 0.1396484375 0.22916666666666666
1 0.1435546875 0.3055555555555556 0.1298828125 0.3055555555555556 0.1220703125 0.3125 0.12109375 0.3211805555555556 0.11328125 0.3315972222222222 0.115234375 0.3663194444444444 0.1240234375 0.3784722222222222 0.1484375 0.3767361111111111 0.1572265625 0.375 0.1640625 0.359375 0.1640625 0.3350694444444444 0.16015625 0.3246527777777778 0.1533203125 0.3125 0.1435546875 0.3055555555555556