1 0.517578125 0.3038194444444444 0.5068359375 0.2847222222222222 0.5029296875 0.28125 0.4833984375 0.28125 0.4794921875 0.2847222222222222 0.47265625 0.296875 0.46875 0.3107638888888889 0.466796875 0.3350694444444444 0.474609375 0.3524305555555556 0.47265625 0.3559027777777778 0.4794921875 0.3680555555555556 0.4892578125 0.3680555555555556 0.4931640625 0.375 0.501953125 0.3732638888888889 0.5048828125 0.3715277777777778 0.513671875 0.3559027777777778 0.513671875 0.3489583333333333 0.51953125 0.3420138888888889 0.51953125 0.3107638888888889 0.517578125 0.3038194444444444
1 0.513671875 0.4704861111111111 0.5087890625 0.4618055555555556 0.5009765625 0.4548611111111111 0.4931640625 0.4548611111111111 0.4892578125 0.4618055555555556 0.4853515625 0.4583333333333333 0.4794921875 0.4583333333333333 0.470703125 0.4739583333333333 0.466796875 0.4878472222222222 0.466796875 0.5017361111111112 0.46875 0.5052083333333334 0.46875 0.515625 0.470703125 0.5225694444444444 0.4833984375 0.5416666666666666 0.4892578125 0.5416666666666666 0.4912109375 0.5451388888888888 0.49609375 0.5434027777777778 0.5087890625 0.5347222222222222 0.513671875 0.5260416666666666 0.517578125 0.5121527777777778 0.51953125 0.4878472222222222 0.515625 0.4809027777777778 0.513671875 0.4704861111111111
1 0.11328125 0.3871527777777778 0.1025390625 0.3715277777777778 0.0986328125 0.3715277777777778 0.0966796875 0.3680555555555556 0.0791015625 0.3680555555555556 0.0712890625 0.375 0.0625 0.390625 0.0625 0.4010416666666667 0.060546875 0.4045138888888889 0.060546875 0.4288194444444444 0.0625 0.4357638888888889 0.0712890625 0.4513888888888889 0.0791015625 0.4583333333333333 0.0830078125 0.4583333333333333 0.0849609375 0.4618055555555556 0.095703125 0.4600694444444444 0.1005859375 0.4583333333333333 0.1064453125 0.4479166666666667 0.1123046875 0.4444444444444444 0.1171875 0.4357638888888889 0.1171875 0.4010416666666667 0.11328125 0.3871527777777778
1 0.720703125 0.3802083333333333 0.7080078125 0.3645833333333333 0.6904296875 0.3680555555555556 0.6884765625 0.3715277777777778 0.6826171875 0.3715277777777778 0.6787109375 0.3784722222222222 0.6767578125 0.3784722222222222 0.671875 0.390625 0.671875 0.4253472222222222 0.67578125 0.4392361111111111 0.6845703125 0.4513888888888889 0.6943359375 0.4513888888888889 0.6962890625 0.4479166666666667 0.7001953125 0.4513888888888889 0.7109375 0.4496527777777778 0.7138671875 0.4479166666666667 0.720703125 0.4357638888888889 0.7265625 0.4149305555555556 0.72265625 0.4010416666666667 0.72265625 0.3871527777777778 0.720703125 0.3802083333333333
1 0.712890625 0.5052083333333334 0.71484375 0.5017361111111112 0.71484375 0.484375 0.712890625 0.4774305555555556 0.7041015625 0.4618055555555556 0.7001953125 0.4583333333333333 0.6962890625 0.4618055555555556 0.6923828125 0.4548611111111111 0.6806640625 0.4548611111111111 0.6689453125 0.4652777777777778 0.6640625 0.4774305555555556 0.662109375 0.484375 0.662109375 0.515625 0.6640625 0.5225694444444444 0.6787109375 0.5451388888888888 0.6826171875 0.5451388888888888 0.6845703125 0.5486111111111112 0.69140625 0.546875 0.6962890625 0.5416666666666666 0.7021484375 0.5416666666666666 0.712890625 0.5225694444444444 0.71484375 0.515625 0.71484375 0.5086805555555556 0.712890625 0.5052083333333334
1 0.931640625 0.4010416666666667 0.9296875 0.3975694444444444 0.9296875 0.390625 0.9267578125 0.3888888888888889 0.9208984375 0.375 0.9130859375 0.3680555555555556 0.8955078125 0.3680555555555556 0.8935546875 0.3715277777777778 0.8896484375 0.3715277777777778 0.8857421875 0.375 0.873046875 0.4010416666666667 0.873046875 0.4288194444444444 0.8798828125 0.4444444444444444 0.8876953125 0.4479166666666667 0.888671875 0.4496527777777778 0.88671875 0.453125 0.8935546875 0.4618055555555556 0.91015625 0.4600694444444444 0.9189453125 0.4513888888888889 0.9228515625 0.4444444444444444 0.9248046875 0.4444444444444444 0.9296875 0.4357638888888889 0.931640625 0.4288194444444444 0.931640625 0.4010416666666667
0 0.9130859375 0.4583333333333333 0.8857421875 0.4583333333333333 0.875 0.4774305555555556 0.875 0.5121527777777778 0.8916015625 0.5416666666666666 0.908203125 0.5434027777777778 0.92578125 0.5260416666666666 0.931640625 0.484375 0.9267578125 0.46875 0.9228515625 0.46875 0.9208984375 0.4756944444444444 0.9130859375 0.4583333333333333
0 0.712890625 0.3246527777777778 0.712890625 0.3072916666666667 0.708984375 0.2934027777777778 0.7001953125 0.2777777777777778 0.6962890625 0.2777777777777778 0.6943359375 0.2743055555555556 0.6865234375 0.2743055555555556 0.6826171875 0.2708333333333333 0.6806640625 0.2743055555555556 0.6728515625 0.2777777777777778 0.6640625 0.2899305555555556 0.6640625 0.2934027777777778 0.658203125 0.3072916666666667 0.658203125 0.3350694444444444 0.66015625 0.3420138888888889 0.6630859375 0.3472222222222222 0.6650390625 0.3472222222222222 0.66796875 0.3524305555555556 0.66796875 0.3559027777777778 0.6767578125 0.3680555555555556 0.6806640625 0.3680555555555556 0.6826171875 0.3715277777777778 0.689453125 0.3697916666666667 0.6943359375 0.3680555555555556 0.697265625 0.3628472222222222 0.7060546875 0.3472222222222222 0.7109375 0.3385416666666667 0.7109375 0.328125 0.712890625 0.3246527777777778
0 0.4755859375 0.3715277777777778 0.458984375 0.3940972222222222 0.4609375 0.3975694444444444 0.45703125 0.4045138888888889 0.45703125 0.4288194444444444 0.458984375 0.4392361111111111 0.4716796875 0.4583333333333333 0.490234375 0.4600694444444444 0.50390625 0.4461805555555556 0.509765625 0.421875 0.509765625 0.4079861111111111 0.505859375 0.390625 0.4970703125 0.375 0.4755859375 0.3715277777777778
0 0.2744140625 0.4618055555555556 0.263671875 0.484375 0.265625 0.5225694444444444 0.2783203125 0.5416666666666666 0.298828125 0.5434027777777778 0.314453125 0.515625 0.31640625 0.4982638888888889 0.3125 0.4774305555555556 0.3037109375 0.4618055555555556 0.2919921875 0.4548611111111111 0.2744140625 0.4618055555555556
0 0.115234375 0.484375 0.11328125 0.4774305555555556 0.1044921875 0.4618055555555556 0.1005859375 0.4583333333333333 0.0771484375 0.4583333333333333 0.060546875 0.4809027777777778 0.05859375 0.4878472222222222 0.05859375 0.5017361111111112 0.060546875 0.5052083333333334 0.060546875 0.5121527777777778 0.06640625 0.5260416666666666 0.06640625 0.5295138888888888 0.0732421875 0.53125 0.0771484375 0.5416666666666666 0.0810546875 0.5451388888888888 0.095703125 0.5434027777777778 0.1025390625 0.5381944444444444 0.111328125 0.5260416666666666 0.11328125 0.5190972222222222 0.11328125 0.5121527777777778 0.115234375 0.5086805555555556 0.115234375 0.484375