0 0.8708157442708334 0.1683361037037037 0.8630032442708334 0.16139165925925925 0.8493313692708334 0.16139165925925925 0.8307766817708334 0.18743332685185185 0.8268704317708334 0.2117388824074074 0.8415188692708334 0.2412527712962963 0.8581204317708334 0.24298888240740743 0.8669094942708334 0.2377805490740741 0.8776516817708334 0.2152111046296296 0.8796048067708334 0.19090554907407406 0.8708157442708334 0.1683361037037037
0 0.8549289994791667 0.3223451175925926 0.8334446244791667 0.3223451175925926 0.8227024369791667 0.3379701175925926 0.8207493119791667 0.3622756731481481 0.8275852494791667 0.3848451175925926 0.8373508744791667 0.39526178425925923 0.8461399369791667 0.39699789537037034 0.8549289994791667 0.391789562037037 0.8676243119791667 0.3726923398148148 0.8695774369791667 0.3414423398148148 0.8549289994791667 0.3223451175925926
0 0.6866337286458334 0.2597794222222222 0.6768681036458334 0.2528349777777778 0.6612431036458334 0.2597794222222222 0.6524540411458334 0.2754044222222222 0.6485477911458334 0.29623775555555554 0.6524540411458334 0.3170710888888889 0.6592899786458334 0.3292238666666667 0.6856571661458334 0.32748775555555554 0.6934696661458334 0.3170710888888889 0.6973759161458334 0.3031822 0.6954227911458334 0.2754044222222222 0.6866337286458334 0.2597794222222222
0 0.47882459010416667 0.26097957499999996 0.46222302760416667 0.29049346388888886 0.46222302760416667 0.32174346388888886 0.47101209010416667 0.33736846388888886 0.5012855276041667 0.33563235277777775 0.5090980276041667 0.31479901944444444 0.5071449026041667 0.28354901944444444 0.49835584010416667 0.26792401944444444 0.47882459010416667 0.26097957499999996
1 0.4819256072916666 0.34036431666666667 0.4711834197916666 0.3594615388888889 0.4711834197916666 0.3907115388888889 0.4858318572916666 0.41675320555555556 0.5004802947916667 0.41501709444444446 0.5121990447916667 0.3976559833333333 0.5161052947916667 0.36987820555555556 0.5034099822916667 0.34036431666666667 0.4819256072916666 0.34036431666666667
1 0.6522392265625 0.3306058157407407 0.6414970390625 0.3462308157407407 0.6375907890625 0.3740085935185185 0.6414970390625 0.3913697046296296 0.6483329765625 0.4035224824074074 0.6629814140625 0.4087308157407407 0.6805595390625 0.3913697046296296 0.6864189140625 0.3601197046296296 0.6776298515625 0.334078037962963 0.6522392265625 0.3306058157407407
1 0.8595752557291667 0.24723372222222223 0.8419971307291667 0.24376150000000002 0.8253955682291667 0.26633094444444444 0.8214893182291667 0.2767476111111111 0.8214893182291667 0.29758094444444444 0.8361377557291667 0.3236226111111111 0.8527393182291667 0.32535872222222223 0.8703174432291667 0.3010531666666667 0.8722705682291667 0.2767476111111111 0.8703174432291667 0.26633094444444444 0.8595752557291667 0.24723372222222223
1 0.33484591562500005 0.3759404 0.33093966562500005 0.3620515111111111 0.32215060312500005 0.3498987333333333 0.30652560312500005 0.3464265111111111 0.30261935312500005 0.35337095555555553 0.29871310312500005 0.3498987333333333 0.28992404062500005 0.3655237333333333 0.28797091562500005 0.38982928888888885 0.28992404062500005 0.40371817777777774 0.29871310312500005 0.41934317777777774 0.31336154062500005 0.4280237333333333 0.32215060312500005 0.4262876222222222 0.33093966562500005 0.4106626222222222 0.33484591562500005 0.3967737333333333 0.33484591562500005 0.3759404
1 0.6727061890625 0.1804179212962963 0.6590343140625 0.17347347685185185 0.6512218140625 0.1769456990740741 0.6385265015625 0.19951514351851854 0.6346202515625 0.2238206990740741 0.6492686890625 0.2568068101851852 0.6619640015625 0.2585429212962963 0.6668468140625 0.2568068101851852 0.6814952515625 0.23423736574074075 0.6834483765625 0.206459587962963 0.6727061890625 0.1804179212962963
1 0.14164691979166666 0.2915288111111111 0.13383441979166666 0.28458436666666664 0.12016254479166667 0.28111214444444443 0.11039691979166667 0.28805658888888885 0.10160785729166667 0.3071538111111111 0.09965473229166667 0.33493158888888885 0.10844379479166667 0.3540288111111111 0.13481098229166666 0.3557649222222222 0.14848285729166666 0.34882047777777775 0.15238910729166666 0.33145936666666664 0.15043598229166666 0.31062603333333333 0.14164691979166666 0.2915288111111111
0 0.13903983072916667 0.35778332962962967 0.12146170520833333 0.3612555518518519 0.11364920520833333 0.37167221851851856 0.11169608020833333 0.3681999962962963 0.10290701770833333 0.38729721851851856 0.10876639270833333 0.42201944074074077 0.11755545520833333 0.4272277740740741 0.12536795520833333 0.441116662962963 0.13220389270833333 0.4393805518518519 0.14489920572916667 0.4306999962962963 0.15368826822916667 0.4081305518518519 0.15173514322916667 0.3768805518518519 0.13903983072916667 0.35778332962962967