0 0.8512138822916667 0.2361061185185185 0.8326591947916667 0.2621477851851852 0.8287529447916667 0.28645334074074075 0.8434013822916667 0.31596722962962964 0.8600029447916667 0.31770334074074075 0.8687920072916667 0.31249500740740743 0.8795341947916667 0.289925562962963 0.8814873197916667 0.26562000740740743 0.8726982572916667 0.24305056296296298 0.8648857572916667 0.2361061185185185 0.8512138822916667 0.2361061185185185
0 0.8252125166666667 0.4082860361111111 0.8232593916666667 0.43259159166666666 0.8300953291666667 0.4551610361111111 0.8398609541666667 0.46557770277777777 0.8486500166666667 0.4673138138888889 0.8574390791666667 0.46210548055555556 0.8701343916666667 0.44300825833333335 0.8720875166666667 0.41175825833333335 0.8574390791666667 0.3926610361111111 0.8359547041666667 0.3926610361111111 0.8252125166666667 0.4082860361111111
0 0.6660662234375 0.3198282027777778 0.6572771609375 0.3354532027777778 0.6533709109375 0.3562865361111111 0.6572771609375 0.3771198694444445 0.6641130984375 0.38927264722222227 0.6904802859375 0.3875365361111111 0.6982927859375 0.3771198694444445 0.7021990359375 0.3632309805555556 0.7002459109375 0.3354532027777778 0.6914568484375 0.3198282027777778 0.6816912234375 0.3128837583333334 0.6660662234375 0.3198282027777778
0 0.46773517864583336 0.3707628805555555 0.47652424114583336 0.3863878805555555 0.5067976786458334 0.3846517694444444 0.5146101786458334 0.3638184361111111 0.5126570536458334 0.3325684361111111 0.5038679911458334 0.3169434361111111 0.48433674114583336 0.30999899166666667 0.46773517864583336 0.3395128805555555 0.46773517864583336 0.3707628805555555
1 0.4749730302083333 0.4378927314814815 0.4896214677083333 0.46393439814814813 0.5042699052083334 0.462198287037037 0.5159886552083334 0.4448371759259259 0.5198949052083334 0.41705939814814813 0.5071995927083334 0.38754550925925924 0.4857152177083333 0.38754550925925924 0.4749730302083333 0.4066427314814815 0.4749730302083333 0.4378927314814815
1 0.6410358713541666 0.431606462037037 0.6449421213541666 0.4489675731481481 0.6517780588541666 0.4611203509259259 0.6664264963541666 0.4663286842592593 0.6840046213541666 0.4489675731481481 0.6898639963541666 0.4177175731481481 0.6810749338541666 0.3916759064814815 0.6556843088541666 0.3882036842592593 0.6449421213541666 0.4038286842592593 0.6410358713541666 0.431606462037037
1 0.8272781755208333 0.3377629694444444 0.8233719255208333 0.3481796361111111 0.8233719255208333 0.3690129694444444 0.8380203630208333 0.3950546361111111 0.8546219255208333 0.3967907472222222 0.8722000505208333 0.37248519166666666 0.8741531755208333 0.3481796361111111 0.8722000505208333 0.3377629694444444 0.8614578630208333 0.3186657472222222 0.8438797380208333 0.315193525 0.8272781755208333 0.3377629694444444
1 0.33558642604166666 0.38543780555555557 0.31996142604166666 0.38196558333333336 0.31605517604166666 0.3889100277777778 0.31214892604166666 0.38543780555555557 0.30335986354166666 0.40106280555555557 0.30140673854166666 0.4253683611111111 0.30335986354166666 0.43925725 0.31214892604166666 0.45488225 0.32679736354166666 0.46356280555555557 0.33558642604166666 0.46182669444444446 0.34437548854166666 0.44620169444444446 0.34828173854166666 0.43231280555555557 0.34828173854166666 0.4114794722222222 0.34437548854166666 0.39759058333333336 0.33558642604166666 0.38543780555555557
1 0.6577674734375001 0.23515624351851852 0.6450721609375001 0.25772568796296297 0.6411659109375001 0.28203124351851855 0.6558143484375001 0.31501735462962965 0.6685096609375001 0.31675346574074076 0.6733924734375001 0.31501735462962965 0.6880409109375001 0.2924479101851852 0.6899940359375001 0.26467013240740744 0.6792518484375001 0.23862846574074076 0.6655799734375001 0.23168402129629628 0.6577674734375001 0.23515624351851852
1 0.12016254479166667 0.28111214444444443 0.11039691979166667 0.28805658888888885 0.10160785729166667 0.3071538111111111 0.09965473229166667 0.33493158888888885 0.10844379479166667 0.3540288111111111 0.13481098229166666 0.3557649222222222 0.14848285729166666 0.34882047777777775 0.15238910729166666 0.33145936666666664 0.15043598229166666 0.31062603333333333 0.14164691979166666 0.2915288111111111 0.13383441979166666 0.28458436666666664 0.12016254479166667 0.28111214444444443
0 0.11364920520833333 0.37167221851851856 0.11169608020833333 0.3681999962962963 0.10290701770833333 0.38729721851851856 0.10876639270833333 0.42201944074074077 0.11755545520833333 0.4272277740740741 0.12536795520833333 0.441116662962963 0.13220389270833333 0.4393805518518519 0.14489920572916667 0.4306999962962963 0.15368826822916667 0.4081305518518519 0.15173514322916667 0.3768805518518519 0.13903983072916667 0.35778332962962967 0.12146170520833333 0.3612555518518519 0.11364920520833333 0.37167221851851856
0 0.4873046875 0.23958333333333334 0.48046875 0.2586805555555556 0.48046875 0.2829861111111111 0.486328125 0.3038194444444444 0.4990234375 0.3125 0.51171875 0.3107638888888889 0.51953125 0.3003472222222222 0.5234375 0.2864583333333333 0.5234375 0.2552083333333333 0.5126953125 0.2361111111111111 0.5048828125 0.2326388888888889 0.4873046875 0.23958333333333334
1 0.2890625 0.3559027777777778 0.2958984375 0.375 0.328125 0.3767361111111111 0.333984375 0.3628472222222222 0.3359375 0.3385416666666667 0.3232421875 0.3090277777777778 0.3037109375 0.3055555555555556 0.2890625 0.328125 0.2890625 0.3559027777777778