0 0.8743710244791667 0.1885060388888889 0.8665585244791667 0.18156159444444445 0.8528866494791667 0.18156159444444445 0.8343319619791667 0.2076032611111111 0.8304257119791667 0.23190881666666666 0.8450741494791667 0.2614227055555556 0.8616757119791667 0.2631588166666667 0.8704647744791667 0.2579504833333333 0.8812069619791667 0.2353810388888889 0.8831600869791667 0.21107548333333334 0.8743710244791667 0.1885060388888889
0 0.8602252151041667 0.3412487074074074 0.8387408401041667 0.3412487074074074 0.8279986526041667 0.3568737074074074 0.8260455276041667 0.38117926296296295 0.8328814651041667 0.4037487074074074 0.8426470901041667 0.4141653740740741 0.8514361526041667 0.4159014851851852 0.8602252151041667 0.41069315185185185 0.8729205276041667 0.39159592962962964 0.8748736526041667 0.36034592962962964 0.8602252151041667 0.3412487074074074
0 0.690760328125 0.27213237222222225 0.680994703125 0.2651879277777778 0.665369703125 0.27213237222222225 0.656580640625 0.28775737222222225 0.652674390625 0.30859070555555557 0.656580640625 0.3294240388888889 0.663416578125 0.34157681666666667 0.689783765625 0.33984070555555557 0.697596265625 0.3294240388888889 0.701502515625 0.31553515 0.699549390625 0.28775737222222225 0.690760328125 0.27213237222222225
1 0.486063478125 0.3485216703703704 0.475321290625 0.36761889351851856 0.475321290625 0.39886889351851856 0.489969728125 0.4249105601851852 0.5046181656250001 0.4231744490740741 0.5163369156250001 0.405813337962963 0.5202431656250001 0.3780355601851852 0.5075478531250001 0.3485216703703704 0.486063478125 0.3485216703703704
1 0.6556843088541666 0.34360502962962963 0.6449421213541666 0.35923002962962963 0.6410358713541666 0.3870078074074074 0.6449421213541666 0.4043689185185185 0.6517780588541666 0.4165216962962963 0.6664264963541666 0.42173002962962963 0.6840046213541666 0.4043689185185185 0.6898639963541666 0.3731189185185185 0.6810749338541666 0.34707725185185184 0.6556843088541666 0.34360502962962963
1 0.8631991911458333 0.26477565833333333 0.8456210661458333 0.2613034361111111 0.8290195036458333 0.2838728805555556 0.8251132536458333 0.2942895472222222 0.8251132536458333 0.3151228805555556 0.8397616911458333 0.3411645472222222 0.8563632536458333 0.34290065833333333 0.8739413786458333 0.3185951027777778 0.8758945036458333 0.2942895472222222 0.8739413786458333 0.2838728805555556 0.8631991911458333 0.26477565833333333
1 0.33887856510416664 0.37864991574074075 0.33497231510416664 0.36476102685185186 0.32618325260416664 0.35260824907407406 0.31055825260416664 0.34913602685185186 0.30665200260416664 0.35608047129629633 0.30274575260416664 0.35260824907407406 0.29395669010416664 0.36823324907407406 0.29200356510416664 0.39253880462962965 0.29395669010416664 0.40642769351851854 0.30274575260416664 0.42205269351851854 0.31739419010416664 0.43073324907407406 0.32618325260416664 0.42899713796296296 0.33497231510416664 0.41337213796296296 0.33887856510416664 0.39948324907407406 0.33887856510416664 0.37864991574074075
1 0.6792518484375001 0.19031326574074076 0.6655799734375001 0.1833688212962963 0.6577674734375001 0.18684104351851852 0.6450721609375001 0.20941048796296297 0.6411659109375001 0.23371604351851852 0.6558143484375001 0.2667021546296296 0.6685096609375001 0.2684382657407407 0.6733924734375001 0.2667021546296296 0.6880409109375001 0.24413271018518518 0.6899940359375001 0.2163549324074074 0.6792518484375001 0.19031326574074076
1 0.14768155104166666 0.2799011861111111 0.13986905104166666 0.27295674166666667 0.12619717604166666 0.2694845194444444 0.11643155104166666 0.2764289638888889 0.10764248854166666 0.2955261861111111 0.10568936354166666 0.3233039638888889 0.11447842604166666 0.3424011861111111 0.14084561354166666 0.3441372972222222 0.15451748854166666 0.3371928527777778 0.15842373854166666 0.31983174166666667 0.15647061354166666 0.2989984083333333 0.14768155104166666 0.2799011861111111
0 0.14658311562499998 0.3542055138888889 0.129004990625 0.3576777361111111 0.121192490625 0.3680944027777778 0.119239365625 0.3646221805555555 0.110450303125 0.3837194027777778 0.116309678125 0.418441625 0.125098740625 0.4236499583333333 0.132911240625 0.4375388472222222 0.13974717812499998 0.4358027361111111 0.15244249062499998 0.4271221805555555 0.16123155312499998 0.4045527361111111 0.15927842812499998 0.3733027361111111 0.14658311562499998 0.3542055138888889
0 0.5008542770833333 0.2720377972222222 0.49304177708333335 0.268565575 0.47546365208333335 0.2755100194444444 0.46862771458333335 0.29460724166666663 0.46862771458333335 0.3189127972222222 0.47448708958333335 0.3397461305555555 0.48718240208333335 0.3484266861111111 0.49987771458333335 0.346690575 0.5076902145833333 0.3362739083333333 0.5115964645833333 0.3223850194444444 0.5115964645833333 0.2911350194444444 0.5008542770833333 0.2720377972222222