1 0.8918673171875 0.3478331648148148 0.8772188796875 0.37387483240740743 0.8772188796875 0.40859705462962964 0.8840548171875 0.42074983240740743 0.8879610671875 0.42074983240740743 0.8889376296875 0.429430387962963 0.8957735671875 0.43811094351851854 0.9143282546875 0.43637483240740743 0.9338595046875 0.40859705462962964 0.9338595046875 0.366930387962963 0.9289766921875 0.36519427685185185 0.9172579421875 0.3443609425925926 0.9074923171875 0.3408887203703703 0.8918673171875 0.3478331648148148
1 0.6821912885416667 0.4274453611111111 0.6763319135416667 0.4309175833333333 0.6655897260416667 0.45001480555555556 0.6616834760416667 0.48126480555555556 0.6636366010416667 0.4916814722222222 0.6782850385416667 0.5177231388888889 0.6948866010416667 0.51945925 0.7036756635416667 0.5142509166666667 0.7124647260416667 0.49862591666666667 0.7163709760416667 0.4847370277777778 0.7163709760416667 0.4604314722222222 0.7056287885416667 0.43438980555555556 0.6821912885416667 0.4274453611111111
1 0.5046127015625 0.25202060000000004 0.48703457656250004 0.25202060000000004 0.47043301406250004 0.2815344888888889 0.47043301406250004 0.31625671111111114 0.47433926406250004 0.31972893333333335 0.47629238906250004 0.33361782222222225 0.48312832656250004 0.3422983777777778 0.5055892640625 0.3440344888888889 0.5153548890625 0.33361782222222225 0.5153548890625 0.31972893333333335 0.5212142640625 0.3127844888888889 0.5212142640625 0.2815344888888889 0.5153548890625 0.2641733777777778 0.5046127015625 0.25202060000000004
1 0.5035483828125 0.4274387314814815 0.49378275781250003 0.4274387314814815 0.48792338281250003 0.4378553981481481 0.48401713281250003 0.4309109537037037 0.48011088281250003 0.4309109537037037 0.47620463281250003 0.4343831759259259 0.46936869531250003 0.4500081759259259 0.46936869531250003 0.4569526203703704 0.46741557031250003 0.4604248425925926 0.46741557031250003 0.467369287037037 0.46936869531250003 0.47084150925925927 0.46936869531250003 0.4847303981481481 0.47132182031250003 0.4916748425925926 0.48206400781250003 0.5107720648148149 0.48792338281250003 0.5107720648148149 0.48987650781250003 0.5142442870370371 0.49964213281250003 0.5142442870370371 0.5006186953125 0.5125081759259259 0.5074546328125 0.5072998425925925 0.5181968203125 0.4847303981481481 0.5181968203125 0.4534803981481481 0.5162436953125 0.4465359537037037 0.5074546328125 0.4309109537037037 0.5035483828125 0.4274387314814815
0 0.3127914671875 0.4420045425925926 0.3040024046875 0.42985176481481485 0.3000961546875 0.42985176481481485 0.2981430296875 0.4263795425925926 0.2864242796875 0.4263795425925926 0.2805649046875 0.43332398703703706 0.2766586546875 0.43332398703703706 0.2727524046875 0.43679620925925927 0.2678695921875 0.44547676481481485 0.2659164671875 0.45242120925925927 0.2659164671875 0.48367120925925927 0.2747055296875 0.5062406537037037 0.2786117796875 0.509712875925926 0.2825180296875 0.509712875925926 0.2864242796875 0.5166573203703704 0.2991195921875 0.5149212092592593 0.3079086546875 0.5027684314814815 0.3098617796875 0.5027684314814815 0.3147445921875 0.49408787592592596 0.3186508421875 0.48019898703703706 0.3166977171875 0.4558934314814815 0.3127914671875 0.4420045425925926
0 0.5103232125 0.3798058592592593 0.5083700875 0.37633363703703704 0.5083700875 0.3693891925925926 0.503487275 0.3537641925925926 0.495674775 0.34681974814814814 0.487862275 0.34681974814814814 0.48590915 0.34334752592592593 0.4741904 0.34334752592592593 0.4693075875 0.3485558592592593 0.4693075875 0.3520280814814815 0.4595419625 0.3693891925925926 0.4575888375 0.37633363703703704 0.4575888375 0.39369474814814814 0.4595419625 0.3971669703703704 0.4595419625 0.40758363703703704 0.4614950875 0.4145280814814815 0.472237275 0.4301530814814815 0.48590915 0.4301530814814815 0.4868857125 0.4284169703703704 0.487862275 0.4266808592592593 0.499581025 0.4266808592592593 0.5064169625 0.4180003037037037 0.5064169625 0.4145280814814815 0.5103232125 0.40758363703703704 0.5103232125 0.3798058592592593
0 0.10104632395833332 0.4248945444444444 0.07565569947916666 0.4248945444444444 0.06979632447916666 0.4387834333333333 0.06393694947916667 0.4387834333333333 0.059054136979166665 0.4509362111111111 0.061007261979166665 0.47871398888888894 0.06979632447916666 0.49781121111111115 0.07370257447916666 0.49781121111111115 0.07956194947916666 0.5082278777777778 0.09225726197916666 0.5099639888888889 0.09909319947916666 0.5082278777777778 0.11178851145833332 0.48913065555555557 0.11569476145833332 0.4752417666666667 0.11569476145833332 0.4544084333333333 0.11178851145833332 0.4405195444444444 0.10104632395833332 0.4248945444444444
1 0.06552303385416666 0.35044552962962966 0.05966365885416667 0.38169552962962966 0.07040584635416666 0.41468164074074076 0.09286678385416666 0.41641775185185187 0.10751522135416666 0.41468164074074076 0.11630428385416666 0.402528862962963 0.11630428385416666 0.36433441851851855 0.10165584635416666 0.33829275185185187 0.07821834635416666 0.33482052962962966 0.06552303385416666 0.35044552962962966
0 0.9143738958333334 0.4340608824074074 0.8831238958333334 0.43753310462962963 0.8762879583333334 0.45315810462962963 0.8762879583333334 0.49135254907407405 0.8831238958333334 0.5069775490740741 0.8948426458333334 0.520866437962963 0.9114442083333334 0.5191303268518519 0.9290223333333334 0.4948247712962963 0.9329285833333334 0.47399143796296295 0.9309754583333334 0.45315810462962963 0.9260926458333334 0.44447754907407405 0.9221863958333334 0.4479497712962963 0.9143738958333334 0.4340608824074074
1 0.6787109375 0.3472222222222222 0.671875 0.3663194444444444 0.671875 0.3975694444444444 0.67578125 0.4114583333333333 0.6845703125 0.4236111111111111 0.6962890625 0.4236111111111111 0.6982421875 0.4166666666666667 0.7021484375 0.4236111111111111 0.712890625 0.421875 0.724609375 0.3940972222222222 0.724609375 0.3663194444444444 0.720703125 0.3524305555555556 0.7080078125 0.3368055555555556 0.6884765625 0.3368055555555556 0.6787109375 0.3472222222222222
0 0.9326171875 0.2569444444444444 0.9033203125 0.25 0.900390625 0.2621527777777778 0.908203125 0.2864583333333333 0.896484375 0.2829861111111111 0.896484375 0.3038194444444444 0.890625 0.3107638888888889 0.888671875 0.328125 0.9033203125 0.34375 0.92578125 0.3420138888888889 0.935546875 0.328125 0.9345703125 0.3229166666666667 0.943359375 0.3142361111111111 0.9453125 0.2864583333333333 0.939453125 0.265625 0.9326171875 0.2569444444444444