1 0.904296875 0.24131944444444445 0.8955078125 0.2222222222222222 0.8857421875 0.21180555555555555 0.8681640625 0.2152777777777778 0.853515625 0.2378472222222222 0.8515625 0.265625 0.857421875 0.2760416666666667 0.857421875 0.2829861111111111 0.8642578125 0.2916666666666667 0.88671875 0.2934027777777778 0.8916015625 0.2916666666666667 0.89453125 0.2760416666666667 0.90234375 0.2690972222222222 0.904296875 0.24131944444444445
1 0.8798828125 0.2951388888888889 0.8564453125 0.2986111111111111 0.84375 0.3246527777777778 0.845703125 0.3524305555555556 0.8544921875 0.3645833333333333 0.880859375 0.3663194444444444 0.8876953125 0.3611111111111111 0.892578125 0.3489583333333333 0.892578125 0.3142361111111111 0.8798828125 0.2951388888888889
1 0.6962890625 0.3819444444444444 0.6923828125 0.3923611111111111 0.6865234375 0.3784722222222222 0.6708984375 0.3784722222222222 0.658203125 0.4045138888888889 0.658203125 0.4253472222222222 0.662109375 0.4392361111111111 0.6728515625 0.4548611111111111 0.689453125 0.453125 0.6982421875 0.4444444444444444 0.703125 0.4322916666666667 0.705078125 0.4010416666666667 0.6962890625 0.3819444444444444
0 0.89453125 0.3975694444444444 0.8896484375 0.3854166666666667 0.8798828125 0.375 0.8583984375 0.3715277777777778 0.845703125 0.390625 0.845703125 0.421875 0.8603515625 0.4479166666666667 0.876953125 0.4461805555555556 0.8818359375 0.4340277777777778 0.8837890625 0.4375 0.892578125 0.4253472222222222 0.89453125 0.3975694444444444
0 0.7021484375 0.3020833333333333 0.6826171875 0.3055555555555556 0.673828125 0.3211805555555556 0.669921875 0.3385416666666667 0.673828125 0.3628472222222222 0.6826171875 0.375 0.705078125 0.3732638888888889 0.7099609375 0.3715277777777778 0.716796875 0.3559027777777778 0.716796875 0.3211805555555556 0.7021484375 0.3020833333333333
0 0.69921875 0.2864583333333333 0.705078125 0.2795138888888889 0.705078125 0.2725694444444444 0.70703125 0.2690972222222222 0.70703125 0.2552083333333333 0.705078125 0.2517361111111111 0.705078125 0.24479166666666666 0.703125 0.24131944444444445 0.703125 0.2378472222222222 0.6943359375 0.2222222222222222 0.6904296875 0.2222222222222222 0.6884765625 0.21875 0.6806640625 0.21875 0.6787109375 0.2222222222222222 0.6748046875 0.2222222222222222 0.6728515625 0.22569444444444445 0.6708984375 0.22569444444444445 0.662109375 0.24131944444444445 0.662109375 0.2482638888888889 0.66015625 0.2517361111111111 0.66015625 0.2760416666666667 0.6630859375 0.28125 0.6650390625 0.28125 0.6728515625 0.2986111111111111 0.6767578125 0.2986111111111111 0.6787109375 0.3020833333333333 0.6884765625 0.3020833333333333 0.689453125 0.3003472222222222 0.6923828125 0.2951388888888889 0.6962890625 0.2951388888888889 0.69921875 0.2899305555555556 0.69921875 0.2864583333333333
0 0.5322265625 0.2881944444444444 0.53515625 0.2795138888888889 0.53515625 0.2552083333333333 0.53125 0.2482638888888889 0.53125 0.24479166666666666 0.5244140625 0.2326388888888889 0.5224609375 0.2326388888888889 0.5205078125 0.22916666666666666 0.5087890625 0.22916666666666666 0.5068359375 0.2326388888888889 0.5029296875 0.2326388888888889 0.49609375 0.24131944444444445 0.49609375 0.24479166666666666 0.4921875 0.2552083333333333 0.4921875 0.2795138888888889 0.494140625 0.2829861111111111 0.494140625 0.2864583333333333 0.5 0.296875 0.5 0.3003472222222222 0.5048828125 0.3090277777777778 0.5107421875 0.3055555555555556 0.5166015625 0.3125 0.521484375 0.3107638888888889 0.53125 0.296875 0.53125 0.2934027777777778 0.529296875 0.2899305555555556 0.5322265625 0.2881944444444444
0 0.52734375 0.359375 0.529296875 0.3559027777777778 0.529296875 0.3385416666666667 0.52734375 0.3350694444444444 0.52734375 0.3246527777777778 0.5224609375 0.3159722222222222 0.5205078125 0.3159722222222222 0.5185546875 0.3125 0.5107421875 0.3125 0.5087890625 0.3090277777777778 0.4970703125 0.3090277777777778 0.4931640625 0.3159722222222222 0.4912109375 0.3159722222222222 0.484375 0.328125 0.484375 0.3315972222222222 0.482421875 0.3350694444444444 0.482421875 0.3524305555555556 0.484375 0.3559027777777778 0.484375 0.3628472222222222 0.486328125 0.3663194444444444 0.486328125 0.3697916666666667 0.4912109375 0.3784722222222222 0.4931640625 0.3784722222222222 0.4951171875 0.3819444444444444 0.5068359375 0.3819444444444444 0.5087890625 0.3784722222222222 0.5146484375 0.3784722222222222 0.5166015625 0.3819444444444444 0.51953125 0.3802083333333333 0.5234375 0.3767361111111111 0.5234375 0.3732638888888889 0.52734375 0.3663194444444444 0.52734375 0.359375
1 0.5263671875 0.3888888888888889 0.5166015625 0.3819444444444444 0.5107421875 0.3923611111111111 0.5087890625 0.3854166666666667 0.5009765625 0.3854166666666667 0.490234375 0.4114583333333333 0.4921875 0.4357638888888889 0.5048828125 0.4618055555555556 0.51953125 0.4600694444444444 0.5263671875 0.4548611111111111 0.53515625 0.4322916666666667 0.533203125 0.4010416666666667 0.5263671875 0.3888888888888889
1 0.3408203125 0.3888888888888889 0.3212890625 0.3923611111111111 0.3125 0.4045138888888889 0.30859375 0.4184027777777778 0.310546875 0.4392361111111111 0.3212890625 0.4618055555555556 0.3291015625 0.46875 0.33984375 0.4670138888888889 0.3486328125 0.4583333333333333 0.353515625 0.4461805555555556 0.35546875 0.4149305555555556 0.3408203125 0.3888888888888889
1 0.1669921875 0.3263888888888889 0.1591796875 0.3194444444444444 0.1396484375 0.3229166666666667 0.12890625 0.3420138888888889 0.12890625 0.3767361111111111 0.1337890625 0.3888888888888889 0.1376953125 0.3854166666666667 0.1416015625 0.3923611111111111 0.1640625 0.390625 0.1708984375 0.3888888888888889 0.17578125 0.3802083333333333 0.177734375 0.3489583333333333 0.1669921875 0.3263888888888889
0 0.1630859375 0.3958333333333333 0.1455078125 0.3993055555555556 0.1376953125 0.40625 0.12890625 0.4253472222222222 0.1328125 0.4565972222222222 0.1494140625 0.4756944444444444 0.162109375 0.4739583333333333 0.173828125 0.4600694444444444 0.1796875 0.4288194444444444 0.177734375 0.4184027777777778 0.1630859375 0.3958333333333333