1 0.9216506645833333 0.348297312037037 0.9118850395833333 0.3448250898148148 0.8962600395833333 0.3517695342592592 0.8816116020833333 0.3778112009259259 0.8816116020833333 0.4125334231481481 0.8884475395833333 0.4246862009259259 0.8923537895833333 0.4246862009259259 0.8933303520833333 0.4333667564814815 0.9001662895833333 0.442047312037037 0.9187209770833333 0.4403112009259259 0.9382522270833333 0.4125334231481481 0.9382522270833333 0.3708667564814815 0.9333694145833333 0.3691306453703704 0.9216506645833333 0.348297312037037
1 0.7197611578124999 0.4600632777777778 0.7090189703124999 0.4340216111111111 0.6855814703124999 0.4270771666666667 0.6797220953124999 0.4305493888888889 0.6689799078124999 0.4496466111111111 0.6650736578124999 0.4808966111111111 0.6670267828124999 0.4913132777777778 0.6816752203124999 0.5173549444444444 0.6982767828124999 0.5190910555555556 0.7070658453124999 0.5138827222222222 0.7158549078124999 0.4982577222222222 0.7197611578124999 0.4843688333333333 0.7197611578124999 0.4600632777777778
1 0.5218588057291667 0.4472685425925926 0.5130697432291667 0.4316435425925926 0.5091634932291667 0.42817132037037037 0.49939786822916665 0.42817132037037037 0.49353849322916665 0.43858798703703705 0.48963224322916665 0.4316435425925926 0.48572599322916665 0.4316435425925926 0.48181974322916665 0.43511576481481484 0.47498380572916665 0.45074076481481484 0.47498380572916665 0.45768520925925926 0.47303068072916665 0.4611574314814815 0.47303068072916665 0.46810187592592595 0.47498380572916665 0.47157409814814816 0.47498380572916665 0.48546298703703705 0.47693693072916665 0.4924074314814815 0.48767911822916665 0.5115046537037037 0.49353849322916665 0.5115046537037037 0.49549161822916665 0.5149768759259259 0.5052572432291667 0.5149768759259259 0.5062338057291667 0.5132407648148148 0.5130697432291667 0.5080324314814815 0.5238119307291667 0.48546298703703705 0.5238119307291667 0.45421298703703705 0.5218588057291667 0.4472685425925926
1 0.3306930838541666 0.47672242592592595 0.3287399588541666 0.45241687037037037 0.3248337088541666 0.43852798148148153 0.3160446463541666 0.42637520370370374 0.3121383963541666 0.42637520370370374 0.3101852713541666 0.42290298148148153 0.2984665213541666 0.42290298148148153 0.2926071463541666 0.42984742592592595 0.2887008963541666 0.42984742592592595 0.2847946463541666 0.43331964814814816 0.2799118338541666 0.44200020370370374 0.2779587088541666 0.44894464814814816 0.2779587088541666 0.48019464814814816 0.2867477713541666 0.5027640925925926 0.2906540213541666 0.5062363148148148 0.2945602713541666 0.5062363148148148 0.2984665213541666 0.5131807592592593 0.3111618338541666 0.5114446481481482 0.3199508963541666 0.49929187037037037 0.3219040213541666 0.49929187037037037 0.3267868338541666 0.49061131481481485 0.3306930838541666 0.47672242592592595
0 0.5120771765625 0.4123477972222222 0.5159834265625 0.4054033527777778 0.5159834265625 0.377625575 0.5140303015625 0.3741533527777778 0.5140303015625 0.36720890833333336 0.5091474890625 0.35158390833333336 0.5013349890625 0.3446394638888889 0.4935224890625 0.3446394638888889 0.4915693640625 0.3411672416666667 0.4798506140625 0.3411672416666667 0.4749678015625 0.346375575 0.4749678015625 0.3498477972222222 0.4652021765625 0.36720890833333336 0.4632490515625 0.3741533527777778 0.4632490515625 0.3915144638888889 0.4652021765625 0.3949866861111111 0.4652021765625 0.4054033527777778 0.4671553015625 0.4123477972222222 0.4778974890625 0.4279727972222222 0.4915693640625 0.4279727972222222 0.4925459265625 0.4262366861111111 0.4935224890625 0.424500575 0.5052412390625 0.424500575 0.5120771765625 0.41582001944444447 0.5120771765625 0.4123477972222222
0 0.12488512916666666 0.45521666851851855 0.12097887916666666 0.44132777962962966 0.11023669166666666 0.42570277962962966 0.08484606666666666 0.42570277962962966 0.07898669166666666 0.43959166851851855 0.07312731666666666 0.43959166851851855 0.06824450416666666 0.4517444462962963 0.07019762916666666 0.4795222240740741 0.07898669166666666 0.4986194462962963 0.08289294166666666 0.4986194462962963 0.08875231666666666 0.5090361129629629 0.10144762916666666 0.5107722240740741 0.10828356666666666 0.5090361129629629 0.12097887916666666 0.48993889074074076 0.12488512916666666 0.47605000185185187 0.12488512916666666 0.45521666851851855
0 0.9324622828125 0.446996275 0.9285560328125 0.4504684972222222 0.9207435328125 0.4365796083333333 0.8894935328125 0.4400518305555555 0.8826575953125 0.4556768305555555 0.8826575953125 0.49387127500000005 0.8894935328125 0.509496275 0.9012122828125 0.5233851638888889 0.9178138453125 0.5216490527777778 0.9353919703125 0.49734349722222226 0.9392982203125 0.4765101638888889 0.9373450953125 0.4556768305555555 0.9324622828125 0.446996275
1 0.3098578890625 0.36072661666666667 0.2952094515625 0.34162939444444446 0.2737250765625 0.34510161666666667 0.2610297640625 0.3641988388888889 0.2590766390625 0.38850439444444446 0.2629828890625 0.41280995 0.2717719515625 0.42496272777777777 0.2825141390625 0.4266988388888889 0.3069282015625 0.42149050555555556 0.3157172640625 0.3989210611111111 0.3157172640625 0.38155995 0.3098578890625 0.36072661666666667
1 0.4931640625 0.25 0.4853515625 0.2569444444444444 0.4765625 0.2760416666666667 0.474609375 0.3107638888888889 0.4873046875 0.3402777777777778 0.4951171875 0.3368055555555556 0.4990234375 0.34375 0.509765625 0.3420138888888889 0.52734375 0.3107638888888889 0.52734375 0.2864583333333333 0.5126953125 0.2534722222222222 0.4931640625 0.25
0 0.94921875 0.3142361111111111 0.94921875 0.2795138888888889 0.9306640625 0.2534722222222222 0.9052734375 0.2569444444444444 0.89453125 0.2725694444444444 0.890625 0.2864583333333333 0.890625 0.3142361111111111 0.8984375 0.3246527777777778 0.896484375 0.328125 0.9033203125 0.3402777777777778 0.9130859375 0.3472222222222222 0.92578125 0.3454861111111111 0.9306640625 0.34375 0.939453125 0.3315972222222222 0.9404296875 0.3229166666666667 0.94921875 0.3142361111111111
0 0.1044921875 0.3402777777777778 0.0966796875 0.3333333333333333 0.0771484375 0.3333333333333333 0.060546875 0.3559027777777778 0.05859375 0.3871527777777778 0.0673828125 0.4097222222222222 0.0771484375 0.4166666666666667 0.099609375 0.4149305555555556 0.1044921875 0.4131944444444444 0.1171875 0.3871527777777778 0.11328125 0.3559027777777778 0.1044921875 0.3402777777777778