0 0.858001034375 0.14650686574074076 0.850188534375 0.1395624212962963 0.836516659375 0.1395624212962963 0.817961971875 0.16560408796296297 0.814055721875 0.1899096425925926 0.828704159375 0.2194235314814815 0.845305721875 0.2211596425925926 0.854094784375 0.21595130925925926 0.864836971875 0.1933818648148148 0.866790096875 0.16907631018518518 0.858001034375 0.14650686574074076
0 0.8419786916666666 0.29996979444444444 0.8204943166666666 0.29996979444444444 0.8097521291666666 0.31559479444444444 0.8077990041666666 0.33990035 0.8146349416666666 0.36246979444444444 0.8244005666666666 0.3728864611111111 0.8331896291666666 0.3746225722222222 0.8419786916666666 0.3694142388888889 0.8546740041666666 0.35031701666666665 0.8566271291666666 0.31906701666666665 0.8419786916666666 0.29996979444444444
0 0.6747934302083334 0.23608787222222222 0.6650278052083334 0.22914342777777777 0.6494028052083334 0.23608787222222222 0.6406137427083334 0.2517128722222222 0.6367074927083334 0.27254620555555553 0.6406137427083334 0.2933795388888889 0.6474496802083334 0.30553231666666664 0.6738168677083334 0.30379620555555553 0.6816293677083334 0.2933795388888889 0.6855356177083334 0.27949065 0.6835824927083334 0.2517128722222222 0.6747934302083334 0.23608787222222222
0 0.46698431927083334 0.23399755925925927 0.45038275677083334 0.26351144814814814 0.45038275677083334 0.29476144814814814 0.45917181927083334 0.31038644814814814 0.48944525677083334 0.30865033703703704 0.49725775677083334 0.28781700370370367 0.49530463177083334 0.25656700370370367 0.48651556927083334 0.2409420037037037 0.46698431927083334 0.23399755925925927
1 0.4697153052083333 0.3173308787037037 0.4589731177083333 0.33642810092592595 0.4589731177083333 0.36767810092592595 0.4736215552083333 0.3937197675925926 0.4882699927083333 0.3919836564814815 0.4999887427083333 0.3746225453703704 0.5038949927083334 0.3468447675925926 0.4911996802083333 0.3173308787037037 0.4697153052083333 0.3173308787037037
1 0.6400289260416667 0.3069142388888889 0.6292867385416667 0.3225392388888889 0.6253804885416667 0.35031701666666665 0.6292867385416667 0.36767812777777775 0.6361226760416667 0.37983090555555554 0.6507711135416667 0.3850392388888889 0.6683492385416667 0.36767812777777775 0.6742086135416667 0.33642812777777775 0.6654195510416667 0.3103864611111111 0.6400289260416667 0.3069142388888889
1 0.8458849416666666 0.22288410833333333 0.8283068166666666 0.2194118861111111 0.8117052541666666 0.24198133055555554 0.8077990041666666 0.2523979972222222 0.8077990041666666 0.27323133055555554 0.8224474416666666 0.2992729972222222 0.8390490041666666 0.30100910833333333 0.8566271291666666 0.27670355277777775 0.8585802541666666 0.2523979972222222 0.8566271291666666 0.24198133055555554 0.8458849416666666 0.22288410833333333
1 0.322265625 0.3489583333333333 0.318359375 0.3350694444444444 0.3095703125 0.3229166666666667 0.2939453125 0.3194444444444444 0.2900390625 0.3263888888888889 0.2861328125 0.3229166666666667 0.27734375 0.3385416666666667 0.275390625 0.3628472222222222 0.27734375 0.3767361111111111 0.2861328125 0.3923611111111111 0.30078125 0.4010416666666667 0.3095703125 0.3993055555555556 0.318359375 0.3836805555555556 0.322265625 0.3697916666666667 0.322265625 0.3489583333333333
1 0.6630859375 0.1527777777777778 0.6494140625 0.14583333333333334 0.6416015625 0.14930555555555555 0.62890625 0.171875 0.625 0.19618055555555555 0.6396484375 0.22916666666666666 0.65234375 0.2309027777777778 0.6572265625 0.22916666666666666 0.671875 0.2065972222222222 0.673828125 0.17881944444444445 0.6630859375 0.1527777777777778
1 0.1259765625 0.2604166666666667 0.1181640625 0.2534722222222222 0.1044921875 0.25 0.0947265625 0.2569444444444444 0.0859375 0.2760416666666667 0.083984375 0.3038194444444444 0.0927734375 0.3229166666666667 0.119140625 0.3246527777777778 0.1328125 0.3177083333333333 0.13671875 0.3003472222222222 0.134765625 0.2795138888888889 0.1259765625 0.2604166666666667
0 0.1240234375 0.3298611111111111 0.1064453125 0.3333333333333333 0.0986328125 0.34375 0.0966796875 0.3402777777777778 0.087890625 0.359375 0.09375 0.3940972222222222 0.1025390625 0.3993055555555556 0.1103515625 0.4131944444444444 0.1171875 0.4114583333333333 0.1298828125 0.4027777777777778 0.138671875 0.3802083333333333 0.13671875 0.3489583333333333 0.1240234375 0.3298611111111111