1 0.23046875 0.421875 0.2158203125 0.4027777777777778 0.2041015625 0.3993055555555556 0.2021484375 0.3958333333333333 0.1845703125 0.4027777777777778 0.169921875 0.4253472222222222 0.166015625 0.4392361111111111 0.1640625 0.4600694444444444 0.16796875 0.4809027777777778 0.1748046875 0.5 0.1884765625 0.5138888888888888 0.212890625 0.5121527777777778 0.2236328125 0.5069444444444444 0.228515625 0.4982638888888889 0.228515625 0.4913194444444444 0.236328125 0.4809027777777778 0.236328125 0.4704861111111111 0.23828125 0.4670138888888889 0.236328125 0.4392361111111111 0.23046875 0.421875
1 0.2001953125 0.625 0.1865234375 0.6284722222222222 0.17578125 0.6440972222222222 0.173828125 0.6545138888888888 0.166015625 0.671875 0.16796875 0.6961805555555556 0.173828125 0.7100694444444444 0.173828125 0.7170138888888888 0.1826171875 0.7326388888888888 0.1943359375 0.7395833333333334 0.2109375 0.7378472222222222 0.2216796875 0.7326388888888888 0.2294921875 0.7222222222222222 0.23828125 0.703125 0.240234375 0.6927083333333334 0.240234375 0.6579861111111112 0.2255859375 0.6284722222222222 0.2021484375 0.6284722222222222 0.2001953125 0.625
1 0.494140625 0.4670138888888889 0.494140625 0.453125 0.490234375 0.4357638888888889 0.4814453125 0.4201388888888889 0.4736328125 0.4131944444444444 0.4599609375 0.4097222222222222 0.4580078125 0.4131944444444444 0.4462890625 0.4166666666666667 0.435546875 0.4357638888888889 0.431640625 0.4496527777777778 0.4296875 0.4739583333333333 0.431640625 0.4774305555555556 0.431640625 0.4878472222222222 0.4443359375 0.5173611111111112 0.4560546875 0.5243055555555556 0.46875 0.5260416666666666 0.4736328125 0.5208333333333334 0.4794921875 0.5208333333333334 0.48828125 0.5052083333333334 0.48828125 0.4982638888888889 0.4912109375 0.4965277777777778 0.494140625 0.4878472222222222 0.49609375 0.4704861111111111 0.494140625 0.4670138888888889
1 0.4443359375 0.6388888888888888 0.4375 0.6475694444444444 0.4296875 0.6684027777777778 0.427734375 0.6788194444444444 0.427734375 0.6927083333333334 0.431640625 0.6996527777777778 0.4296875 0.703125 0.4296875 0.7135416666666666 0.4423828125 0.7430555555555556 0.4521484375 0.75 0.46875 0.7482638888888888 0.4716796875 0.7430555555555556 0.4794921875 0.7395833333333334 0.490234375 0.7204861111111112 0.494140625 0.7065972222222222 0.494140625 0.6753472222222222 0.486328125 0.6510416666666666 0.4775390625 0.6388888888888888 0.4443359375 0.6388888888888888
1 0.6845703125 0.6493055555555556 0.6787109375 0.6493055555555556 0.671875 0.6614583333333334 0.66796875 0.6753472222222222 0.66796875 0.7065972222222222 0.671875 0.7274305555555556 0.6767578125 0.7361111111111112 0.6806640625 0.7361111111111112 0.6884765625 0.7534722222222222 0.6943359375 0.7569444444444444 0.71484375 0.7552083333333334 0.7255859375 0.7465277777777778 0.736328125 0.7239583333333334 0.73828125 0.6857638888888888 0.732421875 0.6649305555555556 0.7236328125 0.6527777777777778 0.7080078125 0.6423611111111112 0.6884765625 0.6423611111111112 0.6845703125 0.6493055555555556
1 0.7236328125 0.4270833333333333 0.7158203125 0.4201388888888889 0.7001953125 0.4166666666666667 0.6982421875 0.4201388888888889 0.6865234375 0.4236111111111111 0.677734375 0.4357638888888889 0.669921875 0.4565972222222222 0.66796875 0.4913194444444444 0.673828125 0.5052083333333334 0.673828125 0.5121527777777778 0.6806640625 0.5243055555555556 0.6865234375 0.5243055555555556 0.6884765625 0.53125 0.6943359375 0.5347222222222222 0.7109375 0.5329861111111112 0.7216796875 0.5277777777777778 0.73046875 0.5121527777777778 0.73046875 0.5052083333333334 0.736328125 0.4982638888888889 0.73828125 0.4913194444444444 0.73828125 0.4600694444444444 0.734375 0.4461805555555556 0.7236328125 0.4270833333333333
1 1 0.4565972222222222 0.99609375 0.4461805555555556 0.9892578125 0.4375 0.9716796875 0.4270833333333333 0.9462890625 0.4340277777777778 0.9365234375 0.4444444444444444 0.92578125 0.4670138888888889 0.923828125 0.4982638888888889 0.93359375 0.5190972222222222 0.93359375 0.5260416666666666 0.9423828125 0.5381944444444444 0.9541015625 0.5451388888888888 0.97265625 0.5434027777777778 0.9755859375 0.5381944444444444 0.9853515625 0.5381944444444444 0.9892578125 0.5347222222222222 0.9951171875 0.5277777777777778 0.99609375 0.5190972222222222 1 0.515625 1 0.4565972222222222
1 0.91015625 0.5711805555555556 0.90625 0.578125 0.90625 0.6024305555555556 0.912109375 0.6232638888888888 0.9189453125 0.6354166666666666 0.9306640625 0.6423611111111112 0.9443359375 0.6423611111111112 0.9462890625 0.6458333333333334 0.96875 0.6440972222222222 0.984375 0.6128472222222222 0.984375 0.5815972222222222 0.9716796875 0.5520833333333334 0.9638671875 0.5451388888888888 0.9345703125 0.5381944444444444 0.9208984375 0.5486111111111112 0.91015625 0.5642361111111112 0.91015625 0.5711805555555556
0 1 0.6927083333333334 0.99609375 0.6822916666666666 0.9794921875 0.65625 0.9755859375 0.6597222222222222 0.9677734375 0.6493055555555556 0.9443359375 0.6493055555555556 0.9326171875 0.6597222222222222 0.921875 0.6822916666666666 0.919921875 0.6927083333333334 0.921875 0.6961805555555556 0.921875 0.7204861111111112 0.92578125 0.734375 0.9423828125 0.7604166666666666 0.9541015625 0.7673611111111112 0.96875 0.765625 0.9716796875 0.7604166666666666 0.9736328125 0.7638888888888888 0.9833984375 0.7604166666666666 0.99609375 0.7413194444444444 1 0.7274305555555556 1 0.6927083333333334
0 0.7333984375 0.53125 0.7197265625 0.5277777777777778 0.7177734375 0.53125 0.7060546875 0.5347222222222222 0.6953125 0.5503472222222222 0.6875 0.5815972222222222 0.6875 0.5954861111111112 0.69140625 0.6163194444444444 0.6953125 0.6267361111111112 0.7041015625 0.6388888888888888 0.7177734375 0.6388888888888888 0.7197265625 0.6423611111111112 0.740234375 0.640625 0.7451171875 0.6388888888888888 0.75 0.6302083333333334 0.751953125 0.6128472222222222 0.7578125 0.6059027777777778 0.759765625 0.5815972222222222 0.755859375 0.5607638888888888 0.7451171875 0.5416666666666666 0.7333984375 0.53125
0 0.478515625 0.5503472222222222 0.474609375 0.546875 0.4697265625 0.53125 0.4560546875 0.5208333333333334 0.4404296875 0.5208333333333334 0.4326171875 0.5277777777777778 0.419921875 0.5503472222222222 0.416015625 0.5642361111111112 0.416015625 0.5920138888888888 0.41796875 0.6024305555555556 0.421875 0.6163194444444444 0.4326171875 0.6319444444444444 0.4384765625 0.6319444444444444 0.4404296875 0.6354166666666666 0.46484375 0.6336805555555556 0.470703125 0.6267361111111112 0.4716796875 0.6180555555555556 0.4755859375 0.6180555555555556 0.478515625 0.6128472222222222 0.482421875 0.5989583333333334 0.482421875 0.5677083333333334 0.478515625 0.5572916666666666 0.478515625 0.5503472222222222
0 0.2333984375 0.5173611111111112 0.2216796875 0.5104166666666666 0.2021484375 0.5138888888888888 0.1923828125 0.5243055555555556 0.181640625 0.546875 0.181640625 0.5572916666666666 0.177734375 0.5711805555555556 0.1796875 0.5920138888888888 0.185546875 0.609375 0.1962890625 0.6215277777777778 0.22265625 0.6197916666666666 0.2373046875 0.6180555555555556 0.24609375 0.6024305555555556 0.24609375 0.5954861111111112 0.251953125 0.578125 0.251953125 0.5538194444444444 0.248046875 0.5503472222222222 0.24609375 0.5364583333333334 0.2333984375 0.5173611111111112