1 0.0166015625 0.40625 0.0009765625 0.4097222222222222 0 0.5052083333333334 0.0146484375 0.5138888888888888 0.03515625 0.5121527777777778 0.0498046875 0.5 0.05078125 0.4913194444444444 0.05859375 0.4774305555555556 0.060546875 0.4704861111111111 0.060546875 0.453125 0.056640625 0.4357638888888889 0.0458984375 0.4166666666666667 0.0341796875 0.40625 0.0185546875 0.4027777777777778 0.0166015625 0.40625
1 0.033203125 0.5989583333333334 0.0390625 0.5815972222222222 0.0390625 0.5503472222222222 0.03515625 0.5434027777777778 0.03515625 0.5329861111111112 0.0185546875 0.5138888888888888 0.0009765625 0.5069444444444444 0 0.609375 0.025390625 0.609375 0.033203125 0.5989583333333334
1 0.2353515625 0.3993055555555556 0.2216796875 0.3993055555555556 0.2080078125 0.4097222222222222 0.1953125 0.4322916666666667 0.193359375 0.4427083333333333 0.193359375 0.4774305555555556 0.1953125 0.484375 0.201171875 0.4913194444444444 0.203125 0.5017361111111112 0.2099609375 0.5104166666666666 0.2177734375 0.5173611111111112 0.2255859375 0.5173611111111112 0.2275390625 0.5208333333333334 0.234375 0.5190972222222222 0.2451171875 0.5104166666666666 0.2509765625 0.5104166666666666 0.2578125 0.4982638888888889 0.2578125 0.4913194444444444 0.263671875 0.484375 0.265625 0.4774305555555556 0.265625 0.4427083333333333 0.259765625 0.4253472222222222 0.2470703125 0.40625 0.2353515625 0.3993055555555556
1 0.2587890625 0.5173611111111112 0.2568359375 0.5138888888888888 0.2373046875 0.5173611111111112 0.2294921875 0.5243055555555556 0.220703125 0.5399305555555556 0.21875 0.5503472222222222 0.21484375 0.5572916666666666 0.212890625 0.578125 0.220703125 0.609375 0.2236328125 0.6111111111111112 0.2294921875 0.625 0.2353515625 0.6284722222222222 0.240234375 0.6267361111111112 0.2705078125 0.6215277777777778 0.279296875 0.609375 0.28515625 0.5920138888888888 0.28515625 0.578125 0.287109375 0.5746527777777778 0.28515625 0.5538194444444444 0.28125 0.5399305555555556 0.2724609375 0.5243055555555556 0.2646484375 0.5173611111111112 0.2587890625 0.5173611111111112
0 0.2216796875 0.6319444444444444 0.2158203125 0.6354166666666666 0.205078125 0.6545138888888888 0.201171875 0.6684027777777778 0.1953125 0.6788194444444444 0.197265625 0.6822916666666666 0.1953125 0.6892361111111112 0.197265625 0.703125 0.203125 0.7239583333333334 0.2099609375 0.7361111111111112 0.2216796875 0.7465277777777778 0.2421875 0.7447916666666666 0.2451171875 0.7361111111111112 0.2470703125 0.7395833333333334 0.2529296875 0.7361111111111112 0.267578125 0.703125 0.267578125 0.6614583333333334 0.265625 0.6545138888888888 0.2509765625 0.6319444444444444 0.2451171875 0.6354166666666666 0.2412109375 0.6319444444444444 0.2216796875 0.6319444444444444
0 0 0.7170138888888888 0.0126953125 0.7256944444444444 0.017578125 0.7239583333333334 0.0361328125 0.71875 0.05078125 0.6961805555555556 0.056640625 0.6753472222222222 0.0546875 0.6649305555555556 0.056640625 0.6545138888888888 0.05078125 0.6371527777777778 0.0458984375 0.6284722222222222 0.0341796875 0.6180555555555556 0.0107421875 0.6180555555555556 0.0087890625 0.6215277777777778 0 0.6232638888888888 0 0.7170138888888888
0 0.4794921875 0.5243055555555556 0.4755859375 0.53125 0.4716796875 0.5277777777777778 0.4619140625 0.5381944444444444 0.44921875 0.5677083333333334 0.44921875 0.5989583333333334 0.451171875 0.609375 0.453125 0.6163194444444444 0.4658203125 0.6354166666666666 0.4755859375 0.6319444444444444 0.4814453125 0.6388888888888888 0.5 0.6371527777777778 0.5048828125 0.6354166666666666 0.5078125 0.6302083333333334 0.515625 0.6059027777777778 0.517578125 0.5954861111111112 0.515625 0.5572916666666666 0.51171875 0.546875 0.5009765625 0.53125 0.4931640625 0.53125 0.4833984375 0.5243055555555556 0.4794921875 0.5243055555555556
1 0.5029296875 0.40625 0.4853515625 0.40625 0.4736328125 0.4166666666666667 0.466796875 0.4322916666666667 0.4609375 0.4565972222222222 0.4609375 0.4774305555555556 0.462890625 0.4878472222222222 0.46875 0.4982638888888889 0.466796875 0.5017361111111112 0.4716796875 0.5138888888888888 0.4755859375 0.5104166666666666 0.4765625 0.515625 0.4853515625 0.5277777777777778 0.4931640625 0.5277777777777778 0.4951171875 0.53125 0.50390625 0.5295138888888888 0.5126953125 0.5243055555555556 0.5234375 0.5052083333333334 0.5234375 0.4982638888888889 0.529296875 0.4913194444444444 0.53125 0.4809027777777778 0.53125 0.4565972222222222 0.52734375 0.4392361111111111 0.521484375 0.4253472222222222 0.5126953125 0.4131944444444444 0.5029296875 0.40625
1 0.4775390625 0.6527777777777778 0.474609375 0.6684027777777778 0.4697265625 0.6666666666666666 0.46484375 0.6788194444444444 0.46484375 0.6996527777777778 0.466796875 0.703125 0.46484375 0.7065972222222222 0.46484375 0.7239583333333334 0.4697265625 0.7361111111111112 0.474609375 0.7378472222222222 0.474609375 0.7447916666666666 0.4814453125 0.7569444444444444 0.4912109375 0.7638888888888888 0.505859375 0.7621527777777778 0.5126953125 0.7604166666666666 0.52734375 0.7378472222222222 0.533203125 0.7135416666666666 0.53125 0.703125 0.533203125 0.6892361111111112 0.52734375 0.6684027777777778 0.5126953125 0.6458333333333334 0.5087890625 0.6423611111111112 0.4931640625 0.6423611111111112 0.4775390625 0.6527777777777778
1 0.7587890625 0.5381944444444444 0.7529296875 0.5486111111111112 0.7470703125 0.5451388888888888 0.73828125 0.5572916666666666 0.73828125 0.5642361111111112 0.732421875 0.5850694444444444 0.734375 0.5920138888888888 0.734375 0.6128472222222222 0.7470703125 0.6423611111111112 0.7509765625 0.6388888888888888 0.7568359375 0.6493055555555556 0.79296875 0.6475694444444444 0.802734375 0.6371527777777778 0.810546875 0.6128472222222222 0.810546875 0.5815972222222222 0.806640625 0.5746527777777778 0.806640625 0.5642361111111112 0.7939453125 0.5416666666666666 0.7841796875 0.5347222222222222 0.7666015625 0.5347222222222222 0.7646484375 0.5381944444444444 0.7587890625 0.5381944444444444
1 0.7685546875 0.4131944444444444 0.7490234375 0.4097222222222222 0.7314453125 0.4236111111111111 0.72265625 0.4392361111111111 0.716796875 0.4600694444444444 0.716796875 0.4947916666666667 0.724609375 0.5052083333333334 0.72265625 0.5086805555555556 0.724609375 0.515625 0.7314453125 0.5277777777777778 0.7431640625 0.5381944444444444 0.7490234375 0.5381944444444444 0.7529296875 0.53125 0.7568359375 0.5381944444444444 0.765625 0.5364583333333334 0.7705078125 0.5347222222222222 0.783203125 0.5190972222222222 0.78515625 0.5121527777777778 0.783203125 0.5052083333333334 0.7880859375 0.5034722222222222 0.79296875 0.4947916666666667 0.794921875 0.4635416666666667 0.791015625 0.4461805555555556 0.7802734375 0.4236111111111111 0.7685546875 0.4131944444444444
0 0.7568359375 0.6527777777777778 0.7529296875 0.6631944444444444 0.7490234375 0.6527777777777778 0.7333984375 0.65625 0.720703125 0.6753472222222222 0.71875 0.6857638888888888 0.71484375 0.6927083333333334 0.716796875 0.703125 0.71484375 0.7204861111111112 0.72265625 0.7482638888888888 0.7373046875 0.7743055555555556 0.7470703125 0.78125 0.7509765625 0.7777777777777778 0.755859375 0.7795138888888888 0.7763671875 0.7673611111111112 0.78515625 0.7517361111111112 0.7890625 0.7378472222222222 0.7890625 0.7274305555555556 0.78515625 0.7239583333333334 0.791015625 0.7170138888888888 0.791015625 0.6996527777777778 0.78515625 0.6788194444444444 0.7705078125 0.65625 0.7568359375 0.6527777777777778