1 0.1748046875 0.40625 0.1611328125 0.3958333333333333 0.1455078125 0.3923611111111111 0.1279296875 0.4027777777777778 0.115234375 0.4253472222222222 0.111328125 0.4427083333333333 0.111328125 0.4565972222222222 0.115234375 0.4774305555555556 0.126953125 0.4947916666666667 0.1298828125 0.5069444444444444 0.1455078125 0.5173611111111112 0.15625 0.515625 0.1748046875 0.5069444444444444 0.181640625 0.4913194444444444 0.1875 0.484375 0.189453125 0.4774305555555556 0.189453125 0.4600694444444444 0.19140625 0.4565972222222222 0.185546875 0.4253472222222222 0.1748046875 0.40625
1 0.1845703125 0.5138888888888888 0.1689453125 0.5104166666666666 0.1513671875 0.5208333333333334 0.138671875 0.5399305555555556 0.134765625 0.5607638888888888 0.134765625 0.5920138888888888 0.138671875 0.6059027777777778 0.1455078125 0.6180555555555556 0.1494140625 0.6215277777777778 0.19140625 0.6197916666666666 0.19921875 0.6163194444444444 0.20703125 0.5989583333333334 0.2109375 0.5815972222222222 0.2109375 0.5607638888888888 0.205078125 0.5503472222222222 0.203125 0.5364583333333334 0.1982421875 0.5243055555555556 0.1845703125 0.5138888888888888
1 0.4306640625 0.5243055555555556 0.4111328125 0.5208333333333334 0.3955078125 0.5347222222222222 0.38671875 0.5503472222222222 0.38671875 0.5607638888888888 0.3828125 0.5677083333333334 0.3828125 0.5954861111111112 0.388671875 0.6163194444444444 0.3974609375 0.6319444444444444 0.4033203125 0.6319444444444444 0.4052734375 0.6354166666666666 0.427734375 0.6336805555555556 0.4345703125 0.6284722222222222 0.4404296875 0.6284722222222222 0.447265625 0.6128472222222222 0.451171875 0.5989583333333334 0.451171875 0.5642361111111112 0.447265625 0.5572916666666666 0.447265625 0.5503472222222222 0.4306640625 0.5243055555555556
1 0.4462890625 0.4201388888888889 0.4326171875 0.4097222222222222 0.4208984375 0.4097222222222222 0.4072265625 0.4201388888888889 0.396484375 0.4427083333333333 0.39453125 0.453125 0.39453125 0.484375 0.4072265625 0.5173611111111112 0.4111328125 0.5208333333333334 0.4228515625 0.5208333333333334 0.4248046875 0.5243055555555556 0.43359375 0.5225694444444444 0.4365234375 0.5173611111111112 0.4404296875 0.5208333333333334 0.453125 0.5052083333333334 0.451171875 0.4982638888888889 0.45703125 0.4913194444444444 0.4609375 0.4670138888888889 0.455078125 0.4357638888888889 0.4462890625 0.4201388888888889
1 0.6767578125 0.4236111111111111 0.6728515625 0.4201388888888889 0.6513671875 0.4201388888888889 0.6435546875 0.4270833333333333 0.6328125 0.4461805555555556 0.62890625 0.4600694444444444 0.62890625 0.4982638888888889 0.6376953125 0.5208333333333334 0.6455078125 0.5243055555555556 0.6494140625 0.53125 0.6552734375 0.5347222222222222 0.6640625 0.5329861111111112 0.6767578125 0.5277777777777778 0.685546875 0.515625 0.68359375 0.5052083333333334 0.6904296875 0.5034722222222222 0.6953125 0.4913194444444444 0.6953125 0.4635416666666667 0.69140625 0.4461805555555556 0.6767578125 0.4236111111111111
1 0.6416015625 0.6458333333333334 0.6376953125 0.6458333333333334 0.6328125 0.6545138888888888 0.626953125 0.6753472222222222 0.626953125 0.6996527777777778 0.6328125 0.7239583333333334 0.6494140625 0.75 0.673828125 0.7482638888888888 0.6826171875 0.7395833333333334 0.693359375 0.7170138888888888 0.6953125 0.6822916666666666 0.69140625 0.6649305555555556 0.6826171875 0.6493055555555556 0.6748046875 0.6423611111111112 0.6455078125 0.6388888888888888 0.6416015625 0.6458333333333334
1 0.9326171875 0.4409722222222222 0.9287109375 0.4409722222222222 0.9228515625 0.4340277777777778 0.9013671875 0.4340277777777778 0.8876953125 0.4444444444444444 0.876953125 0.4635416666666667 0.873046875 0.4774305555555556 0.873046875 0.5017361111111112 0.875 0.5086805555555556 0.87890625 0.5121527777777778 0.880859375 0.5225694444444444 0.8916015625 0.5381944444444444 0.9033203125 0.5451388888888888 0.916015625 0.5434027777777778 0.9248046875 0.5416666666666666 0.9326171875 0.5347222222222222 0.9375 0.5260416666666666 0.9375 0.5190972222222222 0.9453125 0.5121527777777778 0.947265625 0.5052083333333334 0.947265625 0.4704861111111111 0.9326171875 0.4409722222222222
1 0.9091796875 0.6423611111111112 0.9052734375 0.6458333333333334 0.8916015625 0.6458333333333334 0.8779296875 0.65625 0.8671875 0.6788194444444444 0.869140625 0.7170138888888888 0.8896484375 0.75 0.8955078125 0.75 0.8974609375 0.7534722222222222 0.912109375 0.7517361111111112 0.9267578125 0.7465277777777778 0.9375 0.7274305555555556 0.94140625 0.7135416666666666 0.94140625 0.6857638888888888 0.939453125 0.6788194444444444 0.9189453125 0.6458333333333334 0.9169921875 0.6493055555555556 0.9091796875 0.6423611111111112
0 0.85546875 0.5607638888888888 0.8515625 0.5815972222222222 0.8515625 0.6163194444444444 0.8583984375 0.6319444444444444 0.8818359375 0.6354166666666666 0.8837890625 0.6388888888888888 0.91015625 0.6371527777777778 0.921875 0.609375 0.921875 0.5954861111111112 0.923828125 0.5920138888888888 0.9130859375 0.5520833333333334 0.8955078125 0.5381944444444444 0.8779296875 0.5381944444444444 0.8642578125 0.5486111111111112 0.85546875 0.5607638888888888
0 0.6845703125 0.53125 0.6826171875 0.5277777777777778 0.6669921875 0.53125 0.65234375 0.5538194444444444 0.65234375 0.5607638888888888 0.6484375 0.5677083333333334 0.6484375 0.5815972222222222 0.646484375 0.5850694444444444 0.6484375 0.6059027777777778 0.650390625 0.6128472222222222 0.6650390625 0.6354166666666666 0.693359375 0.6371527777777778 0.7001953125 0.6354166666666666 0.712890625 0.6024305555555556 0.71484375 0.5920138888888888 0.712890625 0.5642361111111112 0.708984375 0.5607638888888888 0.7060546875 0.5451388888888888 0.6923828125 0.53125 0.6845703125 0.53125
0 0.4345703125 0.6423611111111112 0.4326171875 0.6388888888888888 0.4033203125 0.6388888888888888 0.388671875 0.6684027777777778 0.38671875 0.6788194444444444 0.38671875 0.6927083333333334 0.388671875 0.6961805555555556 0.38671875 0.703125 0.388671875 0.7135416666666666 0.39453125 0.7309027777777778 0.4052734375 0.7465277777777778 0.4091796875 0.75 0.42578125 0.7482638888888888 0.4365234375 0.7361111111111112 0.4404296875 0.7361111111111112 0.4453125 0.7274305555555556 0.451171875 0.7100694444444444 0.453125 0.6753472222222222 0.447265625 0.6545138888888888 0.4404296875 0.6423611111111112 0.4345703125 0.6423611111111112
0 0.1689453125 0.6284722222222222 0.1396484375 0.6284722222222222 0.1298828125 0.6354166666666666 0.123046875 0.6579861111111112 0.1171875 0.6649305555555556 0.11328125 0.6788194444444444 0.115234375 0.7065972222222222 0.1298828125 0.7395833333333334 0.1376953125 0.7465277777777778 0.1455078125 0.7465277777777778 0.1474609375 0.75 0.154296875 0.7482638888888888 0.1650390625 0.7465277777777778 0.1767578125 0.7326388888888888 0.185546875 0.7170138888888888 0.19140625 0.6961805555555556 0.19140625 0.6649305555555556 0.189453125 0.6579861111111112 0.1767578125 0.6354166666666666 0.1689453125 0.6284722222222222