1 0.43515625 0.8902777770833333 0.433203125 0.8798611104166666 0.4126953125 0.8434027770833333 0.3873046875 0.815625 0.3755859375 0.8086805541666667 0.3658203125 0.8086805541666667 0.3638671875 0.8052083333333333 0.3423828125 0.8052083333333333 0.3404296875 0.8086805541666667 0.3248046875 0.8121527770833333 0.3052734375 0.8295138875 0.2935546875 0.846875 0.276953125 0.89375 0.275 0.925 0.273046875 0.9284722208333334 0.273046875 0.9493055541666667 0.275 0.9527777770833333 0.276953125 0.9875 0.2818359375 0.9961805541666667 0.2847656265625 0.9979166666666667 0.44296875 0.9979166666666667 0.4484375 0.9914351833333334 0.4484375 0.9438888895833333 0.4390625 0.8972222208333334 0.43515625 0.8902777770833333
1 0.250390625 0.29131944375 0.240625 0.284375 0.2328125 0.284375 0.22109375 0.2947916666666667 0.2123046875 0.3104166666666667 0.2083984375 0.3243055541666667 0.2083984375 0.35902777708333333 0.2123046875 0.3729166666666667 0.22109375 0.3885416666666667 0.2298828140625 0.39375 0.2416015625 0.39375 0.2484375 0.3885416666666667 0.2572265625 0.3729166666666667 0.2609375 0.35972222083333333 0.2609375 0.31666666666666665 0.2572265625 0.3034722208333333 0.250390625 0.29131944375
1 0.285546875 0.22604166458333333 0.28359375 0.2295138875 0.271875 0.23298611041666667 0.2591796875 0.2555555541666667 0.2552734375 0.2833333333333333 0.2591796875 0.30416666666666664 0.266015625 0.31631944375000004 0.2752929703125 0.3229166666666667 0.278320303125 0.3229166666666667 0.2884765625 0.32152777708333335 0.2953125 0.31631944375000004 0.3001953125 0.30763888749999996 0.3060546875 0.28680555416666664 0.3078125 0.26805555416666665 0.3078125 0.26516203541666666 0.3021484375 0.24166666458333333 0.285546875 0.22604166458333333
1 0.3216796875 0.18368055625000002 0.3080078125 0.18020833541666667 0.293359375 0.19583333541666667 0.289453125 0.20972222291666667 0.289453125 0.2236111125 0.303125 0.24097222291666667 0.3075639203125 0.25833333333333336 0.316796878125 0.25833333333333336 0.3197265625 0.2565972229166667 0.33046875 0.23402777916666664 0.33125 0.2256944458333333 0.33125 0.2079861125 0.328515625 0.19583333541666667 0.3216796875 0.18368055625000002
1 0.381640625 0.15277777708333332 0.36796875 0.15277777708333332 0.3552734375 0.16840277708333332 0.3513671875 0.18229166666666666 0.3513671875 0.203125 0.3533203125 0.21354166666666666 0.36015625 0.22569444375 0.36796875 0.23263888958333334 0.3806640625 0.23090277708333332 0.3943359375 0.21006944375 0.3953125 0.20659722083333334 0.3953125 0.17609126875 0.389453125 0.15972222291666668 0.381640625 0.15277777708333332
1 0.621484375 0.23611111041666666 0.609765625 0.22569444375 0.586328125 0.22569444375 0.5765625 0.23263888958333334 0.5638671875 0.25173611041666666 0.5580078125 0.2760416666666667 0.5580078125 0.3142361104166667 0.5697265625 0.3454861104166667 0.5765625 0.3541666666666667 0.598046875 0.36805555624999997 0.6048828125 0.36631944375000003 0.61171875 0.3645833333333333 0.6234375 0.3541666666666667 0.6322265625 0.3385416666666667 0.6375 0.31666666666666665 0.6375 0.27743055624999996 0.6302734375 0.25173611041666666 0.621484375 0.23611111041666666
1 0.666796875 0.18125 0.662890625 0.18125 0.65703125 0.17430555416666668 0.643359375 0.17430555416666668 0.631640625 0.18472222083333334 0.6228515625 0.20034722083333334 0.6189453125 0.21770833333333334 0.6189453125 0.23159722083333334 0.6306640625 0.25243055416666665 0.6409970234375 0.2875 0.656249990625 0.2875 0.6599609375 0.28715277708333337 0.66875 0.28194444375 0.6775390625 0.26979166666666665 0.6828125 0.25104166666666666 0.6828125 0.215625 0.6794921875 0.20381944375 0.666796875 0.18125
1 0.61796875 0.1357638875 0.60625 0.12534722083333333 0.592578125 0.12534722083333333 0.58671875 0.12881944375 0.5759765625 0.14791666458333333 0.5740234375 0.15486111041666667 0.5740234375 0.17916666458333333 0.5779296875 0.19305555416666667 0.590625 0.21215277708333333 0.5933593765625 0.21458333333333332 0.6009765515625001 0.21458333333333332 0.6052734375 0.2138888875 0.6140625 0.20868055416666667 0.6228515625 0.19305555416666667 0.625 0.18350694374999998 0.625 0.15243055416666668 0.6248046875 0.1513888875 0.61796875 0.1357638875
1 0.62421875 0.15104166666666666 0.626171875 0.171875 0.6310546875 0.18055555625 0.633984375 0.17881944375 0.6408203125 0.17361111041666666 0.6564453125 0.17361111041666666 0.6603515625 0.17708333333333334 0.665234375 0.16840277708333332 0.6671875 0.14756944375 0.66328125 0.13020833333333334 0.6564453125 0.11805555625 0.6486328125 0.11111111041666667 0.6330078125 0.11111111041666667 0.622265625 0.1267361104166667 0.6203125 0.140625 0.62421875 0.15104166666666666
1 0.51025390625 0.11180555416666667 0.49755859375 0.13090277708333334 0.49560546875 0.15173611041666665 0.49951171875 0.16909722083333334 0.50166015625 0.17291666666666666 0.5047851546875 0.17291666666666666 0.50537109375 0.17256944375 0.50732421875 0.14479166666666668 0.51611328125 0.12916666666666668 0.52587890625 0.12222222083333333 0.5328125 0.12222222083333333 0.5328125 0.11796875 0.52587890625 0.11180555416666667 0.51025390625 0.11180555416666667
1 0.1228515625 0.36284722291666666 0.1248046875 0.3697916666666667 0.1296875 0.37847222291666666 0.134375 0.38125 0.1374999984375 0.38125 0.1404296875 0.3802083333333333 0.1501953125 0.3697916666666667 0.1546875 0.35381944375 0.1546875 0.32708333333333334 0.1541015625 0.3177083333333333 0.14581473125 0.30625 0.135208334375 0.30625 0.1228515625 0.33159722291666666 0.1228515625 0.36284722291666666
1 0.1248046875 0.3074652770833334 0.1248046875 0.31666666666666665 0.12893880156249998 0.31666666666666665 0.1296875 0.3126736104166667 0.1375 0.30572916666666666 0.143359375 0.30572916666666666 0.14921875 0.3126736104166667 0.153125 0.3126736104166667 0.153125 0.2970486104166667 0.1521484375 0.2935763875 0.14572265625 0.28541666666666665 0.13513671875 0.28541666666666665 0.1287109375 0.2935763875 0.1248046875 0.3074652770833334
0 0.1171875 0.48784722291666666 0.111328125 0.50868055625 0.111328125 0.5538194437499999 0.115234375 0.5746527770833333 0.1259765625 0.5972222229166667 0.13896484375 0.6104166666666667 0.144726559375 0.6104166666666667 0.15234375 0.609375 0.1611328125 0.6041666666666666 0.173828125 0.5815972229166667 0.17578125 0.5607638895833333 0.177734375 0.5572916666666666 0.177734375 0.515625 0.171875 0.49131944375000003 0.1611328125 0.47222222291666666 0.1483723953125 0.4625 0.1369140625 0.4625 0.1259765625 0.47222222291666666 0.1171875 0.48784722291666666
0 0.1265625 0.41944444583333335 0.116796875 0.41944444583333335 0.10703125 0.42986111250000003 0.0962890625 0.459375 0.0962890625 0.5010416666666667 0.1001953125 0.5184027791666667 0.10859375 0.5333333333333333 0.109375 0.5333333333333333 0.1099609375 0.5322916666666667 0.1119140625 0.5288194458333334 0.1119140625 0.5114583333333333 0.1177734375 0.48715277916666666 0.132421875 0.46458333333333335 0.14375 0.45993589791666667 0.14375 0.44837963125 0.1392578125 0.43506944583333335 0.1265625 0.41944444583333335
0 0.0767578125 0.4048611125 0.069921875 0.3927083333333333 0.0640625 0.3927083333333333 0.0533203125 0.4083333333333333 0.0513671875 0.41875 0.0513671875 0.45 0.0599964484375 0.46875 0.0619140671875 0.46875 0.0689453125 0.4673611125 0.0767578125 0.45347222291666667 0.0796875 0.43524305625 0.0796875 0.42743055625 0.0787109375 0.4256944458333333 0.0767578125 0.4048611125
0 0.0224609375 0.46840277916666667 0.017578125 0.47708333333333336 0.0140625 0.49270833541666664 0.0140625 0.5204861104166667 0.017578125 0.5361111104166666 0.0218749984375 0.54375 0.028906257812500002 0.54375 0.033203125 0.54305555625 0.040625 0.5265625020833333 0.040625 0.48640873125 0.0341796875 0.46840277916666667 0.0224609375 0.46840277916666667
0 0.112109375 0.315625 0.1013671875 0.33819444375 0.0994140625 0.3625 0.10625 0.3815972208333333 0.1082031265625 0.38333333333333336 0.1189453125 0.38333333333333336 0.1234375 0.3780092583333333 0.1234375 0.3690972208333333 0.1228515625 0.3659722208333333 0.1228515625 0.33125 0.1234375 0.328125 0.1234375 0.31840277708333337 0.121875 0.315625 0.112109375 0.315625
0 0.1759765625 0.3086805541666667 0.180859375 0.29652777708333333 0.1828125 0.26875 0.1759765625 0.253125 0.1662109375 0.24965277708333333 0.153515625 0.26875 0.1515625 0.2930555541666667 0.1564453125 0.3086805541666667 0.1630859375 0.3145833333333333 0.168359371875 0.3145833333333333 0.17109375 0.3138888875 0.1759765625 0.3086805541666667
0 0.280078125 0.21111111249999998 0.26640625 0.21111111249999998 0.2537109375 0.22673611249999998 0.2498046875 0.240625 0.2478515625 0.26145833333333335 0.2517578125 0.27881944583333335 0.254296875 0.2833333333333333 0.2558593765625 0.2833333333333333 0.2576171875 0.28229166666666666 0.2576171875 0.26145833333333335 0.2595703125 0.2545138895833333 0.2703125 0.23541666666666666 0.278125 0.22847222291666666 0.2859375 0.22847222291666666 0.2875 0.2256944458333333 0.2875 0.22083333333333333 0.283984375 0.21458333333333332 0.280078125 0.21111111249999998
0 0.5458984375 0.12864583333333332 0.5361328125 0.1217013875 0.5244140625 0.1217013875 0.5185546875 0.12517361041666666 0.5078125 0.14427083333333332 0.50625 0.14982638750000002 0.50625 0.17978009166666667 0.5205078125 0.20850694374999998 0.533203125 0.2102430541666667 0.5419921875 0.19809027708333332 0.552734375 0.18940972083333335 0.55625 0.17690972291666668 0.55625 0.15607638750000002 0.5546875 0.1477430541666667 0.5458984375 0.12864583333333332
0 0.57265625 0.19097222291666668 0.56484375 0.19097222291666668 0.562890625 0.1875 0.551171875 0.19097222291666668 0.539453125 0.20138888958333334 0.5306640625 0.21701388958333334 0.5267578125 0.234375 0.5267578125 0.26909722291666666 0.5345703125 0.29340277708333334 0.539453125 0.3020833333333333 0.551171875 0.3125 0.5580078125 0.3107638895833333 0.5580078125 0.27256944375000003 0.5638671875 0.25173611041666666 0.578515625 0.22916666666666666 0.590625 0.22419871875 0.590625 0.21555555625 0.586328125 0.20486111041666666 0.57265625 0.19097222291666668