1 0.1787109375 0.6145833333333334 0.1669921875 0.6041666666666666 0.1494140625 0.6041666666666666 0.1357421875 0.6145833333333334 0.12109375 0.6440972229166667 0.119140625 0.6684027770833333 0.1171875 0.671875 0.1171875 0.703125 0.119140625 0.7065972229166667 0.119140625 0.7170138895833333 0.126953125 0.7482638895833333 0.1357421875 0.7673611104166667 0.1416015625 0.7708333333333334 0.1474609375 0.78125 0.1552734375 0.7881944437499999 0.17578125 0.7864583333333334 0.1826171875 0.7847222229166667 0.1884765625 0.7777777770833333 0.203125 0.7413194437499999 0.203125 0.7239583333333334 0.205078125 0.7204861104166667 0.203125 0.6753472229166667 0.1953125 0.6440972229166667 0.1787109375 0.6145833333333334
1 0.1416015625 0.44097222291666666 0.125 0.46006944375000003 0.119140625 0.48090277708333334 0.1171875 0.5121527770833334 0.12109375 0.5329861104166667 0.1337890625 0.5590277770833333 0.1455078125 0.5625 0.1474609375 0.5659722229166667 0.150390625 0.5642361104166667 0.1630859375 0.5520833333333334 0.16796875 0.5399305562500001 0.171875 0.5190972229166666 0.171875 0.48090277708333334 0.166015625 0.46006944375000003 0.1591796875 0.4479166666666667 0.1513671875 0.44097222291666666 0.1416015625 0.44097222291666666
1 0.0595703125 0.5659722229166667 0.0498046875 0.5694444437499999 0.0390625 0.5920138895833333 0.037109375 0.6024305562500001 0.037109375 0.6336805562500001 0.0400390625 0.6354166666666666 0.0439453125 0.6284722229166667 0.0595703125 0.6284722229166667 0.0673828125 0.6354166666666666 0.0810546875 0.6666666666666666 0.083984375 0.6649305562500001 0.0859375 0.6302083333333334 0.083984375 0.6267361104166667 0.083984375 0.6128472229166667 0.080078125 0.6024305562500001 0.080078125 0.5954861104166667 0.076171875 0.5850694437499999 0.0654296875 0.5694444437499999 0.0595703125 0.5659722229166667
1 0.1962890625 0.37847222291666666 0.1865234375 0.37152777708333334 0.1806640625 0.37152777708333334 0.1708984375 0.37847222291666666 0.1640625 0.39409722291666666 0.16015625 0.4079861104166667 0.158203125 0.4322916666666667 0.162109375 0.453125 0.1708984375 0.47222222291666666 0.1748046875 0.47222222291666666 0.1806640625 0.4791666666666667 0.19140625 0.47743055624999997 0.1943359375 0.47569444375000003 0.205078125 0.453125 0.205078125 0.44618055624999997 0.208984375 0.4357638895833333 0.208984375 0.4114583333333333 0.205078125 0.39409722291666666 0.2001953125 0.3888888895833333 0.1962890625 0.37847222291666666
1 0.2548828125 0.2951388895833333 0.2451171875 0.3020833333333333 0.23828125 0.3142361104166667 0.232421875 0.33506944375000003 0.232421875 0.36284722291666666 0.2451171875 0.3888888895833333 0.2509765625 0.3923611104166667 0.26171875 0.390625 0.2666015625 0.3888888895833333 0.271484375 0.3802083333333333 0.271484375 0.35243055624999997 0.279296875 0.32465277708333334 0.279296875 0.3177083333333333 0.2724609375 0.3020833333333333 0.2646484375 0.2951388895833333 0.2548828125 0.2951388895833333
1 0.328125 0.328125 0.3173828125 0.30902777708333334 0.3076171875 0.3020833333333333 0.2958984375 0.3020833333333333 0.28125 0.3177083333333333 0.275390625 0.33506944375000003 0.271484375 0.36631944375000003 0.27734375 0.39409722291666666 0.2822265625 0.40277777708333334 0.2958984375 0.4166666666666667 0.3046875 0.41493055624999997 0.3134765625 0.40972222291666666 0.322265625 0.39756944375000003 0.330078125 0.3732638895833333 0.330078125 0.359375 0.33203125 0.35590277708333334 0.330078125 0.35243055624999997 0.330078125 0.33506944375000003 0.328125 0.328125
1 0.4150390625 0.21180555625 0.4013671875 0.21527777708333332 0.3974609375 0.21875 0.38671875 0.24131944375 0.384765625 0.265625 0.390625 0.28993055624999997 0.4013671875 0.3020833333333333 0.404296875 0.30034722291666666 0.408203125 0.28993055624999997 0.4189453125 0.27430555624999997 0.4375 0.265625 0.435546875 0.23784722291666668 0.431640625 0.22743055625 0.4228515625 0.21527777708333332 0.4169921875 0.21527777708333332 0.4150390625 0.21180555625
1 0.4443359375 0.2708333333333333 0.4248046875 0.2708333333333333 0.4111328125 0.28472222291666666 0.404296875 0.30034722291666666 0.404296875 0.3072916666666667 0.400390625 0.3177083333333333 0.400390625 0.3489583333333333 0.404296875 0.36631944375000003 0.4130859375 0.38194444375000003 0.4287109375 0.3958333333333333 0.435546875 0.39409722291666666 0.4375 0.390625 0.439453125 0.3697916666666667 0.443359375 0.359375 0.4609375 0.33159722291666666 0.46484375 0.30034722291666666 0.462890625 0.29340277708333334 0.4501953125 0.27430555624999997 0.4443359375 0.2708333333333333
1 0.5048828125 0.19444444375 0.498046875 0.21006944375 0.49609375 0.21701388958333334 0.49609375 0.23784722291666668 0.501953125 0.25868055625 0.5146484375 0.27430555624999997 0.53125 0.27256944375000003 0.544921875 0.25173611041666666 0.548828125 0.234375 0.548828125 0.22395833333333334 0.544921875 0.20659722291666668 0.5341796875 0.1875 0.5283203125 0.18402777708333332 0.5146484375 0.18402777708333332 0.5048828125 0.19444444375
1 0.6826171875 0.22916666666666666 0.6689453125 0.24305555625 0.662109375 0.25868055625 0.66015625 0.2795138895833333 0.658203125 0.2829861104166667 0.66015625 0.30034722291666666 0.6640625 0.3177083333333333 0.6748046875 0.33680555624999997 0.6865234375 0.34722222291666666 0.69921875 0.3454861104166667 0.7099609375 0.33680555624999997 0.720703125 0.3142361104166667 0.72265625 0.30381944375000003 0.72265625 0.2760416666666667 0.716796875 0.2552083333333333 0.7099609375 0.24305555625 0.6943359375 0.22916666666666666 0.6826171875 0.22916666666666666
1 0.8125 0.25173611041666666 0.806640625 0.27256944375000003 0.806640625 0.2864583333333333 0.810546875 0.3072916666666667 0.8212890625 0.3298611104166667 0.8330078125 0.34027777708333334 0.837890625 0.3385416666666667 0.8505859375 0.3263888895833333 0.85546875 0.3142361104166667 0.857421875 0.2829861104166667 0.8515625 0.2552083333333333 0.8408203125 0.23958333333333334 0.8369140625 0.23611111041666666 0.8232421875 0.23611111041666666 0.8125 0.25173611041666666
0 0.6474609375 0.14236111041666666 0.634765625 0.16145833333333334 0.6328125 0.16840277708333332 0.6328125 0.18576388958333334 0.63671875 0.19965277708333332 0.6435546875 0.21180555625 0.6474609375 0.21527777708333332 0.662109375 0.21354166666666666 0.6689453125 0.20833333333333334 0.673828125 0.19270833333333334 0.673828125 0.18229166666666666 0.67578125 0.17881944375 0.673828125 0.17534722291666668 0.673828125 0.16493055625 0.6630859375 0.14583333333333334 0.6474609375 0.14236111041666666
0 0.5751953125 0.25694444375 0.5732421875 0.2604166666666667 0.5634765625 0.2604166666666667 0.5478515625 0.27777777708333334 0.54296875 0.28993055624999997 0.537109375 0.32118055624999997 0.5390625 0.3454861104166667 0.544921875 0.36284722291666666 0.5595703125 0.3854166666666667 0.5673828125 0.3923611104166667 0.5859375 0.390625 0.6005859375 0.375 0.607421875 0.36284722291666666 0.61328125 0.33506944375000003 0.61328125 0.3107638895833333 0.607421875 0.2864583333333333 0.5927734375 0.26388888958333334 0.5771484375 0.2604166666666667 0.5751953125 0.25694444375
0 0.4794921875 0.28125 0.46875 0.296875 0.462890625 0.3177083333333333 0.4638671875 0.3298611104166667 0.4892578125 0.3263888895833333 0.4912109375 0.3298611104166667 0.5029296875 0.3333333333333333 0.515625 0.35243055624999997 0.521484375 0.36631944375000003 0.5234375 0.3802083333333333 0.52734375 0.3802083333333333 0.53125 0.3732638895833333 0.537109375 0.3489583333333333 0.537109375 0.32118055624999997 0.53125 0.30034722291666666 0.5185546875 0.27777777708333334 0.5087890625 0.2708333333333333 0.4912109375 0.2708333333333333 0.4794921875 0.28125
0 0.4892578125 0.3263888895833333 0.4697265625 0.3263888895833333 0.4580078125 0.33680555624999997 0.44140625 0.36631944375000003 0.4375 0.38368055624999997 0.4375 0.42534722291666666 0.44140625 0.4427083333333333 0.4560546875 0.46875 0.4736328125 0.4826388895833333 0.490234375 0.48090277708333334 0.5087890625 0.46527777708333334 0.51953125 0.4427083333333333 0.525390625 0.41840277708333334 0.525390625 0.3802083333333333 0.517578125 0.35590277708333334 0.5029296875 0.3333333333333333 0.4912109375 0.3298611104166667 0.4892578125 0.3263888895833333
0 0.1943359375 0.34027777708333334 0.189453125 0.3489583333333333 0.185546875 0.3697916666666667 0.1884765625 0.375 0.1962890625 0.37847222291666666 0.205078125 0.39409722291666666 0.208984375 0.4079861104166667 0.208984375 0.42534722291666666 0.216796875 0.42534722291666666 0.2236328125 0.4201388895833333 0.2265625 0.4114583333333333 0.2265625 0.4045138895833333 0.232421875 0.38715277708333334 0.232421875 0.36284722291666666 0.2197265625 0.33680555624999997 0.2080078125 0.3298611104166667 0.1943359375 0.34027777708333334
0 0.140625 0.42881944375000003 0.142578125 0.4392361104166667 0.1513671875 0.44444444375000003 0.158203125 0.4427083333333333 0.16015625 0.4045138895833333 0.171875 0.3767361104166667 0.171875 0.3732638895833333 0.1669921875 0.36805555624999997 0.1552734375 0.37152777708333334 0.14453125 0.390625 0.140625 0.4045138895833333 0.140625 0.42881944375000003
0 0.0390625 0.5642361104166667 0.0439453125 0.5763888895833333 0.0556640625 0.5659722229166667 0.0615234375 0.5659722229166667 0.072265625 0.5746527770833333 0.07421875 0.5677083333333334 0.07421875 0.5295138895833333 0.072265625 0.5190972229166666 0.0634765625 0.5 0.0537109375 0.49652777708333334 0.041015625 0.515625 0.037109375 0.5364583333333334 0.0390625 0.5642361104166667
0 0.0439453125 0.6284722229166667 0.037109375 0.640625 0.03125 0.6614583333333334 0.03125 0.6753472229166667 0.029296875 0.6788194437499999 0.03125 0.7170138895833333 0.0390625 0.7447916666666666 0.0458984375 0.7604166666666666 0.0556640625 0.7708333333333334 0.072265625 0.7690972229166667 0.080078125 0.7586805562500001 0.0859375 0.7378472229166667 0.0859375 0.6961805562500001 0.083984375 0.6927083333333334 0.080078125 0.6614583333333334 0.07421875 0.6475694437499999 0.0615234375 0.6284722229166667 0.0439453125 0.6284722229166667
0 0.37109375 0.8489583333333334 0.369140625 0.828125 0.361328125 0.8038194437499999 0.3369140625 0.7604166666666666 0.3212890625 0.7465277770833333 0.3037109375 0.7395833333333334 0.3017578125 0.7361111104166667 0.2763671875 0.7361111104166667 0.2705078125 0.7395833333333334 0.2470703125 0.7638888895833333 0.232421875 0.796875 0.23046875 0.8177083333333334 0.228515625 0.8211805562500001 0.228515625 0.8350694437499999 0.2265625 0.8385416666666666 0.2265625 0.8628472229166667 0.228515625 0.8663194437499999 0.228515625 0.8802083333333334 0.232421875 0.9010416666666666 0.24609375 0.9427083333333334 0.2607421875 0.96875 0.2724609375 0.9826388895833333 0.2919921875 0.9965277770833333 0.328125 0.9947916666666666 0.3408203125 0.9861111104166667 0.3505859375 0.9722222229166667 0.36328125 0.9496527770833333 0.37109375 0.921875 0.375 0.8732638895833333 0.373046875 0.8697916666666666 0.373046875 0.8524305562500001 0.37109375 0.8489583333333334
0 0.60546875 0.5572916666666666 0.5849609375 0.52430555625 0.5654296875 0.5104166666666666 0.5380859375 0.5104166666666666 0.5361328125 0.5138888895833333 0.5302734375 0.5138888895833333 0.5087890625 0.5347222229166667 0.4921875 0.5677083333333334 0.486328125 0.5989583333333334 0.486328125 0.6545138895833333 0.498046875 0.6961805562500001 0.5146484375 0.7222222229166667 0.5205078125 0.7256944437499999 0.5244140625 0.7326388895833333 0.5419921875 0.7430555562500001 0.5625 0.7413194437499999 0.5849609375 0.7291666666666666 0.5986328125 0.7118055562500001 0.607421875 0.6927083333333334 0.6171875 0.6545138895833333 0.6171875 0.6024305562500001 0.615234375 0.5989583333333334 0.615234375 0.5885416666666666 0.60546875 0.5572916666666666
0 1 0.3697916666666667 0.9892578125 0.3576388895833333 0.9833984375 0.3576388895833333 0.9755859375 0.3645833333333333 0.970703125 0.3732638895833333 0.966796875 0.390625 0.96875 0.42881944375000003 0.9755859375 0.44444444375000003 0.978515625 0.4427083333333333 0.9873046875 0.4201388895833333 1 0.4114583333333333 1 0.3697916666666667