1 0.4990234375 0.28125 0.4873046875 0.28125 0.4716796875 0.2916666666666667 0.458984375 0.3142361104166667 0.453125 0.3385416666666667 0.453125 0.3732638895833333 0.462890625 0.4010416666666667 0.4716796875 0.41319444375000003 0.4892578125 0.4201388895833333 0.4912109375 0.4236111104166667 0.501953125 0.421875 0.5087890625 0.4201388895833333 0.5234375 0.39756944375000003 0.53125 0.3767361104166667 0.533203125 0.3489583333333333 0.53125 0.3454861104166667 0.529296875 0.32118055624999997 0.5146484375 0.2916666666666667 0.4990234375 0.28125
1 0.330078125 0.30034722291666666 0.3212890625 0.28472222291666666 0.3115234375 0.27777777708333334 0.2978515625 0.27777777708333334 0.28515625 0.29340277708333334 0.27734375 0.3177083333333333 0.27734375 0.35243055624999997 0.2861328125 0.375 0.2998046875 0.3854166666666667 0.30859375 0.38368055624999997 0.3193359375 0.37847222291666666 0.326171875 0.36631944375000003 0.328125 0.35590277708333334 0.33203125 0.3489583333333333 0.33203125 0.33159722291666666 0.333984375 0.328125 0.33203125 0.32465277708333334 0.330078125 0.30034722291666666
1 0.3154296875 0.24305555625 0.3056640625 0.23611111041666666 0.2939453125 0.23958333333333334 0.283203125 0.2552083333333333 0.279296875 0.26909722291666666 0.279296875 0.29340277708333334 0.2822265625 0.2986111104166667 0.28515625 0.296875 0.2939453125 0.28125 0.2998046875 0.27777777708333334 0.3095703125 0.27777777708333334 0.3115234375 0.28125 0.3232421875 0.28472222291666666 0.32421875 0.26215277708333334 0.322265625 0.2552083333333333 0.3154296875 0.24305555625
0 0.2451171875 0.31944444375000003 0.2314453125 0.3333333333333333 0.2265625 0.3454861104166667 0.22265625 0.359375 0.22265625 0.39409722291666666 0.224609375 0.4010416666666667 0.2412109375 0.4270833333333333 0.255859375 0.42534722291666666 0.2666015625 0.4166666666666667 0.275390625 0.39409722291666666 0.27734375 0.38715277708333334 0.27734375 0.35243055624999997 0.2734375 0.3385416666666667 0.2666015625 0.3263888895833333 0.2568359375 0.31944444375000003 0.2451171875 0.31944444375000003
0 0.1865234375 0.3645833333333333 0.173828125 0.38368055624999997 0.16796875 0.4045138895833333 0.16796875 0.4322916666666667 0.1767578125 0.46180555624999997 0.1845703125 0.46875 0.203125 0.4670138895833333 0.21484375 0.44965277708333334 0.21875 0.4357638895833333 0.220703125 0.42534722291666666 0.220703125 0.4010416666666667 0.21484375 0.3802083333333333 0.2080078125 0.36805555624999997 0.2021484375 0.3645833333333333 0.1865234375 0.3645833333333333
0 0.017578125 0.6475694437499999 0.017578125 0.6614583333333334 0.015625 0.6649305562500001 0.017578125 0.6961805562500001 0.021484375 0.7170138895833333 0.0341796875 0.7430555562500001 0.0380859375 0.7465277770833333 0.0546875 0.7447916666666666 0.05859375 0.7378472229166667 0.064453125 0.7100694437499999 0.0625 0.6684027770833333 0.056640625 0.6440972229166667 0.0439453125 0.6215277770833333 0.0322265625 0.6180555562500001 0.021484375 0.6336805562500001 0.017578125 0.6475694437499999
0 0.3447265625 0.24305555625 0.3369140625 0.25 0.326171875 0.26909722291666666 0.32421875 0.2864583333333333 0.33203125 0.3072916666666667 0.33203125 0.32118055624999997 0.3369140625 0.33680555624999997 0.3408203125 0.34027777708333334 0.361328125 0.3385416666666667 0.3681640625 0.3333333333333333 0.373046875 0.32465277708333334 0.37890625 0.30381944375000003 0.37890625 0.27256944375000003 0.3662109375 0.24652777708333332 0.3583984375 0.23958333333333334 0.3544921875 0.24305555625 0.3447265625 0.24305555625
0 0.5419921875 0.23958333333333334 0.5361328125 0.24305555625 0.5322265625 0.25 0.5283203125 0.25 0.517578125 0.26909722291666666 0.513671875 0.28993055624999997 0.5185546875 0.2951388895833333 0.52734375 0.3142361104166667 0.53125 0.328125 0.533203125 0.359375 0.5380859375 0.36805555624999997 0.5546875 0.3697916666666667 0.5673828125 0.3611111104166667 0.580078125 0.33506944375000003 0.583984375 0.3177083333333333 0.583984375 0.28993055624999997 0.578125 0.265625 0.5712890625 0.25347222291666666 0.5537109375 0.23958333333333334 0.5419921875 0.23958333333333334
0 0.7412109375 0.22569444375 0.7216796875 0.22916666666666666 0.7109375 0.24479166666666666 0.705078125 0.26215277708333334 0.705078125 0.30034722291666666 0.70703125 0.3107638895833333 0.712890625 0.328125 0.7216796875 0.34375 0.7275390625 0.34722222291666666 0.74609375 0.3454861104166667 0.7548828125 0.33680555624999997 0.765625 0.3142361104166667 0.767578125 0.30381944375000003 0.767578125 0.2760416666666667 0.765625 0.265625 0.7578125 0.24479166666666666 0.7470703125 0.22916666666666666 0.7412109375 0.22569444375
0 0.8583984375 0.4201388895833333 0.8447265625 0.43055555624999997 0.83203125 0.44965277708333334 0.82421875 0.47743055624999997 0.82421875 0.49131944375000003 0.822265625 0.4947916666666667 0.822265625 0.5364583333333334 0.82421875 0.5399305562500001 0.82421875 0.5538194437499999 0.833984375 0.5885416666666666 0.8388671875 0.5972222229166667 0.8525390625 0.6076388895833333 0.8671875 0.609375 0.8837890625 0.6006944437499999 0.896484375 0.5815972229166667 0.91015625 0.5295138895833333 0.91015625 0.4947916666666667 0.900390625 0.45659722291666666 0.8857421875 0.43055555624999997 0.8720703125 0.4201388895833333 0.8583984375 0.4201388895833333
0 0.9169921875 0.3125 0.91015625 0.33159722291666666 0.91015625 0.3420138895833333 0.908203125 0.3454861104166667 0.91015625 0.3802083333333333 0.916015625 0.4010416666666667 0.9248046875 0.4166666666666667 0.9306640625 0.4201388895833333 0.94140625 0.41840277708333334 0.9482421875 0.41319444375000003 0.955078125 0.39756944375000003 0.95703125 0.38715277708333334 0.95703125 0.3454861104166667 0.9443359375 0.3125 0.9365234375 0.30555555624999997 0.9248046875 0.30555555624999997 0.9169921875 0.3125
0 0.935546875 0.30381944375000003 0.9443359375 0.3125 0.951171875 0.32465277708333334 0.9580078125 0.34722222291666666 0.9609375 0.3454861104166667 0.970703125 0.32465277708333334 0.970703125 0.29340277708333334 0.966796875 0.2795138895833333 0.9580078125 0.26388888958333334 0.9501953125 0.2604166666666667 0.939453125 0.27256944375000003 0.935546875 0.2864583333333333 0.935546875 0.30381944375000003
0 0.7578125 0.21701388958333334 0.75390625 0.22743055625 0.75390625 0.23784722291666668 0.76171875 0.25173611041666666 0.767578125 0.27256944375000003 0.767578125 0.29340277708333334 0.76953125 0.30034722291666666 0.7802734375 0.3020833333333333 0.7822265625 0.30555555624999997 0.78515625 0.30381944375000003 0.798828125 0.2829861104166667 0.802734375 0.26909722291666666 0.802734375 0.23784722291666668 0.798828125 0.22395833333333334 0.7900390625 0.20833333333333334 0.7822265625 0.20138888958333334 0.7685546875 0.20138888958333334 0.7578125 0.21701388958333334
0 0.7119140625 0.19444444375 0.701171875 0.21006944375 0.697265625 0.22395833333333334 0.697265625 0.25868055625 0.69921875 0.265625 0.7021484375 0.2708333333333333 0.703125 0.26909722291666666 0.708984375 0.24826388958333334 0.7177734375 0.23263888958333334 0.7294921875 0.22569444375 0.7490234375 0.22916666666666666 0.75 0.22395833333333334 0.748046875 0.21701388958333334 0.7333984375 0.19444444375 0.7119140625 0.19444444375
1 0.2236328125 0.3125 0.2109375 0.3385416666666667 0.208984375 0.3697916666666667 0.216796875 0.38368055624999997 0.21875 0.39409722291666666 0.2216796875 0.39930555624999997 0.22265625 0.39756944375000003 0.22265625 0.359375 0.2265625 0.3454861104166667 0.2373046875 0.3263888895833333 0.25 0.3177083333333333 0.2451171875 0.30902777708333334 0.2392578125 0.30555555624999997 0.2275390625 0.30902777708333334 0.2236328125 0.3125