1 0.9345703125 0.23576388958333333 0.9228515625 0.23229166874999999 0.916015625 0.24097222291666667 0.9125 0.25347222291666666 0.9125 0.27689394166666664 0.9228515625 0.30868055624999996 0.9248046859375 0.3104166666666667 0.935546875 0.3104166666666667 0.943359375 0.30347222291666665 0.946875 0.29097222291666663 0.946875 0.26701388958333333 0.943359375 0.25138888958333333 0.9345703125 0.23576388958333333
1 0.7953125 0.121875 0.785546875 0.121875 0.7787109375 0.13402777916666667 0.7787109375 0.15833333333333333 0.7826171875 0.16875 0.7891796875 0.17708333333333334 0.79199219375 0.17708333333333334 0.8021484375 0.17569444583333332 0.8078125 0.16226851875 0.8078125 0.14375000208333333 0.8060546875 0.1375 0.7953125 0.121875
1 0.248828125 0.40590277916666667 0.241015625 0.39895833333333336 0.23125 0.39895833333333336 0.229296875 0.39548611250000004 0.22734375 0.39895833333333336 0.215625 0.40243055624999996 0.2048828125 0.41805555624999996 0.1970703125 0.44236111250000004 0.1951171875 0.48402777916666667 0.2009765625 0.5083333333333333 0.2078125 0.5204861125 0.217578125 0.5309027791666667 0.225390625 0.5309027791666667 0.2267578109375 0.5333333333333333 0.2314453171875 0.5333333333333333 0.2341796875 0.5326388895833333 0.25078125 0.5239583333333333 0.2576171875 0.5083333333333333 0.2625 0.48518518541666666 0.2625 0.4446759270833333 0.2576171875 0.42152777916666667 0.248828125 0.40590277916666667
1 0.0833984375 0.4967013875 0.0677734375 0.4967013875 0.0609375 0.50538194375 0.055078125 0.5296875 0.055078125 0.5713541666666667 0.0677734375 0.6008680541666667 0.078515625 0.6060763875 0.0833984375 0.6043402770833333 0.09609375 0.5817708333333333 0.096875 0.5651041666666666 0.096875 0.5338541666666666 0.094140625 0.5192708333333333 0.0833984375 0.4967013875
1 0.067578125 0.46128472291666667 0.059765625 0.46128472291666667 0.05390625 0.46822916666666664 0.0470703125 0.49079861041666667 0.0470703125 0.5151041666666667 0.050703125 0.53125 0.055019531249999996 0.53125 0.0568359375 0.5151041666666667 0.063671875 0.49947916666666664 0.067578125 0.49600694375000004 0.07734375 0.49600694375000004 0.0796875 0.49184027708333333 0.0796875 0.48663194375 0.0783203125 0.47690972291666667 0.067578125 0.46128472291666667
1 0.0228515625 0.559375 0.0189453125 0.5628472229166667 0.012109375 0.5784722229166667 0.01015625 0.5888888895833334 0.01015625 0.6201388895833334 0.012109375 0.63055555625 0.0169921875 0.6357638895833334 0.0265950515625 0.65625 0.026953125 0.65625 0.027734375 0.6548611125 0.021875 0.6270833333333333 0.021875 0.5923611125 0.02578125 0.5784722229166667 0.0328125 0.5659722229166667 0.0328125 0.5631944437499999 0.0306640625 0.559375 0.0228515625 0.559375
0 0 0.7246527791666666 0.0083984375 0.7395833333333334 0.011132818749999999 0.7395833333333334 0.0212890625 0.7381944458333333 0.028125 0.7199652791666666 0.028125 0.6704861125 0.0271484375 0.6652777791666666 0.0212890625 0.6444444458333333 0.01640625 0.6357638895833334 0.0125 0.6322916666666667 0.00078125 0.6322916666666667 0 0.7059027791666667 0 0.7246527791666666
0 0.05859375 0.5890625 0.05859375 0.58211805625 0.0478515625 0.5630208333333333 0.0341796875 0.5630208333333333 0.025390625 0.5786458333333333 0.021875 0.5911458333333334 0.021875 0.6279513875 0.0234375 0.6307291666666667 0.0234375 0.6411458333333333 0.029296875 0.65850694375 0.0380859375 0.6706597229166668 0.038964840625000004 0.6708333333333333 0.04892578125 0.6708333333333333 0.0537109375 0.6671875 0.060546875 0.6515625 0.0625 0.62725694375 0.0640625 0.6244791666666667 0.0640625 0.6189236124999999 0.0625 0.5994791666666667 0.05859375 0.5890625
0 0.116796875 0.44461805625 0.108984375 0.43767361250000003 0.103125 0.43767361250000003 0.0953125 0.44461805625 0.0884765625 0.45677083333333335 0.0826171875 0.49149305625 0.0923828125 0.5123263895833333 0.0962890625 0.5331597229166667 0.09921875 0.5383680562500001 0.1053710859375 0.5395833333333333 0.1100586 0.5395833333333333 0.11484375 0.5383680562500001 0.1236328125 0.52274305625 0.1265625 0.50711805625 0.1265625 0.47239583333333335 0.1236328125 0.45677083333333335 0.116796875 0.44461805625
0 0.2845703125 0.34027777708333334 0.2669921875 0.3333333333333333 0.2533203125 0.34375 0.242578125 0.36284722291666666 0.238671875 0.3732638895833333 0.23671875 0.39756944375000003 0.2435546875 0.40625 0.2474609375 0.40625 0.258203125 0.42534722291666666 0.2650390625 0.4583333333333333 0.277734375 0.45659722291666666 0.2884765625 0.4479166666666667 0.293359375 0.4392361104166667 0.2984375 0.42118055416666667 0.2984375 0.370949075 0.2904296875 0.34722222291666666 0.2845703125 0.34027777708333334
0 0.559765625 0.7631944458333333 0.579296875 0.7354166666666667 0.5880859375 0.7163194458333333 0.5998046875 0.6677083333333333 0.5998046875 0.6260416666666667 0.5978515625 0.6225694458333333 0.5978515625 0.6086805562500001 0.5939453125 0.5982638895833333 0.5939453125 0.5913194458333333 0.5861328125 0.5704861124999999 0.583203125 0.56875 0.5734375 0.5479166666666667 0.55 0.5270833333333333 0.520703125 0.5236111125 0.49140625 0.5409722229166667 0.4689453125 0.5774305562500001 0.4572265625 0.6260416666666667 0.4572265625 0.6711805562500001 0.4650390625 0.7059027791666667 0.4875 0.7493055562500001 0.493359375 0.75625 0.497265625 0.75625 0.505078125 0.7666666666666667 0.5156249984375 0.7729166666666667 0.5265625109375 0.7729166666666667 0.5412109375 0.771875 0.559765625 0.7631944458333333
0 0.45 0.23263888958333334 0.4421875 0.22569444375 0.424609375 0.22569444375 0.41875 0.22916666666666666 0.412890625 0.23611111041666666 0.4041015625 0.2552083333333333 0.4021484375 0.2795138895833333 0.4001953125 0.2829861104166667 0.4021484375 0.296875 0.4060546875 0.3107638895833333 0.41875 0.3333333333333333 0.42265625 0.33680555624999997 0.4431640625 0.33506944375000003 0.4568359375 0.3142361104166667 0.4626953125 0.296875 0.4626953125 0.2864583333333333 0.4640625 0.2840277770833334 0.4640625 0.27569444375 0.4626953125 0.25868055625 0.45 0.23263888958333334
0 0.6662109375 0.25885416666666666 0.6701171875 0.24496527708333332 0.6701171875 0.2102430541666667 0.661328125 0.19114583333333332 0.645703125 0.17725694374999998 0.6359375 0.17725694374999998 0.622265625 0.18767361041666666 0.6134765625 0.2102430541666667 0.6134765625 0.2414930541666667 0.6154296875 0.25190972083333335 0.626171875 0.27100694375 0.63994140625 0.2791666666666667 0.6446289078125 0.2791666666666667 0.653515625 0.2779513895833333 0.6662109375 0.25885416666666666
0 0.6728515625 0.13472222291666666 0.6650390625 0.12777777916666666 0.6552734375 0.12777777916666666 0.6474609375 0.13472222291666666 0.6390625 0.15297068125 0.6390625 0.17488426041666666 0.6591796875 0.18680555625 0.6666015625 0.2 0.6689453140625 0.2 0.671875 0.19895833333333332 0.68125 0.17895833333333336 0.68125 0.15243055625000002 0.6796875 0.146875 0.6728515625 0.13472222291666666
0 0.4828125 0.18680555625 0.475 0.17986111249999998 0.461328125 0.17986111249999998 0.4466796875 0.19895833333333332 0.4427734375 0.21284722291666666 0.4427734375 0.22326388958333335 0.4603515625 0.25104166666666666 0.46508413437499996 0.27291666666666664 0.4687500046875 0.27291666666666664 0.4740234375 0.271875 0.4828125 0.26666666666666666 0.4896484375 0.2545138895833333 0.4953125 0.22430555625 0.4953125 0.22222222291666668 0.4916015625 0.20243055625 0.4828125 0.18680555625
0 0.3947265625 0.22395833333333334 0.3908203125 0.23784722291666668 0.3908203125 0.26909722291666666 0.3927734375 0.2760416666666667 0.39921875 0.2875 0.4 0.2875 0.4005859375 0.2864583333333333 0.4025390625 0.265625 0.4083984375 0.24479166666666666 0.41328125 0.23611111041666666 0.423046875 0.22569444375 0.4390625 0.22401960833333331 0.4390625 0.22268518541666668 0.430859375 0.20486111041666666 0.426171875 0.20208333333333334 0.410546875 0.20208333333333334 0.403515625 0.20833333333333334 0.3947265625 0.22395833333333334