0 0.4314453125 0.653125 0.4236328125 0.6427083333333333 0.4001953125 0.6253472229166667 0.3767578125 0.621875 0.3748046875 0.6253472229166667 0.3669921875 0.6253472229166667 0.3552734375 0.6322916666666667 0.3513671875 0.6392361125 0.3416015625 0.64618055625 0.3328125 0.66180555625 0.3171875 0.7104166666666667 0.3171875 0.7625 0.319140625 0.7659722229166667 0.32109375 0.7902777791666666 0.32890625 0.8111111125 0.32890625 0.81805555625 0.3435546875 0.8475694458333333 0.3611328125 0.86493055625 0.3728515625 0.871875 0.3826171875 0.871875 0.384375 0.875 0.3875000078125 0.875 0.39921875 0.8736111125 0.4080078125 0.871875 0.4138671875 0.8684027791666666 0.4177734375 0.8614583333333333 0.4255859375 0.8579861125 0.444140625 0.8284722229166667 0.451953125 0.8076388895833334 0.451953125 0.8006944458333333 0.45625 0.78541666875 0.45625 0.7240277770833334 0.448046875 0.6861111125 0.4314453125 0.653125
0 0.328125 0.81805555625 0.32421875 0.8111111125 0.32421875 0.8041666666666667 0.3203125 0.7972222229166667 0.318359375 0.78680555625 0.3017578125 0.7572916666666667 0.2841796875 0.7364583333333333 0.2802734375 0.7364583333333333 0.2744140625 0.7295138895833334 0.2666015625 0.7295138895833334 0.2646484375 0.7260416666666667 0.2509765625 0.7260416666666667 0.2490234375 0.7295138895833334 0.2412109375 0.7295138895833334 0.2294921875 0.7364583333333333 0.212890625 0.7625 0.203125 0.79375 0.2 0.8104166666666667 0.2 0.8611111124999999 0.201171875 0.8631944458333333 0.201171875 0.8736111125 0.212890625 0.9152777791666666 0.2265625 0.94305555625 0.2353515625 0.9552083333333333 0.2392578125 0.9552083333333333 0.2431640625 0.9621527791666666 0.2626953125 0.9760416666666667 0.2705078125 0.9760416666666667 0.272265625 0.9791666666666666 0.2746093796875 0.9791666666666666 0.283203125 0.9777777791666666 0.3037109375 0.9690972229166667 0.3115234375 0.95868055625 0.32421875 0.9326388895833334 0.330078125 0.9013888895833334 0.330078125 0.8840277791666666 0.33125 0.8819444458333333 0.33125 0.8409722229166667 0.330078125 0.8388888895833334 0.328125 0.81805555625
0 0.1796875 0.8902777770833333 0.1650390625 0.8677083333333333 0.1513671875 0.85381944375 0.1396484375 0.846875 0.1240234375 0.846875 0.1083984375 0.8572916666666667 0.099609375 0.8729166666666667 0.0921875 0.9059027770833333 0.0921875 0.9326388875 0.09375 0.9354166666666667 0.09375 0.9493055541666667 0.095703125 0.9527777770833333 0.09765625 0.9736111104166666 0.1044921875 0.9961805541666667 0.10644531406249999 0.9979166666666667 0.203125 0.9979166666666667 0.2046875 0.9951388875 0.2046875 0.9718055541666666 0.1953125 0.9284722208333334 0.1796875 0.8902777770833333
0 0.27578125 0.38229166666666664 0.266015625 0.37534722291666667 0.25234375 0.37534722291666667 0.242578125 0.38229166666666664 0.2259765625 0.4152777791666667 0.2259765625 0.4361111125 0.2240234375 0.4395833333333333 0.2259765625 0.4673611125 0.2298828125 0.48125 0.240625 0.5003472229166667 0.247265625 0.50625 0.2607421921875 0.50625 0.2689453125 0.5055555562499999 0.27578125 0.5003472229166667 0.2865234375 0.48472222291666667 0.2921875 0.4578703708333334 0.2921875 0.42135416666666664 0.2884765625 0.4048611125 0.27578125 0.38229166666666664
0 0.3029296875 0.2559027770833333 0.3009765625 0.22465277708333334 0.294140625 0.21597222083333334 0.282421875 0.21597222083333334 0.2736328125 0.228125 0.2697265625 0.24201388750000002 0.2697265625 0.259375 0.27787642031250004 0.27708333333333335 0.2902343671875 0.27708333333333335 0.2931640625 0.2767361104166667 0.3029296875 0.2559027770833333
0 0.3244140625 0.26302083125000003 0.3244140625 0.23177083125 0.3263671875 0.22829861041666666 0.325390625 0.20572916458333335 0.3078125 0.21614583125 0.3009765625 0.23177083125 0.3029296875 0.2560763875 0.31357421875 0.275 0.320703125 0.275 0.3224609375 0.2734375 0.3244140625 0.26302083125000003
0 0.3048828125 0.22065972083333335 0.325390625 0.20503472083333335 0.3263671875 0.19635416666666666 0.313671875 0.1946180541666667 0.309765625 0.19809027708333332 0.3029296875 0.2102430541666667 0.3009765625 0.22065972083333335 0.3048828125 0.22065972083333335
0 0.4904296875 0.18836805625 0.4884765625 0.17795138958333334 0.4904296875 0.1501736125 0.485546875 0.14149305625 0.4796875 0.13802083541666665 0.466015625 0.14149305625 0.4572265625 0.15711805625 0.4572265625 0.17795138958333334 0.4591796875 0.18489583541666665 0.46796875 0.20052083541666665 0.47412108750000004 0.20208333333333334 0.4756836015625 0.20208333333333334 0.48359375 0.20052083541666665 0.4904296875 0.18836805625
0 0.433203125 0.13836805625 0.4322265625 0.1609375 0.4341796875 0.16440972291666667 0.4341796875 0.19791666666666666 0.44736328125 0.19791666666666666 0.448828125 0.19739583333333333 0.45625 0.18126928958333333 0.45625 0.15503472083333333 0.448828125 0.14184027708333333 0.433203125 0.13836805625
0 0.73671875 0.20659722291666668 0.738671875 0.234375 0.7494140625 0.2604166666666667 0.7582031265625 0.26666666666666666 0.763476559375 0.26666666666666666 0.769921875 0.265625 0.7796875 0.24826388958333334 0.7828125 0.23715277708333332 0.7828125 0.22465277708333334 0.781640625 0.21006944375 0.777734375 0.19618055625 0.7689453125 0.18402777708333332 0.7658203125 0.18125 0.7489118312499999 0.18125 0.740625 0.19270833333333334 0.73671875 0.20659722291666668
0 0.9255859375 0.48090277708333334 0.9197265625 0.5017361104166667 0.9177734375 0.5121527770833334 0.9177734375 0.5642361104166667 0.9255859375 0.5954861104166667 0.93828125 0.6180555562500001 0.94140625 0.6208333333333333 0.948046871875 0.6208333333333333 0.9568359375 0.6197916666666666 0.965625 0.6145833333333334 0.9763671875 0.5954861104166667 0.9783203125 0.5850694437499999 0.9822265625 0.578125 0.9841796875 0.5538194437499999 0.984375 0.5534722208333334 0.984375 0.5159722229166667 0.9841796875 0.515625 0.9822265625 0.49131944375000003 0.9763671875 0.4739583333333333 0.967578125 0.4583333333333333 0.960546875 0.45208333333333334 0.9470703140625 0.45208333333333334 0.93828125 0.4583333333333333 0.9255859375 0.48090277708333334
1 0.898046875 0.3697916666666667 0.898046875 0.38368055624999997 0.89609375 0.38715277708333334 0.898046875 0.41493055624999997 0.9087890625 0.4513888895833333 0.9146484375 0.4583333333333333 0.933203125 0.45659722291666666 0.9361328125 0.4548611104166667 0.948828125 0.42881944375000003 0.95 0.42256944375 0.95 0.3747061958333333 0.9380859375 0.34375 0.9263671875 0.3333333333333333 0.9166015625 0.3333333333333333 0.90390625 0.3489583333333333 0.898046875 0.3697916666666667
1 0.9484375 0.2878472208333333 0.93671875 0.284375 0.9259765625 0.3 0.9220703125 0.32777777708333333 0.938671875 0.34340277708333333 0.9435546875 0.35208333333333336 0.949864784375 0.3729166666666667 0.9552734375 0.3729166666666667 0.9625 0.3568576375 0.9625 0.328125 0.9591796875 0.3104166666666667 0.9484375 0.2878472208333333
1 0.823046875 0.2078125 0.815234375 0.20086805625 0.80546875 0.20086805625 0.8015625 0.20434027708333333 0.7947265625 0.21649305625 0.7947265625 0.2234375 0.807421875 0.22517361041666667 0.823046875 0.2390625 0.8298828125 0.2546875 0.8298828125 0.2708333333333333 0.83251953125 0.2708333333333333 0.834375 0.26753472291666663 0.834375 0.23003472291666668 0.8337890625 0.22690972291666667 0.823046875 0.2078125
1 0.8232421875 0.24722222083333334 0.8212890625 0.24027777708333334 0.8134765625 0.23680555416666668 0.8056640625 0.22638888750000002 0.7919921875 0.22638888750000002 0.787109375 0.23159722083333334 0.7796875 0.2513888875 0.7796875 0.25798611041666664 0.78125 0.28020833333333334 0.7939453125 0.31319444375 0.8017578140625 0.31875 0.8123046828125 0.31875 0.814453125 0.31840277708333337 0.8173828125 0.31666666666666665 0.8296875 0.29142628125 0.8296875 0.2607638875 0.828125 0.25243055416666665 0.8232421875 0.24722222083333334
1 0.48828125 0.16493055625 0.490234375 0.18923611041666666 0.5023654515625 0.20416666666666666 0.507226559375 0.20416666666666666 0.513671875 0.203125 0.525390625 0.18576388958333334 0.52734375 0.16493055625 0.5185546875 0.14236111041666666 0.5154296875 0.13958333333333334 0.5004991328124999 0.13958333333333334 0.490234375 0.15451388958333334 0.48828125 0.16493055625
1 0.5453125 0.17326388958333333 0.5453125 0.17951388958333334 0.546875 0.19618055625 0.5517578125 0.20833333333333334 0.5615234375 0.21875 0.576171875 0.21701388958333334 0.5830078125 0.20833333333333334 0.5875 0.19715277916666668 0.5875 0.17105429375 0.5771484375 0.14930555625 0.5732421875 0.14583333333333334 0.5595703125 0.14583333333333334 0.546875 0.16493055625 0.5453125 0.17326388958333333
1 0.364453125 0.18472222083333334 0.3556640625 0.20729166666666668 0.3517578125 0.24201388750000002 0.35390625 0.24583333333333332 0.358593746875 0.24583333333333332 0.3595703125 0.24548611041666665 0.36640625 0.24375 0.372265625 0.23680555416666668 0.3765625 0.22611111041666668 0.3765625 0.19583333333333333 0.3703125 0.18472222083333334 0.364453125 0.18472222083333334