1 0.4408203125 0.24895833333333334 0.433984375 0.24027777708333334 0.430078125 0.23680555416666668 0.4125 0.23680555416666668 0.40078125 0.24722222083333334 0.3900390625 0.26631944375 0.3861328125 0.28368055416666665 0.3861328125 0.30451388749999997 0.394921875 0.33402777708333337 0.410546875 0.34791666666666665 0.41640625 0.34791666666666665 0.417578125 0.35 0.422265621875 0.35 0.4232421875 0.34965277708333337 0.433984375 0.34444444375 0.4447265625 0.32534722083333334 0.45 0.3065972208333333 0.45 0.27760416666666665 0.4466796875 0.26284722083333334 0.4408203125 0.24895833333333334
0 0.303125 0.30381944375000003 0.29921875 0.32118055624999997 0.29921875 0.35590277708333334 0.3080078125 0.38194444375000003 0.32076822968749996 0.39166666666666666 0.3283203078125 0.39166666666666666 0.33828125 0.390625 0.3451171875 0.3854166666666667 0.359765625 0.35590277708333334 0.3609375 0.34965277708333337 0.3609375 0.3150848770833334 0.3529296875 0.28819444375000003 0.3431640625 0.27777777708333334 0.3337890609375 0.275 0.3302734390625 0.275 0.3138671875 0.28472222291666666 0.303125 0.30381944375000003
0 0.528125 0.16388888750000002 0.51640625 0.16388888750000002 0.506640625 0.17083333333333334 0.4998046875 0.18298611041666665 0.4958984375 0.196875 0.4958984375 0.22465277708333334 0.4978515625 0.23159722083333334 0.5125 0.25416666666666665 0.5148437515625 0.25625 0.52656249375 0.25625 0.5291015625 0.2559027770833333 0.533984375 0.25416666666666665 0.5466796875 0.23159722083333334 0.546875 0.23055555416666668 0.546875 0.19236111041666665 0.53984375 0.17430555416666668 0.528125 0.16388888750000002
0 0.7232421875 0.15694444375 0.7173828125 0.15347222083333334 0.7037109375 0.15694444375 0.69296875 0.17951388750000002 0.69296875 0.20381944375 0.696875 0.21770833333333334 0.710458096875 0.23541666666666666 0.7248046796875001 0.23541666666666666 0.728125 0.23506944375 0.7390625 0.21238425833333335 0.7390625 0.18715277708333333 0.7359375 0.17604166666666668 0.7232421875 0.15694444375
0 0.7423828125 0.203125 0.7443359375 0.22395833333333334 0.7482421875 0.23784722291666668 0.755078125 0.25 0.762109375 0.25625 0.768749996875 0.25625 0.7775390625 0.2552083333333333 0.78046875 0.25347222291666666 0.7892578125 0.234375 0.7892578125 0.22395833333333334 0.790625 0.22152777708333332 0.790625 0.21527777708333332 0.7892578125 0.203125 0.778515625 0.17708333333333334 0.771484375 0.17083333333333334 0.758522728125 0.17083333333333334 0.7462890625 0.18923611041666666 0.7423828125 0.203125
0 0.8732421875 0.2236111125 0.860546875 0.20451388958333333 0.8546875 0.20104166874999999 0.844921875 0.20451388958333333 0.8361328125 0.2236111125 0.8361328125 0.25833333541666664 0.8400390625 0.27222222291666665 0.846875 0.284375 0.8527343734375 0.28958333333333336 0.8634765625 0.28958333333333336 0.8751953125 0.27222222291666665 0.8765625 0.26493055625 0.8765625 0.25243055625 0.8751953125 0.23055555625000002 0.8732421875 0.2236111125
1 0.8373046875 0.17048611041666667 0.8333984375 0.1670138875 0.8216796875 0.1670138875 0.812890625 0.17916666458333333 0.8138671875 0.18784722083333336 0.8255859375 0.19479166458333333 0.8348632828125 0.21458333333333332 0.8382812453125 0.21458333333333332 0.840234375 0.2138888875 0.846875 0.20503472083333335 0.846875 0.19236111041666665 0.844140625 0.1826388875 0.8373046875 0.17048611041666667
1 0.8078125 0.18784722291666667 0.8 0.19479166666666667 0.7931640625 0.20694444583333332 0.7912109375 0.23819444583333332 0.7970703125 0.25902777916666664 0.80390625 0.27118055625 0.810546875 0.27708333333333335 0.819335940625 0.27708333333333335 0.8244140625 0.2763888895833333 0.8302734375 0.26944444375000004 0.8359375 0.2526620375 0.8359375 0.21696047083333334 0.8234375 0.19131944583333332 0.8078125 0.18784722291666667
1 0.75283203125 0.15260416458333334 0.74892578125 0.15607638750000002 0.74013671875 0.17517361041666665 0.74013671875 0.20208333333333334 0.7441650390625 0.20208333333333334 0.74599609375 0.18906249791666668 0.75478515625 0.17343749791666668 0.76845703125 0.16996527708333334 0.77431640625 0.17690972083333334 0.7765625 0.17690972083333334 0.7765625 0.16738781875 0.76455078125 0.15260416458333334 0.75283203125 0.15260416458333334
1 0.887109375 0.3456597208333333 0.88515625 0.3560763875 0.88515625 0.39427083333333335 0.891015625 0.41510416666666666 0.9037109375 0.4376736104166667 0.911946615625 0.44166666666666665 0.9169596343749999 0.44166666666666665 0.9251953125 0.4376736104166667 0.9359375 0.4185763875 0.9390625 0.4046875 0.9390625 0.36579861041666667 0.9359375 0.34913194375 0.9232421875 0.3230902770833334 0.914208984375 0.31666666666666665 0.905078125 0.31666666666666665 0.8978515625 0.3230902770833334 0.887109375 0.3456597208333333
0 0.9845703125 0.3875 0.9767578125 0.35972222291666667 0.971875 0.35104166666666664 0.9640625 0.34409722291666667 0.954296875 0.34409722291666667 0.950390625 0.3475694458333333 0.9396484375 0.3701388895833333 0.9376953125 0.41875 0.9416015625 0.4395833333333333 0.9484375 0.4552083333333333 0.9572265625 0.46458333333333335 0.9623046890625 0.46458333333333335 0.9650390625 0.4638888895833333 0.973828125 0.45868055625 0.9826171875 0.4361111125 0.9845703125 0.4152777791666667 0.9859375 0.41284722291666665 0.9859375 0.4107638895833333 0.9845703125 0.4083333333333333 0.9845703125 0.3875