0 0.8599609375 0.5222222208333334 0.8521484375 0.4979166666666667 0.839453125 0.4753472208333333 0.819921875 0.46145833333333336 0.80625 0.46145833333333336 0.78671875 0.4753472208333333 0.7720703125 0.5013888875 0.7642578125 0.5326388875 0.7623046875 0.55694444375 0.7603515625 0.5604166666666667 0.7623046875 0.5951388875 0.7662109375 0.6125 0.7701171875 0.61944444375 0.7701171875 0.6263888875 0.784765625 0.6524305541666667 0.796484375 0.6628472208333334 0.80234375 0.6628472208333334 0.8033203125 0.6645833333333333 0.8111328125 0.6645833333333333 0.827734375 0.659375 0.84140625 0.6454861104166666 0.8560546875 0.6159722208333334 0.8625 0.5815972208333334 0.8625 0.5451388895833333 0.8599609375 0.5361111104166666 0.8599609375 0.5222222208333334
0 0.89296875 0.44635416666666666 0.8783203125 0.4203125 0.8685546875 0.41336805416666667 0.8490234375 0.41336805416666667 0.8392578125 0.4203125 0.824609375 0.44635416666666666 0.82265625 0.46024305416666667 0.8392578125 0.47586805416666667 0.8470703125 0.4862847208333333 0.85390625 0.5019097208333333 0.863671875 0.5470486104166666 0.863671875 0.5852430541666667 0.867578125 0.5852430541666667 0.8802734375 0.5765625 0.894921875 0.5505208333333333 0.898828125 0.5192708333333333 0.9 0.5171875 0.9 0.49913194375000003 0.898828125 0.47413194375 0.89296875 0.44635416666666666
0 0.8552734375 0.3767361104166667 0.8494140625 0.359375 0.83671875 0.34027777708333334 0.82890625 0.3333333333333333 0.8171875 0.3298611104166667 0.79765625 0.34375 0.7869140625 0.3697916666666667 0.78984375 0.37847222291666666 0.799609375 0.3854166666666667 0.8064453125 0.39756944375000003 0.8162109375 0.42534722291666666 0.8181640625 0.44618055624999997 0.82109375 0.4513888895833333 0.8220703125 0.44965277708333334 0.834765625 0.4236111104166667 0.840625 0.4166666666666667 0.85234375 0.41319444375000003 0.8578125 0.40625 0.8578125 0.40208333333333335 0.8572265625 0.4010416666666667 0.8552734375 0.3767361104166667
0 0.766796875 0.30885416666666665 0.751171875 0.2949652791666667 0.735546875 0.2949652791666667 0.72578125 0.3019097229166666 0.7150390625 0.3175347229166666 0.709375 0.3343171291666666 0.709375 0.34203318125 0.71796875 0.35052083333333334 0.7248046875 0.36614583333333334 0.7306640625 0.3939236125 0.7324055984375 0.4125 0.735205078125 0.4125 0.7365234375 0.4078125 0.753125 0.38177083333333334 0.770703125 0.37135416666666665 0.782421875 0.3748263895833333 0.784375 0.37135416666666665 0.784375 0.3552951395833333 0.7775390625 0.3279513895833333 0.766796875 0.30885416666666665
0 0.776953125 0.28663194583333335 0.775 0.3109375 0.773046875 0.31440972291666663 0.784765625 0.35260416666666666 0.784765625 0.35833333333333334 0.78935546875 0.35833333333333334 0.7974609375 0.34392361250000003 0.8091796875 0.33350694583333335 0.8208984375 0.33003472291666663 0.8365234375 0.3404513895833333 0.8390625 0.3359375 0.8390625 0.30885416666666665 0.835546875 0.29010416666666666 0.831640625 0.2796875 0.8169921875 0.25711805625 0.812011715625 0.25416666666666665 0.7968750015625 0.25416666666666665 0.7896484375 0.26059027916666666 0.776953125 0.28663194583333335
0 0.718359375 0.24131944375 0.718359375 0.24826388958333334 0.733984375 0.27256944375000003 0.7359375 0.28993055624999997 0.7388671875 0.2951388895833333 0.7525390625 0.2951388895833333 0.7681640625 0.3125 0.769140625 0.3107638895833333 0.773046875 0.30381944375000003 0.773046875 0.296875 0.7765625 0.2875 0.7765625 0.2610795458333333 0.7662109375 0.23263888958333334 0.7525390625 0.21875 0.7369140625 0.21875 0.7271484375 0.22569444375 0.718359375 0.24131944375
0 0.7146484375 0.19618055625 0.7126953125 0.20659722291666668 0.7087890625 0.21354166666666666 0.7107421875 0.24131944375 0.714973959375 0.24583333333333332 0.716796875 0.24583333333333332 0.7185546875 0.24479166666666666 0.7185546875 0.24131944375 0.73125 0.22222222291666668 0.75078125 0.21875 0.7640625 0.22886904791666665 0.7640625 0.21215277708333333 0.7634765625 0.21006944375 0.746875 0.18402777708333332 0.741015625 0.18402777708333332 0.739453125 0.18125 0.7359375015625 0.18125 0.7234375 0.18402777708333332 0.7146484375 0.19618055625
0 0.7162109375 0.14861111249999998 0.7025390625 0.15208333333333332 0.6966796875 0.15902777916666666 0.68984375 0.17465277916666666 0.68984375 0.178125 0.6966796875 0.18680555625 0.708063615625 0.21041666666666667 0.7095703140625 0.21041666666666667 0.711328125 0.209375 0.7201171875 0.18680555625 0.7359375 0.17853349583333333 0.7359375 0.16979166666666667 0.7298828125 0.15902777916666666 0.7162109375 0.14861111249999998
0 0.6341796875 0.18125 0.6126953125 0.17430555416666668 0.6009765625 0.18125 0.590234375 0.20034722083333334 0.58828125 0.21076388750000002 0.5951171875 0.22986111041666665 0.6087890625 0.22638888750000002 0.6107421875 0.22986111041666665 0.6224609375 0.23333333333333334 0.6283203125 0.24027777708333334 0.64130859375 0.26666666666666666 0.6427734375 0.26666666666666666 0.64296875 0.26631944375 0.648828125 0.25243055416666665 0.65 0.23993055416666667 0.65 0.2274305541666667 0.644921875 0.20034722083333334 0.6341796875 0.18125
0 0.576953125 0.1982638875 0.57109375 0.19479166458333333 0.557421875 0.19479166458333333 0.54375 0.20520833125000001 0.5349609375 0.22083333125000001 0.5310546875 0.23472222083333336 0.5310546875 0.26597222083333333 0.5349609375 0.2833333333333333 0.545703125 0.30243055416666664 0.5570312515625 0.3125 0.5595703046875 0.3125 0.5681640625 0.31111111041666667 0.5701171875 0.30763888749999996 0.5681640625 0.29722222083333333 0.5701171875 0.26597222083333333 0.580859375 0.24340277708333333 0.590625 0.23235479583333335 0.590625 0.22083333333333333 0.5896484375 0.21736111041666667 0.576953125 0.1982638875
0 0.57421875 0.15104166666666666 0.572265625 0.15798611041666666 0.572265625 0.18576388958333334 0.57421875 0.19618055625 0.5823046875 0.20416666666666666 0.5849609359375 0.20416666666666666 0.587890625 0.203125 0.5966796875 0.18402777708333332 0.6103515625 0.17361111041666666 0.623046875 0.171875 0.62109375 0.15451388958333334 0.6123046875 0.13888888958333334 0.5958984359375 0.12916666666666668 0.5935546890625 0.12916666666666668 0.5830078125 0.13541666666666666 0.57421875 0.15104166666666666
1 0.8771484375 0.41163194375 0.8771484375 0.4185763875 0.8947265625 0.4532986104166667 0.8986328125 0.47413194375 0.8986328125 0.48802083333333335 0.9005859375 0.49149305416666667 0.9005859375 0.5192708333333333 0.8986328125 0.5227430541666667 0.89677734375 0.5458333333333333 0.9055013000000001 0.5458333333333333 0.915234375 0.5418402770833333 0.9279296875 0.5262152770833334 0.9375 0.4887847229166667 0.9375 0.4557291666666667 0.9318359375 0.42552083333333335 0.92109375 0.4029513875 0.911328125 0.3925347208333333 0.8980468765625 0.38958333333333334 0.8951171875 0.38958333333333334 0.883984375 0.39947916666666666 0.8771484375 0.41163194375
1 0.715625 0.35104166666666664 0.698046875 0.33368055625 0.68828125 0.33368055625 0.686328125 0.3302083333333333 0.684375 0.33368055625 0.674609375 0.33368055625 0.658984375 0.3475694458333333 0.6482421875 0.3701388895833333 0.6423828125 0.39791666666666664 0.6423828125 0.4395833333333333 0.6462890625 0.45347222291666667 0.662890625 0.4864583333333333 0.678125 0.5 0.682617196875 0.5 0.6990234375 0.4986111125 0.709765625 0.48993055625 0.7224609375 0.4673611125 0.7296875 0.43845486250000004 0.7296875 0.3953125 0.7224609375 0.3631944458333333 0.715625 0.35104166666666664
1 0.7259765625 0.25746527708333333 0.7201171875 0.25399305625 0.7162109375 0.24704861041666665 0.6966796875 0.24010416666666667 0.676171875 0.25920138958333333 0.668359375 0.28003472291666665 0.66640625 0.3078125 0.6712890625 0.3338541666666667 0.6908203125 0.33038194375 0.6927734375 0.3338541666666667 0.70302734375 0.3375 0.7080939796875 0.3375 0.7201171875 0.3095486104166667 0.7359375 0.2946589041666667 0.7359375 0.28072916666666664 0.7328125 0.26961805624999996 0.7259765625 0.25746527708333333
1 0.767578125 0.23454861249999998 0.775390625 0.2519097229166667 0.77734375 0.26927083333333335 0.778955078125 0.275 0.78193359375 0.275 0.7919921875 0.25711805625 0.7978515625 0.2536458354166667 0.8115234375 0.2536458354166667 0.8173828125 0.25711805625 0.818359375 0.24843750208333332 0.810546875 0.22760416875 0.8017578125 0.21545138958333335 0.7984374984375 0.2125 0.7798339859375 0.2125 0.7744140625 0.21892361249999998 0.767578125 0.23454861249999998
1 0.619921875 0.23333333333333334 0.608203125 0.22986111041666665 0.60625 0.22638888750000002 0.59453125 0.22986111041666665 0.57890625 0.24722222083333334 0.5720703125 0.259375 0.5681640625 0.29409722083333334 0.5701171875 0.29756944375 0.5720703125 0.31840277708333337 0.578125 0.32916666666666666 0.582812496875 0.32916666666666666 0.5837890625 0.32881944375 0.5876953125 0.31840277708333337 0.5876953125 0.31145833333333334 0.600390625 0.28888888749999997 0.608203125 0.28194444375 0.6140625 0.27847222083333334 0.6390625 0.281891025 0.6390625 0.26614583333333336 0.6326171875 0.24895833333333334 0.619921875 0.23333333333333334
1 0.7787109375 0.16927083541666665 0.7630859375 0.16927083541666665 0.754296875 0.1814236125 0.754296875 0.19184027916666666 0.76015625 0.19878472291666668 0.766015625 0.21614583541666665 0.766015625 0.22291666666666668 0.772000559375 0.22291666666666668 0.7806640625 0.21093750208333334 0.7962890625 0.21093750208333334 0.796875 0.20572916875 0.796875 0.20130997708333334 0.7865234375 0.17621527916666666 0.7787109375 0.16927083541666665
1 0.7564453125 0.14270833125000001 0.7427734375 0.14270833125000001 0.7388671875 0.14618055416666667 0.73203125 0.15833333125000001 0.73203125 0.16527777708333333 0.7388671875 0.18090277708333333 0.7481445328125 0.1875 0.749609371875 0.1875 0.753515625 0.18611111041666667 0.7583984375 0.17395833125000001 0.7701171875 0.17048611041666667 0.7703125 0.16944444374999998 0.7703125 0.1634920625 0.7642578125 0.14965277708333333 0.7564453125 0.14270833125000001
1 0.73115234375 0.12222222083333333 0.73212890625 0.14826388750000002 0.73427734375 0.15208333333333332 0.73583984375 0.15208333333333332 0.73603515625 0.15173611041666665 0.74482421875 0.14305555416666668 0.7453125 0.13871527708333334 0.7453125 0.13382259999999999 0.73505859375 0.12222222083333333 0.73115234375 0.12222222083333333
1 0.6328125 0.1789930541666667 0.638671875 0.16510416666666666 0.638671875 0.14079861041666666 0.6318359375 0.1217013875 0.6201171875 0.11128472083333334 0.6083984375 0.11128472083333334 0.6025390625 0.11475694375 0.595703125 0.12690972083333332 0.6123046875 0.1390625 0.62109375 0.1546875 0.623046875 0.17204861041666666 0.6259765625 0.17725694374999998 0.6328125 0.1789930541666667
1 0.647265625 0.09097222083333333 0.639453125 0.09791666666666667 0.6326171875 0.12048611041666667 0.6365234375 0.13784722083333334 0.638671875 0.14166666666666666 0.640234375 0.14166666666666666 0.6404296875 0.14131944375 0.647265625 0.12569444375 0.655078125 0.11875 0.66875 0.11875 0.66875 0.10517676666666667 0.658984375 0.09097222083333333 0.647265625 0.09097222083333333
1 0.6451171875 0.062326389583333336 0.6412109375 0.0657986125 0.636328125 0.08489583333333334 0.636328125 0.09375 0.64228515625 0.09375 0.6470703125 0.09010416666666667 0.6548828125 0.07621527916666666 0.6625 0.07621527916666666 0.6625 0.0689236125 0.6587890625 0.062326389583333336 0.6451171875 0.062326389583333336
1 0.6298828125 0.05243055625 0.621875 0.0635030875 0.621875 0.06597222291666667 0.626953125 0.075 0.62890625 0.10625 0.63125 0.11041666666666666 0.632421875 0.11041666666666666 0.6328125 0.10972222291666665 0.638671875 0.09583333333333334 0.638671875 0.075 0.64375 0.06597222291666667 0.64375 0.062268518749999995 0.6416015625 0.055902779166666666 0.6298828125 0.05243055625
0 0.646875 0.08859508541666666 0.6591796875 0.09027777708333334 0.6630859375 0.09375 0.6705859375000001 0.11041666666666666 0.6728515609375 0.11041666666666666 0.67578125 0.109375 0.6787109375 0.10763888958333333 0.68125 0.10011574166666667 0.68125 0.09810956875 0.6728515625 0.07986111041666667 0.6587890609375 0.07708333333333334 0.65477120625 0.07708333333333334 0.646875 0.08800154375 0.646875 0.08859508541666666
0 0.6810546875 0.0701388875 0.6771484375 0.07361111041666667 0.67421875 0.08229166666666667 0.6823686078125 0.1 0.6853515609375 0.1 0.6859375 0.09965277708333334 0.6888671875 0.09097222083333333 0.696875 0.08306327083333334 0.696875 0.08090277708333334 0.6927734375 0.07361111041666667 0.6810546875 0.0701388875
0 0.66015625 0.06770833333333333 0.6650390625 0.07638888958333333 0.6681640625 0.07916666666666666 0.6716796859375 0.07916666666666666 0.67578125 0.078125 0.68359375 0.06770833333333333 0.6787109375 0.05902777708333333 0.6677734359375 0.05625 0.664388021875 0.05625 0.66015625 0.060763889583333335 0.66015625 0.06770833333333333
0 0.62734375 0.07534722083333333 0.6166015625 0.05972222083333333 0.6048828125 0.05972222083333333 0.594140625 0.07534722083333333 0.594140625 0.09618055416666667 0.5962890625 0.1 0.5986328109375 0.1 0.6048828125 0.09444444375000001 0.6185546875 0.09444444375000001 0.6248046890625 0.1 0.628125 0.1 0.628125 0.078125 0.62734375 0.07534722083333333
0 0.518359375 0.06215277708333333 0.506640625 0.065625 0.4978515625 0.08472222083333333 0.4998046875 0.10208333333333333 0.5098307296875 0.11666666666666667 0.5181640562500001 0.11666666666666667 0.5232421875 0.11597222083333333 0.526171875 0.11423611041666668 0.5296875 0.10548611041666667 0.5296875 0.07534722083333333 0.52421875 0.065625 0.518359375 0.06215277708333333