0 0.91796875 0.38368055624999997 0.91796875 0.42534722291666666 0.916015625 0.4322916666666667 0.919921875 0.453125 0.9267578125 0.47222222291666666 0.9404296875 0.4861111104166667 0.947265625 0.484375 0.9521484375 0.4826388895833333 0.962890625 0.4704861104166667 0.970703125 0.4392361104166667 0.970703125 0.41493055624999997 0.96484375 0.38368055624999997 0.9609375 0.3732638895833333 0.9482421875 0.3541666666666667 0.9384765625 0.3541666666666667 0.9287109375 0.3611111104166667 0.91796875 0.38368055624999997
0 0.87109375 0.33506944375000003 0.8955078125 0.34027777708333334 0.904296875 0.35243055624999997 0.912109375 0.3697916666666667 0.912109375 0.3767361104166667 0.9169921875 0.3854166666666667 0.91796875 0.38368055624999997 0.92578125 0.36284722291666666 0.92578125 0.3454861104166667 0.919921875 0.3177083333333333 0.9072265625 0.2951388895833333 0.9013671875 0.2916666666666667 0.8896484375 0.2916666666666667 0.8818359375 0.2986111104166667 0.875 0.3107638895833333 0.87109375 0.32465277708333334 0.87109375 0.33506944375000003
0 0.8701171875 0.34027777708333334 0.85546875 0.36631944375000003 0.853515625 0.3767361104166667 0.853515625 0.4045138895833333 0.8515625 0.4114583333333333 0.853515625 0.41493055624999997 0.85546875 0.4392361104166667 0.86328125 0.46006944375000003 0.8818359375 0.4826388895833333 0.890625 0.48090277708333334 0.9052734375 0.46875 0.91015625 0.46006944375000003 0.916015625 0.4392361104166667 0.916015625 0.42534722291666666 0.91796875 0.421875 0.916015625 0.38715277708333334 0.9033203125 0.35069444375000003 0.8896484375 0.33680555624999997 0.8759765625 0.33680555624999997 0.8701171875 0.34027777708333334
0 0.837890625 0.2552083333333333 0.833984375 0.2760416666666667 0.833984375 0.30034722291666666 0.84375 0.33159722291666666 0.8505859375 0.34375 0.8564453125 0.34375 0.8583984375 0.34722222291666666 0.86328125 0.3454861104166667 0.869140625 0.3385416666666667 0.873046875 0.3142361104166667 0.88671875 0.29340277708333334 0.88671875 0.2829861104166667 0.8828125 0.265625 0.8740234375 0.24652777708333332 0.8662109375 0.23958333333333334 0.8525390625 0.23611111041666666 0.8447265625 0.24305555625 0.837890625 0.2552083333333333
0 0.8720703125 0.24652777708333332 0.876953125 0.24479166666666666 0.875 0.22048611041666666 0.87109375 0.20659722291666668 0.8623046875 0.19097222291666668 0.8505859375 0.18402777708333332 0.837890625 0.19270833333333334 0.837890625 0.19618055625 0.849609375 0.21354166666666666 0.8564453125 0.23611111041666666 0.8662109375 0.23958333333333334 0.8720703125 0.24652777708333332
0 0.806640625 0.24131944375 0.8173828125 0.25347222291666666 0.826171875 0.27256944375000003 0.8330078125 0.28472222291666666 0.833984375 0.2829861104166667 0.833984375 0.27256944375000003 0.837890625 0.2552083333333333 0.8447265625 0.24305555625 0.8544921875 0.23611111041666666 0.85546875 0.23090277708333332 0.8515625 0.21701388958333334 0.8369140625 0.19444444375 0.8212890625 0.19444444375 0.810546875 0.21006944375 0.806640625 0.24131944375
0 0.78515625 0.32465277708333334 0.779296875 0.3420138895833333 0.779296875 0.35243055624999997 0.77734375 0.35590277708333334 0.77734375 0.38368055624999997 0.779296875 0.38715277708333334 0.779296875 0.39756944375000003 0.7822265625 0.40277777708333334 0.7998046875 0.3854166666666667 0.8251953125 0.3854166666666667 0.8427734375 0.40277777708333334 0.8466796875 0.41319444375000003 0.849609375 0.4114583333333333 0.8515625 0.4079861104166667 0.8515625 0.3697916666666667 0.849609375 0.36631944375000003 0.849609375 0.35590277708333334 0.84765625 0.3454861104166667 0.8349609375 0.31597222291666666 0.8193359375 0.3020833333333333 0.8056640625 0.3020833333333333 0.7958984375 0.30902777708333334 0.78515625 0.32465277708333334
0 0.78125 0.4079861104166667 0.775390625 0.42881944375000003 0.779296875 0.4427083333333333 0.791015625 0.4670138895833333 0.798828125 0.4947916666666667 0.80078125 0.5052083333333334 0.80078125 0.5572916666666666 0.8095703125 0.5625 0.822265625 0.5607638895833333 0.8330078125 0.5555555562500001 0.8515625 0.5190972229166666 0.857421875 0.49131944375000003 0.857421875 0.453125 0.849609375 0.41840277708333334 0.8369140625 0.3958333333333333 0.8251953125 0.3854166666666667 0.7998046875 0.3854166666666667 0.7880859375 0.3958333333333333 0.78125 0.4079861104166667
0 0.6962890625 0.33680555624999997 0.681640625 0.36631944375000003 0.677734375 0.38368055624999997 0.677734375 0.39409722291666666 0.69140625 0.42881944375000003 0.6953125 0.4635416666666667 0.6982421875 0.46875 0.703125 0.4670138895833333 0.7177734375 0.44444444375000003 0.7314453125 0.43055555624999997 0.7431640625 0.4236111104166667 0.7666015625 0.4270833333333333 0.76953125 0.421875 0.765625 0.3767361104166667 0.7490234375 0.34027777708333334 0.7275390625 0.3263888895833333 0.7119140625 0.3263888895833333 0.6962890625 0.33680555624999997
1 0.7939453125 0.24305555625 0.7919921875 0.24652777708333332 0.7861328125 0.24652777708333332 0.771484375 0.27256944375000003 0.76953125 0.3142361104166667 0.775390625 0.3385416666666667 0.78125 0.3385416666666667 0.783203125 0.328125 0.7919921875 0.3125 0.8037109375 0.3020833333333333 0.8193359375 0.3020833333333333 0.8291015625 0.3125 0.833984375 0.3072916666666667 0.830078125 0.2795138895833333 0.8193359375 0.25694444375 0.8056640625 0.24305555625 0.7939453125 0.24305555625
1 0.7041015625 0.25 0.6982421875 0.25347222291666666 0.6845703125 0.2708333333333333 0.67578125 0.296875 0.67578125 0.3385416666666667 0.6796875 0.35590277708333334 0.685546875 0.35590277708333334 0.6962890625 0.33680555624999997 0.7099609375 0.3263888895833333 0.7294921875 0.3263888895833333 0.7490234375 0.34027777708333334 0.751953125 0.33506944375000003 0.751953125 0.3107638895833333 0.7421875 0.2760416666666667 0.7353515625 0.26388888958333334 0.7177734375 0.25 0.7041015625 0.25
1 0.5654296875 0.25694444375 0.552734375 0.2795138895833333 0.546875 0.3107638895833333 0.5546875 0.33506944375000003 0.556640625 0.36631944375000003 0.5634765625 0.38194444375000003 0.5712890625 0.3923611104166667 0.5810546875 0.39930555624999997 0.59765625 0.39756944375000003 0.6162109375 0.37847222291666666 0.625 0.36284722291666666 0.630859375 0.3385416666666667 0.630859375 0.3072916666666667 0.625 0.2829861104166667 0.619140625 0.26909722291666666 0.6103515625 0.25694444375 0.5947265625 0.24652777708333332 0.5791015625 0.24652777708333332 0.5654296875 0.25694444375
1 0.7509765625 0.4236111104166667 0.7490234375 0.4270833333333333 0.7314453125 0.43055555624999997 0.7158203125 0.4479166666666667 0.71484375 0.453125 0.708984375 0.46006944375000003 0.703125 0.47743055624999997 0.703125 0.484375 0.69921875 0.49131944375000003 0.6953125 0.5399305562500001 0.69921875 0.5607638895833333 0.7236328125 0.6180555562500001 0.7314453125 0.625 0.7578125 0.6232638895833333 0.7802734375 0.6076388895833333 0.794921875 0.578125 0.796875 0.5607638895833333 0.80078125 0.5503472229166667 0.80078125 0.5052083333333334 0.791015625 0.4670138895833333 0.7802734375 0.44444444375000003 0.7626953125 0.4270833333333333 0.7529296875 0.4270833333333333 0.7509765625 0.4236111104166667
1 0.5546875 0.35243055624999997 0.552734375 0.328125 0.546875 0.3107638895833333 0.5322265625 0.2916666666666667 0.5283203125 0.2916666666666667 0.5224609375 0.28472222291666666 0.5009765625 0.28472222291666666 0.4873046875 0.2951388895833333 0.474609375 0.3177083333333333 0.46875 0.33506944375000003 0.46875 0.3454861104166667 0.466796875 0.3489583333333333 0.466796875 0.38715277708333334 0.46875 0.39756944375000003 0.4736328125 0.40972222291666666 0.48046875 0.4079861104166667 0.4931640625 0.3923611104166667 0.5087890625 0.38194444375000003 0.5302734375 0.38194444375000003 0.5322265625 0.3854166666666667 0.5380859375 0.3854166666666667 0.5458984375 0.3958333333333333 0.5517578125 0.3958333333333333 0.5546875 0.38715277708333334 0.556640625 0.35590277708333334 0.5546875 0.35243055624999997
1 0.5107421875 0.38194444375000003 0.4931640625 0.3923611104166667 0.4765625 0.41493055624999997 0.46484375 0.453125 0.46484375 0.5017361104166667 0.470703125 0.5295138895833333 0.4814453125 0.5486111104166667 0.5068359375 0.5590277770833333 0.5244140625 0.5729166666666666 0.5283203125 0.5798611104166667 0.533203125 0.578125 0.537109375 0.5503472229166667 0.544921875 0.52256944375 0.5595703125 0.49305555624999997 0.57421875 0.47743055624999997 0.57421875 0.4635416666666667 0.5703125 0.4427083333333333 0.5625 0.41840277708333334 0.5478515625 0.3958333333333333 0.5283203125 0.38194444375000003 0.5107421875 0.38194444375000003
0 0.662109375 0.6024305562500001 0.6640625 0.5989583333333334 0.6640625 0.5677083333333334 0.662109375 0.5642361104166667 0.66015625 0.5399305562500001 0.6484375 0.50868055625 0.6337890625 0.4861111104166667 0.6259765625 0.4791666666666667 0.6220703125 0.4791666666666667 0.6162109375 0.47222222291666666 0.6064453125 0.47222222291666666 0.6044921875 0.46875 0.5908203125 0.46875 0.5849609375 0.47569444375000003 0.5732421875 0.4791666666666667 0.5693359375 0.4861111104166667 0.5634765625 0.4895833333333333 0.546875 0.5190972229166666 0.54296875 0.5295138895833333 0.54296875 0.5364583333333334 0.5390625 0.5434027770833333 0.53515625 0.5642361104166667 0.53515625 0.5920138895833333 0.546875 0.6197916666666666 0.546875 0.6267361104166667 0.55078125 0.6336805562500001 0.556640625 0.6649305562500001 0.5654296875 0.6805555562500001 0.5693359375 0.6840277770833333 0.57421875 0.6822916666666666 0.5771484375 0.6805555562500001 0.5869140625 0.6597222229166667 0.6123046875 0.6319444437499999 0.6240234375 0.625 0.6318359375 0.625 0.6337890625 0.6215277770833333 0.6435546875 0.6215277770833333 0.6455078125 0.625 0.66015625 0.6232638895833333 0.662109375 0.6024305562500001
0 0.7109375 0.7135416666666666 0.705078125 0.6927083333333334 0.697265625 0.671875 0.6845703125 0.6493055562500001 0.6669921875 0.6319444437499999 0.6611328125 0.6319444437499999 0.6533203125 0.625 0.6259765625 0.625 0.6025390625 0.6423611104166667 0.5888671875 0.6597222229166667 0.578125 0.6788194437499999 0.5703125 0.6996527770833333 0.5625 0.7309027770833333 0.560546875 0.7621527770833333 0.55859375 0.765625 0.560546875 0.7725694437499999 0.560546875 0.7934027770833333 0.5625 0.796875 0.564453125 0.8211805562500001 0.5703125 0.8420138895833333 0.5869140625 0.8784722229166667 0.5927734375 0.8854166666666666 0.5966796875 0.8854166666666666 0.6044921875 0.8958333333333334 0.6162109375 0.9027777770833333 0.650390625 0.9010416666666666 0.6572265625 0.8993055562500001 0.6767578125 0.8819444437499999 0.69921875 0.8454861104166667 0.708984375 0.8177083333333334 0.712890625 0.796875 0.712890625 0.7864583333333334 0.71484375 0.7829861104166667 0.71484375 0.7413194437499999 0.712890625 0.7378472229166667 0.7109375 0.7135416666666666
0 0.5390625 0.6024305562500001 0.5224609375 0.5729166666666666 0.4912109375 0.5520833333333334 0.4697265625 0.5520833333333334 0.4580078125 0.5590277770833333 0.4384765625 0.5798611104166667 0.4267578125 0.5972222229166667 0.41796875 0.6163194437499999 0.41015625 0.6510416666666666 0.408203125 0.703125 0.41015625 0.7065972229166667 0.41015625 0.7204861104166667 0.421875 0.7552083333333334 0.4296875 0.7725694437499999 0.4423828125 0.7916666666666666 0.4677734375 0.8090277770833333 0.498046875 0.8072916666666666 0.5087890625 0.8020833333333334 0.5185546875 0.7916666666666666 0.52734375 0.7725694437499999 0.546875 0.7413194437499999 0.5546875 0.7065972229166667 0.5546875 0.6892361104166667 0.556640625 0.6857638895833333 0.5546875 0.6822916666666666 0.5546875 0.6579861104166667 0.5390625 0.6024305562500001
0 0.423828125 0.17534722291666668 0.4326171875 0.19791666666666666 0.4443359375 0.20833333333333334 0.451171875 0.20659722291666668 0.4599609375 0.20486111041666666 0.46875 0.18923611041666666 0.474609375 0.16840277708333332 0.474609375 0.15104166666666666 0.4658203125 0.12847222291666666 0.4501953125 0.11805555625 0.4482421875 0.12152777708333334 0.4365234375 0.125 0.42578125 0.14409722291666668 0.423828125 0.17534722291666668
1 0.5439453125 0.08680555625 0.5478515625 0.08680555625 0.5556640625 0.10069444375 0.564453125 0.09895833333333333 0.5673828125 0.09722222291666666 0.57421875 0.08159722291666666 0.57421875 0.06423611041666667 0.572265625 0.057291666666666664 0.5634765625 0.045138889583333335 0.5498046875 0.045138889583333335 0.5458984375 0.048611110416666665 0.541015625 0.057291666666666664 0.5390625 0.078125 0.5439453125 0.08680555625
1 0.470703125 0.13715277708333332 0.474609375 0.15104166666666666 0.4755859375 0.16666666666666666 0.482421875 0.16493055625 0.4853515625 0.16319444375 0.494140625 0.14409722291666668 0.494140625 0.11631944375 0.4853515625 0.09722222291666666 0.4755859375 0.09027777708333334 0.4658203125 0.09027777708333334 0.453125 0.109375 0.453125 0.11979166666666667 0.4658203125 0.12847222291666666 0.470703125 0.13715277708333332
1 0.48046875 0.08159722291666666 0.478515625 0.07465277708333334 0.4697265625 0.0625 0.4560546875 0.0625 0.447265625 0.07465277708333334 0.4482421875 0.07986111041666667 0.4541015625 0.07986111041666667 0.4599609375 0.09027777708333334 0.478515625 0.08854166666666667 0.48046875 0.08159722291666666
1 0.43359375 0.13020833333333334 0.4404296875 0.12152777708333334 0.4521484375 0.11805555625 0.455078125 0.10590277708333334 0.462890625 0.09201388958333333 0.4541015625 0.07986111041666667 0.4384765625 0.08333333333333333 0.427734375 0.10590277708333334 0.427734375 0.12326388958333333 0.4306640625 0.13194444375 0.43359375 0.13020833333333334
1 0.330078125 0.3142361104166667 0.32421875 0.33506944375000003 0.322265625 0.36631944375000003 0.326171875 0.38715277708333334 0.3388671875 0.41319444375000003 0.3544921875 0.4270833333333333 0.369140625 0.42534722291666666 0.3759765625 0.4201388895833333 0.39453125 0.38715277708333334 0.3984375 0.3697916666666667 0.400390625 0.3454861104166667 0.39453125 0.3142361104166667 0.3818359375 0.2916666666666667 0.3740234375 0.28472222291666666 0.3544921875 0.28472222291666666 0.3408203125 0.2951388895833333 0.330078125 0.3142361104166667
1 0.263671875 0.30034722291666666 0.265625 0.328125 0.2919921875 0.3263888895833333 0.3017578125 0.3333333333333333 0.3095703125 0.34722222291666666 0.314453125 0.3454861104166667 0.32421875 0.3142361104166667 0.32421875 0.29340277708333334 0.3203125 0.27256944375000003 0.3095703125 0.25347222291666666 0.2978515625 0.24652777708333332 0.2861328125 0.25 0.2763671875 0.2604166666666667 0.265625 0.2864583333333333 0.265625 0.296875 0.263671875 0.30034722291666666
0 0.1982421875 0.4479166666666667 0.1884765625 0.4479166666666667 0.1767578125 0.4583333333333333 0.166015625 0.48090277708333334 0.16015625 0.50868055625 0.16015625 0.5434027770833333 0.1640625 0.5642361104166667 0.1787109375 0.59375 0.1865234375 0.6006944437499999 0.208984375 0.5989583333333334 0.2216796875 0.5868055562500001 0.23046875 0.5642361104166667 0.234375 0.5434027770833333 0.234375 0.5052083333333334 0.23046875 0.484375 0.2177734375 0.4583333333333333 0.2080078125 0.4479166666666667 0.2021484375 0.4479166666666667 0.2001953125 0.44444444375000003 0.1982421875 0.4479166666666667
0 0.291015625 0.22048611041666666 0.2958984375 0.24652777708333332 0.3056640625 0.25 0.3154296875 0.2604166666666667 0.32421875 0.25868055625 0.3359375 0.24131944375 0.33984375 0.22743055625 0.33984375 0.203125 0.337890625 0.19270833333333334 0.3310546875 0.18055555625 0.3232421875 0.17361111041666666 0.3154296875 0.17361111041666666 0.3056640625 0.18055555625 0.296875 0.19270833333333334 0.291015625 0.22048611041666666
0 0.251953125 0.35243055624999997 0.24609375 0.3732638895833333 0.244140625 0.4010416666666667 0.24609375 0.4045138895833333 0.248046875 0.42881944375000003 0.2607421875 0.4548611104166667 0.2724609375 0.46527777708333334 0.287109375 0.4635416666666667 0.2978515625 0.4548611104166667 0.310546875 0.4322916666666667 0.31640625 0.4079861104166667 0.31640625 0.3732638895833333 0.310546875 0.3489583333333333 0.3017578125 0.3333333333333333 0.2900390625 0.3263888895833333 0.2724609375 0.3263888895833333 0.2607421875 0.33680555624999997 0.251953125 0.35243055624999997