1 0.04375 0.5135416666666667 0.0359375 0.5135416666666667 0.0310546875 0.51875 0.0271484375 0.5326388875 0.0271484375 0.5708333333333333 0.037064303124999996 0.5916666666666667 0.0447265625 0.5916666666666667 0.0525390625 0.58125 0.0544921875 0.5743055541666667 0.0544921875 0.55694444375 0.0546875 0.5565972208333334 0.0546875 0.5440972208333333 0.0505859375 0.5222222208333334 0.04375 0.5135416666666667
1 0.1353515625 0.4510416666666667 0.1275390625 0.4510416666666667 0.1197265625 0.4579861104166667 0.112890625 0.4701388875 0.108984375 0.4875 0.108984375 0.5152777770833333 0.112890625 0.5326388875 0.1177734375 0.54131944375 0.1291666671875 0.55 0.13828125 0.55 0.148046875 0.5361111104166666 0.1515625 0.5236111104166666 0.1515625 0.47955246874999996 0.1431640625 0.4579861104166667 0.1353515625 0.4510416666666667
1 0.149609375 0.3920138875 0.13984375 0.3885416666666667 0.1271484375 0.4041666666666667 0.1234375 0.4173611104166667 0.1234375 0.44618055624999997 0.126171875 0.4510416666666667 0.1359375 0.4510416666666667 0.14375 0.4579861104166667 0.1486328125 0.4666666666666667 0.1525390625 0.4666666666666667 0.1583984375 0.4493055541666667 0.159375 0.4354166666666667 0.159375 0.4171875 0.1564453125 0.4041666666666667 0.149609375 0.3920138875
0 0.0826171875 0.45868055625 0.0728515625 0.4552083333333333 0.0689453125 0.45868055625 0.062109375 0.47430555625 0.06015625 0.48472222291666667 0.06015625 0.5090277791666666 0.0688100953125 0.53125 0.0707031296875 0.53125 0.077734375 0.5298611125 0.0796875 0.5055555562499999 0.090625 0.48287037083333334 0.090625 0.47708333333333336 0.089453125 0.4708333333333333 0.0826171875 0.45868055625
0 0.162890625 0.30972222083333334 0.1521484375 0.321875 0.1482421875 0.3392361104166667 0.1482421875 0.353125 0.1563920453125 0.37083333333333335 0.1656249953125 0.37083333333333335 0.1677734375 0.3704861104166667 0.1736328125 0.36354166666666665 0.1765625 0.353125 0.1765625 0.32658729999999997 0.170703125 0.31319444375 0.162890625 0.30972222083333334
0 0.240625 0.25034722083333333 0.240625 0.2520833333333333 0.2423828125 0.2552083333333333 0.2423828125 0.265625 0.247265625 0.27430555624999997 0.251953125 0.27708333333333335 0.2558593734375 0.27708333333333335 0.2599609375 0.2760416666666667 0.262890625 0.27430555624999997 0.26875 0.2609127 0.26875 0.23561507916666666 0.26319444375 0.22291666666666668 0.2526475703125 0.22291666666666668 0.2423828125 0.23784722291666668 0.240625 0.25034722083333333
0 0.2677734375 0.22395833333333334 0.2677734375 0.23090277708333332 0.274609375 0.25347222291666666 0.277734375 0.25625 0.2812499984375 0.25625 0.2853515625 0.2552083333333333 0.2931640625 0.24479166666666666 0.296875 0.2282986125 0.296875 0.21666666666666667 0.290234375 0.20486111041666666 0.2824218734375 0.20208333333333334 0.2795572921875 0.20208333333333334 0.2736328125 0.20659722291666668 0.2677734375 0.22395833333333334
0 0.25625 0.21297348541666666 0.25625 0.22058531666666664 0.2626953125 0.22222222291666668 0.2666015625 0.22916666666666666 0.26953125 0.22743055625 0.26953125 0.22048611041666666 0.275 0.20428240833333333 0.275 0.20289351875 0.2666015625 0.19791666666666666 0.25625 0.21297348541666666
1 0.3091796875 0.17708333333333334 0.2984375 0.18923611041666666 0.296484375 0.19618055625 0.296484375 0.21354166666666666 0.2984375 0.22048611041666666 0.3052734375 0.22916666666666666 0.3140625 0.22743055625 0.319921875 0.22048611041666666 0.3234375 0.2079861125 0.3234375 0.1952877 0.3169921875 0.18055555625 0.3091796875 0.17708333333333334
1 0.4482421875 0.1671875 0.4443359375 0.17065972291666667 0.434375 0.1915877520833333 0.434375 0.20295138958333334 0.435546875 0.21753472291666667 0.4423828125 0.2296875 0.44990234375 0.23333333333333334 0.45634765625 0.23333333333333334 0.4638671875 0.2296875 0.470703125 0.21753472291666667 0.471875 0.21128472291666667 0.471875 0.18510950833333334 0.4599609375 0.1671875 0.4482421875 0.1671875
0 0.5203125 0.12118055416666666 0.510546875 0.11770833333333333 0.5046875 0.12118055416666666 0.4998046875 0.12986111041666668 0.4998046875 0.13680555416666668 0.5037109375 0.14722222083333333 0.5037109375 0.16805555416666668 0.5076171875 0.175 0.5154296875 0.175 0.5251953125 0.16458333333333333 0.528125 0.14895833333333333 0.528125 0.13854166666666667 0.5271484375 0.13333333333333333 0.5203125 0.12118055416666666
1 0.8072265625 0.3059027791666667 0.7974609375 0.2989583333333333 0.7837890625 0.30243055625 0.775 0.3111111125 0.7671875 0.33541666666666664 0.7671875 0.3458333333333333 0.765234375 0.34930555625 0.7671875 0.35625 0.7671875 0.3736111125 0.77109375 0.39097222291666667 0.7837890625 0.41354166666666664 0.7890624984375 0.4166666666666667 0.7925781328125 0.4166666666666667 0.804296875 0.4152777791666667 0.8130859375 0.40659722291666667 0.819921875 0.3944444458333333 0.8234375 0.37569444583333333 0.8234375 0.34409722291666667 0.819921875 0.32847222291666667 0.8072265625 0.3059027791666667
1 0.7662109375 0.17326388958333333 0.7623046875 0.16979166874999999 0.7525390625 0.16979166874999999 0.7466796875 0.1767361125 0.741796875 0.18888888958333333 0.745703125 0.20625000208333333 0.745703125 0.2236111125 0.7517795140625 0.2375 0.7632812515625 0.2375 0.773046875 0.22708333541666667 0.7765625 0.21145833333333333 0.7765625 0.19791666666666666 0.773046875 0.18541666874999999 0.7662109375 0.17326388958333333
1 0.6642578125 0.11493055416666667 0.6515625 0.13402777708333333 0.6515625 0.1513888875 0.6618088953125 0.17291666666666666 0.6699218625000001 0.17291666666666666 0.675 0.17222222083333336 0.6828125 0.15833333125000001 0.6828125 0.13749999791666667 0.6740234375 0.11840277708333334 0.6642578125 0.11493055416666667
1 0.596484375 0.1078125 0.5896484375 0.11996527916666667 0.5896484375 0.1373263875 0.596484375 0.1529513875 0.5999023453125 0.15416666666666667 0.605175778125 0.15416666666666667 0.6140625 0.1529513875 0.6171875 0.1451736125 0.6171875 0.11740846041666667 0.608203125 0.10434027916666667 0.596484375 0.1078125
1 0.620703125 0.16041666666666668 0.6109375 0.15347222083333334 0.59921875 0.15694444375 0.5884765625 0.17951388750000002 0.5884765625 0.196875 0.5923828125 0.21076388750000002 0.601171875 0.22291666666666668 0.6035156265625 0.225 0.6136718703125 0.225 0.6158203125 0.22465277708333334 0.628125 0.20590277708333332 0.628125 0.18194444375 0.6275390625 0.17256944375 0.620703125 0.16041666666666668
1 0.6435546875 0.14236111041666666 0.6337890625 0.14236111041666666 0.6234375 0.15407197083333332 0.6234375 0.165625 0.626953125 0.171875 0.62890625 0.18229166666666666 0.62890625 0.203125 0.6357421875 0.21180555625 0.64453125 0.21006944375 0.6513671875 0.20486111041666666 0.65625 0.19618055625 0.6578125 0.190625 0.6578125 0.1640377 0.6513671875 0.14930555625 0.6435546875 0.14236111041666666
1 0.717578125 0.11059027708333334 0.71171875 0.10711805625 0.70390625 0.11059027708333334 0.7009765625 0.11927083333333334 0.70390625 0.12100694375000001 0.7087890625 0.13315972291666667 0.7087890625 0.15625 0.71923828125 0.15625 0.725 0.14600694583333332 0.725 0.12899305625 0.7244140625 0.12274305625 0.717578125 0.11059027708333334
0 0.764453125 0.27118055625 0.746875 0.26076388958333335 0.73515625 0.2677083333333333 0.7244140625 0.28680555625 0.7205078125 0.30416666666666664 0.7205078125 0.31805555625 0.7224609375 0.3215277791666667 0.7244140625 0.3423611125 0.737109375 0.36493055625 0.74541015625 0.37083333333333335 0.7521484390625 0.37083333333333335 0.7556640625 0.3701388895833333 0.7654296875 0.3631944458333333 0.7673828125 0.33541666666666664 0.7693359375 0.325 0.7751953125 0.3145833333333333 0.7765625 0.30486111250000003 0.7765625 0.29756944583333333 0.7751953125 0.2902777791666667 0.764453125 0.27118055625
0 0.820703125 0.21944444375 0.816796875 0.21597222083333334 0.805078125 0.21597222083333334 0.7962890625 0.228125 0.7923828125 0.24201388750000002 0.8021484375 0.26979166666666665 0.8021484375 0.28715277708333337 0.8099330359374999 0.29791666666666666 0.816406246875 0.29791666666666666 0.8177734375 0.29756944375 0.8265625 0.2923611104166667 0.8314453125 0.28368055416666665 0.8328125 0.27881944375 0.8328125 0.24583333333333332 0.8314453125 0.23854166666666668 0.820703125 0.21944444375
0 0.8642578125 0.23993055625 0.8525390625 0.23993055625 0.8447265625 0.246875 0.840625 0.25708333541666667 0.840625 0.29444444583333335 0.841796875 0.3006944458333333 0.84609375 0.30833333333333335 0.8484375 0.30833333333333335 0.849609375 0.3076388895833333 0.8564453125 0.2989583333333333 0.8701171875 0.2989583333333333 0.8759765625 0.30243055625 0.878125 0.2986111125 0.878125 0.2833333333333333 0.876953125 0.2625 0.8642578125 0.23993055625
0 0.88828125 0.25868055625 0.88828125 0.26909722291666666 0.886328125 0.27256944375000003 0.88828125 0.29340277708333334 0.8970703125 0.31597222291666666 0.9001953125 0.31875 0.905273434375 0.31875 0.91171875 0.3177083333333333 0.9146484375 0.31597222291666666 0.9203125 0.30302579375 0.9203125 0.27430555624999997 0.917578125 0.26215277708333334 0.9087890625 0.24652777708333332 0.9025390609375 0.24375 0.8998046875 0.24375 0.8951171875 0.24652777708333332 0.88828125 0.25868055625
0 0.9673828125 0.33680555624999997 0.9576171875 0.3333333333333333 0.9537109375 0.33680555624999997 0.944921875 0.35590277708333334 0.944921875 0.39409722291666666 0.95078125 0.41493055624999997 0.9556640625 0.4236111104166667 0.9595703125 0.4270833333333333 0.968359375 0.42534722291666666 0.9712890625 0.4236111104166667 0.9796875 0.40536265416666667 0.9796875 0.36493055416666664 0.976171875 0.35243055624999997 0.9673828125 0.33680555624999997
0 0.7640625 0.15868055416666668 0.7744140625 0.17708333333333334 0.787109375 0.17534722291666668 0.790625 0.16597222291666666 0.790625 0.14618055416666667 0.7890625 0.140625 0.7783203125 0.125 0.7705078125 0.125 0.7640625 0.13645833333333332 0.7640625 0.15868055416666668
0 0.7361328125 0.14270833125000001 0.7234375 0.15833333125000001 0.7234375 0.17222222083333336 0.7263671875 0.17743055416666667 0.7322265625 0.17743055416666667 0.739778646875 0.1875 0.741015621875 0.1875 0.744921875 0.18611111041666667 0.753125 0.171527775 0.753125 0.1555555541666667 0.7498046875 0.14965277708333333 0.7361328125 0.14270833125000001
0 0.7548828125 0.11111111041666667 0.7509765625 0.11458333333333333 0.746875 0.12479166666666666 0.746875 0.1454861125 0.7548828125 0.15972222291666668 0.763671875 0.15798611041666666 0.763671875 0.140625 0.76875 0.1285879625 0.76875 0.12479166666666666 0.7646484375 0.11458333333333333 0.7548828125 0.11111111041666667
0 0.708984375 0.15763888958333333 0.708984375 0.12986111250000001 0.6962890625 0.1142361125 0.6904296875 0.1142361125 0.681640625 0.12638888958333333 0.68359375 0.15763888958333333 0.688058034375 0.16875 0.6972656359375 0.16875 0.703125 0.16805555625000002 0.708984375 0.15763888958333333
0 0.5333984375 0.15451388958333334 0.5333984375 0.171875 0.544140625 0.19444444375 0.548046875 0.19791666666666666 0.5587890625 0.19618055625 0.5685546875 0.18229166666666666 0.5703125 0.17604166666666668 0.5703125 0.15757575625 0.559765625 0.13541666666666666 0.544140625 0.13541666666666666 0.540234375 0.13888888958333334 0.5333984375 0.15451388958333334