1 0.30078125 0.8767361104166667 0.294921875 0.890625 0.287109375 0.921875 0.287109375 0.9392361104166667 0.28515625 0.9427083333333334 0.287109375 0.9496527770833333 0.287109375 0.9739583333333334 0.2890625 0.9774305562500001 0.2890625 0.9878472229166667 0.2939453125 1 0.462890625 0.9982638895833333 0.466796875 0.9878472229166667 0.46484375 0.953125 0.455078125 0.9079861104166667 0.44140625 0.8732638895833333 0.4169921875 0.8402777770833333 0.3818359375 0.8194444437499999 0.3525390625 0.8194444437499999 0.3271484375 0.8368055562500001 0.3134765625 0.8541666666666666 0.30078125 0.8767361104166667
1 0.5498046875 0.4236111104166667 0.5478515625 0.4201388895833333 0.5244140625 0.4236111104166667 0.5009765625 0.4479166666666667 0.484375 0.48090277708333334 0.48046875 0.4982638895833333 0.48046875 0.5399305562500001 0.482421875 0.5434027770833333 0.484375 0.5677083333333334 0.4921875 0.5954861104166667 0.5146484375 0.6319444437499999 0.5322265625 0.6423611104166667 0.5546875 0.640625 0.5615234375 0.6388888895833333 0.5810546875 0.6215277770833333 0.59765625 0.5885416666666666 0.59765625 0.5815972229166667 0.60546875 0.5503472229166667 0.60546875 0.50868055625 0.595703125 0.4670138895833333 0.5771484375 0.4375 0.5654296875 0.4270833333333333 0.5498046875 0.4236111104166667
1 0.4072265625 0.30902777708333334 0.3916015625 0.30902777708333334 0.3896484375 0.3125 0.3779296875 0.31597222291666666 0.3681640625 0.3263888895833333 0.359375 0.3454861104166667 0.3515625 0.38715277708333334 0.3515625 0.4010416666666667 0.353515625 0.4045138895833333 0.357421875 0.4357638895833333 0.3701171875 0.4583333333333333 0.3818359375 0.46875 0.3896484375 0.46875 0.3916015625 0.47222222291666666 0.3984375 0.4704861104166667 0.4111328125 0.46527777708333334 0.419921875 0.453125 0.41796875 0.4427083333333333 0.419921875 0.4010416666666667 0.42578125 0.3767361104166667 0.4296875 0.36631944375000003 0.435546875 0.359375 0.43359375 0.3420138895833333 0.4208984375 0.31944444375000003 0.4072265625 0.30902777708333334
1 0.3896484375 0.19791666666666666 0.37890625 0.21701388958333334 0.375 0.22743055625 0.373046875 0.25173611041666666 0.376953125 0.27256944375000003 0.3876953125 0.2916666666666667 0.3974609375 0.2986111104166667 0.412109375 0.296875 0.4169921875 0.2951388895833333 0.427734375 0.2760416666666667 0.427734375 0.265625 0.42578125 0.26215277708333334 0.42578125 0.23090277708333332 0.4296875 0.21006944375 0.4189453125 0.19444444375 0.4130859375 0.19097222291666668 0.3974609375 0.19097222291666668 0.3896484375 0.19791666666666666
1 0.5966796875 0.12847222291666666 0.609375 0.14756944375 0.611328125 0.16145833333333334 0.6142578125 0.16666666666666666 0.615234375 0.16493055625 0.619140625 0.14409722291666668 0.615234375 0.1267361104166667 0.6064453125 0.11111111041666667 0.6025390625 0.10763888958333333 0.5849609375 0.10763888958333333 0.576171875 0.11979166666666667 0.5751953125 0.12847222291666666 0.5810546875 0.12847222291666666 0.5830078125 0.125 0.5966796875 0.12847222291666666
0 0.328125 0.578125 0.3173828125 0.5590277770833333 0.3056640625 0.5451388895833333 0.2939453125 0.5381944437499999 0.2705078125 0.5381944437499999 0.2685546875 0.5416666666666666 0.2626953125 0.5416666666666666 0.2451171875 0.5590277770833333 0.23828125 0.5711805562500001 0.228515625 0.6059027770833333 0.2265625 0.6163194437499999 0.2265625 0.671875 0.23046875 0.6927083333333334 0.2451171875 0.7326388895833333 0.2568359375 0.7465277770833333 0.2744140625 0.7604166666666666 0.298828125 0.7586805562500001 0.3193359375 0.7465277770833333 0.3359375 0.7100694437499999 0.33984375 0.6788194437499999 0.341796875 0.6753472229166667 0.341796875 0.6614583333333334 0.34375 0.6579861104166667 0.341796875 0.6510416666666666 0.33984375 0.6128472229166667 0.3359375 0.5954861104166667 0.328125 0.578125
0 0.4931640625 0.34027777708333334 0.4814453125 0.33680555624999997 0.4794921875 0.3333333333333333 0.4638671875 0.3333333333333333 0.4619140625 0.33680555624999997 0.4501953125 0.34027777708333334 0.4404296875 0.35069444375000003 0.42578125 0.3767361104166667 0.41796875 0.41840277708333334 0.419921875 0.44965277708333334 0.427734375 0.48090277708333334 0.4462890625 0.50694444375 0.4580078125 0.5173611104166667 0.46875 0.5190972229166666 0.4755859375 0.5173611104166667 0.478515625 0.5121527770833334 0.48046875 0.48784722291666666 0.486328125 0.47743055624999997 0.490234375 0.4635416666666667 0.5048828125 0.44097222291666666 0.5234375 0.421875 0.5234375 0.4079861104166667 0.513671875 0.3697916666666667 0.4931640625 0.34027777708333334
0 0.4169921875 0.19444444375 0.4287109375 0.20833333333333334 0.43359375 0.20659722291666668 0.451171875 0.18229166666666666 0.44921875 0.171875 0.4423828125 0.15972222291666668 0.4326171875 0.15277777708333332 0.4248046875 0.15277777708333332 0.4150390625 0.15972222291666668 0.404296875 0.17534722291666668 0.40234375 0.18576388958333334 0.4052734375 0.19097222291666668 0.4169921875 0.19444444375
0 0.501953125 0.18229166666666666 0.5048828125 0.1875 0.505859375 0.18576388958333334 0.51171875 0.16145833333333334 0.517578125 0.15104166666666666 0.5107421875 0.13541666666666666 0.4951171875 0.13194444375 0.4833984375 0.13888888958333334 0.478515625 0.14756944375 0.4794921875 0.15625 0.4853515625 0.15625 0.4931640625 0.16319444375 0.501953125 0.18229166666666666
0 0.5537109375 0.15277777708333332 0.556640625 0.15104166666666666 0.5546875 0.13020833333333334 0.5458984375 0.11458333333333333 0.5380859375 0.10763888958333333 0.5263671875 0.10763888958333333 0.5185546875 0.11458333333333333 0.51171875 0.13020833333333334 0.51171875 0.13715277708333332 0.5166015625 0.14583333333333334 0.5439453125 0.14236111041666666 0.5537109375 0.15277777708333332
0 0.560546875 0.15798611041666666 0.560546875 0.16493055625 0.564453125 0.17534722291666668 0.564453125 0.19618055625 0.5693359375 0.20833333333333334 0.5791015625 0.21875 0.59765625 0.21701388958333334 0.6005859375 0.21527777708333332 0.611328125 0.19270833333333334 0.61328125 0.18229166666666666 0.611328125 0.15451388958333334 0.609375 0.14756944375 0.5966796875 0.12847222291666666 0.5908203125 0.125 0.5751953125 0.12847222291666666 0.564453125 0.14409722291666668 0.560546875 0.15798611041666666
0 0.6875 0.16840277708333332 0.6875 0.19270833333333334 0.69140625 0.20659722291666668 0.7001953125 0.22222222291666668 0.7080078125 0.22916666666666666 0.71875 0.23090277708333332 0.7236328125 0.22916666666666666 0.736328125 0.21006944375 0.73828125 0.203125 0.73828125 0.171875 0.734375 0.15798611041666666 0.7275390625 0.14583333333333334 0.7197265625 0.13888888958333334 0.7021484375 0.13888888958333334 0.689453125 0.15798611041666666 0.6875 0.16840277708333332
0 0.7265625 0.14409722291666668 0.734375 0.15798611041666666 0.73828125 0.171875 0.73828125 0.203125 0.736328125 0.21354166666666666 0.7412109375 0.21875 0.751953125 0.21701388958333334 0.7587890625 0.21180555625 0.765625 0.19618055625 0.767578125 0.18576388958333334 0.765625 0.16145833333333334 0.76171875 0.15104166666666666 0.7509765625 0.13541666666666666 0.7451171875 0.13541666666666666 0.7431640625 0.13194444375 0.7333984375 0.13541666666666666 0.7265625 0.14409722291666668
0 0.828125 0.26215277708333334 0.8388671875 0.2951388895833333 0.8447265625 0.3020833333333333 0.85546875 0.30381944375000003 0.8662109375 0.2986111104166667 0.873046875 0.2864583333333333 0.876953125 0.27256944375000003 0.876953125 0.24479166666666666 0.87109375 0.22395833333333334 0.8583984375 0.20138888958333334 0.8447265625 0.20138888958333334 0.8369140625 0.20833333333333334 0.828125 0.22743055625 0.828125 0.26215277708333334
0 0.822265625 0.21006944375 0.82421875 0.21701388958333334 0.8291015625 0.22569444375 0.830078125 0.22395833333333334 0.830078125 0.22048611041666666 0.8408203125 0.20486111041666666 0.861328125 0.19965277708333332 0.859375 0.18576388958333334 0.8486328125 0.16666666666666666 0.8447265625 0.16319444375 0.8330078125 0.16319444375 0.82421875 0.17534722291666668 0.822265625 0.18229166666666666 0.822265625 0.21006944375
0 1 0.30381944375000003 0.9892578125 0.28125 0.9794921875 0.27777777708333334 0.9755859375 0.28125 0.96875 0.296875 0.96875 0.32465277708333334 0.974609375 0.3489583333333333 0.9794921875 0.3576388895833333 0.9833984375 0.3611111104166667 0.994140625 0.359375 1 0.3454861104166667 1 0.30381944375000003