0 0.0765625 0.4552083333333333 0.06875 0.45868055625 0.0599609375 0.48125 0.0599609375 0.5125 0.0619140625 0.5194444458333334 0.0704520078125 0.53125 0.071679690625 0.53125 0.0755859375 0.5298611125 0.0775390625 0.5263888895833333 0.0775390625 0.5090277791666666 0.0794921875 0.5020833333333333 0.0833984375 0.49166666666666664 0.0890625 0.48495370416666667 0.0890625 0.48333333333333334 0.0873046875 0.4708333333333333 0.0765625 0.4552083333333333
0 0.165625 0.31944444375000003 0.155859375 0.31944444375000003 0.1490234375 0.33159722291666666 0.1451171875 0.35590277708333334 0.1470703125 0.36631944375000003 0.151953125 0.375 0.155859375 0.37847222291666666 0.1666015625 0.3767361104166667 0.1734375 0.35850694375000003 0.1734375 0.33246527708333334 0.1705078125 0.32465277708333334 0.165625 0.31944444375000003
0 0.244921875 0.23680555416666668 0.2380859375 0.24548611041666665 0.2341796875 0.259375 0.2341796875 0.26979166666666665 0.2423295453125 0.2875 0.2515624953125 0.2875 0.2537109375 0.28715277708333337 0.2615234375 0.2767361104166667 0.2625 0.26458333333333334 0.2625 0.2501984104166667 0.256640625 0.23680555416666668 0.244921875 0.23680555416666668
0 0.2779296875 0.21579861041666665 0.2681640625 0.21927083333333333 0.261328125 0.23489583333333333 0.26328125 0.25920138958333333 0.2681640625 0.26788194375 0.27060546875 0.26875 0.27646484375 0.26875 0.2798828125 0.26788194375 0.284765625 0.25920138958333333 0.2875 0.24704861041666665 0.2875 0.23142361041666665 0.28671875 0.22447916666666667 0.2779296875 0.21579861041666665
0 0.2484375 0.23018353125 0.2484375 0.23177083125 0.2509765625 0.23628472083333335 0.26171875 0.2414930541666667 0.2671875 0.21880787083333333 0.2671875 0.21713408125000003 0.2548828125 0.2154513875 0.2484375 0.23018353125
0 0.494921875 0.13506944583333333 0.4890625 0.13854166874999999 0.4841796875 0.15069444583333333 0.4900390625 0.1611111125 0.4900390625 0.18541666874999999 0.4939453109375 0.18958333333333333 0.4990234421875 0.18958333333333333 0.5017578125 0.18888888958333333 0.506640625 0.18715277916666664 0.5125 0.17375992291666667 0.5125 0.15193452500000001 0.506640625 0.13854166874999999 0.494921875 0.13506944583333333
0 0.5421875 0.14861111249999998 0.5265625 0.15208333333333332 0.5177734375 0.17118055625 0.5197265625 0.19201388958333335 0.5319602265625 0.21041666666666667 0.5367187546875 0.21041666666666667 0.5431640625 0.209375 0.548046875 0.20416666666666666 0.5529296875 0.19201388958333335 0.5529296875 0.18159722291666666 0.5546875 0.17847222291666667 0.5546875 0.17673611041666665 0.5529296875 0.16423611249999998 0.5421875 0.14861111249999998
0 0.7330078125 0.275 0.7291015625 0.26805555416666665 0.7134765625 0.26805555416666665 0.696875 0.290625 0.69296875 0.3079861104166667 0.69296875 0.32534722083333334 0.696875 0.34618055416666665 0.7076171875 0.36527777708333337 0.7138671890625 0.37083333333333335 0.7271484296875 0.37083333333333335 0.730078125 0.3704861104166667 0.7359375 0.36354166666666665 0.7359375 0.34270833333333334 0.73984375 0.32534722083333334 0.746875 0.31284722291666667 0.746875 0.2958719125 0.7388671875 0.27847222083333334 0.7330078125 0.275
0 0.948046875 0.3375 0.936328125 0.33055555416666665 0.9236328125 0.34965277708333337 0.9216796875 0.36006944375 0.9216796875 0.38784722083333334 0.9275390625 0.40868055416666665 0.9355468765625 0.42291666666666666 0.9449218703125 0.42291666666666666 0.9470703125 0.42256944375 0.95 0.42083333333333334 0.9578125 0.403858025 0.9578125 0.36006944375 0.9548828125 0.34965277708333337 0.948046875 0.3375
0 0.88984375 0.25034722083333333 0.878125 0.24687499791666667 0.87421875 0.25034722083333333 0.8673828125 0.26597222083333333 0.8673828125 0.29375 0.8712890625 0.30763888749999996 0.878125 0.31979166666666664 0.8816406265625 0.3229166666666667 0.88378905625 0.3229166666666667 0.8908203125 0.32152777708333335 0.895703125 0.31631944375000004 0.9 0.305625 0.9 0.27430555416666663 0.8966796875 0.26249999791666667 0.88984375 0.25034722083333333
0 0.85546875 0.29965277916666666 0.85546875 0.271875 0.8427734375 0.24583333333333332 0.8388671875 0.24236111249999998 0.8291015625 0.24236111249999998 0.818359375 0.2579861125 0.81640625 0.26493055625 0.81640625 0.29270833333333335 0.82101004375 0.30416666666666664 0.8257812515625 0.30416666666666664 0.8310546875 0.29791666666666666 0.8427734375 0.29791666666666666 0.8498046859375 0.30416666666666664 0.8517578140625 0.30416666666666664 0.853515625 0.303125 0.85546875 0.29965277916666666
0 0.8087890625 0.28611111250000004 0.8107421875 0.2791666666666667 0.8107421875 0.25138888958333333 0.8068359375 0.23750000208333333 0.8 0.22534722291666667 0.79609375 0.22187500208333333 0.782421875 0.22187500208333333 0.7736328125 0.23402777916666664 0.7697265625 0.25138888958333333 0.7775390625 0.27222222291666665 0.7775390625 0.28263888958333333 0.7814453125 0.29652777916666667 0.78470051875 0.3 0.7970703125 0.3 0.801953125 0.29826388958333333 0.8087890625 0.28611111250000004
0 0.703125 0.18229166666666666 0.7060546875 0.1875 0.7138671875 0.19097222291666668 0.7177734375 0.19791666666666666 0.720703125 0.19618055625 0.734375 0.17881944375 0.734375 0.16840277708333332 0.7255859375 0.15625 0.7099609375 0.15625 0.703125 0.16840277708333332 0.703125 0.18229166666666666
0 0.737109375 0.12465277916666667 0.733203125 0.12812500208333333 0.7302734375 0.13333333541666667 0.7302734375 0.15069444583333333 0.7322265625 0.15763888958333333 0.7384765609375 0.16875 0.74433594375 0.16875 0.7478515625 0.16805555625000002 0.7458984375 0.16458333541666667 0.7458984375 0.15416666874999999 0.75 0.14444444583333332 0.75 0.13020833541666665 0.746875 0.12465277916666667 0.737109375 0.12465277916666667
1 0.588671875 0.11770833333333333 0.58671875 0.12118055416666666 0.580859375 0.12118055416666666 0.5740234375 0.13680555416666668 0.5740234375 0.15069444375 0.5800998265625 0.16458333333333333 0.5974609375 0.16458333333333333 0.6015625 0.15729166666666666 0.6015625 0.13055555416666667 0.6013671875 0.12986111041666668 0.588671875 0.11770833333333333
1 0.5869140625 0.16666666666666666 0.5810546875 0.17013888958333334 0.572265625 0.18229166666666666 0.5703125 0.18923611041666666 0.5703125 0.21006944375 0.57421875 0.22395833333333334 0.5830078125 0.23611111041666666 0.5888671875 0.23611111041666666 0.5908203125 0.23958333333333334 0.595703125 0.23784722291666668 0.609375 0.21701388958333334 0.609375 0.19270833333333334 0.6005859375 0.17361111041666666 0.5869140625 0.16666666666666666
1 0.6337890625 0.21493055625000002 0.638671875 0.20277777916666664 0.638671875 0.17500000208333333 0.6259765625 0.15590277916666664 0.6142578125 0.15590277916666664 0.6083984375 0.16284722291666667 0.603515625 0.17500000208333333 0.609375 0.1923611125 0.609375 0.21319444583333333 0.6136718734375 0.22083333333333333 0.621875009375 0.22083333333333333 0.626953125 0.22013888958333333 0.6337890625 0.21493055625000002
1 0.63515625 0.15104166666666666 0.63515625 0.16493055625 0.6455078125 0.18333333333333332 0.651757809375 0.18333333333333332 0.660546875 0.18229166666666666 0.665625 0.17025462916666667 0.665625 0.14826388958333334 0.664453125 0.14409722291666668 0.6576171875 0.13194444375 0.6529296875 0.12916666666666668 0.6501953140625 0.12916666666666668 0.6439453125 0.13194444375 0.63515625 0.15104166666666666
0 0.66640625 0.16840277708333332 0.6712890625 0.18055555625 0.6759765625 0.18333333333333332 0.6791015609375 0.18333333333333332 0.68203125 0.18229166666666666 0.690625 0.17006944375 0.690625 0.14201388958333333 0.6849609375 0.13194444375 0.6755859359375 0.12916666666666668 0.6727399562499999 0.12916666666666668 0.664453125 0.140625 0.66640625 0.16840277708333332
1 0.6978515625 0.12222222083333333 0.6900390625 0.12222222083333333 0.68515625 0.134375 0.691015625 0.14479166666666668 0.691015625 0.16909722083333334 0.6931640625 0.17291666666666666 0.697851559375 0.17291666666666666 0.698828125 0.17256944375 0.7078125 0.15979166458333335 0.7078125 0.13854166666666667 0.706640625 0.134375 0.6978515625 0.12222222083333333
1 0.7546875 0.13541666666666666 0.7478515625 0.14756944375 0.7478515625 0.171875 0.756640625 0.1875 0.7673828125 0.18576388958333334 0.771875 0.17777777916666665 0.771875 0.15208333333333332 0.764453125 0.13888888958333334 0.7546875 0.13541666666666666
1 0.7470703125 0.23993055416666667 0.75390625 0.23124999791666667 0.755859375 0.21041666458333333 0.7490234375 0.18784722083333336 0.7353515625 0.17743055416666667 0.720703125 0.19652777708333333 0.720703125 0.20694444374999998 0.724609375 0.21736111041666667 0.724609375 0.23472222083333336 0.7308593765625 0.24583333333333332 0.73554686875 0.24583333333333332 0.73828125 0.2451388875 0.7470703125 0.23993055416666667
1 0.7890625 0.39427083333333335 0.79296875 0.38038194375 0.794921875 0.34913194375 0.7890625 0.3248263875 0.7783203125 0.30572916666666666 0.7744140625 0.30225694375 0.7568359375 0.30225694375 0.7490234375 0.3092013875 0.7421875 0.32135416666666666 0.73828125 0.33524305416666667 0.736328125 0.3560763875 0.73828125 0.3595486104166667 0.740234375 0.38385416666666666 0.744140625 0.39427083333333335 0.7568359375 0.41336805416666667 0.765722659375 0.41458333333333336 0.77041015625 0.41458333333333336 0.7783203125 0.40989583333333335 0.7890625 0.39427083333333335
1 0.421484375 0.19965277708333332 0.41953125 0.22048611041666666 0.421484375 0.23090277708333332 0.4283203125 0.24305555625 0.4314453125 0.24583333333333332 0.43730468437500003 0.24583333333333332 0.444921875 0.24479166666666666 0.456640625 0.22743055625 0.4578125 0.21493055625000002 0.4578125 0.20243055625 0.456640625 0.19618055625 0.4498046875 0.18402777708333332 0.4466796875 0.18125 0.4349609375 0.18125 0.4302734375 0.18402777708333332 0.421484375 0.19965277708333332
1 0.31484375 0.20243055625 0.3099609375 0.19375 0.3041015625 0.19027777916666666 0.29140625 0.20243055625 0.289453125 0.209375 0.289453125 0.22673611249999998 0.2978515625 0.24166666666666667 0.3017578171875 0.24166666666666667 0.30703125 0.240625 0.3109375 0.23715277916666666 0.315625 0.2204861125 0.315625 0.2142361125 0.31484375 0.21284722291666666 0.31484375 0.20243055625
1 0.120703125 0.421875 0.120703125 0.44965277708333334 0.1333984375 0.4513888895833333 0.1470703125 0.46875 0.15 0.4670138895833333 0.1546875 0.44756944375 0.1546875 0.41594065625 0.1451171875 0.3958333333333333 0.1314453125 0.3958333333333333 0.12265625 0.4114583333333333 0.120703125 0.421875
1 0.1337890625 0.45069444583333335 0.1240234375 0.45069444583333335 0.11328125 0.46631944583333335 0.109375 0.48020833333333335 0.1078125 0.48854166666666665 0.1078125 0.49131944375000003 0.109375 0.49409722291666663 0.109375 0.5184027791666667 0.11328125 0.5322916666666667 0.123409596875 0.54375 0.12988281875000002 0.54375 0.138671875 0.5427083333333333 0.14453125 0.5357638895833333 0.1484375 0.521875 0.15 0.5135416666666667 0.15 0.48584105 0.1416015625 0.4576388895833333 0.1337890625 0.45069444583333335
1 0.0435546875 0.5100694437500001 0.0357421875 0.5100694437500001 0.026953125 0.5291666666666667 0.026953125 0.5673611104166666 0.035262784375 0.5854166666666667 0.042187495312500004 0.5854166666666667 0.046484375 0.5847222208333334 0.050390625 0.58125 0.053125 0.5715277770833332 0.053125 0.5298611104166667 0.05234375 0.5256944437500001 0.0435546875 0.5100694437500001