0 0.7197265625 0.34722222291666666 0.7001953125 0.3298611104166667 0.6845703125 0.3298611104166667 0.6669921875 0.34027777708333334 0.65234375 0.36631944375000003 0.64453125 0.4010416666666667 0.64453125 0.4322916666666667 0.65234375 0.4670138895833333 0.6708984375 0.49652777708333334 0.6865234375 0.50694444375 0.69921875 0.5052083333333334 0.7080078125 0.5034722229166666 0.7265625 0.48090277708333334 0.736328125 0.453125 0.740234375 0.4079861104166667 0.73828125 0.4045138895833333 0.73828125 0.390625 0.732421875 0.3697916666666667 0.7197265625 0.34722222291666666
0 0.4609375 0.32465277708333334 0.4501953125 0.30902777708333334 0.4345703125 0.2986111104166667 0.4228515625 0.2986111104166667 0.4052734375 0.3125 0.392578125 0.33506944375000003 0.38671875 0.36284722291666666 0.38671875 0.38368055624999997 0.392578125 0.4114583333333333 0.4072265625 0.4375 0.4248046875 0.4479166666666667 0.4375 0.44618055624999997 0.4541015625 0.43402777708333334 0.46484375 0.4079861104166667 0.46875 0.390625 0.46875 0.3767361104166667 0.470703125 0.3732638895833333 0.46875 0.36631944375000003 0.46875 0.3489583333333333 0.4609375 0.32465277708333334
0 0.2529296875 0.3020833333333333 0.2470703125 0.3020833333333333 0.2333984375 0.3125 0.228515625 0.32118055624999997 0.22265625 0.3385416666666667 0.220703125 0.36284722291666666 0.2265625 0.390625 0.2333984375 0.40277777708333334 0.2431640625 0.40972222291666666 0.2578125 0.4079861104166667 0.2626953125 0.40625 0.26953125 0.39756944375000003 0.26953125 0.38715277708333334 0.275390625 0.36631944375000003 0.275390625 0.3385416666666667 0.271484375 0.32465277708333334 0.2626953125 0.30902777708333334 0.2529296875 0.3020833333333333
0 0.4931640625 0.19097222291666668 0.482421875 0.21006944375 0.48046875 0.21701388958333334 0.48046875 0.25173611041666666 0.4912109375 0.27430555624999997 0.5009765625 0.28472222291666666 0.517578125 0.2829861104166667 0.5322265625 0.27430555624999997 0.537109375 0.26215277708333334 0.53515625 0.21354166666666666 0.533203125 0.203125 0.5205078125 0.1875 0.5146484375 0.18402777708333332 0.5009765625 0.18402777708333332 0.4931640625 0.19097222291666668
0 0.4736328125 0.17361111041666666 0.462890625 0.19270833333333334 0.458984375 0.21006944375 0.458984375 0.22395833333333334 0.462890625 0.23784722291666668 0.4716796875 0.25347222291666666 0.4755859375 0.25694444375 0.48046875 0.2552083333333333 0.48046875 0.21701388958333334 0.482421875 0.21006944375 0.4873046875 0.19791666666666666 0.501953125 0.18229166666666666 0.501953125 0.17881944375 0.4951171875 0.17013888958333334 0.4794921875 0.17013888958333334 0.4736328125 0.17361111041666666
0 0.4130859375 0.19444444375 0.4091796875 0.19791666666666666 0.396484375 0.22395833333333334 0.39453125 0.234375 0.396484375 0.25868055625 0.4052734375 0.27777777708333334 0.4130859375 0.28472222291666666 0.43359375 0.2829861104166667 0.4365234375 0.28125 0.447265625 0.25868055625 0.447265625 0.24479166666666666 0.44921875 0.24131944375 0.447265625 0.22048611041666666 0.443359375 0.21006944375 0.4326171875 0.19444444375 0.4130859375 0.19444444375
0 0.353515625 0.19270833333333334 0.3515625 0.19965277708333332 0.3515625 0.22743055625 0.3583984375 0.24305555625 0.3662109375 0.25 0.376953125 0.24826388958333334 0.38671875 0.24131944375 0.392578125 0.22048611041666666 0.392578125 0.19965277708333332 0.3818359375 0.17708333333333334 0.3720703125 0.17361111041666666 0.3583984375 0.18402777708333332 0.357421875 0.18923611041666666 0.353515625 0.19270833333333334
0 0.103515625 0.35590277708333334 0.1103515625 0.37152777708333334 0.12109375 0.3697916666666667 0.126953125 0.35590277708333334 0.12890625 0.3385416666666667 0.126953125 0.328125 0.1220703125 0.31944444375000003 0.1162109375 0.31597222291666666 0.107421875 0.32465277708333334 0.103515625 0.3420138895833333 0.103515625 0.35590277708333334
0 0.20703125 0.2760416666666667 0.21484375 0.265625 0.216796875 0.24131944375 0.2099609375 0.22916666666666666 0.2041015625 0.22569444375 0.19140625 0.24479166666666666 0.19140625 0.265625 0.1982421875 0.27777777708333334 0.20703125 0.2760416666666667
0 0.3662109375 0.17361111041666666 0.3759765625 0.17361111041666666 0.3818359375 0.17708333333333334 0.3876953125 0.1875 0.392578125 0.18576388958333334 0.396484375 0.17534722291666668 0.396484375 0.15451388958333334 0.3916015625 0.14236111041666666 0.3876953125 0.13888888958333334 0.3759765625 0.13888888958333334 0.3671875 0.15104166666666666 0.365234375 0.15798611041666666 0.3662109375 0.17361111041666666
0 0.2998046875 0.21527777708333332 0.310546875 0.21354166666666666 0.314453125 0.20659722291666668 0.3125 0.19618055625 0.3125 0.16840277708333332 0.3037109375 0.16319444375 0.29296875 0.17534722291666668 0.291015625 0.18229166666666666 0.291015625 0.203125 0.2998046875 0.21527777708333332
1 0.3193359375 0.25347222291666666 0.3291015625 0.2604166666666667 0.337890625 0.25868055625 0.3408203125 0.25694444375 0.3515625 0.234375 0.349609375 0.203125 0.3427734375 0.19097222291666668 0.3291015625 0.1875 0.314453125 0.20659722291666668 0.3125 0.234375 0.3193359375 0.25347222291666666
1 0.3408203125 0.19097222291666668 0.3515625 0.19965277708333332 0.353515625 0.19270833333333334 0.365234375 0.17534722291666668 0.365234375 0.16145833333333334 0.3583984375 0.14930555625 0.3486328125 0.14930555625 0.3408203125 0.15625 0.3359375 0.17881944375 0.3408203125 0.19097222291666668
1 0.1455078125 0.34027777708333334 0.150390625 0.3385416666666667 0.1533203125 0.33680555624999997 0.16015625 0.32118055624999997 0.16015625 0.296875 0.1533203125 0.28472222291666666 0.1435546875 0.28819444375000003 0.13671875 0.30381944375000003 0.13671875 0.328125 0.1455078125 0.34027777708333334
1 0.39453125 0.14756944375 0.396484375 0.16493055625 0.3994140625 0.17013888958333334 0.404296875 0.16840277708333332 0.412109375 0.14756944375 0.41015625 0.13368055625 0.4013671875 0.12152777708333334 0.3916015625 0.12152777708333334 0.3876953125 0.125 0.384765625 0.13020833333333334 0.384765625 0.13715277708333332 0.39453125 0.14756944375
1 0.3349609375 0.14583333333333334 0.3330078125 0.14930555625 0.3310546875 0.14930555625 0.328125 0.15451388958333334 0.3310546875 0.15972222291666668 0.3349609375 0.15972222291666668 0.3369140625 0.16319444375 0.3388671875 0.16319444375 0.33984375 0.16145833333333334 0.33984375 0.15798611041666666 0.3408203125 0.15625 0.3427734375 0.15625 0.3447265625 0.15277777708333332 0.3466796875 0.15277777708333332 0.34765625 0.15104166666666666 0.3447265625 0.14583333333333334 0.3349609375 0.14583333333333334
0 0.3359375 0.17881944375 0.337890625 0.17534722291666668 0.337890625 0.16493055625 0.3349609375 0.15972222291666668 0.3330078125 0.15972222291666668 0.3310546875 0.15625 0.3271484375 0.15625 0.3251953125 0.15972222291666668 0.3212890625 0.15972222291666668 0.3193359375 0.16319444375 0.3173828125 0.16319444375 0.314453125 0.16840277708333332 0.314453125 0.171875 0.3125 0.17534722291666668 0.3125 0.19618055625 0.3154296875 0.20138888958333334 0.3173828125 0.20138888958333334 0.318359375 0.19965277708333332 0.3193359375 0.19791666666666666 0.3212890625 0.19791666666666666 0.3251953125 0.19097222291666668 0.3271484375 0.19097222291666668 0.3291015625 0.1875 0.3349609375 0.1875 0.3359375 0.18576388958333334 0.3359375 0.17881944375