1 0.5751953125 0.559375 0.58984375 0.5333333333333333 0.59765625 0.5090277791666666 0.599609375 0.46041666666666664 0.591796875 0.4256944458333333 0.5732421875 0.39618055625 0.5537109375 0.38229166666666664 0.5302734375 0.3857638895833333 0.5146484375 0.3996527791666667 0.5 0.42916666666666664 0.494140625 0.45347222291666667 0.494140625 0.4986111125 0.501953125 0.5263888895833333 0.5244140625 0.5628472229166667 0.539518228125 0.5729166666666666 0.5433593828125 0.5729166666666666 0.556640625 0.5715277791666666 0.5751953125 0.559375
1 0.4892578125 0.20555555416666668 0.49609375 0.18645833333333334 0.498046875 0.17604166666666668 0.49609375 0.15520833333333334 0.4921875 0.14479166666666668 0.4833984375 0.1326388875 0.4658203125 0.1326388875 0.4560546875 0.13958333333333334 0.447265625 0.16215277708333334 0.447265625 0.18645833333333334 0.451171875 0.20034722083333334 0.46273871718750004 0.21458333333333332 0.47714842968750004 0.21458333333333332 0.48046875 0.21423611041666665 0.4892578125 0.20555555416666668
1 0.4107421875 0.11180555416666667 0.39609375 0.134375 0.39609375 0.16215277708333334 0.398046875 0.16909722083333334 0.4068359375 0.18125 0.4091796890625 0.18333333333333332 0.416210934375 0.18333333333333332 0.417578125 0.18298611041666665 0.4263671875 0.17777777708333334 0.43125 0.16909722083333334 0.434375 0.15798611041666666 0.434375 0.1297275625 0.4224609375 0.11180555416666667 0.4107421875 0.11180555416666667
1 0.365625 0.09652777916666667 0.3568359375 0.11215277916666667 0.3568359375 0.13645833333333332 0.36512276718750003 0.14791666666666667 0.3699218796875 0.14791666666666667 0.3763671875 0.146875 0.379296875 0.14513888958333335 0.3859375 0.12996031875 0.3859375 0.10833333333333334 0.379296875 0.09652777916666667 0.365625 0.09652777916666667
1 0.4955078125 0.07361111041666667 0.4916015625 0.0701388875 0.4818359375 0.0701388875 0.4759765625 0.07361111041666667 0.47109375 0.08229166666666667 0.469140625 0.08923611041666667 0.469140625 0.11006944375000001 0.4779296875 0.12916666666666668 0.4802734390625 0.13125 0.487304684375 0.13125 0.488671875 0.13090277708333334 0.4935546875 0.12916666666666668 0.50234375 0.11354166666666667 0.503125 0.10659722083333333 0.503125 0.08993055416666666 0.50234375 0.0857638875 0.4955078125 0.07361111041666667
1 0.591015625 0.065625 0.58515625 0.06215277708333333 0.5734375 0.065625 0.5646484375 0.08472222083333333 0.5646484375 0.10208333333333333 0.575390625 0.12465277708333335 0.578125 0.12708333333333333 0.5857421828125 0.12708333333333333 0.5900390625 0.1263888875 0.5998046875 0.1125 0.6015625 0.10624999791666667 0.6015625 0.0842013875 0.5978515625 0.07430555416666666 0.591015625 0.065625
1 0.6515625 0.08055555416666667 0.6408203125 0.09618055416666667 0.6390625 0.11805555416666666 0.6390625 0.12118055416666666 0.6427734375 0.134375 0.653515625 0.15 0.6558593765625 0.15208333333333332 0.6644531203125 0.15208333333333332 0.6662109375 0.15173611041666665 0.6681640625 0.14826388750000002 0.6681640625 0.12743055416666665 0.6720703125 0.11006944375000001 0.675 0.10486111041666667 0.675 0.09444444375000001 0.6671875 0.08055555416666667 0.6515625 0.08055555416666667
1 0.5521484375 0.05173611041666667 0.5482421875 0.05520833333333333 0.54140625 0.07083333333333333 0.54140625 0.08472222083333333 0.55165264375 0.10625 0.55976561875 0.10625 0.56484375 0.10555555416666666 0.56484375 0.08472222083333333 0.571875 0.06597222083333333 0.571875 0.06249999791666667 0.5658203125 0.05173611041666667 0.5521484375 0.05173611041666667
1 0.6671875 0.05173611041666667 0.659375 0.05173611041666667 0.6505859375 0.06041666666666667 0.6486328125 0.06736111041666668 0.649609375 0.08298611041666668 0.6515625 0.0795138875 0.6671875 0.0795138875 0.6763671875 0.09583333333333334 0.6787109359375 0.09583333333333334 0.6798828125 0.0951388875 0.68125 0.09270833333333334 0.68125 0.07614087291666666 0.675 0.05868055416666666 0.6671875 0.05173611041666667
1 0.735546875 0.0701388875 0.72578125 0.07361111041666667 0.7189453125 0.08923611041666667 0.7189453125 0.103125 0.72578125 0.12222222083333333 0.7359375015625 0.13125 0.7398437484375 0.13125 0.7404296875 0.13090277708333334 0.7515625 0.11440972291666666 0.7515625 0.09494949375 0.74140625 0.07361111041666667 0.735546875 0.0701388875
1 0.8197265625 0.13506944375 0.8080078125 0.128125 0.7953125 0.14027777708333333 0.79140625 0.15416666666666667 0.79140625 0.16805555416666668 0.7953125 0.18541666666666667 0.8021484375 0.20104166666666667 0.8080078125 0.20625 0.816796875 0.20625 0.8216796875 0.20451388750000002 0.828515625 0.19236111041666665 0.8296875 0.18819444375 0.8296875 0.15694444375 0.828515625 0.15069444375 0.8197265625 0.13506944375
0 0.7296875 0.28524305624999996 0.716015625 0.2713541666666667 0.6984375 0.26788194375 0.696484375 0.2713541666666667 0.684765625 0.27482638958333333 0.6720703125 0.2939236104166667 0.6662109375 0.31475694375 0.6642578125 0.34600694375 0.6720703125 0.3807291666666667 0.684765625 0.4032986104166667 0.696484375 0.41371527708333333 0.70185546875 0.41458333333333336 0.7088867203125 0.41458333333333336 0.723828125 0.40677083333333336 0.7365234375 0.3876736104166667 0.7423828125 0.3703125 0.74375 0.3435763895833333 0.74375 0.32951388958333333 0.7365234375 0.29739583333333336 0.7296875 0.28524305624999996
0 0.5015625 0.278125 0.491796875 0.27118055625 0.468359375 0.27118055625 0.45859375 0.278125 0.4439453125 0.30416666666666664 0.4400390625 0.325 0.4400390625 0.3527777791666667 0.4419921875 0.35625 0.4419921875 0.36666666666666664 0.4498046875 0.39097222291666667 0.4625 0.4100694458333333 0.4666015625 0.4125 0.4783203171875 0.4125 0.4849609375 0.41180555625 0.499609375 0.403125 0.5123046875 0.3840277791666667 0.51875 0.3611111104166667 0.51875 0.31319444583333333 0.5142578125 0.29722222291666667 0.5015625 0.278125
0 0.4849609375 0.4597222208333333 0.4791015625 0.4388888875 0.4703125 0.4197916666666667 0.4546875 0.4024305541666667 0.43125 0.39895833333333336 0.429296875 0.4024305541666667 0.41171875 0.409375 0.3931640625 0.4388888875 0.3853515625 0.4736111104166667 0.3853515625 0.5118055541666666 0.3912109375 0.5395833333333333 0.405859375 0.565625 0.421484375 0.5795138875 0.42734375 0.5795138875 0.4283203125 0.58125 0.4400390625 0.58125 0.452734375 0.5795138875 0.4791015625 0.5465277770833333 0.4869140625 0.5152777770833333 0.4875 0.50694444375 0.4875 0.48506944375 0.4869140625 0.48402777708333333 0.4849609375 0.4597222208333333
0 0.2716796875 0.5663194458333333 0.282421875 0.5506944458333333 0.290234375 0.5229166666666667 0.2921875 0.49166666666666664 0.290234375 0.4881944458333333 0.28828125 0.4673611125 0.2755859375 0.43784722291666667 0.2580078125 0.4239583333333333 0.2443359375 0.4239583333333333 0.2306640625 0.434375 0.219921875 0.45347222291666667 0.2140625 0.48125 0.216015625 0.5159722229166667 0.227734375 0.5333333333333333 0.23359375 0.5541666666666667 0.2384765625 0.5628472229166667 0.2498046859375 0.5729166666666666 0.2523437546875 0.5729166666666666 0.2609375 0.5715277791666666 0.2716796875 0.5663194458333333
0 0.2349609375 0.55694444375 0.222265625 0.5239583333333333 0.2046875 0.5065972208333334 0.19296875 0.503125 0.191015625 0.5065972208333334 0.179296875 0.5100694437500001 0.1646484375 0.5361111104166666 0.1587890625 0.5638888875 0.1587890625 0.5951388875 0.1626953125 0.6055555541666667 0.1646484375 0.6229166666666667 0.1705078125 0.6368055541666667 0.1705078125 0.64375 0.175390625 0.6524305541666667 0.19077148593749998 0.6645833333333333 0.2095703125 0.6645833333333333 0.222265625 0.6559027770833333 0.2291015625 0.64375 0.2375 0.6138888875 0.2375 0.5788194437499999 0.2369140625 0.5777777770833333 0.2349609375 0.55694444375
0 0.3044921875 0.30486111250000003 0.2888671875 0.29444444583333335 0.2712890625 0.30486111250000003 0.25859375 0.33090277916666666 0.2546875 0.35173611250000003 0.2546875 0.36909722291666663 0.260546875 0.396875 0.2771484375 0.41597222291666663 0.2818359359375 0.41875 0.2849609390625 0.41875 0.287890625 0.41770833333333335 0.3025390625 0.40902777916666666 0.311328125 0.39340277916666666 0.315625 0.37557870416666667 0.315625 0.32881944583333333 0.31328125 0.32048611250000003 0.3044921875 0.30486111250000003
0 0.2759765625 0.278125 0.2603515625 0.278125 0.2564453125 0.28159722291666667 0.24765625 0.29375 0.23984375 0.3145833333333333 0.23984375 0.3527777791666667 0.25042067343749996 0.375 0.251562503125 0.375 0.25546875 0.3736111125 0.253515625 0.35625 0.259375 0.325 0.2701171875 0.3059027791666667 0.2779296875 0.2989583333333333 0.2837890625 0.2989583333333333 0.2859375 0.2951388895833333 0.2859375 0.2914351854166667 0.2837890625 0.2850694458333333 0.2759765625 0.278125
0 0.3154296875 0.2079861125 0.326171875 0.18541666874999999 0.326171875 0.1611111125 0.32421875 0.15416666874999999 0.3173828125 0.1454861125 0.3056640625 0.1454861125 0.3017578125 0.14895833541666667 0.294921875 0.1611111125 0.291015625 0.17847222291666667 0.29296875 0.1923611125 0.2978515625 0.20451388958333333 0.306152340625 0.21041666666666667 0.3093750015625 0.21041666666666667 0.310546875 0.20972222291666667 0.3154296875 0.2079861125
0 0.3373046875 0.12447916666666667 0.3255859375 0.12447916666666667 0.3216796875 0.12795138958333332 0.31484375 0.14357638958333335 0.3265625 0.1609375 0.3265625 0.18125 0.33525390625 0.18125 0.3373046875 0.18003472291666667 0.344140625 0.16440972291666667 0.3453125 0.16024305625000002 0.3453125 0.13732638958333335 0.344140625 0.13315972291666667 0.3373046875 0.12447916666666667
0 0.524609375 0.05868055625 0.520703125 0.05520833541666667 0.5109375 0.05520833541666667 0.5021484375 0.06388888958333333 0.5001953125 0.08125 0.5041015625 0.09166666666666666 0.5041015625 0.10208333333333333 0.5099609375 0.1125 0.5197265625 0.1125 0.524609375 0.11076388958333333 0.5294921875 0.10208333333333333 0.5328125 0.084375 0.5328125 0.078125 0.5314453125 0.07083333333333333 0.524609375 0.05868055625
0 0.7314453125 0.12430555624999999 0.7236328125 0.1173611125 0.7099609375 0.1173611125 0.697265625 0.13645833333333332 0.697265625 0.146875 0.6953125 0.15034722291666666 0.697265625 0.17118055625 0.7099609375 0.19722222291666666 0.7130859359375 0.2 0.71972656875 0.2 0.728515625 0.19895833333333332 0.7314453125 0.19722222291666666 0.7421875 0.17465277916666666 0.7421875 0.15034722291666666 0.740234375 0.13993055625 0.7314453125 0.12430555624999999
0 0.6673828125 0.1267361104166667 0.6673828125 0.13715277708333332 0.6712890625 0.15104166666666666 0.680078125 0.16666666666666666 0.6853515625 0.17291666666666666 0.690234371875 0.17291666666666666 0.6966796875 0.171875 0.6966796875 0.16145833333333334 0.6947265625 0.15798611041666666 0.6966796875 0.13715277708333332 0.6986328125 0.13020833333333334 0.707421875 0.12152777708333334 0.7078125 0.11944444375 0.7078125 0.11486111041666666 0.703515625 0.10416666666666667 0.696484375 0.09791666666666667 0.6814174109375 0.09791666666666667 0.6712890625 0.109375 0.6673828125 0.1267361104166667
0 0.840234375 0.096875 0.83046875 0.10034722083333333 0.8255859375 0.11597222083333333 0.8275390625 0.13680555416666668 0.832421875 0.14895833333333333 0.83828125 0.15416666666666667 0.8490234375 0.15416666666666667 0.8546875 0.14074073958333333 0.8546875 0.12222222291666666 0.8529296875 0.11597222083333333 0.840234375 0.096875
1 0.92265625 0.19791666666666666 0.908984375 0.19444444375 0.9001953125 0.21701388958333334 0.9001953125 0.24131944375 0.908984375 0.2673611104166667 0.916796875 0.27430555624999997 0.9197265625 0.27256944375000003 0.9216796875 0.25173611041666666 0.9236328125 0.24479166666666666 0.9328125 0.23173611041666667 0.9328125 0.221875 0.9294921875 0.21006944375 0.92265625 0.19791666666666666