0 0.3701171875 0.25381944375 0.375 0.2451388875 0.37890625 0.23472222083333336 0.380859375 0.2138888875 0.376953125 0.19652777708333333 0.3681640625 0.18437499791666667 0.3544921875 0.18437499791666667 0.341796875 0.19999999791666667 0.337890625 0.2138888875 0.337890625 0.23472222083333336 0.3447265625 0.25381944375 0.3486328125 0.25381944375 0.3541992203125 0.2604166666666667 0.35624999375 0.2604166666666667 0.36328125 0.2590277770833333 0.3701171875 0.25381944375
1 0.4005859375 0.17881944375 0.3986328125 0.18576388958333334 0.3986328125 0.21006944375 0.407421875 0.22916666666666666 0.411328125 0.22916666666666666 0.4166015625 0.23541666666666666 0.4191406234375 0.23541666666666666 0.4220703125 0.234375 0.430859375 0.22916666666666666 0.4390625 0.21134259166666666 0.4390625 0.18101851875000002 0.430859375 0.16319444375 0.4199218734375 0.16041666666666668 0.4162109390625 0.16041666666666668 0.407421875 0.16666666666666666 0.4005859375 0.17881944375
1 0.4802734375 0.140625 0.4802734375 0.16145833333333334 0.4822265625 0.16840277708333332 0.4924913203125 0.18333333333333332 0.498046871875 0.18333333333333332 0.5056640625 0.18229166666666666 0.5134765625 0.171875 0.515625 0.16423611041666666 0.515625 0.134375 0.5154296875 0.13368055625 0.506640625 0.12152777708333334 0.501953125 0.11875 0.4984375015625 0.11875 0.4890625 0.12152777708333334 0.4802734375 0.140625
0 0.65390625 0.10694444583333333 0.640234375 0.10694444583333333 0.6314453125 0.12256944583333333 0.6294921875 0.1329861125 0.6314453125 0.15034722291666666 0.6436789765625 0.16875 0.64921875625 0.16875 0.6568359375 0.16770833333333332 0.659765625 0.16597222291666666 0.665625 0.15257936666666666 0.665625 0.12604166666666666 0.6646484375 0.12256944583333333 0.65390625 0.10694444583333333
0 0.690625 0.1142361125 0.676953125 0.1142361125 0.6662109375 0.13680555625000002 0.6662109375 0.15416666874999999 0.6681640625 0.1611111125 0.6783203109375 0.17916666666666667 0.6888672 0.17916666666666667 0.6955078125 0.17847222291666667 0.703125 0.16493055833333334 0.703125 0.1361111125 0.7013671875 0.12986111250000001 0.690625 0.1142361125
0 0.768359375 0.13576388958333335 0.7546875 0.13229166666666667 0.7439453125 0.14444444583333332 0.7419921875 0.15138888958333335 0.7419921875 0.17569444583333332 0.746735490625 0.1875 0.7474609390625 0.1875 0.752734375 0.184375 0.7771484375 0.18611111249999998 0.778125 0.18263888958333335 0.778125 0.15659722291666667 0.7771484375 0.15138888958333335 0.768359375 0.13576388958333335
0 0.82890625 0.20763888958333335 0.82109375 0.20069444583333332 0.80546875 0.20069444583333332 0.8015625 0.20416666666666666 0.7927734375 0.22326388958333335 0.7927734375 0.23715277916666666 0.7908203125 0.240625 0.7927734375 0.2579861125 0.803515625 0.2875 0.8123046859375 0.29375 0.81835938125 0.29375 0.8259765625 0.29270833333333335 0.8376953125 0.27534722291666663 0.8390625 0.26805555625 0.8390625 0.25347222291666666 0.8376953125 0.22673611249999998 0.82890625 0.20763888958333335
1 0.778515625 0.27152777708333337 0.7873046875 0.24895833333333334 0.7873046875 0.21770833333333334 0.7833984375 0.20381944375 0.77265625 0.18819444375 0.76875 0.18472222083333334 0.753125 0.18472222083333334 0.74921875 0.18819444375 0.7384765625 0.21076388750000002 0.7384765625 0.24201388750000002 0.753125 0.27152777708333337 0.7609375015625 0.27708333333333335 0.7699218703125 0.27708333333333335 0.7716796875 0.2767361104166667 0.778515625 0.27152777708333337
1 0.72734375 0.12534722083333333 0.713671875 0.12534722083333333 0.7068359375 0.13402777708333333 0.7029296875 0.14791666458333333 0.7029296875 0.16527777708333333 0.715625 0.19131944374999998 0.719726565625 0.19375 0.7267578046875001 0.19375 0.7302734375 0.19305555416666667 0.73515625 0.18784722083333336 0.7390625 0.178125 0.7390625 0.14444444374999998 0.7380859375 0.14097222083333336 0.72734375 0.12534722083333333
1 0.74765625 0.11510416666666666 0.74375 0.11857638958333333 0.7388671875 0.13072916666666667 0.7388671875 0.14114583333333333 0.74052734375 0.15 0.743401228125 0.15 0.74765625 0.13940972291666667 0.75546875 0.13246527708333333 0.7671875 0.1359375 0.7671875 0.1293087125 0.757421875 0.11510416666666666 0.74765625 0.11510416666666666
0 0.8314453125 0.3684027791666667 0.8158203125 0.3475694458333333 0.7943359375 0.34409722291666667 0.7806640625 0.3545138895833333 0.7640625 0.3875 0.76015625 0.4083333333333333 0.76015625 0.4465277791666667 0.771875 0.4881944458333333 0.7865234375 0.5107638895833333 0.796484375 0.5166666666666667 0.8093750046875 0.5166666666666667 0.816796875 0.5159722229166667 0.8255859375 0.5072916666666667 0.840234375 0.48125 0.8453125 0.4601851854166667 0.8453125 0.41541666666666666 0.836328125 0.3770833333333333 0.8314453125 0.3684027791666667
0 0.936328125 0.30520833333333336 0.932421875 0.3017361104166667 0.91875 0.3017361104166667 0.91484375 0.30520833333333336 0.9041015625 0.32777777708333333 0.9041015625 0.3763888875 0.9099609375 0.40069444375 0.91484375 0.409375 0.92890625 0.41875 0.9333984359375 0.41875 0.9353515625 0.4180555541666667 0.9509765625 0.39375 0.9515625 0.390625 0.9515625 0.34293981458333334 0.9470703125 0.3243055541666667 0.936328125 0.30520833333333336
0 0.95625 0.309375 0.9474609375 0.3215277791666667 0.9533203125 0.34930555625 0.9533203125 0.3840277791666667 0.9494140625 0.4013888895833333 0.96015625 0.41354166666666664 0.966015625 0.41354166666666664 0.9677734375 0.4166666666666667 0.968945315625 0.4166666666666667 0.9728515625 0.4152777791666667 0.97578125 0.41354166666666664 0.9787109375 0.4048611125 0.9787109375 0.39097222291666667 0.984375 0.37083333333333335 0.984375 0.3454044125 0.96796875 0.309375 0.95625 0.309375
0 1 0.3586111125 0.9953125 0.35694444583333335 0.9875 0.3638888895833333 0.9806640625 0.3795138895833333 0.9806640625 0.38993055625 0.9787109375 0.39340277916666666 0.9787109375 0.428125 0.9845703125 0.45243055625 0.993359375 0.46805555625 0.9964843734375 0.4708333333333333 0.9984375015625 0.4708333333333333 1 0.46990740833333333 1 0.3586111125
1 0.69453125 0.10694444583333333 0.680859375 0.10694444583333333 0.678125 0.11180555625 0.678125 0.11218434583333334 0.688671875 0.11388888958333333 0.696484375 0.12083333333333333 0.703984375 0.1375 0.7054687515625 0.1375 0.70625 0.1370370375 0.70625 0.12951388958333332 0.7052734375 0.12256944583333333 0.69453125 0.10694444583333333