0 0.3166015625 0.6253472229166667 0.3234375 0.6131944458333333 0.337109375 0.5715277791666666 0.3390625 0.5333333333333333 0.337109375 0.5298611125 0.33515625 0.5055555562499999 0.32734375 0.48472222291666667 0.3185546875 0.4725694458333333 0.3166015625 0.465625 0.3087890625 0.45868055625 0.3009765625 0.45868055625 0.2990234375 0.4552083333333333 0.2775390625 0.45868055625 0.2619140625 0.47604166666666664 0.251171875 0.4986111125 0.2453125 0.5263888895833333 0.2453125 0.5645833333333333 0.24921875 0.5854166666666667 0.2658203125 0.621875 0.2810546875 0.6354166666666666 0.2867187625 0.6354166666666666 0.3078125 0.6340277791666666 0.3166015625 0.6253472229166667
0 0.6416015625 0.47152777916666666 0.654296875 0.44895833333333335 0.662109375 0.42118055625 0.6640625 0.39340277916666666 0.662109375 0.38993055625 0.66015625 0.365625 0.65625 0.35173611250000003 0.6474609375 0.33611111250000003 0.6318359375 0.31875 0.6259765625 0.31875 0.6240234375 0.31527777916666666 0.6044921875 0.31527777916666666 0.5986328125 0.31875 0.5947265625 0.32569444583333335 0.5888671875 0.32916666666666666 0.578125 0.3482638895833333 0.572265625 0.36909722291666663 0.5703125 0.3795138895833333 0.5703125 0.41423611250000003 0.57421875 0.43506944583333335 0.578125 0.44895833333333335 0.5927734375 0.47152777916666666 0.6091796859375 0.48125 0.6193359484375 0.48125 0.6328125 0.48020833333333335 0.6416015625 0.47152777916666666
0 1 0.3625 0.9853515625 0.3329861104166667 0.9755859375 0.3329861104166667 0.96484375 0.3451388875 0.962890625 0.3659722208333333 0.9609375 0.36944444375 0.9609375 0.39027777708333333 0.962890625 0.39375 0.96484375 0.41458333333333336 0.9716796875 0.43020833333333336 0.98046875 0.4395833333333333 0.9867187453125 0.4395833333333333 0.990234375 0.4388888875 1 0.4180555541666667 1 0.3625
0 0.949609375 0.2923611104166667 0.945703125 0.28888888749999997 0.9359375 0.28888888749999997 0.93203125 0.2923611104166667 0.9271484375 0.30451388749999997 0.9330078125 0.31493055416666665 0.9388671875 0.34270833333333334 0.9369140625 0.38784722083333334 0.9404947937499999 0.39166666666666666 0.9503906203125 0.39166666666666666 0.9525390625 0.39131944375 0.95546875 0.38958333333333334 0.9603515625 0.37743055416666665 0.9603515625 0.36701388749999997 0.9640625 0.35052083333333334 0.9640625 0.32465277708333334 0.9603515625 0.31145833333333334 0.949609375 0.2923611104166667
0 0.9228515625 0.2949652791666667 0.9072265625 0.29149305625 0.9013671875 0.2949652791666667 0.892578125 0.3105902791666667 0.8890625 0.3262152791666667 0.8890625 0.3505902791666667 0.8984375 0.3939236125 0.9111328125 0.4060763895833333 0.912011715625 0.40625 0.92197265625 0.40625 0.9267578125 0.40260416666666665 0.935546875 0.38697916666666665 0.9390625 0.37447916875 0.9390625 0.33674768541666666 0.93359375 0.3140625 0.9228515625 0.2949652791666667
0 0.7640625 0.22660985 0.7640625 0.25729166666666664 0.765625 0.265625 0.7802734375 0.2951388895833333 0.7849609375 0.29791666666666666 0.790429684375 0.29791666666666666 0.796875 0.296875 0.7998046875 0.2951388895833333 0.8125 0.26909722291666666 0.8125 0.25868055625 0.8140625 0.2559027770833333 0.8140625 0.25173611041666666 0.8125 0.23784722291666668 0.806640625 0.21701388958333334 0.8017578125 0.20833333333333334 0.7929687484375 0.20208333333333334 0.7775390625 0.20208333333333334 0.7744140625 0.20486111041666666 0.7640625 0.22660985
0 0.5990234375 0.121875 0.5853515625 0.121875 0.5814453125 0.12534722291666667 0.57265625 0.14791666666666667 0.574609375 0.16875 0.5870738625 0.1875 0.5902343828125 0.1875 0.601953125 0.18611111249999998 0.6109375 0.17013888958333334 0.6109375 0.14166666666666666 0.609765625 0.1375 0.5990234375 0.121875
0 0.6455078125 0.19131944374999998 0.65234375 0.17569444374999998 0.65234375 0.14444444374999998 0.6396484375 0.12534722083333333 0.6259765625 0.12534722083333333 0.6201171875 0.12881944375 0.615234375 0.13749999791666667 0.61328125 0.14791666458333333 0.61328125 0.16874999791666667 0.615234375 0.17569444374999998 0.6272372171875 0.19375 0.6367187359375001 0.19375 0.642578125 0.19305555416666667 0.6455078125 0.19131944374999998
0 0.7134765625 0.1326388875 0.7056640625 0.1326388875 0.694921875 0.14826388750000002 0.69296875 0.15520833333333334 0.69296875 0.17604166666666668 0.7037109375 0.20208333333333334 0.7060546890625 0.20416666666666666 0.711523434375 0.20416666666666666 0.7125 0.20381944375 0.7173828125 0.19513888750000002 0.7271484375 0.19166666666666668 0.73125 0.184375 0.73125 0.15698302291666666 0.7232421875 0.13958333333333334 0.7134765625 0.1326388875
1 0.7076171875 0.22048611041666666 0.7076171875 0.24826388958333334 0.7115234375 0.26215277708333334 0.72421875 0.28125 0.7330078140625 0.2875 0.738281246875 0.2875 0.7447265625 0.2864583333333333 0.7544921875 0.27256944375000003 0.7583984375 0.25868055625 0.759375 0.24305555625 0.759375 0.22395833333333334 0.7564453125 0.21354166666666666 0.74765625 0.19791666666666666 0.740625 0.19166666666666668 0.7217881953124999 0.19166666666666668 0.7115234375 0.20659722291666668 0.7076171875 0.22048611041666666
1 0.36640625 0.21145833541666667 0.35078125 0.21145833541666667 0.3361328125 0.23402777916666664 0.334375 0.24027777916666665 0.334375 0.26568813333333335 0.344921875 0.28784722291666665 0.3478515609375 0.28958333333333336 0.3654296875 0.28958333333333336 0.3751953125 0.27569444583333336 0.378125 0.26527777916666667 0.378125 0.23402777916666664 0.3751953125 0.2236111125 0.36640625 0.21145833541666667
1 0.676171875 0.12777777916666666 0.6625 0.13125 0.6556640625 0.13993055625 0.6517578125 0.15381944583333332 0.6537109375 0.17465277916666666 0.6625 0.19375 0.6712890609375 0.2 0.6757812546874999 0.2 0.6810546875 0.19895833333333332 0.683984375 0.19722222291666666 0.6921875 0.17939814791666667 0.6921875 0.15258838541666667 0.68203125 0.13125 0.676171875 0.12777777916666666
0 0.44453125 0.15659722083333336 0.42890625 0.15659722083333336 0.4181640625 0.17222222083333336 0.4142578125 0.19305555416666667 0.4162109375 0.20347222083333336 0.423046875 0.21909722083333336 0.4296875015625 0.225 0.43730467656250005 0.225 0.4416015625 0.22430555416666667 0.4533203125 0.20694444374999998 0.4546875 0.20208333125 0.4546875 0.17413194375 0.4513671875 0.16527777708333333 0.44453125 0.15659722083333336
1 0.7140625 0.1310763895833333 0.7072265625 0.11545138958333333 0.6935546875 0.11197916666666667 0.6828125 0.12760416666666666 0.6828125 0.1345486125 0.6897656249999999 0.15 0.69365234375 0.15 0.7013671875 0.13628472291666668 0.7140625 0.1310763895833333
1 0.6296875 0.11145833333333334 0.623828125 0.11493055625 0.6189453125 0.1236111125 0.619921875 0.12881944583333332 0.627734375 0.121875 0.635546875 0.121875 0.6453125 0.13229166666666667 0.651025390625 0.14583333333333334 0.6513671875 0.14583333333333334 0.6515625 0.1454861125 0.6515625 0.1329861125 0.64140625 0.11493055625 0.6296875 0.11145833333333334