0 0.7767578125 0.6371527770833333 0.7669921875 0.6059027770833333 0.74453125 0.5694444437499999 0.725 0.5555555562500001 0.7015625 0.5520833333333334 0.699609375 0.5555555562500001 0.6859375 0.5590277770833333 0.668359375 0.5763888895833333 0.6517578125 0.6059027770833333 0.6419921875 0.6371527770833333 0.6380859375 0.6579861104166667 0.6361328125 0.7100694437499999 0.6380859375 0.7135416666666666 0.6380859375 0.7309027770833333 0.6419921875 0.7447916666666666 0.6419921875 0.7552083333333334 0.6458984375 0.7690972229166667 0.660546875 0.7986111104166667 0.67421875 0.8125 0.69375 0.8194444437499999 0.695703125 0.8229166666666666 0.7162109375 0.8211805562500001 0.750390625 0.7916666666666666 0.7669921875 0.7586805562500001 0.7748046875 0.7309027770833333 0.7748046875 0.7204861104166667 0.778125 0.7057291666666666 0.778125 0.65 0.7767578125 0.6475694437499999 0.7767578125 0.6371527770833333
0 0.573828125 0.39791666666666664 0.56796875 0.3770833333333333 0.5533203125 0.3475694458333333 0.5298828125 0.3302083333333333 0.5142578125 0.3302083333333333 0.4888671875 0.3475694458333333 0.4859375 0.35625 0.478125 0.36666666666666664 0.468359375 0.39791666666666664 0.46640625 0.4395833333333333 0.472265625 0.4673611125 0.4888671875 0.5003472229166667 0.5099934890625 0.5208333333333334 0.514062509375 0.5208333333333334 0.52890625 0.5194444458333334 0.5396484375 0.5177083333333333 0.5513671875 0.5072916666666667 0.55234375 0.5020833333333333 0.562109375 0.4881944458333333 0.569921875 0.4673611125 0.569921875 0.46041666666666664 0.573828125 0.45 0.573828125 0.4361111125 0.575 0.4340277791666667 0.575 0.42847222291666665 0.573828125 0.42222222291666667 0.573828125 0.39791666666666664
0 0.5029296875 0.28125 0.4931640625 0.2708333333333333 0.4736328125 0.2673611104166667 0.4560546875 0.27777777708333334 0.44140625 0.30034722291666666 0.434375 0.3253472229166666 0.434375 0.3556712979166667 0.4453125 0.4010416666666667 0.4501953125 0.40972222291666666 0.4619140625 0.4201388895833333 0.466796875 0.41840277708333334 0.46875 0.39409722291666666 0.47265625 0.3802083333333333 0.478515625 0.36631944375000003 0.498046875 0.33506944375000003 0.49609375 0.33159722291666666 0.4990234375 0.3263888895833333 0.5009765625 0.3333333333333333 0.5107421875 0.3333333333333333 0.51875 0.3285879625 0.51875 0.31493055625 0.515625 0.30381944375000003 0.5029296875 0.28125
0 0.321484375 0.3717013875 0.3341796875 0.3282986104166667 0.3322265625 0.2970486104166667 0.3263671875 0.2796875 0.313671875 0.2640625 0.305859375 0.2640625 0.30390625 0.2605902770833333 0.301953125 0.2640625 0.28828125 0.2675347208333333 0.282421875 0.27447916666666666 0.2755859375 0.28663194375 0.2697265625 0.3074652770833334 0.2697265625 0.3421875 0.2755859375 0.36302083333333335 0.282421875 0.3751736104166667 0.290234375 0.38211805416666667 0.297753909375 0.38333333333333336 0.3036132796875 0.38333333333333336 0.309765625 0.38211805416666667 0.321484375 0.3717013875
0 0.1875 0.3072916666666667 0.1859375 0.33229166666666665 0.1859375 0.34027777708333334 0.189453125 0.35590277708333334 0.1997178828125 0.37083333333333335 0.20605468437500002 0.37083333333333335 0.21484375 0.3697916666666667 0.2216796875 0.3645833333333333 0.228125 0.34985118958333333 0.228125 0.33055555625 0.224609375 0.32118055624999997 0.2265625 0.2864583333333333 0.2197265625 0.27777777708333334 0.2119140609375 0.275 0.20922309062500002 0.275 0.193359375 0.28993055624999997 0.1875 0.3072916666666667
0 0.2916015625 0.17743055416666667 0.2779296875 0.17743055416666667 0.2671875 0.19305555416666667 0.26328125 0.20694444374999998 0.26328125 0.22083333125000001 0.2662109375 0.22604166458333333 0.2759765625 0.2295138875 0.2851562515625 0.24583333333333332 0.2886718703125 0.24583333333333332 0.290625 0.2451388875 0.2984375 0.23472222083333336 0.3015625 0.22361110833333334 0.3015625 0.19781745833333333 0.2955078125 0.18090277708333333 0.2916015625 0.17743055416666667
0 0.5400390625 0.2989583333333333 0.55078125 0.2763888895833333 0.552734375 0.25555555625 0.5546875 0.2520833333333333 0.552734375 0.23125 0.548828125 0.21736111249999998 0.5380859375 0.19826388958333335 0.5322265625 0.19479166666666667 0.5283203125 0.18784722291666667 0.5068359375 0.19131944583333332 0.4990234375 0.19826388958333335 0.48828125 0.21736111249999998 0.484375 0.23125 0.49609375 0.25555555625 0.498046875 0.27291666666666664 0.5048828125 0.28159722291666667 0.5180419921875 0.30833333333333335 0.525000003125 0.30833333333333335 0.529296875 0.3076388895833333 0.5400390625 0.2989583333333333
0 0.4134765625 0.15260416458333334 0.4037109375 0.15954861041666665 0.39296875 0.18906249791666668 0.39296875 0.20642361041666665 0.396875 0.22378472083333334 0.4056640625 0.23940972083333334 0.4129882828125 0.24375 0.414208984375 0.24375 0.4125 0.23767361041666665 0.4125 0.21684027708333334 0.418359375 0.19253472083333334 0.4251953125 0.18038194375 0.4369140625 0.17343749791666668 0.4390625 0.16961805416666667 0.4390625 0.16726762708333334 0.4271484375 0.15260416458333334 0.4134765625 0.15260416458333334
0 0.4095703125 0.13194444375 0.3998046875 0.13194444375 0.3900390625 0.13888888958333334 0.38515625 0.14756944375 0.38125 0.15798611041666666 0.379296875 0.17534722291666668 0.383203125 0.19270833333333334 0.3880859375 0.20138888958333334 0.39296875 0.19965277708333332 0.39296875 0.18923611041666666 0.4037109375 0.15972222291666668 0.421875 0.15122441458333336 0.421875 0.14942129583333333 0.4193359375 0.13888888958333334 0.4095703125 0.13194444375
0 0.554296875 0.1267361104166667 0.55234375 0.13368055625 0.55234375 0.15798611041666666 0.5650390625 0.18402777708333332 0.5689453125 0.1875 0.58359375 0.18576388958333334 0.5953125 0.171875 0.5984375 0.1607638875 0.5984375 0.13298611041666666 0.597265625 0.1267361104166667 0.5884765625 0.11111111041666667 0.5787109375 0.10416666666666667 0.5728515625 0.10416666666666667 0.5630859375 0.11111111041666667 0.554296875 0.1267361104166667
0 0.766796875 0.221875 0.7609375 0.221875 0.758984375 0.21840277708333333 0.74140625 0.221875 0.7287109375 0.2375 0.7208984375 0.2618055541666667 0.7208984375 0.2930555541666667 0.7228515625 0.3034722208333333 0.7287109375 0.32083333333333336 0.74140625 0.34340277708333333 0.744140625 0.3458333333333333 0.7576171781250001 0.3458333333333333 0.7658203125 0.3451388875 0.774609375 0.3399305541666667 0.7853515625 0.32083333333333336 0.7890625 0.30763888749999996 0.7890625 0.26814236041666667 0.7814453125 0.24444444375 0.766796875 0.221875
1 0.5109375 0.11875 0.503125 0.11180555416666667 0.489453125 0.11180555416666667 0.485546875 0.11527777708333334 0.475 0.13743686666666666 0.475 0.1625 0.480859375 0.17291666666666666 0.4839843734375 0.17291666666666666 0.4845703125 0.17256944375 0.493359375 0.16388888750000002 0.51484375 0.16388888750000002 0.516796875 0.16736111041666665 0.51875 0.16157407291666667 0.51875 0.134375 0.5177734375 0.13090277708333334 0.5109375 0.11875
1 0.4296875 0.25173611041666666 0.423828125 0.2829861104166667 0.42578125 0.3142361104166667 0.427734375 0.32118055624999997 0.4322265625 0.32916666666666666 0.4330078125 0.32916666666666666 0.43359375 0.328125 0.439453125 0.30381944375000003 0.4521484375 0.28125 0.4599609375 0.27430555624999997 0.4716796875 0.2708333333333333 0.4736328125 0.2673611104166667 0.4853515625 0.2673611104166667 0.4951171875 0.27430555624999997 0.498046875 0.265625 0.494140625 0.25173611041666666 0.4833984375 0.23263888958333334 0.4724609375 0.22291666666666668 0.4533203125 0.22291666666666668 0.4384765625 0.23611111041666666 0.4296875 0.25173611041666666
1 0.7005859375 0.3736111125 0.6927734375 0.35625 0.68203125 0.340625 0.6703125 0.33368055625 0.641015625 0.33368055625 0.62734375 0.34409722291666667 0.6087890625 0.38055555625 0.6048828125 0.4013888895833333 0.6048828125 0.44305555625 0.6166015625 0.48472222291666667 0.633203125 0.5072916666666667 0.647265625 0.5166666666666667 0.6599609421875 0.5166666666666667 0.6673828125 0.5159722229166667 0.67421875 0.5142361125 0.6859375 0.5038194458333334 0.6986328125 0.48125 0.7078125 0.43555555625 0.7078125 0.42326388958333333 0.7064453125 0.4013888895833333 0.7005859375 0.3736111125
1 0.348046875 0.6935763895833333 0.336328125 0.6553819458333333 0.3265625 0.6345486124999999 0.3158203125 0.6189236124999999 0.2982421875 0.6050347229166667 0.2904296875 0.6050347229166667 0.2884765625 0.6015625 0.2650390625 0.6050347229166667 0.2455078125 0.6258680562500001 0.230859375 0.6588541666666666 0.223046875 0.6901041666666666 0.223046875 0.7352430562500001 0.226953125 0.7491319458333333 0.226953125 0.7595486124999999 0.238671875 0.7907986124999999 0.2533203125 0.8168402791666666 0.2611328125 0.8272569458333333 0.2650390625 0.8272569458333333 0.2708984375 0.8342013895833333 0.2900716109375 0.8375 0.3065429703125 0.8375 0.3158203125 0.8342013895833333 0.3236328125 0.8272569458333333 0.3421875 0.7907986124999999 0.3515625 0.7407986125 0.3515625 0.7380208354166666 0.35 0.7352430562500001 0.348046875 0.6935763895833333
1 0.2529296875 0.25312500208333333 0.2509765625 0.2565972229166667 0.2392578125 0.2600694458333333 0.23046875 0.27569444583333336 0.225 0.3016203708333334 0.225 0.32222222291666663 0.228515625 0.33472222291666665 0.2353515625 0.346875 0.2412109359375 0.35208333333333336 0.2578125 0.35208333333333336 0.267578125 0.34513888958333333 0.26953125 0.30694444583333336 0.271484375 0.29652777916666667 0.275 0.29027777708333335 0.275 0.2815476208333333 0.2685546875 0.26354166875 0.2529296875 0.25312500208333333