1 0.7158203125 0.30555555624999997 0.6962890625 0.30555555624999997 0.6767578125 0.3229166666666667 0.669921875 0.33506944375000003 0.662109375 0.3697916666666667 0.662109375 0.4045138895833333 0.669921875 0.4427083333333333 0.6865234375 0.47222222291666666 0.6962890625 0.4791666666666667 0.7041015625 0.4791666666666667 0.7060546875 0.4826388895833333 0.712890625 0.48090277708333334 0.7197265625 0.4791666666666667 0.7314453125 0.46875 0.748046875 0.4392361104166667 0.75390625 0.4114583333333333 0.75390625 0.3767361104166667 0.748046875 0.3489583333333333 0.7333984375 0.31944444375000003 0.7158203125 0.30555555624999997
1 0.677734375 0.3177083333333333 0.677734375 0.3107638895833333 0.67578125 0.3072916666666667 0.673828125 0.2864583333333333 0.6630859375 0.2673611104166667 0.6494140625 0.25694444375 0.6279296875 0.25694444375 0.6142578125 0.2673611104166667 0.60546875 0.2829861104166667 0.59765625 0.3177083333333333 0.59765625 0.3454861104166667 0.60546875 0.3767361104166667 0.6220703125 0.40625 0.6337890625 0.41319444375000003 0.642578125 0.4114583333333333 0.6533203125 0.40625 0.66015625 0.39409722291666666 0.66015625 0.3802083333333333 0.662109375 0.3767361104166667 0.6640625 0.35590277708333334 0.669921875 0.3385416666666667 0.669921875 0.33159722291666666 0.677734375 0.3177083333333333
1 0.5537109375 0.20486111041666666 0.5458984375 0.21180555625 0.53515625 0.234375 0.5537109375 0.25347222291666666 0.564453125 0.27256944375000003 0.5703125 0.30034722291666666 0.5703125 0.32465277708333334 0.5732421875 0.3298611104166667 0.580078125 0.328125 0.58984375 0.3142361104166667 0.59765625 0.28993055624999997 0.599609375 0.2795138895833333 0.599609375 0.24479166666666666 0.595703125 0.23090277708333332 0.5791015625 0.20486111041666666 0.5732421875 0.20138888958333334 0.5537109375 0.20486111041666666
1 0.611328125 0.24131944375 0.60546875 0.265625 0.60546875 0.2760416666666667 0.6083984375 0.27777777708333334 0.6142578125 0.2673611104166667 0.6279296875 0.25694444375 0.6494140625 0.25694444375 0.6630859375 0.2673611104166667 0.6748046875 0.28819444375000003 0.677734375 0.2864583333333333 0.677734375 0.26215277708333334 0.673828125 0.24479166666666666 0.6572265625 0.21875 0.6455078125 0.21527777708333332 0.6435546875 0.21180555625 0.6357421875 0.21180555625 0.6240234375 0.21875 0.611328125 0.24131944375
1 0.5556640625 0.25694444375 0.5380859375 0.23958333333333334 0.5224609375 0.23958333333333334 0.5048828125 0.25 0.494140625 0.26909722291666666 0.48828125 0.28993055624999997 0.48828125 0.3072916666666667 0.494140625 0.328125 0.49609375 0.35243055624999997 0.5087890625 0.375 0.5224609375 0.3854166666666667 0.53515625 0.38368055624999997 0.5478515625 0.37847222291666666 0.55859375 0.36284722291666666 0.560546875 0.35243055624999997 0.568359375 0.33506944375000003 0.5703125 0.30381944375000003 0.568359375 0.30034722291666666 0.56640625 0.2795138895833333 0.5556640625 0.25694444375
1 0.4580078125 0.27777777708333334 0.4560546875 0.27430555624999997 0.4384765625 0.27777777708333334 0.4267578125 0.28819444375000003 0.412109375 0.3177083333333333 0.408203125 0.33506944375000003 0.408203125 0.36284722291666666 0.4140625 0.39409722291666666 0.4228515625 0.41319444375000003 0.4384765625 0.43055555624999997 0.458984375 0.42881944375000003 0.4775390625 0.41319444375000003 0.486328125 0.39409722291666666 0.4921875 0.3732638895833333 0.494140625 0.3385416666666667 0.486328125 0.30381944375000003 0.4755859375 0.28472222291666666 0.4658203125 0.27777777708333334 0.4580078125 0.27777777708333334
1 0.4150390625 0.23611111041666666 0.4033203125 0.23611111041666666 0.3896484375 0.24652777708333332 0.37890625 0.265625 0.37109375 0.3072916666666667 0.376953125 0.33506944375000003 0.3857421875 0.35069444375000003 0.4013671875 0.3611111104166667 0.40625 0.359375 0.408203125 0.33159722291666666 0.4140625 0.3107638895833333 0.4287109375 0.28472222291666666 0.4365234375 0.28125 0.439453125 0.2760416666666667 0.4375 0.26215277708333334 0.4267578125 0.24305555625 0.4150390625 0.23611111041666666
1 0.439453125 0.24131944375 0.439453125 0.25173611041666666 0.4375 0.2552083333333333 0.439453125 0.27256944375000003 0.4423828125 0.27777777708333334 0.4462890625 0.27430555624999997 0.4560546875 0.27430555624999997 0.4580078125 0.27777777708333334 0.4716796875 0.28125 0.4833984375 0.2951388895833333 0.486328125 0.29340277708333334 0.49609375 0.26215277708333334 0.50390625 0.24826388958333334 0.5 0.23090277708333332 0.4912109375 0.21527777708333332 0.4755859375 0.20486111041666666 0.4658203125 0.20486111041666666 0.4453125 0.22395833333333334 0.439453125 0.24131944375
1 0.5849609375 0.17361111041666666 0.5869140625 0.17708333333333334 0.615234375 0.17534722291666668 0.619140625 0.14409722291666668 0.6103515625 0.12152777708333334 0.6025390625 0.11458333333333333 0.5869140625 0.11458333333333333 0.57421875 0.13368055625 0.572265625 0.15798611041666666 0.5771484375 0.17361111041666666 0.5849609375 0.17361111041666666
1 0.666015625 0.13020833333333334 0.666015625 0.14409722291666668 0.669921875 0.16145833333333334 0.6806640625 0.17708333333333334 0.697265625 0.17534722291666668 0.703125 0.16493055625 0.70703125 0.14756944375 0.705078125 0.1267361104166667 0.7001953125 0.11458333333333333 0.6904296875 0.10416666666666667 0.6748046875 0.10416666666666667 0.669921875 0.11284722291666666 0.666015625 0.13020833333333334
1 0.732421875 0.14756944375 0.732421875 0.15798611041666666 0.734375 0.16840277708333332 0.7470703125 0.19791666666666666 0.759765625 0.19618055625 0.76953125 0.18576388958333334 0.7734375 0.171875 0.7734375 0.15451388958333334 0.76953125 0.13715277708333332 0.7626953125 0.125 0.7490234375 0.11805555625 0.736328125 0.13020833333333334 0.732421875 0.14756944375