1 0.0677734375 0.7984375 0.0580078125 0.7880208333333333 0.0423828125 0.7880208333333333 0.0384765625 0.79149305625 0.027734375 0.8140625 0.027734375 0.8279513895833334 0.02578125 0.8314236125 0.027734375 0.86961805625 0.031640625 0.8835069458333333 0.031640625 0.8939236125 0.039453125 0.9182291666666667 0.0560546875 0.9512152791666666 0.0594726515625 0.9520833333333333 0.06337890625 0.9520833333333333 0.066796875 0.9460069458333333 0.066796875 0.9286458333333333 0.07265625 0.9043402791666666 0.0853515625 0.88524305625 0.0951171875 0.8817708333333333 0.0953125 0.8786458333333333 0.0953125 0.8635995375000001 0.084375 0.8279513895833334 0.0677734375 0.7984375
1 0.070703125 0.6229166666666667 0.066796875 0.6090277770833333 0.0560546875 0.5899305541666667 0.0521484375 0.5864583333333333 0.0404296875 0.5864583333333333 0.031640625 0.6020833333333333 0.027734375 0.6159722208333334 0.027734375 0.6368055541666667 0.02578125 0.6402777770833333 0.027734375 0.64375 0.027734375 0.6611111104166666 0.031640625 0.6784722208333334 0.0404296875 0.69756944375 0.0462890625 0.7045138875 0.0521484375 0.7045138875 0.053125 0.70625 0.058984375 0.70625 0.070703125 0.6888888875 0.071875 0.6826388875 0.071875 0.6354166666666666 0.070703125 0.6333333333333333 0.070703125 0.6229166666666667
1 0.088671875 0.5038194458333334 0.084765625 0.5003472229166667 0.073046875 0.5003472229166667 0.0642578125 0.5125 0.0603515625 0.5263888895833333 0.0603515625 0.5402777791666666 0.0583984375 0.54375 0.0603515625 0.575 0.07109375 0.6010416666666667 0.0833984375 0.6104166666666667 0.0865234375 0.6104166666666667 0.0876953125 0.6097222229166667 0.090625 0.6079861125 0.1013671875 0.5854166666666667 0.1015625 0.58125 0.1015625 0.534375 0.0994140625 0.5229166666666667 0.088671875 0.5038194458333334
1 0.19765625 0.4197916666666667 0.187890625 0.409375 0.172265625 0.409375 0.164453125 0.41631944375 0.1537109375 0.4423611104166667 0.1517578125 0.45277777708333333 0.1517578125 0.4875 0.1556640625 0.5013888875 0.16640625 0.5204861104166667 0.1777994796875 0.5291666666666667 0.1849609375 0.5291666666666667 0.2005859375 0.5118055541666666 0.2078125 0.4796875 0.2078125 0.45347222291666667 0.2025390625 0.4284722208333333 0.19765625 0.4197916666666667
1 0.143359375 0.39895833333333336 0.13359375 0.40590277708333333 0.1248046875 0.425 0.1228515625 0.4354166666666667 0.1228515625 0.4736111104166667 0.1248046875 0.4805555541666667 0.13634588125 0.4979166666666667 0.1521484375 0.4979166666666667 0.1541015625 0.49444444375 0.1521484375 0.4875 0.1521484375 0.4493055541666667 0.1580078125 0.4284722208333333 0.1625 0.42048611041666667 0.1625 0.4156249979166667 0.155078125 0.4024305541666667 0.143359375 0.39895833333333336
1 0.3140625 0.3546875 0.296484375 0.3546875 0.28671875 0.36163194375 0.2759765625 0.3807291666666667 0.2701171875 0.4015625 0.2681640625 0.42934027708333333 0.2701171875 0.4328125 0.2701171875 0.44670138958333333 0.2740234375 0.4640625 0.28671875 0.48315972291666665 0.287597653125 0.48333333333333334 0.29609375 0.48333333333333334 0.3072265625 0.45364583333333336 0.31796875 0.43802083333333336 0.323828125 0.4345486104166667 0.3287109375 0.4189236104166667 0.3287109375 0.40503472291666665 0.33125 0.39600694375 0.33125 0.3777584875 0.323828125 0.36163194375 0.3140625 0.3546875
1 0.3015625 0.28159722291666667 0.283984375 0.28159722291666667 0.280078125 0.2850694458333333 0.2693359375 0.30416666666666664 0.2654296875 0.31805555625 0.2654296875 0.3458333333333333 0.2673828125 0.35625 0.2737630203125 0.37083333333333335 0.2783203140625 0.37083333333333335 0.2810546875 0.3701388895833333 0.29375 0.3545138895833333 0.311328125 0.3545138895833333 0.3171875 0.3411210333333334 0.3171875 0.3137152791666667 0.3142578125 0.3006944458333333 0.3015625 0.28159722291666667
1 0.4208984375 0.3190972208333333 0.4296875 0.3 0.43359375 0.2861111104166667 0.43359375 0.25833333333333336 0.431640625 0.2513888875 0.4169921875 0.22881944375 0.3974609375 0.22881944375 0.3896484375 0.23576388750000002 0.380859375 0.25486111041666665 0.37890625 0.26527777708333333 0.37890625 0.2930555541666667 0.3916015625 0.3190972208333333 0.39990234375 0.325 0.4078124953125 0.325 0.412109375 0.3243055541666667 0.4208984375 0.3190972208333333
1 0.6068359375 0.2600694458333333 0.5970703125 0.25312500208333333 0.5755859375 0.25312500208333333 0.5716796875 0.2600694458333333 0.5658203125 0.26354166875 0.555078125 0.28611111250000004 0.551171875 0.30694444583333336 0.551171875 0.32777777916666667 0.55703125 0.35208333333333336 0.5697265625 0.37465277916666667 0.5794921859375 0.38333333333333336 0.598046875 0.38333333333333336 0.6087890625 0.37465277916666667 0.621484375 0.35208333333333336 0.625 0.33645833333333336 0.625 0.29878472291666663 0.617578125 0.27569444583333336 0.6068359375 0.2600694458333333
1 0.7703125 0.23333333333333334 0.7625 0.22638888750000002 0.75078125 0.22638888750000002 0.741015625 0.23333333333333334 0.7322265625 0.24895833333333334 0.7283203125 0.259375 0.7263671875 0.28368055416666665 0.7341796875 0.31493055416666665 0.744921875 0.33402777708333337 0.7527343765625 0.33958333333333335 0.76484374375 0.33958333333333335 0.7673828125 0.3392361104166667 0.776171875 0.33055555416666665 0.7849609375 0.31493055416666665 0.7859375 0.30972222083333334 0.7859375 0.2726851854166667 0.7810546875 0.25243055416666665 0.7703125 0.23333333333333334
0 0.48828125 0.43194444375 0.494140625 0.4076388875 0.49609375 0.38333333333333336 0.48828125 0.3486111104166667 0.4755859375 0.3260416666666667 0.4580078125 0.315625 0.4443359375 0.315625 0.4267578125 0.3295138875 0.416015625 0.3486111104166667 0.41015625 0.3729166666666667 0.41015625 0.4111111104166667 0.419921875 0.4423611104166667 0.4306640625 0.4579861104166667 0.4345703125 0.4579861104166667 0.4443359375 0.4666666666666667 0.462890625 0.4666666666666667 0.4755859375 0.4545138875 0.48828125 0.43194444375
0 0.334375 0.3802083333333333 0.33046875 0.39409722291666666 0.328515625 0.42534722291666666 0.3529296875 0.4270833333333333 0.3587890625 0.43055555624999997 0.3744140625 0.44444444375000003 0.389691840625 0.475 0.3919921859375 0.475 0.394921875 0.4739583333333333 0.4046875 0.46006944375000003 0.40859375 0.44618055624999997 0.409375 0.43090277708333335 0.409375 0.4024305541666667 0.4046875 0.3802083333333333 0.3978515625 0.3645833333333333 0.3900390625 0.3541666666666667 0.3812499984375 0.34791666666666665 0.35983072968749996 0.34791666666666665 0.3470703125 0.3576388895833333 0.334375 0.3802083333333333
0 0.30078125 0.4670138895833333 0.2953125 0.49618055624999996 0.2953125 0.5072916666666667 0.296875 0.5434027770833333 0.302734375 0.5642361104166667 0.3173828125 0.5902777770833333 0.3408203125 0.6041666666666666 0.3515625 0.6024305562500001 0.3662109375 0.59375 0.37890625 0.5746527770833333 0.38671875 0.5538194437499999 0.390625 0.5399305562500001 0.390625 0.52256944375 0.3921875 0.5197916666666667 0.3921875 0.5128472229166666 0.390625 0.48784722291666666 0.38671875 0.4704861104166667 0.3740234375 0.44444444375000003 0.3525390625 0.4270833333333333 0.3310546875 0.4270833333333333 0.3154296875 0.44097222291666666 0.30078125 0.4670138895833333
0 0.2962890625 0.7569444437499999 0.281640625 0.7829861104166667 0.271875 0.8211805562500001 0.271875 0.8454861104166667 0.269921875 0.8489583333333334 0.271875 0.8802083333333334 0.277734375 0.9114583333333334 0.281640625 0.921875 0.281640625 0.9288194437499999 0.2982421875 0.9618055562500001 0.3060546875 0.9722222229166667 0.3216796875 0.9826388895833333 0.3255859375 0.9895833333333334 0.3361328140625 0.9958333333333333 0.3509765546875 0.9958333333333333 0.371484375 0.9947916666666666 0.3841796875 0.9895833333333334 0.3978515625 0.9756944437499999 0.40859375 0.9565972229166667 0.41640625 0.9322916666666666 0.418359375 0.9114583333333334 0.4203125 0.9079861104166667 0.4203125 0.8940972229166667 0.421875 0.8913194437499999 0.421875 0.8482638895833333 0.4203125 0.8454861104166667 0.418359375 0.8246527770833333 0.4046875 0.7829861104166667 0.3939453125 0.7638888895833333 0.3666015625 0.7361111104166667 0.3607421875 0.7361111104166667 0.3591796875 0.7333333333333333 0.3224609390625 0.7333333333333333 0.3119140625 0.7395833333333334 0.2962890625 0.7569444437499999
0 0.10000004062500001 1 0.16796875 0.9986111125 0.16796875 0.9881944458333333 0.15234375 0.9395833333333333 0.1357421875 0.9100694458333333 0.1240234375 0.89618055625 0.1044921875 0.8822916666666667 0.0908203125 0.8822916666666667 0.0810546875 0.8892361125 0.072265625 0.9048611125 0.06640625 0.9326388895833334 0.06640625 0.9569444458333333 0.068359375 0.9604166666666667 0.068359375 0.97430555625 0.072265625 0.9847222229166667 0.082769096875 1 0.10000004062500001 1
0 0.119140625 0.53680555625 0.123046875 0.51944444375 0.123046875 0.47777777708333335 0.12109375 0.46736111041666667 0.1123046875 0.45173611041666667 0.1083984375 0.44826388749999996 0.0966796875 0.44826388749999996 0.0859375 0.46388888749999996 0.080078125 0.49513888749999996 0.09765625 0.5159722208333333 0.10427631562499999 0.5479166666666667 0.1085937484375 0.5479166666666667 0.111328125 0.5472222229166667 0.119140625 0.53680555625
0 0.0572265625 0.49583333333333335 0.050390625 0.5079861125 0.046484375 0.5253472229166667 0.046484375 0.553125 0.050390625 0.5704861124999999 0.0587890625 0.5854166666666667 0.0611328140625 0.5854166666666667 0.0640625 0.584375 0.06015625 0.5739583333333333 0.058203125 0.5427083333333333 0.06015625 0.5392361124999999 0.062109375 0.5184027791666667 0.0734375 0.4982638895833333 0.0734375 0.49715277916666667 0.0689453125 0.49236111250000003 0.0572265625 0.49583333333333335
0 0.56328125 0.15243055625000002 0.557421875 0.14895833541666667 0.545703125 0.15243055625000002 0.5330078125 0.17152777916666664 0.5310546875 0.17847222291666667 0.5310546875 0.20277777916666664 0.5349609375 0.21319444583333333 0.544509546875 0.22708333333333333 0.5623046890625 0.22708333333333333 0.57109375 0.21840277916666664 0.5740234375 0.20972222291666667 0.575 0.20451388958333333 0.575 0.1726851875 0.5701171875 0.1611111125 0.56328125 0.15243055625000002
0 0.9259765625 0.35590277708333334 0.9220703125 0.3732638895833333 0.9240234375 0.41493055624999997 0.9298828125 0.4357638895833333 0.934375 0.44375 0.9367187484375 0.44375 0.9396484375 0.4427083333333333 0.9484375 0.4166666666666667 0.958203125 0.40625 0.9703125 0.40459401875 0.9703125 0.37465277708333333 0.9650390625 0.35590277708333334 0.9528053968749999 0.3375 0.937890625 0.3375 0.934765625 0.34027777708333334 0.9259765625 0.35590277708333334
0 1 0.36659722083333335 0.9955078125 0.36180555416666665 0.9857421875 0.36180555416666665 0.9818359375 0.36527777708333337 0.973046875 0.384375 0.973046875 0.40520833333333334 0.98671875 0.42951388749999997 0.99453125 0.47118055416666665 0.9966796890625 0.475 0.9998046859375 0.475 1 0.47488425833333336 1 0.36659722083333335
1 0.0009765625 0.7395833333333334 0 0.8107638895833333 0.0029296875 0.8125 0.0126953125 0.8333333333333334 0.013671875 0.8315972229166667 0.015625 0.828125 0.015625 0.7899305562500001 0.005859375 0.7482638895833333 0.0009765625 0.7395833333333334
1 0 0.7310763875 0.0017578125 0.7310763875 0.0046875 0.7180555541666667 0.0046875 0.6814236104166667 0.00078125 0.6633680541666667 0 0.7175347208333334 0 0.7310763875
0 0.005859375 0.8454861104166667 0.0142578125 0.8604166666666667 0.0150390625 0.8604166666666667 0.015625 0.859375 0.013671875 0.8350694437499999 0.001275275 0.80625 0.0009505203125 0.80625 0 0.8315972229166667 0.005859375 0.8454861104166667