1 0.5 0.42881944375000003 0.494140625 0.453125 0.494140625 0.4982638895833333 0.501953125 0.5260416666666666 0.5244140625 0.5625 0.5400390625 0.5729166666666666 0.556640625 0.5711805562500001 0.5751953125 0.5590277770833333 0.58984375 0.5329861104166667 0.59765625 0.50868055625 0.599609375 0.46006944375000003 0.591796875 0.42534722291666666 0.5732421875 0.3958333333333333 0.5537109375 0.38194444375000003 0.5302734375 0.3854166666666667 0.5146484375 0.39930555624999997 0.5 0.42881944375000003
1 0.447265625 0.18576388958333334 0.451171875 0.19965277708333332 0.4638671875 0.21527777708333332 0.48046875 0.21354166666666666 0.4892578125 0.20486111041666666 0.49609375 0.18576388958333334 0.498046875 0.17534722291666668 0.49609375 0.15451388958333334 0.4921875 0.14409722291666668 0.4833984375 0.13194444375 0.4658203125 0.13194444375 0.4560546875 0.13888888958333334 0.447265625 0.16145833333333334 0.447265625 0.18576388958333334
1 0.4072265625 0.18055555625 0.4111328125 0.18402777708333332 0.41796875 0.18229166666666666 0.4267578125 0.17708333333333334 0.431640625 0.16840277708333332 0.435546875 0.15451388958333334 0.435546875 0.13020833333333334 0.4228515625 0.11111111041666667 0.4111328125 0.11111111041666667 0.396484375 0.13368055625 0.396484375 0.16145833333333334 0.3984375 0.16840277708333332 0.4072265625 0.18055555625
1 0.3798828125 0.14583333333333334 0.38671875 0.13020833333333334 0.38671875 0.109375 0.3798828125 0.09722222291666666 0.3662109375 0.09722222291666666 0.357421875 0.11284722291666666 0.357421875 0.13715277708333332 0.3662109375 0.14930555625 0.376953125 0.14756944375 0.3798828125 0.14583333333333334
1 0.46875 0.08854166666666667 0.46875 0.109375 0.4775390625 0.12847222291666666 0.4814453125 0.13194444375 0.48828125 0.13020833333333334 0.4931640625 0.12847222291666666 0.501953125 0.11284722291666666 0.50390625 0.09548611041666667 0.501953125 0.08506944375 0.4951171875 0.07291666666666667 0.4912109375 0.06944444375 0.4814453125 0.06944444375 0.4755859375 0.07291666666666667 0.470703125 0.08159722291666666 0.46875 0.08854166666666667
1 0.5751953125 0.125 0.5791015625 0.12847222291666666 0.58984375 0.1267361104166667 0.599609375 0.11284722291666666 0.6015625 0.10590277708333334 0.6015625 0.08506944375 0.59765625 0.07465277708333334 0.5908203125 0.06597222291666667 0.5849609375 0.0625 0.5732421875 0.06597222291666667 0.564453125 0.08506944375 0.564453125 0.10243055625 0.5751953125 0.125
1 0.642578125 0.13368055625 0.6533203125 0.14930555625 0.6572265625 0.15277777708333332 0.666015625 0.15104166666666666 0.66796875 0.14756944375 0.66796875 0.1267361104166667 0.671875 0.109375 0.67578125 0.10243055625 0.67578125 0.09548611041666667 0.6669921875 0.07986111041666667 0.6513671875 0.07986111041666667 0.640625 0.09548611041666667 0.638671875 0.11979166666666667 0.642578125 0.13368055625
1 0.564453125 0.08506944375 0.572265625 0.06423611041666667 0.5654296875 0.052083333333333336 0.5517578125 0.052083333333333336 0.5478515625 0.05555555625 0.541015625 0.07118055625 0.541015625 0.08506944375 0.5517578125 0.10763888958333333 0.564453125 0.10590277708333334 0.564453125 0.08506944375
1 0.6669921875 0.07986111041666667 0.6767578125 0.09722222291666666 0.6796875 0.09548611041666667 0.681640625 0.09201388958333333 0.681640625 0.078125 0.6748046875 0.05902777708333333 0.6669921875 0.052083333333333336 0.6591796875 0.052083333333333336 0.650390625 0.060763889583333335 0.6484375 0.06770833333333333 0.6494140625 0.08333333333333333 0.6513671875 0.07986111041666667 0.6669921875 0.07986111041666667
1 0.740234375 0.13020833333333334 0.751953125 0.11284722291666666 0.751953125 0.09548611041666667 0.7412109375 0.07291666666666667 0.7353515625 0.06944444375 0.7255859375 0.07291666666666667 0.71875 0.08854166666666667 0.71875 0.10243055625 0.7255859375 0.12152777708333334 0.7373046875 0.13194444375 0.740234375 0.13020833333333334
1 0.791015625 0.16840277708333332 0.794921875 0.18576388958333334 0.8017578125 0.20138888958333334 0.8095703125 0.20833333333333334 0.81640625 0.20659722291666668 0.8212890625 0.20486111041666666 0.828125 0.19270833333333334 0.830078125 0.18576388958333334 0.830078125 0.16145833333333334 0.828125 0.15104166666666666 0.8193359375 0.13541666666666666 0.8076171875 0.12847222291666666 0.794921875 0.140625 0.791015625 0.15451388958333334 0.791015625 0.16840277708333332
0 0.6845703125 0.27430555624999997 0.671875 0.29340277708333334 0.666015625 0.3142361104166667 0.6640625 0.3454861104166667 0.671875 0.3802083333333333 0.6845703125 0.40277777708333334 0.6962890625 0.41319444375000003 0.70703125 0.41493055624999997 0.7236328125 0.40625 0.736328125 0.38715277708333334 0.7421875 0.3697916666666667 0.744140625 0.33159722291666666 0.736328125 0.296875 0.7294921875 0.28472222291666666 0.7158203125 0.2708333333333333 0.6982421875 0.2673611104166667 0.6962890625 0.2708333333333333 0.6845703125 0.27430555624999997
0 0.443359375 0.30381944375000003 0.439453125 0.32465277708333334 0.439453125 0.35243055624999997 0.44140625 0.35590277708333334 0.44140625 0.36631944375000003 0.44921875 0.390625 0.4619140625 0.40972222291666666 0.4677734375 0.41319444375000003 0.484375 0.4114583333333333 0.4990234375 0.40277777708333334 0.51171875 0.38368055624999997 0.51953125 0.35590277708333334 0.51953125 0.3177083333333333 0.513671875 0.296875 0.5009765625 0.27777777708333334 0.4912109375 0.2708333333333333 0.4677734375 0.2708333333333333 0.4580078125 0.27777777708333334 0.443359375 0.30381944375000003
0 0.4306640625 0.39930555624999997 0.4287109375 0.40277777708333334 0.4111328125 0.40972222291666666 0.392578125 0.4392361104166667 0.384765625 0.4739583333333333 0.384765625 0.5121527770833334 0.390625 0.5399305562500001 0.4052734375 0.5659722229166667 0.4208984375 0.5798611104166667 0.4267578125 0.5798611104166667 0.4287109375 0.5833333333333334 0.439453125 0.5815972229166667 0.4521484375 0.5798611104166667 0.478515625 0.546875 0.486328125 0.515625 0.48828125 0.48784722291666666 0.486328125 0.484375 0.484375 0.46006944375000003 0.478515625 0.4392361104166667 0.4697265625 0.4201388895833333 0.4541015625 0.40277777708333334 0.4306640625 0.39930555624999997
0 0.2314453125 0.43402777708333334 0.220703125 0.453125 0.21484375 0.48090277708333334 0.216796875 0.515625 0.228515625 0.5329861104166667 0.234375 0.5538194437499999 0.2392578125 0.5625 0.2509765625 0.5729166666666666 0.26171875 0.5711805562500001 0.2724609375 0.5659722229166667 0.283203125 0.5503472229166667 0.291015625 0.52256944375 0.29296875 0.49131944375000003 0.291015625 0.48784722291666666 0.2890625 0.4670138895833333 0.2763671875 0.4375 0.2587890625 0.4236111104166667 0.2451171875 0.4236111104166667 0.2314453125 0.43402777708333334
0 0.1904296875 0.50694444375 0.1787109375 0.5104166666666666 0.1640625 0.5364583333333334 0.158203125 0.5642361104166667 0.158203125 0.5954861104166667 0.162109375 0.6059027770833333 0.1640625 0.6232638895833333 0.169921875 0.6371527770833333 0.169921875 0.6440972229166667 0.1748046875 0.6527777770833333 0.1923828125 0.6666666666666666 0.208984375 0.6649305562500001 0.2216796875 0.65625 0.228515625 0.6440972229166667 0.23828125 0.609375 0.23828125 0.5815972229166667 0.236328125 0.578125 0.234375 0.5572916666666666 0.2216796875 0.52430555625 0.2041015625 0.50694444375 0.1923828125 0.5034722229166666 0.1904296875 0.50694444375
0 0.25390625 0.35243055624999997 0.25390625 0.3697916666666667 0.259765625 0.39756944375000003 0.2763671875 0.4166666666666667 0.2822265625 0.4201388895833333 0.287109375 0.41840277708333334 0.3017578125 0.40972222291666666 0.310546875 0.39409722291666666 0.31640625 0.3697916666666667 0.31640625 0.33506944375000003 0.3125 0.32118055624999997 0.3037109375 0.30555555624999997 0.2880859375 0.2951388895833333 0.2705078125 0.30555555624999997 0.2578125 0.33159722291666666 0.25390625 0.35243055624999997
0 0.2568359375 0.28125 0.248046875 0.29340277708333334 0.240234375 0.3142361104166667 0.240234375 0.35243055624999997 0.2509765625 0.375 0.255859375 0.3732638895833333 0.25390625 0.35590277708333334 0.259765625 0.32465277708333334 0.2705078125 0.30555555624999997 0.2783203125 0.2986111104166667 0.2841796875 0.2986111104166667 0.287109375 0.29340277708333334 0.2841796875 0.28472222291666666 0.2763671875 0.27777777708333334 0.2607421875 0.27777777708333334 0.2568359375 0.28125
0 0.29296875 0.19270833333333334 0.2978515625 0.20486111041666666 0.3076171875 0.21180555625 0.310546875 0.21006944375 0.3154296875 0.20833333333333334 0.326171875 0.18576388958333334 0.326171875 0.16145833333333334 0.32421875 0.15451388958333334 0.3173828125 0.14583333333333334 0.3056640625 0.14583333333333334 0.3017578125 0.14930555625 0.294921875 0.16145833333333334 0.291015625 0.17881944375 0.29296875 0.19270833333333334
0 0.326171875 0.16145833333333334 0.326171875 0.18229166666666666 0.333984375 0.18229166666666666 0.3369140625 0.18055555625 0.34375 0.16493055625 0.345703125 0.15798611041666666 0.345703125 0.140625 0.34375 0.13368055625 0.3369140625 0.125 0.3251953125 0.125 0.3212890625 0.12847222291666666 0.314453125 0.14409722291666668 0.326171875 0.16145833333333334
0 0.50390625 0.09201388958333333 0.50390625 0.10243055625 0.5107421875 0.11458333333333333 0.51953125 0.11284722291666666 0.5244140625 0.11111111041666667 0.529296875 0.10243055625 0.533203125 0.08159722291666666 0.53125 0.07118055625 0.5244140625 0.05902777708333333 0.5205078125 0.05555555625 0.5107421875 0.05555555625 0.501953125 0.06423611041666667 0.5 0.08159722291666666 0.50390625 0.09201388958333333
0 0.6953125 0.15104166666666666 0.697265625 0.171875 0.7099609375 0.19791666666666666 0.7138671875 0.20138888958333334 0.728515625 0.19965277708333332 0.7314453125 0.19791666666666666 0.7421875 0.17534722291666668 0.7421875 0.15104166666666666 0.740234375 0.140625 0.7314453125 0.125 0.7236328125 0.11805555625 0.7099609375 0.11805555625 0.697265625 0.13715277708333332 0.697265625 0.14756944375 0.6953125 0.15104166666666666
0 0.671875 0.109375 0.66796875 0.1267361104166667 0.66796875 0.13715277708333332 0.671875 0.15104166666666666 0.6806640625 0.16666666666666666 0.6865234375 0.17361111041666666 0.697265625 0.171875 0.697265625 0.16145833333333334 0.6953125 0.15798611041666666 0.697265625 0.13715277708333332 0.69921875 0.13020833333333334 0.7080078125 0.12152777708333334 0.708984375 0.11631944375 0.7041015625 0.10416666666666667 0.6962890625 0.09722222291666666 0.6826171875 0.09722222291666666 0.671875 0.109375
0 0.849609375 0.15451388958333334 0.85546875 0.140625 0.85546875 0.12326388958333333 0.853515625 0.11631944375 0.8408203125 0.09722222291666666 0.8310546875 0.10069444375 0.826171875 0.11631944375 0.828125 0.13715277708333332 0.8330078125 0.14930555625 0.8408203125 0.15625 0.849609375 0.15451388958333334
1 0.9091796875 0.2673611104166667 0.9169921875 0.27430555624999997 0.919921875 0.27256944375000003 0.921875 0.25173611041666666 0.923828125 0.24479166666666666 0.93359375 0.23090277708333332 0.93359375 0.22395833333333334 0.9296875 0.21006944375 0.9228515625 0.19791666666666666 0.9091796875 0.19444444375 0.900390625 0.21701388958333334 0.900390625 0.24131944375 0.9091796875 0.2673611104166667