0 0.419921875 0.16840277708333332 0.416015625 0.18229166666666666 0.41796875 0.20659722291666668 0.4248046875 0.21875 0.4318359375 0.225 0.436914059375 0.225 0.443359375 0.22395833333333334 0.4501953125 0.21875 0.458984375 0.19965277708333332 0.458984375 0.171875 0.45703125 0.16493055625 0.4482421875 0.15277777708333332 0.4435546875 0.15 0.4396484390625 0.15 0.4287109375 0.15277777708333332 0.419921875 0.16840277708333332
1 0.5087890625 0.2079861125 0.51953125 0.18888888958333333 0.521484375 0.16458333541666667 0.517578125 0.15069444583333333 0.5107421875 0.13854166874999999 0.5068359375 0.13506944583333333 0.4951171875 0.13506944583333333 0.4873046875 0.14201388958333333 0.48046875 0.15416666874999999 0.478515625 0.1611111125 0.478515625 0.18194444583333333 0.4853515625 0.20104166874999999 0.4958984359375 0.21041666666666667 0.500000003125 0.21041666666666667 0.501953125 0.20972222291666667 0.5087890625 0.2079861125
0 0.5625 0.13020833333333334 0.564453125 0.15104166666666666 0.5751953125 0.17013888958333334 0.5798828125 0.17291666666666666 0.5837890609375 0.17291666666666666 0.587890625 0.171875 0.59765625 0.16145833333333334 0.6015625 0.14756944375 0.6015625 0.13020833333333334 0.599609375 0.12326388958333333 0.5893446171875001 0.10833333333333334 0.5744140625 0.10833333333333334 0.5712890625 0.11111111041666667 0.5625 0.13020833333333334
0 0.7130859375 0.140625 0.7150390625 0.16145833333333334 0.72578125 0.18055555625 0.72890625 0.18333333333333332 0.7332031234375 0.18333333333333332 0.7384765625 0.18229166666666666 0.7482421875 0.16840277708333332 0.75 0.14965277708333333 0.75 0.146875 0.7462890625 0.13368055625 0.739453125 0.12152777708333334 0.736328125 0.11875 0.72328125 0.11875 0.7169921875 0.1267361104166667 0.7130859375 0.140625
0 0.77265625 0.13125 0.762890625 0.12777777916666666 0.7501953125 0.146875 0.7501953125 0.16076388958333335 0.7484375 0.16388888958333334 0.7484375 0.16510416875 0.7521484375 0.18159722291666666 0.758984375 0.19375 0.7677734359375 0.2 0.771484378125 0.2 0.7755859375 0.19895833333333332 0.778515625 0.19722222291666666 0.784375 0.18382936666666666 0.784375 0.15034722291666666 0.7833984375 0.146875 0.77265625 0.13125
1 0.808203125 0.14930555625 0.80234375 0.14583333333333334 0.79453125 0.14930555625 0.7876953125 0.16145833333333334 0.7857421875 0.18923611041666666 0.796484375 0.21527777708333332 0.800390625 0.21875 0.8130859375 0.21701388958333334 0.8189453125 0.21006944375 0.821875 0.19965277916666666 0.821875 0.18229166666666666 0.8208984375 0.16840277708333332 0.808203125 0.14930555625
1 0.84921875 0.21909722083333336 0.843359375 0.21562499791666667 0.8296875 0.21562499791666667 0.8169921875 0.23472222083333336 0.8150390625 0.2451388875 0.8150390625 0.26944444375000004 0.8169921875 0.27986111041666667 0.8208984375 0.29027777708333335 0.83359375 0.309375 0.8371093765625 0.3125 0.840039053125 0.3125 0.8501953125 0.31111111041666667 0.8580078125 0.30069444375000004 0.8619140625 0.28680555416666664 0.8625 0.28368055416666665 0.8625 0.25694444375 0.8619140625 0.24861111041666667 0.84921875 0.21909722083333336
1 0.82890625 0.14236111041666666 0.825 0.14583333333333334 0.8201171875 0.15798611041666666 0.8201171875 0.17534722291666668 0.823046875 0.18055555625 0.8240234375 0.17881944375 0.8240234375 0.17534722291666668 0.8328125 0.16319444375 0.8484375 0.16482843125000002 0.8484375 0.16280864166666667 0.840625 0.14583333333333334 0.82890625 0.14236111041666666
0 0.8224609375 0.17881944375 0.8224609375 0.203125 0.8244140625 0.21006944375 0.82734375 0.21527777708333332 0.84296875 0.21527777708333332 0.8520833343750001 0.225 0.85390625 0.225 0.8556640625 0.22395833333333334 0.859375 0.20086805416666667 0.859375 0.19884259166666668 0.8537109375 0.17534722291666668 0.8397135406249999 0.16041666666666668 0.8375000015625 0.16041666666666668 0.83125 0.16319444375 0.8224609375 0.17881944375
0 0.897265625 0.24635416666666668 0.893359375 0.2428819458333333 0.8796875 0.2428819458333333 0.873828125 0.24982638958333334 0.8689453125 0.26197916666666665 0.8669921875 0.27239583333333334 0.8669921875 0.3001736125 0.877734375 0.3331597229166666 0.8849609375 0.33958333333333335 0.89951171875 0.33958333333333335 0.9099609375 0.32100694583333333 0.9109375 0.3175347229166666 0.9109375 0.27934027708333337 0.9060546875 0.26197916666666665 0.897265625 0.24635416666666668
0 0.987109375 0.36753472291666667 0.97734375 0.37447916666666664 0.9705078125 0.38663194375000004 0.9685546875 0.40746527708333335 0.9666015625 0.4109375 0.9666015625 0.4421875 0.9744140625 0.47690972291666667 0.98515625 0.4890625 0.9877929703125 0.4895833333333333 0.99599609375 0.4895833333333333 0.9984375 0.488136575 0.9984375 0.3737847208333333 0.996875 0.37100694375000004 0.987109375 0.36753472291666667
0 0.8837890625 0.403125 0.8701171875 0.3927083333333333 0.8544921875 0.3927083333333333 0.8408203125 0.403125 0.828125 0.42916666666666664 0.822265625 0.45347222291666667 0.8203125 0.49166666666666664 0.828125 0.5298611125 0.8427734375 0.559375 0.8580078125 0.5729166666666666 0.8613281328125 0.5729166666666666 0.873046875 0.5715277791666666 0.8876953125 0.559375 0.8984375 0.5402777791666666 0.90625 0.5055555562499999 0.90625 0.4777777791666667 0.8984375 0.4326388895833333 0.8837890625 0.403125
1 0.78046875 0.12847222291666666 0.770703125 0.12152777708333334 0.76875 0.125 0.762890625 0.125 0.7599609375 0.13020833333333334 0.774609375 0.13541666666666666 0.786328125 0.15972222291666668 0.7890625 0.15810185208333336 0.7890625 0.15625 0.7873046875 0.140625 0.78046875 0.12847222291666666