0 1 0.546875 0.9951171875 0.5451388895833333 0.98046875 0.5677083333333334 0.97265625 0.5920138895833333 0.96875 0.6128472229166667 0.96875 0.671875 0.970703125 0.6753472229166667 0.970703125 0.6892361104166667 0.9794921875 0.7152777770833333 0.9912109375 0.7256944437499999 1 0.7239583333333334 1 0.546875
0 0.9150390625 0.52430555625 0.9033203125 0.53125 0.8955078125 0.5416666666666666 0.880859375 0.5746527770833333 0.87109375 0.6232638895833333 0.87109375 0.6684027770833333 0.873046875 0.671875 0.873046875 0.6822916666666666 0.87890625 0.6996527770833333 0.87890625 0.7065972229166667 0.8994140625 0.7395833333333334 0.9052734375 0.7430555562500001 0.921875 0.7413194437499999 0.9345703125 0.7326388895833333 0.94921875 0.7100694437499999 0.9609375 0.6753472229166667 0.9609375 0.6649305562500001 0.96484375 0.6510416666666666 0.96484375 0.5989583333333334 0.955078125 0.5572916666666666 0.9423828125 0.5347222229166667 0.9287109375 0.52430555625 0.9150390625 0.52430555625
0 0.6376953125 0.3333333333333333 0.626953125 0.35243055624999997 0.619140625 0.3767361104166667 0.615234375 0.39756944375000003 0.615234375 0.421875 0.623046875 0.46006944375000003 0.6435546875 0.5 0.6533203125 0.50694444375 0.67578125 0.5052083333333334 0.6865234375 0.5 0.6943359375 0.4895833333333333 0.708984375 0.46006944375000003 0.71484375 0.4357638895833333 0.71484375 0.39409722291666666 0.70703125 0.36284722291666666 0.6943359375 0.33680555624999997 0.6708984375 0.31944444375000003 0.6591796875 0.31944444375000003 0.6376953125 0.3333333333333333
0 0.3291015625 0.5520833333333334 0.3173828125 0.5486111104166667 0.3154296875 0.5451388895833333 0.2919921875 0.5451388895833333 0.2685546875 0.5659722229166667 0.251953125 0.5989583333333334 0.251953125 0.6059027770833333 0.24609375 0.6267361104166667 0.24609375 0.6822916666666666 0.25 0.6927083333333334 0.25390625 0.7170138895833333 0.2705078125 0.75 0.2958984375 0.7743055562500001 0.322265625 0.7725694437499999 0.3330078125 0.7673611104166667 0.3388671875 0.7604166666666666 0.357421875 0.7239583333333334 0.3671875 0.6857638895833333 0.3671875 0.6440972229166667 0.359375 0.6128472229166667 0.359375 0.6059027770833333 0.3515625 0.5850694437499999 0.3388671875 0.5625 0.3291015625 0.5520833333333334
0 0.1904296875 0.5347222229166667 0.1767578125 0.5381944437499999 0.1611328125 0.5520833333333334 0.15234375 0.5677083333333334 0.150390625 0.578125 0.146484375 0.5850694437499999 0.14453125 0.5954861104166667 0.14453125 0.6197916666666666 0.142578125 0.6232638895833333 0.14453125 0.6267361104166667 0.14453125 0.6545138895833333 0.1494140625 0.6701388895833333 0.1728515625 0.6770833333333334 0.1904296875 0.6979166666666666 0.2021484375 0.7222222229166667 0.208984375 0.7204861104166667 0.2158203125 0.7152777770833333 0.23046875 0.6857638895833333 0.23046875 0.6753472229166667 0.234375 0.6649305562500001 0.234375 0.6197916666666666 0.232421875 0.6163194437499999 0.232421875 0.6059027770833333 0.224609375 0.5746527770833333 0.2099609375 0.5486111104166667 0.1904296875 0.5347222229166667
0 0.4462890625 0.20486111041666666 0.4375 0.22048611041666666 0.4375 0.22743055625 0.43359375 0.23784722291666668 0.43359375 0.25868055625 0.4375 0.26909722291666666 0.4375 0.2760416666666667 0.4443359375 0.2916666666666667 0.4580078125 0.30555555624999997 0.474609375 0.30381944375000003 0.4794921875 0.3020833333333333 0.4873046875 0.2916666666666667 0.49609375 0.26909722291666666 0.498046875 0.23090277708333332 0.4921875 0.21354166666666666 0.4853515625 0.20138888958333334 0.4775390625 0.19444444375 0.4716796875 0.19097222291666668 0.4560546875 0.19444444375 0.4462890625 0.20486111041666666
0 0.4921875 0.2829861104166667 0.486328125 0.3072916666666667 0.486328125 0.32465277708333334 0.484375 0.328125 0.486328125 0.359375 0.5107421875 0.39930555624999997 0.5166015625 0.39930555624999997 0.5185546875 0.40277777708333334 0.541015625 0.4010416666666667 0.5458984375 0.39930555624999997 0.5625 0.3697916666666667 0.568359375 0.3489583333333333 0.568359375 0.3107638895833333 0.5625 0.2864583333333333 0.5498046875 0.26388888958333334 0.5322265625 0.25347222291666666 0.5185546875 0.25347222291666666 0.5029296875 0.2673611104166667 0.4921875 0.2829861104166667
0 0.6376953125 0.19444444375 0.6181640625 0.19097222291666668 0.6044921875 0.20138888958333334 0.59765625 0.21354166666666666 0.59375 0.22743055625 0.591796875 0.25868055625 0.59375 0.26909722291666666 0.5966796875 0.27430555624999997 0.59765625 0.27256944375000003 0.6015625 0.25868055625 0.6103515625 0.24305555625 0.6240234375 0.22916666666666666 0.6435546875 0.22916666666666666 0.6533203125 0.23611111041666666 0.6572265625 0.24305555625 0.662109375 0.24131944375 0.658203125 0.22395833333333334 0.6494140625 0.20486111041666666 0.6376953125 0.19444444375
1 0.5771484375 0.17361111041666666 0.564453125 0.19618055625 0.560546875 0.21354166666666666 0.560546875 0.22395833333333334 0.564453125 0.24479166666666666 0.5712890625 0.2604166666666667 0.5849609375 0.27430555624999997 0.59375 0.27256944375000003 0.591796875 0.23784722291666668 0.595703125 0.21701388958333334 0.6044921875 0.20138888958333334 0.6142578125 0.19444444375 0.615234375 0.18923611041666666 0.61328125 0.18229166666666666 0.6064453125 0.17361111041666666 0.5908203125 0.16666666666666666 0.5888671875 0.17013888958333334 0.5771484375 0.17361111041666666
1 0.4345703125 0.17708333333333334 0.423828125 0.19618055625 0.419921875 0.21006944375 0.419921875 0.234375 0.423828125 0.24826388958333334 0.4306640625 0.2604166666666667 0.43359375 0.25868055625 0.43359375 0.234375 0.4375 0.22048611041666666 0.4482421875 0.20138888958333334 0.4560546875 0.19444444375 0.4677734375 0.19444444375 0.470703125 0.18923611041666666 0.4677734375 0.18055555625 0.4541015625 0.17013888958333334 0.4443359375 0.17013888958333334 0.4345703125 0.17708333333333334
1 0.2255859375 0.44444444375000003 0.2119140625 0.44444444375000003 0.2001953125 0.4513888895833333 0.1962890625 0.4548611104166667 0.18359375 0.48090277708333334 0.177734375 0.5260416666666666 0.1806640625 0.5347222229166667 0.1904296875 0.5347222229166667 0.2080078125 0.5451388895833333 0.22265625 0.5677083333333334 0.23046875 0.5954861104166667 0.2353515625 0.6041666666666666 0.236328125 0.6024305562500001 0.24609375 0.5920138895833333 0.251953125 0.578125 0.251953125 0.5711805562500001 0.2578125 0.5538194437499999 0.259765625 0.5121527770833334 0.2578125 0.50868055625 0.255859375 0.48784722291666666 0.2392578125 0.4548611104166667 0.2314453125 0.4479166666666667 0.2255859375 0.44444444375000003
1 0.7314453125 0.3645833333333333 0.72265625 0.38368055624999997 0.716796875 0.41493055624999997 0.716796875 0.4322916666666667 0.71484375 0.4357638895833333 0.716796875 0.4635416666666667 0.724609375 0.49131944375000003 0.7353515625 0.5104166666666666 0.7412109375 0.5138888895833333 0.7451171875 0.5208333333333334 0.7568359375 0.52430555625 0.7587890625 0.5277777770833334 0.76171875 0.5260416666666666 0.7724609375 0.5208333333333334 0.78515625 0.48090277708333334 0.7978515625 0.4583333333333333 0.810546875 0.44618055624999997 0.810546875 0.41840277708333334 0.80078125 0.3802083333333333 0.7841796875 0.3541666666666667 0.7705078125 0.34375 0.7470703125 0.34722222291666666 0.7314453125 0.3645833333333333
1 0.8525390625 0.4583333333333333 0.8330078125 0.44444444375000003 0.8154296875 0.44444444375000003 0.8056640625 0.4513888895833333 0.7919921875 0.46875 0.77734375 0.5052083333333334 0.77734375 0.515625 0.7734375 0.5329861104166667 0.7734375 0.578125 0.783203125 0.6163194437499999 0.7998046875 0.6423611104166667 0.8134765625 0.6527777770833333 0.83984375 0.6510416666666666 0.8505859375 0.6423611104166667 0.8671875 0.6128472229166667 0.875 0.5850694437499999 0.875 0.5711805562500001 0.876953125 0.5677083333333334 0.876953125 0.5295138895833333 0.875 0.5260416666666666 0.875 0.5121527770833334 0.865234375 0.48090277708333334 0.8525390625 0.4583333333333333
1 0.625 0.8315972229166667 0.611328125 0.8003472229166667 0.5986328125 0.78125 0.5771484375 0.7604166666666666 0.5595703125 0.75 0.5322265625 0.75 0.5302734375 0.7534722229166667 0.5185546875 0.7534722229166667 0.5107421875 0.7604166666666666 0.5048828125 0.7604166666666666 0.4951171875 0.7708333333333334 0.4912109375 0.7708333333333334 0.470703125 0.8038194437499999 0.451171875 0.8628472229166667 0.451171875 0.8836805562500001 0.44921875 0.8871527770833333 0.44921875 0.9114583333333334 0.451171875 0.9149305562500001 0.453125 0.9427083333333334 0.46484375 0.984375 0.46484375 0.9913194437499999 0.4677734375 0.9965277770833333 0.603515625 0.9982638895833333 0.6162109375 0.9965277770833333 0.623046875 0.9739583333333334 0.626953125 0.9704861104166667 0.634765625 0.9357638895833333 0.634765625 0.9045138895833333 0.63671875 0.9010416666666666 0.634765625 0.8975694437499999 0.6328125 0.8697916666666666 0.625 0.8385416666666666 0.625 0.8315972229166667
1 0.6240234375 0.22916666666666666 0.6201171875 0.23611111041666666 0.6162109375 0.23611111041666666 0.599609375 0.26215277708333334 0.59765625 0.27256944375000003 0.59765625 0.3072916666666667 0.60546875 0.3385416666666667 0.6181640625 0.3611111104166667 0.623046875 0.359375 0.6376953125 0.3333333333333333 0.6455078125 0.3263888895833333 0.6572265625 0.31944444375000003 0.6728515625 0.31944444375000003 0.67578125 0.3142361104166667 0.67578125 0.2829861104166667 0.673828125 0.27256944375000003 0.6572265625 0.23958333333333334 0.6455078125 0.22916666666666666 0.6240234375 0.22916666666666666
0 0.25 0.2795138895833333 0.26171875 0.26215277708333334 0.263671875 0.234375 0.259765625 0.22048611041666666 0.2529296875 0.21180555625 0.2412109375 0.21180555625 0.23046875 0.22743055625 0.2265625 0.24131944375 0.2265625 0.25868055625 0.2373046875 0.28125 0.25 0.2795138895833333
1 0.1669921875 0.6736111104166667 0.1455078125 0.6701388895833333 0.1279296875 0.6840277770833333 0.119140625 0.6996527770833333 0.11328125 0.7204861104166667 0.111328125 0.7829861104166667 0.1171875 0.8038194437499999 0.1171875 0.8107638895833333 0.125 0.828125 0.126953125 0.8385416666666666 0.1376953125 0.8576388895833333 0.1533203125 0.875 0.1669921875 0.8784722229166667 0.1689453125 0.8819444437499999 0.17578125 0.8802083333333334 0.1962890625 0.8680555562500001 0.208984375 0.8350694437499999 0.2109375 0.8038194437499999 0.212890625 0.8003472229166667 0.212890625 0.7829861104166667 0.2109375 0.7795138895833333 0.208984375 0.7552083333333334 0.201171875 0.7204861104166667 0.1826171875 0.6875 0.1669921875 0.6736111104166667