0 0.05078125 0.49131944375000003 0.05078125 0.515625 0.052734375 0.5260416666666666 0.0595703125 0.5381944437499999 0.064453125 0.5364583333333334 0.0703125 0.50868055625 0.068359375 0.4982638895833333 0.07421875 0.47743055624999997 0.07421875 0.4670138895833333 0.0693359375 0.46180555624999997 0.0595703125 0.46527777708333334 0.0546875 0.4739583333333333 0.05078125 0.49131944375000003
0 0.1025390625 0.4791666666666667 0.1083984375 0.47569444375000003 0.1123046875 0.46875 0.1259765625 0.46875 0.138671875 0.48784722291666666 0.1396484375 0.49652777708333334 0.142578125 0.4947916666666667 0.14453125 0.4704861104166667 0.138671875 0.44618055624999997 0.1318359375 0.43402777708333334 0.1279296875 0.43055555624999997 0.1181640625 0.43055555624999997 0.107421875 0.44618055624999997 0.103515625 0.46006944375000003 0.1025390625 0.4791666666666667
0 0.162109375 0.3454861104166667 0.1640625 0.359375 0.169921875 0.359375 0.177734375 0.3454861104166667 0.1796875 0.3142361104166667 0.1767578125 0.3020833333333333 0.1689453125 0.2951388895833333 0.1630859375 0.2951388895833333 0.154296875 0.3072916666666667 0.150390625 0.32465277708333334 0.162109375 0.3454861104166667
0 0.6435546875 0.17361111041666666 0.6337890625 0.18055555625 0.626953125 0.19270833333333334 0.623046875 0.20659722291666668 0.623046875 0.22048611041666666 0.626953125 0.23784722291666668 0.6396484375 0.2604166666666667 0.6455078125 0.26388888958333334 0.650390625 0.26215277708333334 0.6572265625 0.2604166666666667 0.671875 0.23784722291666668 0.673828125 0.23090277708333332 0.673828125 0.21006944375 0.669921875 0.19618055625 0.6611328125 0.18055555625 0.6513671875 0.17361111041666666 0.6435546875 0.17361111041666666
0 0.677734375 0.19270833333333334 0.673828125 0.20659722291666668 0.673828125 0.23090277708333332 0.677734375 0.24479166666666666 0.6884765625 0.26388888958333334 0.708984375 0.26215277708333334 0.720703125 0.24131944375 0.720703125 0.21006944375 0.71875 0.19965277708333332 0.7060546875 0.18055555625 0.7001953125 0.18055555625 0.6982421875 0.17708333333333334 0.6865234375 0.18055555625 0.677734375 0.19270833333333334
0 0.73046875 0.171875 0.732421875 0.17881944375 0.7431640625 0.18055555625 0.7548828125 0.19097222291666668 0.759765625 0.18923611041666666 0.765625 0.17534722291666668 0.765625 0.16493055625 0.76171875 0.14756944375 0.7548828125 0.13541666666666666 0.7490234375 0.13194444375 0.7373046875 0.13541666666666666 0.73046875 0.15104166666666666 0.73046875 0.171875
0 0.7890625 0.15451388958333334 0.7890625 0.16840277708333332 0.79296875 0.17881944375 0.7998046875 0.1875 0.810546875 0.18576388958333334 0.81640625 0.171875 0.81640625 0.15104166666666666 0.814453125 0.14409722291666668 0.8056640625 0.13194444375 0.7939453125 0.13194444375 0.7890625 0.140625 0.787109375 0.15104166666666666 0.7890625 0.15451388958333334
0 0.7783203125 0.16319444375 0.7822265625 0.16666666666666666 0.7890625 0.16493055625 0.7890625 0.140625 0.794921875 0.1267361104166667 0.7861328125 0.11458333333333333 0.7783203125 0.11458333333333333 0.7744140625 0.11805555625 0.771484375 0.1267361104166667 0.771484375 0.14756944375 0.7783203125 0.16319444375
0 0.7607421875 0.14583333333333334 0.7646484375 0.14930555625 0.771484375 0.14756944375 0.771484375 0.1267361104166667 0.775390625 0.11979166666666667 0.775390625 0.109375 0.7685546875 0.10069444375 0.7587890625 0.10069444375 0.751953125 0.11284722291666666 0.751953125 0.13020833333333334 0.7607421875 0.14583333333333334
0 0.697265625 0.12326388958333333 0.697265625 0.14409722291666668 0.6953125 0.14756944375 0.6982421875 0.15277777708333332 0.70703125 0.15451388958333334 0.7119140625 0.15277777708333332 0.716796875 0.14409722291666668 0.71875 0.12326388958333333 0.716796875 0.11284722291666666 0.7119140625 0.10416666666666667 0.7001953125 0.09722222291666666 0.69140625 0.109375 0.697265625 0.12326388958333333
1 0.666015625 0.13715277708333332 0.669921875 0.15104166666666666 0.6767578125 0.15972222291666668 0.689453125 0.15798611041666666 0.697265625 0.14409722291666668 0.697265625 0.1267361104166667 0.693359375 0.11284722291666666 0.6845703125 0.10416666666666667 0.6748046875 0.10416666666666667 0.6708984375 0.10763888958333333 0.666015625 0.11979166666666667 0.666015625 0.13715277708333332
1 0.716796875 0.14409722291666668 0.7197265625 0.14930555625 0.724609375 0.14756944375 0.732421875 0.13715277708333332 0.734375 0.11979166666666667 0.7236328125 0.09722222291666666 0.7119140625 0.09722222291666666 0.7109375 0.10590277708333334 0.71484375 0.109375 0.71875 0.1267361104166667 0.716796875 0.14409722291666668
1 0.5869140625 0.14930555625 0.6015625 0.14756944375 0.609375 0.13020833333333334 0.609375 0.11631944375 0.5986328125 0.09722222291666666 0.5849609375 0.09722222291666666 0.576171875 0.11631944375 0.578125 0.13368055625 0.58203125 0.14409722291666668 0.5869140625 0.14930555625
0 0.546875 0.13020833333333334 0.5517578125 0.14236111041666666 0.5625 0.14756944375 0.5693359375 0.14583333333333334 0.57421875 0.13715277708333332 0.578125 0.11631944375 0.5693359375 0.09722222291666666 0.5595703125 0.09375 0.5537109375 0.09722222291666666 0.546875 0.109375 0.546875 0.13020833333333334
1 0.609375 0.12326388958333333 0.6181640625 0.14236111041666666 0.626953125 0.140625 0.62890625 0.13715277708333332 0.626953125 0.13368055625 0.626953125 0.11631944375 0.634765625 0.09895833333333333 0.6298828125 0.09027777708333334 0.6162109375 0.09027777708333334 0.609375 0.10590277708333334 0.609375 0.12326388958333333
0 0.2705078125 0.24652777708333332 0.279296875 0.24479166666666666 0.28515625 0.23784722291666668 0.2890625 0.22048611041666666 0.2890625 0.21006944375 0.2822265625 0.19444444375 0.2685546875 0.19444444375 0.26171875 0.21006944375 0.265625 0.24131944375 0.2705078125 0.24652777708333332
0 0.255859375 0.24131944375 0.255859375 0.26215277708333334 0.2578125 0.26215277708333334 0.263671875 0.25173611041666666 0.265625 0.24131944375 0.263671875 0.22395833333333334 0.2568359375 0.21180555625 0.2470703125 0.21180555625 0.23828125 0.22395833333333334 0.2490234375 0.22916666666666666 0.255859375 0.24131944375
1 0.130859375 0.3802083333333333 0.1328125 0.390625 0.1376953125 0.3923611104166667 0.1416015625 0.39930555624999997 0.15234375 0.39756944375000003 0.158203125 0.390625 0.1640625 0.359375 0.162109375 0.35590277708333334 0.162109375 0.3454861104166667 0.1533203125 0.3298611104166667 0.1435546875 0.3298611104166667 0.1328125 0.3489583333333333 0.130859375 0.3802083333333333
1 0.1279296875 0.43055555624999997 0.1318359375 0.43402777708333334 0.138671875 0.44618055624999997 0.142578125 0.4635416666666667 0.14453125 0.4635416666666667 0.150390625 0.4357638895833333 0.1484375 0.41493055624999997 0.1435546875 0.39930555624999997 0.1357421875 0.3923611104166667 0.1279296875 0.3923611104166667 0.115234375 0.4114583333333333 0.11328125 0.4322916666666667 0.1279296875 0.43055555624999997
1 0.1259765625 0.46875 0.1142578125 0.46875 0.099609375 0.49131944375000003 0.09765625 0.5017361104166667 0.09765625 0.5399305562500001 0.103515625 0.5607638895833333 0.1103515625 0.5694444437499999 0.130859375 0.5677083333333334 0.138671875 0.5538194437499999 0.140625 0.5434027770833333 0.140625 0.5329861104166667 0.142578125 0.5295138895833333 0.140625 0.4982638895833333 0.138671875 0.48784722291666666 0.1298828125 0.47222222291666666 0.1259765625 0.46875
1 0.01953125 0.5364583333333334 0.017578125 0.546875 0.017578125 0.5711805562500001 0.0244140625 0.5972222229166667 0.0322265625 0.6041666666666666 0.037109375 0.6024305562500001 0.0400390625 0.6006944437499999 0.044921875 0.5885416666666666 0.044921875 0.5746527770833333 0.046875 0.5711805562500001 0.044921875 0.5434027770833333 0.0361328125 0.52430555625 0.0263671875 0.52430555625 0.01953125 0.5364583333333334
1 0.3046875 0.18229166666666666 0.3046875 0.21354166666666666 0.3095703125 0.22222222291666668 0.318359375 0.22048611041666666 0.3212890625 0.21875 0.328125 0.203125 0.326171875 0.19965277708333332 0.326171875 0.17534722291666668 0.3193359375 0.16666666666666666 0.3134765625 0.16666666666666666 0.3095703125 0.17013888958333334 0.3046875 0.18229166666666666
0 0.068359375 0.4947916666666667 0.068359375 0.50868055625 0.0703125 0.50868055625 0.0810546875 0.49652777708333334 0.0966796875 0.5 0.1015625 0.484375 0.099609375 0.47743055624999997 0.0927734375 0.46527777708333334 0.0791015625 0.46527777708333334 0.0751953125 0.46875 0.068359375 0.4947916666666667
0 0.1279296875 0.3263888895833333 0.12109375 0.3420138895833333 0.134765625 0.3420138895833333 0.142578125 0.33159722291666666 0.1376953125 0.3229166666666667 0.1279296875 0.3263888895833333
1 0.150390625 0.328125 0.154296875 0.3142361104166667 0.154296875 0.30381944375000003 0.1494140625 0.2986111104166667 0.1435546875 0.3020833333333333 0.138671875 0.3107638895833333 0.13671875 0.32118055624999997 0.1416015625 0.3298611104166667 0.150390625 0.328125
0 0.2626953125 0.1875 0.2568359375 0.19097222291666668 0.25 0.203125 0.2509765625 0.21180555625 0.26171875 0.21354166666666666 0.26953125 0.19270833333333334 0.2626953125 0.1875
1 0.7333984375 0.18055555625 0.7255859375 0.1875 0.720703125 0.19965277708333332 0.720703125 0.22048611041666666 0.72265625 0.22395833333333334 0.720703125 0.23784722291666668 0.7333984375 0.26388888958333334 0.748046875 0.26215277708333334 0.7548828125 0.25694444375 0.76171875 0.24479166666666666 0.763671875 0.234375 0.76171875 0.20659722291666668 0.759765625 0.19965277708333332 0.7490234375 0.18402777708333332 0.7451171875 0.18055555625 0.7333984375 0.18055555625
1 0.302734375 0.22048611041666666 0.3046875 0.21701388958333334 0.3046875 0.18229166666666666 0.306640625 0.171875 0.2998046875 0.16666666666666666 0.287109375 0.18229166666666666 0.287109375 0.20659722291666668 0.2958984375 0.22222222291666668 0.302734375 0.22048611041666666