0 0.7607421875 0.43402777708333334 0.7587890625 0.4375 0.7509765625 0.4375 0.7392578125 0.4479166666666667 0.73046875 0.46006944375000003 0.72265625 0.48090277708333334 0.712890625 0.5260416666666666 0.712890625 0.5642361104166667 0.72265625 0.6024305562500001 0.73046875 0.6197916666666666 0.7392578125 0.6319444437499999 0.7548828125 0.6458333333333334 0.77734375 0.6440972229166667 0.7919921875 0.6319444437499999 0.8125 0.5920138895833333 0.8125 0.5850694437499999 0.818359375 0.5711805562500001 0.8203125 0.52256944375 0.814453125 0.49131944375000003 0.806640625 0.4704861104166667 0.7919921875 0.44444444375000003 0.7744140625 0.43402777708333334 0.7607421875 0.43402777708333334
0 0.791015625 0.35590277708333334 0.7763671875 0.3333333333333333 0.7666015625 0.3263888895833333 0.7548828125 0.3263888895833333 0.7529296875 0.3229166666666667 0.7509765625 0.3263888895833333 0.7431640625 0.3263888895833333 0.7333984375 0.3333333333333333 0.720703125 0.35590277708333334 0.7109375 0.39409722291666666 0.7109375 0.421875 0.71875 0.453125 0.7255859375 0.46527777708333334 0.728515625 0.4635416666666667 0.7353515625 0.4513888895833333 0.7587890625 0.43402777708333334 0.7783203125 0.43402777708333334 0.7939453125 0.4479166666666667 0.796875 0.44618055624999997 0.80078125 0.42881944375000003 0.80078125 0.39409722291666666 0.796875 0.3802083333333333 0.796875 0.3697916666666667 0.791015625 0.35590277708333334
0 0.8154296875 0.3888888895833333 0.80859375 0.4010416666666667 0.802734375 0.41840277708333334 0.798828125 0.44965277708333334 0.81640625 0.4947916666666667 0.8203125 0.515625 0.822265625 0.5434027770833333 0.8330078125 0.5520833333333334 0.849609375 0.5503472229166667 0.8603515625 0.5451388895833333 0.869140625 0.5295138895833333 0.875 0.5017361104166667 0.8828125 0.48784722291666666 0.8828125 0.4427083333333333 0.87890625 0.421875 0.8623046875 0.3854166666666667 0.8505859375 0.375 0.8330078125 0.375 0.8154296875 0.3888888895833333
0 0.87890625 0.4947916666666667 0.873046875 0.5121527770833334 0.873046875 0.5190972229166666 0.869140625 0.5295138895833333 0.869140625 0.5572916666666666 0.8671875 0.5607638895833333 0.869140625 0.5677083333333334 0.869140625 0.5920138895833333 0.876953125 0.6197916666666666 0.8935546875 0.6493055562500001 0.8974609375 0.6527777770833333 0.91796875 0.6510416666666666 0.9248046875 0.6493055562500001 0.94140625 0.6232638895833333 0.951171875 0.578125 0.951171875 0.5329861104166667 0.9453125 0.5017361104166667 0.9306640625 0.47222222291666666 0.9208984375 0.46527777708333334 0.9013671875 0.46527777708333334 0.8876953125 0.4791666666666667 0.87890625 0.4947916666666667
0 0.73046875 0.3177083333333333 0.728515625 0.32118055624999997 0.7314453125 0.33680555624999997 0.7431640625 0.3263888895833333 0.7685546875 0.3263888895833333 0.7822265625 0.34027777708333334 0.7958984375 0.3645833333333333 0.798828125 0.36284722291666666 0.802734375 0.3489583333333333 0.802734375 0.3107638895833333 0.796875 0.2864583333333333 0.7841796875 0.26388888958333334 0.7705078125 0.25347222291666666 0.7626953125 0.25347222291666666 0.7431640625 0.2673611104166667 0.736328125 0.2795138895833333 0.73046875 0.30034722291666666 0.73046875 0.3177083333333333
0 0.9560546875 0.4548611104166667 0.9443359375 0.46527777708333334 0.9375 0.47743055624999997 0.9375 0.484375 0.9453125 0.5017361104166667 0.9453125 0.50868055625 0.951171875 0.5295138895833333 0.951171875 0.5815972229166667 0.9453125 0.6059027770833333 0.9453125 0.6232638895833333 0.962890625 0.6232638895833333 0.9736328125 0.6180555562500001 0.982421875 0.6024305562500001 0.984375 0.5920138895833333 0.98828125 0.5850694437499999 0.994140625 0.5572916666666666 0.994140625 0.5190972229166666 0.986328125 0.484375 0.9755859375 0.46180555624999997 0.9658203125 0.4548611104166667 0.9560546875 0.4548611104166667
0 0.4228515625 0.11805555625 0.4267578125 0.12152777708333334 0.4375 0.11979166666666667 0.447265625 0.10590277708333334 0.44921875 0.09895833333333333 0.44921875 0.08159722291666666 0.4443359375 0.06944444375 0.4365234375 0.0625 0.4287109375 0.0625 0.416015625 0.08159722291666666 0.416015625 0.09895833333333333 0.41796875 0.109375 0.4228515625 0.11805555625
1 0.44140625 0.16840277708333332 0.4521484375 0.1875 0.4580078125 0.19097222291666668 0.47265625 0.18923611041666666 0.4755859375 0.1875 0.486328125 0.16493055625 0.48828125 0.140625 0.484375 0.1267361104166667 0.4716796875 0.11111111041666667 0.4580078125 0.11111111041666667 0.4521484375 0.11458333333333333 0.443359375 0.13020833333333334 0.439453125 0.14409722291666668 0.44140625 0.16840277708333332
1 0.4921875 0.14409722291666668 0.5009765625 0.16319444375 0.5087890625 0.17013888958333334 0.5234375 0.16840277708333332 0.5263671875 0.16666666666666666 0.537109375 0.14409722291666668 0.537109375 0.11631944375 0.5283203125 0.09722222291666666 0.5185546875 0.09027777708333334 0.5087890625 0.09027777708333334 0.5009765625 0.09722222291666666 0.494140625 0.109375 0.4921875 0.11631944375 0.4921875 0.14409722291666668
1 0.619140625 0.171875 0.623046875 0.18576388958333334 0.6337890625 0.20486111041666666 0.6455078125 0.21180555625 0.6484375 0.21006944375 0.6572265625 0.20833333333333334 0.669921875 0.18923611041666666 0.671875 0.18229166666666666 0.671875 0.15104166666666666 0.6591796875 0.12152777708333334 0.6513671875 0.11458333333333333 0.6376953125 0.11458333333333333 0.6298828125 0.12152777708333334 0.62109375 0.140625 0.619140625 0.171875
1 0.591796875 0.09201388958333333 0.59765625 0.08506944375 0.6015625 0.07118055625 0.599609375 0.05034722291666667 0.5927734375 0.03819444375 0.5771484375 0.03819444375 0.5732421875 0.041666666666666664 0.56640625 0.057291666666666664 0.568359375 0.07465277708333334 0.5810546875 0.09375 0.591796875 0.09201388958333333
1 0.705078125 0.09201388958333333 0.70703125 0.09201388958333333 0.7177734375 0.08333333333333333 0.7236328125 0.08333333333333333 0.7275390625 0.07638888958333333 0.7333984375 0.07291666666666667 0.734375 0.06423611041666667 0.7294921875 0.05555555625 0.7236328125 0.052083333333333336 0.7138671875 0.05555555625 0.705078125 0.078125 0.705078125 0.09201388958333333
1 0.71484375 0.15451388958333334 0.7197265625 0.15972222291666668 0.736328125 0.15798611041666666 0.74609375 0.13715277708333332 0.74609375 0.11284722291666666 0.7421875 0.10243055625 0.7255859375 0.08333333333333333 0.7177734375 0.08333333333333333 0.7099609375 0.09027777708333334 0.703125 0.109375 0.703125 0.11631944375 0.7109375 0.13020833333333334 0.71484375 0.15451388958333334
1 0.7060546875 0.07291666666666667 0.7109375 0.057291666666666664 0.716796875 0.05034722291666667 0.7099609375 0.041666666666666664 0.6982421875 0.041666666666666664 0.693359375 0.046875 0.69921875 0.060763889583333335 0.701171875 0.07465277708333334 0.703125 0.07465277708333334 0.7060546875 0.07291666666666667
0 0.693359375 0.10243055625 0.701171875 0.08159722291666666 0.69921875 0.060763889583333335 0.6865234375 0.045138889583333335 0.6748046875 0.045138889583333335 0.6708984375 0.048611110416666665 0.666015625 0.060763889583333335 0.666015625 0.08159722291666666 0.66796875 0.08854166666666667 0.6767578125 0.10416666666666667 0.693359375 0.10243055625
0 0.7373046875 0.048611110416666665 0.732421875 0.05381944375 0.732421875 0.060763889583333335 0.7392578125 0.07291666666666667 0.748046875 0.07118055625 0.75390625 0.06423611041666667 0.7490234375 0.052083333333333336 0.7373046875 0.048611110416666665
0 0.748046875 0.07118055625 0.759765625 0.09548611041666667 0.76171875 0.09548611041666667 0.771484375 0.08506944375 0.7587890625 0.06597222291666667 0.7490234375 0.06944444375 0.748046875 0.07118055625
0 0.7421875 0.10243055625 0.74609375 0.11284722291666666 0.74609375 0.13715277708333332 0.751953125 0.13715277708333332 0.755859375 0.13368055625 0.755859375 0.11979166666666667 0.759765625 0.10243055625 0.7578125 0.08854166666666667 0.7470703125 0.07291666666666667 0.7333984375 0.07291666666666667 0.7275390625 0.07638888958333333 0.724609375 0.08506944375 0.7333984375 0.09027777708333334 0.7421875 0.10243055625
1 0.029296875 0.453125 0.0263671875 0.4479166666666667 0.0185546875 0.4479166666666667 0.013671875 0.46006944375000003 0.01171875 0.48090277708333334 0.0185546875 0.5034722229166666 0.02734375 0.5017361104166667 0.025390625 0.4704861104166667 0.029296875 0.453125
0 0.052734375 0.45659722291666666 0.056640625 0.44618055624999997 0.056640625 0.41493055624999997 0.0498046875 0.40277777708333334 0.0439453125 0.40277777708333334 0.037109375 0.41493055624999997 0.03515625 0.4427083333333333 0.0380859375 0.4479166666666667 0.0419921875 0.4479166666666667 0.0478515625 0.4583333333333333 0.052734375 0.45659722291666666
0 0.13671875 0.3072916666666667 0.138671875 0.296875 0.138671875 0.2760416666666667 0.1318359375 0.26388888958333334 0.1259765625 0.26388888958333334 0.1171875 0.2795138895833333 0.115234375 0.30034722291666666 0.1220703125 0.31597222291666666 0.1328125 0.3142361104166667 0.13671875 0.3072916666666667
1 0.0908203125 0.3263888895833333 0.103515625 0.328125 0.0966796875 0.31597222291666666 0.0869140625 0.31597222291666666 0.080078125 0.33159722291666666 0.080078125 0.35243055624999997 0.08203125 0.35243055624999997 0.083984375 0.3385416666666667 0.0908203125 0.3263888895833333
1 0.2724609375 0.17013888958333334 0.27734375 0.16145833333333334 0.279296875 0.14409722291666668 0.2744140625 0.12847222291666666 0.2646484375 0.125 0.25390625 0.140625 0.25390625 0.16145833333333334 0.2626953125 0.17361111041666666 0.267578125 0.171875 0.2724609375 0.17013888958333334
0 0.2099609375 0.17708333333333334 0.2060546875 0.17708333333333334 0.19921875 0.18923611041666666 0.19921875 0.19270833333333334 0.197265625 0.19618055625 0.197265625 0.21006944375 0.19921875 0.21354166666666666 0.19921875 0.21701388958333334 0.2021484375 0.22222222291666668 0.2041015625 0.22222222291666668 0.2060546875 0.22569444375 0.2119140625 0.22569444375 0.212890625 0.22395833333333334 0.2138671875 0.22222222291666668 0.2158203125 0.22222222291666668 0.220703125 0.21354166666666666 0.220703125 0.21006944375 0.22265625 0.20659722291666668 0.22265625 0.18576388958333334 0.2177734375 0.17708333333333334 0.2138671875 0.17708333333333334 0.2119140625 0.17361111041666666 0.2099609375 0.17708333333333334
0 0.22995109687499998 0.155095475 0.2239556265625 0.16483824583333334 0.22331088437500002 0.16711380625 0.22280646875 0.186375725 0.225805784375 0.19847384166666665 0.23339414687499999 0.20287887708333333 0.24081310625 0.1971028875 0.24469104062499997 0.1818234791666667 0.2444900328125 0.16294925 0.2375129109375 0.15375598333333332 0.22995109687499998 0.155095475
0 0.239663315625 0.14725068958333332 0.23691810468750002 0.14561228541666665 0.23476706875 0.14600222083333333 0.2323195765625 0.1469641375 0.2298733484375 0.14911271666666667 0.22739804375 0.15193890624999998 0.2253664734375 0.15468418750000001 0.224602896875 0.15678332291666666 0.229565515625 0.15417064166666666 0.2344093 0.15187035833333334 0.23778534687500003 0.15312219791666667 0.241730915625 0.15655632708333334 0.24469167343749998 0.15770253541666665 0.243082978125 0.15276035625 0.2414900859375 0.1498937104166667 0.239648778125 0.1498937104166667 0.23829418750000003 0.14725068958333332 0.239663315625 0.14725068958333332
1 0.5439453125 0.2986111104166667 0.533203125 0.3142361104166667 0.5234375 0.35243055624999997 0.5234375 0.3802083333333333 0.53125 0.4114583333333333 0.5361328125 0.4201388895833333 0.5478515625 0.4201388895833333 0.5517578125 0.4166666666666667 0.5537109375 0.4201388895833333 0.5673828125 0.4236111104166667 0.5830078125 0.4375 0.587890625 0.4357638895833333 0.5947265625 0.43055555624999997 0.6015625 0.41840277708333334 0.611328125 0.3802083333333333 0.615234375 0.3732638895833333 0.61328125 0.3420138895833333 0.607421875 0.32118055624999997 0.5908203125 0.2951388895833333 0.5791015625 0.28819444375000003 0.5595703125 0.28819444375000003 0.5439453125 0.2986111104166667