0 0.6357421875 0.17708333333333334 0.625 0.19618055625 0.623046875 0.22048611041666666 0.62890625 0.24131944375 0.6376953125 0.25694444375 0.6474609375 0.26388888958333334 0.650390625 0.26215277708333334 0.6630859375 0.25347222291666666 0.669921875 0.24131944375 0.673828125 0.23090277708333332 0.673828125 0.21006944375 0.66796875 0.18923611041666666 0.6591796875 0.17708333333333334 0.6416015625 0.17361111041666666 0.6357421875 0.17708333333333334
0 0.6923828125 0.17708333333333334 0.6865234375 0.18055555625 0.677734375 0.19270833333333334 0.673828125 0.20659722291666668 0.673828125 0.22743055625 0.677734375 0.24479166666666666 0.6865234375 0.2604166666666667 0.6943359375 0.2673611104166667 0.703125 0.265625 0.7099609375 0.2604166666666667 0.71875 0.24479166666666666 0.72265625 0.22395833333333334 0.720703125 0.22048611041666666 0.720703125 0.20659722291666668 0.7099609375 0.18402777708333332 0.7021484375 0.17708333333333334 0.6923828125 0.17708333333333334
0 0.73046875 0.14756944375 0.73046875 0.171875 0.7412109375 0.19444444375 0.7451171875 0.19791666666666666 0.751953125 0.19618055625 0.7587890625 0.19097222291666668 0.763671875 0.18229166666666666 0.765625 0.16145833333333334 0.76171875 0.14756944375 0.7548828125 0.13541666666666666 0.7509765625 0.13194444375 0.7412109375 0.13194444375 0.73046875 0.14756944375
0 0.7890625 0.140625 0.7890625 0.16493055625 0.7978515625 0.18402777708333332 0.8017578125 0.1875 0.80859375 0.18576388958333334 0.8115234375 0.18402777708333332 0.81640625 0.171875 0.81640625 0.15104166666666666 0.8076171875 0.13194444375 0.8017578125 0.12847222291666666 0.7978515625 0.13194444375 0.7958984375 0.12847222291666666 0.7890625 0.140625
0 0.7822265625 0.16666666666666666 0.7890625 0.16493055625 0.7890625 0.140625 0.794921875 0.1267361104166667 0.7861328125 0.11458333333333333 0.7763671875 0.11458333333333333 0.771484375 0.1267361104166667 0.771484375 0.14756944375 0.7783203125 0.16319444375 0.7822265625 0.16666666666666666
0 0.751953125 0.13020833333333334 0.7607421875 0.14583333333333334 0.76953125 0.14756944375 0.771484375 0.14409722291666668 0.771484375 0.1267361104166667 0.775390625 0.11979166666666667 0.775390625 0.109375 0.7666015625 0.09722222291666666 0.7626953125 0.09722222291666666 0.751953125 0.11284722291666666 0.751953125 0.13020833333333334
0 0.6953125 0.14756944375 0.6982421875 0.15277777708333332 0.7109375 0.15104166666666666 0.71875 0.13368055625 0.71875 0.11979166666666667 0.7099609375 0.10069444375 0.6982421875 0.09722222291666666 0.69140625 0.109375 0.697265625 0.12326388958333333 0.697265625 0.14409722291666668 0.6953125 0.14756944375
1 0.6767578125 0.15972222291666668 0.689453125 0.15798611041666666 0.697265625 0.14409722291666668 0.697265625 0.1267361104166667 0.6904296875 0.10763888958333333 0.6787109375 0.10069444375 0.66796875 0.11284722291666666 0.666015625 0.11979166666666667 0.666015625 0.13715277708333332 0.6767578125 0.15972222291666668
1 0.716796875 0.14409722291666668 0.7197265625 0.14930555625 0.724609375 0.14756944375 0.732421875 0.13715277708333332 0.734375 0.11631944375 0.7275390625 0.10069444375 0.7158203125 0.09375 0.7119140625 0.09722222291666666 0.7109375 0.10243055625 0.71875 0.12326388958333333 0.716796875 0.14409722291666668
1 0.5869140625 0.14930555625 0.599609375 0.14756944375 0.607421875 0.13715277708333332 0.609375 0.11631944375 0.60546875 0.10590277708333334 0.5986328125 0.09722222291666666 0.5849609375 0.09722222291666666 0.576171875 0.11631944375 0.578125 0.13368055625 0.5869140625 0.14930555625
1 0.611328125 0.13020833333333334 0.6162109375 0.13888888958333334 0.6201171875 0.14236111041666666 0.626953125 0.140625 0.62890625 0.13715277708333332 0.626953125 0.11631944375 0.634765625 0.09895833333333333 0.6298828125 0.09027777708333334 0.6201171875 0.08680555625 0.611328125 0.09895833333333333 0.609375 0.11979166666666667 0.611328125 0.13020833333333334
0 0.5576171875 0.14583333333333334 0.5703125 0.14409722291666668 0.576171875 0.13020833333333334 0.576171875 0.10590277708333334 0.5673828125 0.09375 0.5556640625 0.09375 0.5517578125 0.09722222291666666 0.546875 0.109375 0.546875 0.13020833333333334 0.5576171875 0.14583333333333334
1 0.11328125 0.41493055624999997 0.11328125 0.4322916666666667 0.1279296875 0.43055555624999997 0.1318359375 0.43402777708333334 0.138671875 0.44618055624999997 0.140625 0.45659722291666666 0.1435546875 0.46180555624999997 0.14453125 0.46006944375000003 0.1484375 0.44965277708333334 0.1484375 0.4357638895833333 0.150390625 0.4322916666666667 0.146484375 0.4079861104166667 0.1376953125 0.3923611104166667 0.1318359375 0.3888888895833333 0.1220703125 0.3958333333333333 0.11328125 0.41493055624999997
1 0.130859375 0.36284722291666666 0.130859375 0.38715277708333334 0.1337890625 0.3923611104166667 0.1416015625 0.3958333333333333 0.1455078125 0.40625 0.15234375 0.4045138895833333 0.158203125 0.39756944375000003 0.162109375 0.38368055624999997 0.1640625 0.359375 0.162109375 0.3489583333333333 0.1552734375 0.33680555624999997 0.1455078125 0.3333333333333333 0.1328125 0.35243055624999997 0.130859375 0.36284722291666666
0 0.150390625 0.33159722291666666 0.162109375 0.3489583333333333 0.1630859375 0.3576388895833333 0.169921875 0.35590277708333334 0.17578125 0.3489583333333333 0.1796875 0.33506944375000003 0.1796875 0.3142361104166667 0.1708984375 0.2951388895833333 0.1611328125 0.2951388895833333 0.154296875 0.30381944375000003 0.150390625 0.3177083333333333 0.150390625 0.33159722291666666
0 0.2744140625 0.24305555625 0.28125 0.24131944375 0.2890625 0.22048611041666666 0.2890625 0.21006944375 0.2841796875 0.19444444375 0.2802734375 0.19097222291666668 0.2705078125 0.19097222291666668 0.259765625 0.20659722291666668 0.259765625 0.21354166666666666 0.2744140625 0.24305555625
0 0.234375 0.24826388958333334 0.2373046875 0.25694444375 0.240234375 0.2552083333333333 0.2421875 0.24131944375 0.2509765625 0.22569444375 0.26171875 0.22048611041666666 0.2587890625 0.21180555625 0.2548828125 0.20833333333333334 0.2451171875 0.21180555625 0.236328125 0.22743055625 0.234375 0.24826388958333334
1 0.287109375 0.20659722291666668 0.2900390625 0.21180555625 0.2958984375 0.21875 0.3046875 0.21701388958333334 0.302734375 0.18576388958333334 0.306640625 0.171875 0.3037109375 0.16666666666666666 0.2978515625 0.16666666666666666 0.287109375 0.18229166666666666 0.28515625 0.19270833333333334 0.287109375 0.19618055625 0.287109375 0.20659722291666668
1 0.3037109375 0.21527777708333332 0.3076171875 0.21875 0.318359375 0.21701388958333334 0.314453125 0.21006944375 0.314453125 0.18576388958333334 0.3203125 0.171875 0.3173828125 0.16666666666666666 0.3095703125 0.16666666666666666 0.302734375 0.17534722291666668 0.298828125 0.19618055625 0.3037109375 0.21527777708333332
1 0.7666015625 0.20486111041666666 0.7529296875 0.20486111041666666 0.7470703125 0.20833333333333334 0.740234375 0.22048611041666666 0.736328125 0.234375 0.73828125 0.265625 0.7509765625 0.2916666666666667 0.7548828125 0.2951388895833333 0.767578125 0.29340277708333334 0.7744140625 0.28819444375000003 0.783203125 0.26909722291666666 0.783203125 0.2552083333333333 0.78515625 0.25173611041666666 0.783203125 0.24826388958333334 0.783203125 0.234375 0.78125 0.22743055625 0.7666015625 0.20486111041666666
1 0.1484375 0.33159722291666666 0.154296875 0.3107638895833333 0.1533203125 0.2986111104166667 0.1435546875 0.3020833333333333 0.13671875 0.3142361104166667 0.13671875 0.32118055624999997 0.1396484375 0.3263888895833333 0.1455078125 0.3333333333333333 0.1484375 0.33159722291666666
1 0.1044921875 0.46875 0.103515625 0.4739583333333333 0.107421875 0.484375 0.125 0.5121527770833334 0.1328125 0.5364583333333334 0.1357421875 0.5416666666666666 0.138671875 0.5399305562500001 0.140625 0.5364583333333334 0.140625 0.4947916666666667 0.138671875 0.484375 0.1318359375 0.47222222291666666 0.1240234375 0.46527777708333334 0.1142578125 0.46527777708333334 0.1064453125 0.47222222291666666 0.1044921875 0.46875
0 0.134765625 0.3489583333333333 0.1416015625 0.34027777708333334 0.14453125 0.33159722291666666 0.1376953125 0.3229166666666667 0.1298828125 0.3229166666666667 0.125 0.328125 0.12109375 0.3420138895833333 0.1318359375 0.35069444375000003 0.134765625 0.3489583333333333
0 0.10546875 0.44965277708333334 0.1015625 0.4670138895833333 0.1044921875 0.47569444375000003 0.1083984375 0.47569444375000003 0.1123046875 0.46875 0.1259765625 0.46875 0.13671875 0.484375 0.1396484375 0.49652777708333334 0.142578125 0.4947916666666667 0.142578125 0.48090277708333334 0.14453125 0.47743055624999997 0.142578125 0.46006944375000003 0.138671875 0.44618055624999997 0.1318359375 0.43402777708333334 0.1279296875 0.43055555624999997 0.1162109375 0.43055555624999997 0.10546875 0.44965277708333334
1 0.0263671875 0.6006944437499999 0.0322265625 0.6041666666666666 0.037109375 0.6024305562500001 0.0400390625 0.6006944437499999 0.04296875 0.5920138895833333 0.03125 0.5746527770833333 0.0205078125 0.5416666666666666 0.017578125 0.546875 0.017578125 0.5711805562500001 0.021484375 0.5920138895833333 0.0263671875 0.6006944437499999
0 0.2666015625 0.1875 0.2587890625 0.1875 0.25 0.203125 0.2509765625 0.21180555625 0.259765625 0.21006944375 0.26953125 0.19270833333333334 0.2666015625 0.1875