0 0.7341796875 0.39375 0.715625 0.36423611250000004 0.7 0.35381944583333336 0.6765625 0.35381944583333336 0.658984375 0.36770833333333336 0.6462890625 0.39027777916666667 0.6365234375 0.4354166666666667 0.6365234375 0.4666666666666667 0.6462890625 0.5048611125 0.6609375 0.5309027791666667 0.679003903125 0.54375 0.693945328125 0.54375 0.7029296875 0.54305555625 0.709765625 0.54131944375 0.7234375 0.52743055625 0.7341796875 0.5083333333333333 0.7421875 0.465625 0.7421875 0.42500000208333333 0.7419921875 0.42152777916666667 0.7341796875 0.39375
0 0.93203125 0.42777777708333337 0.91640625 0.41388888749999997 0.898828125 0.41388888749999997 0.891015625 0.42083333333333334 0.8802734375 0.43993055416666665 0.8744140625 0.46076388749999997 0.8744140625 0.47118055416666665 0.8705078125 0.48854166666666665 0.8705078125 0.51631944375 0.8724609375 0.5197916666666667 0.8744140625 0.5510416666666667 0.887109375 0.5770833333333333 0.8994140640625 0.5895833333333333 0.9140624921875 0.5895833333333333 0.9173828125 0.5892361104166667 0.92421875 0.5875 0.930078125 0.5805555541666667 0.9447265625 0.5510416666666667 0.95 0.5229166666666667 0.95 0.48194444375 0.9447265625 0.45381944375 0.93203125 0.42777777708333337
0 0.9732421875 0.40590277916666667 0.9595703125 0.4197916666666667 0.948828125 0.44930555624999996 0.95078125 0.5222222229166666 0.9546875 0.5361111104166666 0.9634765625 0.5517361104166666 0.9675781234375 0.5541666666666667 0.976953134375 0.5541666666666667 0.98203125 0.5534722229166668 0.9927734375 0.54479166875 0.9984375 0.5318452375 0.9984375 0.43333333333333335 0.9869140625 0.41284722291666665 0.9732421875 0.40590277916666667
0 0.2693359375 0.29930555416666665 0.2673828125 0.30277777708333337 0.2556640625 0.30625 0.241015625 0.33576388749999997 0.2390625 0.34618055416666665 0.2390625 0.39131944375 0.24296875 0.40520833333333334 0.2498046875 0.4173611104166667 0.2560546890625 0.42291666666666666 0.272460928125 0.42291666666666666 0.276171875 0.42256944375 0.2869140625 0.4173611104166667 0.29375 0.40520833333333334 0.3 0.3802083333333333 0.3 0.33494318125 0.2908203125 0.30972222083333334 0.2693359375 0.29930555416666665
0 0.2587890625 0.3015625 0.2646484375 0.3015625 0.2666015625 0.29809027708333335 0.2763671875 0.29809027708333335 0.2919921875 0.31197916666666664 0.29296875 0.29635416666666664 0.291015625 0.2859375 0.287109375 0.2755208333333333 0.2783203125 0.26336805625 0.2724609375 0.26336805625 0.2705078125 0.2598958333333333 0.2548828125 0.26336805625 0.240234375 0.29288194375000004 0.23828125 0.32065972291666667 0.240087890625 0.32708333333333334 0.24241536406250003 0.32708333333333334 0.2490234375 0.31197916666666664 0.2587890625 0.3015625
0 0.0294921875 0.9670138895833333 0.0255859375 0.9496527770833333 0.0177734375 0.9357638895833333 0.0158203125 0.921875 0.005078125 0.90625 0.0001953125 0.921875 0.0001953125 0.9392361104166667 0.0021484375 0.9427083333333334 0.0001953125 0.9461805562500001 0.0021484375 0.9496527770833333 0.0041015625 0.9809027770833333 0.0080078125 0.9947916666666666 0.0109375 1 0.0392578125 0.9982638895833333 0.040625 0.9958333333333333 0.040625 0.9916666666666667 0.0392578125 0.984375 0.0294921875 0.9670138895833333
0 0.0310546875 0.8211805562500001 0.0251953125 0.8454861104166667 0.0251953125 0.8628472229166667 0.0291015625 0.8767361104166667 0.080859375 0.9722222229166667 0.09013671875 0.9854166666666667 0.0933593734375 0.9854166666666667 0.0974609375 0.984375 0.1033203125 0.9635416666666666 0.1046875 0.9465277770833332 0.1046875 0.9381944437499999 0.1033203125 0.9357638895833333 0.1013671875 0.9010416666666666 0.0896484375 0.8559027770833333 0.07109375 0.8194444437499999 0.05810546875 0.80625 0.04296875 0.80625 0.0359375 0.8125 0.0310546875 0.8211805562500001
1 0.2609375 0.7114583333333333 0.235546875 0.69756944375 0.212109375 0.7010416666666667 0.200390625 0.7114583333333333 0.1837890625 0.7409722208333334 0.1759765625 0.76875 0.1740234375 0.8138888875 0.1759765625 0.8173611104166666 0.1759765625 0.83125 0.1798828125 0.8520833333333333 0.1857421875 0.8729166666666667 0.1974609375 0.90069444375 0.216015625 0.9267361104166666 0.23408203125 0.9395833333333333 0.25019530156249997 0.9395833333333333 0.2599609375 0.9388888875 0.274609375 0.9302083333333333 0.2912109375 0.9041666666666667 0.2990234375 0.8833333333333333 0.3046875 0.853125 0.3046875 0.8097222229166667 0.2892578125 0.7548611104166666 0.2609375 0.7114583333333333
1 0.8205078125 0.3541666666666667 0.813671875 0.3697916666666667 0.8078125 0.39409722291666666 0.8078125 0.4322916666666667 0.81171875 0.4427083333333333 0.815625 0.4704861104166667 0.8244140625 0.4861111104166667 0.8371744796874999 0.49583333333333335 0.8470703078125 0.49583333333333335 0.860546875 0.4947916666666667 0.872265625 0.47743055624999997 0.876171875 0.453125 0.8859375 0.42534722291666666 0.8859375 0.4010416666666667 0.876171875 0.36631944375000003 0.8654296875 0.34722222291666666 0.8526692703125001 0.3375 0.8388671890625 0.3375 0.8283203125 0.34375 0.8205078125 0.3541666666666667
1 0.6494140625 0.28541666666666665 0.6376953125 0.27847222083333334 0.6201171875 0.27847222083333334 0.6044921875 0.28888888749999997 0.5859375 0.32534722083333334 0.5859375 0.33576388749999997 0.584375 0.3385416666666667 0.584375 0.379050925 0.58984375 0.4017361104166667 0.6044921875 0.43472222083333334 0.6163411484375 0.44375 0.62832030625 0.44375 0.630859375 0.44340277708333337 0.63671875 0.4329861104166667 0.640625 0.40868055416666665 0.64453125 0.4017361104166667 0.6484375 0.384375 0.6611328125 0.36527777708333337 0.6650390625 0.36527777708333337 0.6708984375 0.35833333333333334 0.6734375 0.35381944375 0.6734375 0.3378472208333333 0.666015625 0.31145833333333334 0.6494140625 0.28541666666666665
1 0.481640625 0.26388888958333334 0.473828125 0.25694444375 0.454296875 0.25694444375 0.442578125 0.26388888958333334 0.4279296875 0.2864583333333333 0.4220703125 0.3072916666666667 0.4220703125 0.3489583333333333 0.4259765625 0.36631944375000003 0.440625 0.3888888895833333 0.45625 0.39930555624999997 0.4728515625 0.39756944375000003 0.4796875 0.3958333333333333 0.4962890625 0.3697916666666667 0.5015625 0.34479166666666666 0.5015625 0.30833333333333335 0.4962890625 0.2864583333333333 0.481640625 0.26388888958333334
1 0.117578125 0.5121527770833334 0.117578125 0.5190972229166666 0.113671875 0.5295138895833333 0.113671875 0.5746527770833333 0.1234375 0.6059027770833333 0.1302734375 0.6180555562500001 0.1400390625 0.625 0.156640625 0.6232638895833333 0.1634765625 0.6215277770833333 0.178125 0.5920138895833333 0.1796875 0.58368055625 0.1796875 0.5313657395833333 0.17421875 0.50868055625 0.1615234375 0.4861111104166667 0.1517578125 0.4791666666666667 0.1380859375 0.4791666666666667 0.1302734375 0.4861111104166667 0.117578125 0.5121527770833334