1 0.5810546875 0.13194444375 0.5673828125 0.14236111041666666 0.560546875 0.15798611041666666 0.560546875 0.19270833333333334 0.5625 0.19965277708333332 0.5771484375 0.22222222291666668 0.5830078125 0.22569444375 0.587890625 0.22395833333333334 0.6005859375 0.21527777708333332 0.607421875 0.203125 0.611328125 0.18576388958333334 0.611328125 0.16840277708333332 0.609375 0.15798611041666666 0.5986328125 0.13888888958333334 0.5888671875 0.13194444375 0.5810546875 0.13194444375
1 0.5234375 0.140625 0.521484375 0.15104166666666666 0.5234375 0.171875 0.525390625 0.17881944375 0.5380859375 0.19791666666666666 0.552734375 0.19618055625 0.560546875 0.18576388958333334 0.55859375 0.16840277708333332 0.56640625 0.14409722291666668 0.5556640625 0.12152777708333334 0.5498046875 0.11805555625 0.5341796875 0.12152777708333334 0.5302734375 0.125 0.5234375 0.140625
1 0.474609375 0.14409722291666668 0.474609375 0.15798611041666666 0.47265625 0.16145833333333334 0.4765625 0.17881944375 0.4765625 0.19618055625 0.4873046875 0.20833333333333334 0.501953125 0.20659722291666668 0.5068359375 0.20486111041666666 0.513671875 0.18923611041666666 0.517578125 0.16840277708333332 0.517578125 0.15451388958333334 0.515625 0.14756944375 0.5029296875 0.12847222291666666 0.4833984375 0.12847222291666666 0.474609375 0.14409722291666668
1 0.4296875 0.171875 0.4296875 0.18229166666666666 0.427734375 0.18576388958333334 0.431640625 0.21006944375 0.4423828125 0.22916666666666666 0.44921875 0.23090277708333332 0.4677734375 0.22222222291666668 0.4765625 0.19270833333333334 0.47265625 0.16145833333333334 0.4677734375 0.15277777708333332 0.4580078125 0.14583333333333334 0.4462890625 0.14583333333333334 0.4365234375 0.15277777708333332 0.4296875 0.171875
1 0.4580078125 0.14583333333333334 0.47265625 0.15798611041666666 0.47265625 0.140625 0.4599609375 0.12847222291666666 0.4501953125 0.12847222291666666 0.4375 0.14756944375 0.4375 0.15104166666666666 0.4404296875 0.15277777708333332 0.4462890625 0.14583333333333334 0.4580078125 0.14583333333333334
1 0.5009765625 0.12847222291666666 0.5087890625 0.13541666666666666 0.513671875 0.14756944375 0.5166015625 0.15277777708333332 0.517578125 0.15104166666666666 0.515625 0.13368055625 0.5029296875 0.11458333333333333 0.4912109375 0.11458333333333333 0.478515625 0.13020833333333334 0.478515625 0.13368055625 0.4814453125 0.13541666666666666 0.4892578125 0.12847222291666666 0.5009765625 0.12847222291666666
1 0.515625 0.1267361104166667 0.517578125 0.15451388958333334 0.5205078125 0.15972222291666668 0.521484375 0.15798611041666666 0.525390625 0.13368055625 0.5302734375 0.125 0.5400390625 0.11805555625 0.552734375 0.11631944375 0.5439453125 0.10416666666666667 0.5283203125 0.10416666666666667 0.5224609375 0.11111111041666667 0.515625 0.1267361104166667
1 0.5546875 0.11979166666666667 0.5673828125 0.14236111041666666 0.5703125 0.140625 0.5830078125 0.13194444375 0.5927734375 0.13541666666666666 0.59375 0.1267361104166667 0.591796875 0.11979166666666667 0.5830078125 0.10763888958333333 0.5771484375 0.10416666666666667 0.5615234375 0.10763888958333333 0.5546875 0.11979166666666667
1 0.615234375 0.09548611041666667 0.61328125 0.078125 0.6025390625 0.06597222291666667 0.5908203125 0.06944444375 0.583984375 0.08159722291666666 0.5849609375 0.09375 0.6025390625 0.09375 0.6044921875 0.09722222291666666 0.615234375 0.09548611041666667
1 0.6650390625 0.10416666666666667 0.68359375 0.10243055625 0.68359375 0.08506944375 0.6728515625 0.06597222291666667 0.6611328125 0.06597222291666667 0.654296875 0.07465277708333334 0.65234375 0.09548611041666667 0.6552734375 0.10069444375 0.6630859375 0.10069444375 0.6650390625 0.10416666666666667
1 0.7255859375 0.11805555625 0.73046875 0.11631944375 0.73046875 0.09548611041666667 0.7236328125 0.07986111041666667 0.7197265625 0.07638888958333333 0.7080078125 0.07638888958333333 0.701171875 0.08506944375 0.7021484375 0.11111111041666667 0.7236328125 0.11458333333333333 0.7255859375 0.11805555625
0 0.953125 0.22395833333333334 0.9580078125 0.23263888958333334 0.962890625 0.23090277708333332 0.96484375 0.22395833333333334 0.96484375 0.20659722291666668 0.9541015625 0.1875 0.9443359375 0.1875 0.94140625 0.19270833333333334 0.94140625 0.19965277708333332 0.951171875 0.21354166666666666 0.953125 0.22395833333333334
0 0.984375 0.25173611041666666 0.982421875 0.23784722291666668 0.9755859375 0.22569444375 0.9658203125 0.22222222291666668 0.9609375 0.23090277708333332 0.9619140625 0.23611111041666666 0.9755859375 0.24652777708333332 0.9794921875 0.25347222291666666 0.984375 0.25173611041666666