1 0.0556640625 0.5208333333333334 0.0625 0.52256944375 0.0712890625 0.5173611104166667 0.076171875 0.5052083333333334 0.078125 0.4670138895833333 0.0712890625 0.4479166666666667 0.0556640625 0.44444444375000003 0.05078125 0.453125 0.046875 0.4704861104166667 0.046875 0.4947916666666667 0.05078125 0.5121527770833334 0.0556640625 0.5208333333333334
1 0.072265625 0.44965277708333334 0.0810546875 0.47222222291666666 0.0869140625 0.47569444375000003 0.09375 0.4739583333333333 0.103515625 0.46006944375000003 0.10546875 0.44965277708333334 0.10546875 0.41840277708333334 0.0966796875 0.39930555624999997 0.0888671875 0.3958333333333333 0.0830078125 0.39930555624999997 0.076171875 0.4114583333333333 0.07421875 0.4322916666666667 0.072265625 0.4357638895833333 0.072265625 0.44965277708333334
0 0.056640625 0.4427083333333333 0.0654296875 0.4479166666666667 0.072265625 0.44618055624999997 0.076171875 0.4114583333333333 0.0673828125 0.40972222291666666 0.05859375 0.421875 0.056640625 0.4427083333333333
0 0.1259765625 0.35069444375000003 0.1318359375 0.3541666666666667 0.13671875 0.35243055624999997 0.14453125 0.3420138895833333 0.1484375 0.32465277708333334 0.1484375 0.3142361104166667 0.146484375 0.3107638895833333 0.146484375 0.30034722291666666 0.1435546875 0.2951388895833333 0.1318359375 0.2916666666666667 0.125 0.30034722291666666 0.119140625 0.328125 0.1259765625 0.35069444375000003
1 0.173828125 0.3072916666666667 0.17578125 0.2829861104166667 0.1669921875 0.26388888958333334 0.1572265625 0.26388888958333334 0.146484375 0.2864583333333333 0.146484375 0.3107638895833333 0.1484375 0.3177083333333333 0.1552734375 0.3263888895833333 0.166015625 0.32465277708333334 0.173828125 0.3072916666666667
0 0.1884765625 0.2708333333333333 0.197265625 0.26909722291666666 0.203125 0.25868055625 0.20703125 0.234375 0.205078125 0.22395833333333334 0.2001953125 0.21527777708333332 0.1904296875 0.21527777708333332 0.1865234375 0.21875 0.1796875 0.234375 0.1796875 0.2552083333333333 0.181640625 0.26215277708333334 0.1884765625 0.2708333333333333
1 0.291015625 0.19965277708333332 0.296875 0.19270833333333334 0.30078125 0.17881944375 0.30078125 0.16145833333333334 0.2939453125 0.14930555625 0.2880859375 0.14583333333333334 0.2783203125 0.15277777708333332 0.2734375 0.16145833333333334 0.271484375 0.18229166666666666 0.2802734375 0.20138888958333334 0.291015625 0.19965277708333332
0 0.3427734375 0.17361111041666666 0.353515625 0.171875 0.361328125 0.16493055625 0.365234375 0.15104166666666666 0.365234375 0.140625 0.36328125 0.13020833333333334 0.3583984375 0.12152777708333334 0.3486328125 0.11805555625 0.3388671875 0.125 0.33203125 0.14756944375 0.3388671875 0.17013888958333334 0.3427734375 0.17361111041666666
0 0.439453125 0.13368055625 0.44921875 0.11979166666666667 0.451171875 0.09895833333333333 0.4443359375 0.08333333333333333 0.4345703125 0.07986111041666667 0.4287109375 0.08333333333333333 0.421875 0.09548611041666667 0.419921875 0.11631944375 0.421875 0.12326388958333333 0.4306640625 0.13541666666666666 0.439453125 0.13368055625
1 0.439453125 0.13368055625 0.44921875 0.11979166666666667 0.451171875 0.09895833333333333 0.4443359375 0.08333333333333333 0.4345703125 0.07986111041666667 0.4287109375 0.08333333333333333 0.421875 0.09548611041666667 0.419921875 0.11631944375 0.421875 0.12326388958333333 0.4306640625 0.13541666666666666 0.439453125 0.13368055625
0 0.525390625 0.07118055625 0.5126953125 0.05902777708333333 0.5009765625 0.06597222291666667 0.49609375 0.078125 0.498046875 0.09895833333333333 0.5048828125 0.11111111041666667 0.51953125 0.109375 0.52734375 0.09201388958333333 0.525390625 0.07118055625
1 0.52734375 0.09201388958333333 0.525390625 0.07118055625 0.5126953125 0.05902777708333333 0.5009765625 0.06597222291666667 0.49609375 0.08159722291666666 0.49609375 0.09201388958333333 0.5 0.10243055625 0.5048828125 0.11111111041666667 0.51953125 0.109375 0.52734375 0.09201388958333333
0 0.294921875 0.390625 0.291015625 0.4114583333333333 0.291015625 0.4427083333333333 0.294921875 0.4635416666666667 0.3076171875 0.4861111104166667 0.32421875 0.484375 0.3466796875 0.4791666666666667 0.3544921875 0.47222222291666666 0.365234375 0.4357638895833333 0.365234375 0.4045138895833333 0.361328125 0.38368055624999997 0.3486328125 0.3611111104166667 0.3388671875 0.3541666666666667 0.3232421875 0.3541666666666667 0.3056640625 0.36805555624999997 0.294921875 0.390625
0 0.361328125 0.24826388958333334 0.357421875 0.26215277708333334 0.357421875 0.28993055624999997 0.36328125 0.3107638895833333 0.3681640625 0.31944444375000003 0.3779296875 0.3263888895833333 0.39453125 0.32465277708333334 0.4033203125 0.31944444375000003 0.412109375 0.30034722291666666 0.416015625 0.2829861104166667 0.416015625 0.265625 0.41015625 0.24131944375 0.4052734375 0.23263888958333334 0.3935546875 0.22222222291666668 0.3798828125 0.22222222291666668 0.3720703125 0.22916666666666666 0.361328125 0.24826388958333334
1 0.4755859375 0.27777777708333334 0.46484375 0.30034722291666666 0.4609375 0.3177083333333333 0.4609375 0.3454861104166667 0.46484375 0.36284722291666666 0.4775390625 0.3854166666666667 0.4912109375 0.3958333333333333 0.505859375 0.39409722291666666 0.5185546875 0.3854166666666667 0.53125 0.36284722291666666 0.53125 0.35590277708333334 0.53515625 0.3454861104166667 0.53515625 0.3142361104166667 0.53125 0.296875 0.5185546875 0.27430555624999997 0.5029296875 0.26388888958333334 0.4912109375 0.26388888958333334 0.4755859375 0.27777777708333334
0 0.5478515625 0.24305555625 0.537109375 0.25868055625 0.53125 0.2795138895833333 0.53125 0.30034722291666666 0.53515625 0.3142361104166667 0.537109375 0.33506944375000003 0.5458984375 0.35069444375000003 0.5576171875 0.3611111104166667 0.576171875 0.359375 0.5888671875 0.34722222291666666 0.59765625 0.328125 0.59765625 0.32118055624999997 0.6015625 0.3107638895833333 0.6015625 0.2864583333333333 0.59375 0.25868055625 0.5849609375 0.24652777708333332 0.5712890625 0.23611111041666666 0.5576171875 0.23611111041666666 0.5478515625 0.24305555625
0 0.630859375 0.22048611041666666 0.630859375 0.234375 0.634765625 0.25173611041666666 0.6474609375 0.27430555624999997 0.6572265625 0.28125 0.66796875 0.2795138895833333 0.68359375 0.26215277708333334 0.689453125 0.24131944375 0.689453125 0.22395833333333334 0.68359375 0.19965277708333332 0.6787109375 0.19097222291666668 0.6689453125 0.18055555625 0.6552734375 0.17708333333333334 0.6416015625 0.1875 0.634765625 0.19965277708333332 0.630859375 0.22048611041666666
0 0.533203125 0.14409722291666668 0.533203125 0.16840277708333332 0.5439453125 0.19097222291666668 0.5517578125 0.19791666666666666 0.55859375 0.19618055625 0.5673828125 0.19097222291666668 0.576171875 0.17534722291666668 0.578125 0.16840277708333332 0.578125 0.14409722291666668 0.5693359375 0.125 0.5595703125 0.11805555625 0.5498046875 0.11805555625 0.5439453125 0.12152777708333334 0.53515625 0.13715277708333332 0.533203125 0.14409722291666668
0 0.591796875 0.13715277708333332 0.6025390625 0.15277777708333332 0.609375 0.15104166666666666 0.607421875 0.140625 0.609375 0.11979166666666667 0.623046875 0.09895833333333333 0.6142578125 0.08680555625 0.6044921875 0.08680555625 0.5966796875 0.09722222291666666 0.5927734375 0.09722222291666666 0.58984375 0.10590277708333334 0.58984375 0.13020833333333334 0.591796875 0.13715277708333332
0 0.638671875 0.09201388958333333 0.6416015625 0.09722222291666666 0.654296875 0.09548611041666667 0.66015625 0.08506944375 0.66015625 0.06423611041666667 0.658203125 0.057291666666666664 0.6513671875 0.048611110416666665 0.6416015625 0.048611110416666665 0.6376953125 0.052083333333333336 0.634765625 0.057291666666666664 0.634765625 0.06770833333333333 0.638671875 0.08159722291666666 0.638671875 0.09201388958333333
1 0.638671875 0.09201388958333333 0.6416015625 0.09722222291666666 0.654296875 0.09548611041666667 0.66015625 0.08506944375 0.66015625 0.06423611041666667 0.658203125 0.057291666666666664 0.6513671875 0.048611110416666665 0.6416015625 0.048611110416666665 0.6376953125 0.052083333333333336 0.634765625 0.057291666666666664 0.634765625 0.06770833333333333 0.638671875 0.08159722291666666 0.638671875 0.09201388958333333
0 0.70703125 0.09895833333333333 0.712890625 0.08854166666666667 0.712890625 0.07118055625 0.7109375 0.06423611041666667 0.7021484375 0.052083333333333336 0.6923828125 0.052083333333333336 0.6875 0.060763889583333335 0.69140625 0.07465277708333334 0.69140625 0.09548611041666667 0.6943359375 0.10069444375 0.70703125 0.09895833333333333
0 0.724609375 0.07465277708333334 0.73046875 0.06423611041666667 0.7236328125 0.052083333333333336 0.7138671875 0.052083333333333336 0.708984375 0.060763889583333335 0.712890625 0.07465277708333334 0.712890625 0.09201388958333333 0.7177734375 0.09722222291666666 0.72265625 0.09548611041666667 0.724609375 0.07465277708333334
0 0.732421875 0.14409722291666668 0.734375 0.15104166666666666 0.7451171875 0.17013888958333334 0.7578125 0.16840277708333332 0.7607421875 0.16666666666666666 0.767578125 0.15104166666666666 0.767578125 0.13020833333333334 0.765625 0.12326388958333333 0.7568359375 0.10763888958333333 0.7509765625 0.10763888958333333 0.7490234375 0.10416666666666667 0.7373046875 0.11111111041666667 0.732421875 0.1267361104166667 0.732421875 0.14409722291666668
0 0.775390625 0.13368055625 0.779296875 0.13020833333333334 0.783203125 0.11631944375 0.783203125 0.10590277708333334 0.7724609375 0.08333333333333333 0.7626953125 0.07986111041666667 0.755859375 0.08854166666666667 0.755859375 0.09895833333333333 0.765625 0.1267361104166667 0.7705078125 0.13541666666666666 0.775390625 0.13368055625
0 0.734375 0.12326388958333333 0.7412109375 0.10763888958333333 0.7568359375 0.10763888958333333 0.7578125 0.10243055625 0.755859375 0.09548611041666667 0.7431640625 0.08333333333333333 0.7353515625 0.08680555625 0.728515625 0.09895833333333333 0.728515625 0.11979166666666667 0.7314453125 0.125 0.734375 0.12326388958333333
0 0.55078125 0.07118055625 0.5556640625 0.08333333333333333 0.578125 0.08506944375 0.576171875 0.07465277708333334 0.5654296875 0.0625 0.5576171875 0.0625 0.55078125 0.07118055625
1 0.5849609375 0.09722222291666666 0.58984375 0.09548611041666667 0.591796875 0.08854166666666667 0.60546875 0.06770833333333333 0.603515625 0.060763889583333335 0.5947265625 0.048611110416666665 0.5849609375 0.048611110416666665 0.578125 0.057291666666666664 0.578125 0.06423611041666667 0.58203125 0.07118055625 0.58203125 0.09201388958333333 0.5849609375 0.09722222291666666
1 0.6162109375 0.05555555625 0.626953125 0.05381944375 0.6201171875 0.045138889583333335 0.6103515625 0.048611110416666665 0.603515625 0.057291666666666664 0.603515625 0.06770833333333333 0.609375 0.06770833333333333 0.609375 0.06423611041666667 0.6162109375 0.05555555625
1 0.6708984375 0.0625 0.6689453125 0.06597222291666667 0.6669921875 0.06597222291666667 0.666015625 0.06770833333333333 0.666015625 0.07118055625 0.6640625 0.07465277708333334 0.6640625 0.078125 0.662109375 0.08159722291666666 0.6640625 0.08506944375 0.6640625 0.08854166666666667 0.669921875 0.09895833333333333 0.669921875 0.10243055625 0.6708984375 0.10416666666666667 0.6728515625 0.10416666666666667 0.6748046875 0.10763888958333333 0.6826171875 0.10763888958333333 0.68359375 0.10590277708333334 0.69140625 0.09201388958333333 0.69140625 0.07465277708333334 0.689453125 0.07118055625 0.689453125 0.06770833333333333 0.6865234375 0.0625 0.6845703125 0.0625 0.6826171875 0.05902777708333333 0.6787109375 0.05902777708333333 0.6767578125 0.0625 0.6708984375 0.0625
1 0.681640625 0.057291666666666664 0.6767578125 0.048611110416666665 0.6650390625 0.048611110416666665 0.658203125 0.060763889583333335 0.658203125 0.06423611041666667 0.66015625 0.06770833333333333 0.66015625 0.078125 0.6611328125 0.07986111041666667 0.6630859375 0.07986111041666667 0.6640625 0.078125 0.6640625 0.07465277708333334 0.666015625 0.07118055625 0.666015625 0.06770833333333333 0.6669921875 0.06597222291666667 0.6689453125 0.06597222291666667 0.6708984375 0.0625 0.6767578125 0.0625 0.6787109375 0.05902777708333333 0.6806640625 0.05902777708333333 0.681640625 0.057291666666666664