0 0.7626953125 0.27777777708333334 0.7490234375 0.28819444375000003 0.7421875 0.30034722291666666 0.73828125 0.3177083333333333 0.73828125 0.33506944375000003 0.744140625 0.36284722291666666 0.7509765625 0.375 0.7626953125 0.3854166666666667 0.7734375 0.38368055624999997 0.779296875 0.3732638895833333 0.783203125 0.3420138895833333 0.79296875 0.32465277708333334 0.79296875 0.3177083333333333 0.791015625 0.3072916666666667 0.7841796875 0.2916666666666667 0.7744140625 0.28125 0.7626953125 0.27777777708333334
0 0.8251953125 0.23958333333333334 0.818359375 0.24826388958333334 0.814453125 0.26215277708333334 0.814453125 0.27256944375000003 0.8203125 0.28993055624999997 0.822265625 0.3107638895833333 0.8310546875 0.3229166666666667 0.837890625 0.32118055624999997 0.8447265625 0.31597222291666666 0.8515625 0.30381944375000003 0.853515625 0.296875 0.853515625 0.2760416666666667 0.849609375 0.25868055625 0.8408203125 0.24305555625 0.8369140625 0.23958333333333334 0.8251953125 0.23958333333333334
0 0.857421875 0.3072916666666667 0.859375 0.3107638895833333 0.859375 0.32118055624999997 0.8642578125 0.3298611104166667 0.8759765625 0.31944444375000003 0.8857421875 0.3229166666666667 0.8916015625 0.3298611104166667 0.89453125 0.328125 0.896484375 0.32118055624999997 0.896484375 0.296875 0.892578125 0.2829861104166667 0.8837890625 0.2673611104166667 0.8720703125 0.26388888958333334 0.861328125 0.2760416666666667 0.857421875 0.29340277708333334 0.857421875 0.3072916666666667
0 0.90625 0.3142361104166667 0.912109375 0.3385416666666667 0.9169921875 0.34722222291666666 0.9208984375 0.35069444375000003 0.927734375 0.3489583333333333 0.9375 0.33506944375000003 0.939453125 0.328125 0.939453125 0.3072916666666667 0.935546875 0.28993055624999997 0.9267578125 0.27430555624999997 0.9150390625 0.27430555624999997 0.908203125 0.2864583333333333 0.90625 0.3142361104166667
1 0.958984375 0.4114583333333333 0.958984375 0.42534722291666666 0.962890625 0.4357638895833333 0.962890625 0.4427083333333333 0.9716796875 0.4583333333333333 0.98046875 0.45659722291666666 0.990234375 0.4427083333333333 0.994140625 0.4079861104166667 0.98828125 0.3802083333333333 0.9814453125 0.36805555624999997 0.9716796875 0.3645833333333333 0.9609375 0.3802083333333333 0.95703125 0.4079861104166667 0.958984375 0.4114583333333333
1 0.78515625 0.3385416666666667 0.78125 0.35243055624999997 0.78125 0.36284722291666666 0.779296875 0.36631944375000003 0.78125 0.38715277708333334 0.787109375 0.4114583333333333 0.7939453125 0.4236111104166667 0.8017578125 0.43055555624999997 0.818359375 0.42881944375000003 0.8271484375 0.4201388895833333 0.833984375 0.4010416666666667 0.8359375 0.390625 0.8359375 0.359375 0.830078125 0.3385416666666667 0.8173828125 0.31944444375000003 0.7978515625 0.31944444375000003 0.78515625 0.3385416666666667
1 0.76953125 0.22743055625 0.76953125 0.24479166666666666 0.771484375 0.25173611041666666 0.7763671875 0.2604166666666667 0.78125 0.25868055625 0.796875 0.24826388958333334 0.798828125 0.24131944375 0.798828125 0.21701388958333334 0.7919921875 0.19791666666666666 0.7783203125 0.19097222291666668 0.7724609375 0.19791666666666666 0.765625 0.21354166666666666 0.76953125 0.22743055625
0 0.8017578125 0.20138888958333334 0.8125 0.19965277708333332 0.818359375 0.18576388958333334 0.81640625 0.16840277708333332 0.8076171875 0.15277777708333332 0.7958984375 0.15277777708333332 0.791015625 0.16493055625 0.791015625 0.18229166666666666 0.794921875 0.19270833333333334 0.8017578125 0.20138888958333334
0 0.7197265625 0.19097222291666668 0.728515625 0.18923611041666666 0.736328125 0.17881944375 0.73828125 0.15798611041666666 0.7294921875 0.13888888958333334 0.7177734375 0.13541666666666666 0.708984375 0.14756944375 0.7109375 0.15451388958333334 0.7109375 0.171875 0.7197265625 0.19097222291666668
0 0.748046875 0.19270833333333334 0.7587890625 0.20138888958333334 0.7626953125 0.20833333333333334 0.767578125 0.20659722291666668 0.7724609375 0.19791666666666666 0.779296875 0.19270833333333334 0.779296875 0.18229166666666666 0.7705078125 0.16666666666666666 0.7568359375 0.16666666666666666 0.7529296875 0.17013888958333334 0.748046875 0.17881944375 0.748046875 0.19270833333333334
0 0.7861328125 0.18402777708333332 0.791015625 0.18229166666666666 0.791015625 0.16493055625 0.796875 0.15104166666666666 0.7919921875 0.13888888958333334 0.7802734375 0.13888888958333334 0.7734375 0.15451388958333334 0.7734375 0.16493055625 0.7802734375 0.18055555625 0.7861328125 0.18402777708333332
1 0.736328125 0.17534722291666668 0.7392578125 0.18055555625 0.748046875 0.17881944375 0.75390625 0.16840277708333332 0.75390625 0.14756944375 0.7451171875 0.13194444375 0.7333984375 0.13194444375 0.732421875 0.14409722291666668 0.73828125 0.15798611041666666 0.73828125 0.171875 0.736328125 0.17534722291666668
1 0.6904296875 0.1875 0.6943359375 0.19097222291666668 0.705078125 0.18923611041666666 0.7109375 0.17881944375 0.7109375 0.15451388958333334 0.7041015625 0.13888888958333334 0.7001953125 0.13541666666666666 0.6904296875 0.13541666666666666 0.681640625 0.15104166666666666 0.681640625 0.16840277708333332 0.6904296875 0.1875
1 0.65625 0.19965277708333332 0.65625 0.21701388958333334 0.6611328125 0.22569444375 0.673828125 0.22395833333333334 0.6767578125 0.22222222291666668 0.685546875 0.203125 0.685546875 0.17881944375 0.6728515625 0.15972222291666668 0.6611328125 0.15972222291666668 0.65234375 0.171875 0.65234375 0.18576388958333334 0.65625 0.19965277708333332
1 0.6259765625 0.23263888958333334 0.6337890625 0.23958333333333334 0.64453125 0.23784722291666668 0.65625 0.21354166666666666 0.654296875 0.18923611041666666 0.65234375 0.18229166666666666 0.6435546875 0.17013888958333334 0.6279296875 0.17013888958333334 0.6171875 0.18576388958333334 0.6171875 0.21006944375 0.6259765625 0.23263888958333334
1 0.64453125 0.16493055625 0.650390625 0.15104166666666666 0.6484375 0.13368055625 0.6376953125 0.11805555625 0.6279296875 0.12152777708333334 0.62109375 0.13715277708333332 0.62109375 0.15104166666666666 0.6298828125 0.16666666666666666 0.64453125 0.16493055625
0 0.537109375 0.17881944375 0.5419921875 0.18402777708333332 0.548828125 0.18229166666666666 0.560546875 0.16493055625 0.560546875 0.14756944375 0.5537109375 0.13194444375 0.5498046875 0.12847222291666666 0.5400390625 0.12847222291666666 0.53125 0.140625 0.537109375 0.15451388958333334 0.537109375 0.17881944375
0 0.564453125 0.17881944375 0.5732421875 0.20138888958333334 0.5791015625 0.20833333333333334 0.587890625 0.20659722291666668 0.599609375 0.18923611041666666 0.6015625 0.17881944375 0.599609375 0.16493055625 0.59765625 0.15798611041666666 0.5888671875 0.14583333333333334 0.5751953125 0.14583333333333334 0.56640625 0.15798611041666666 0.564453125 0.17881944375
1 0.466796875 0.21006944375 0.4775390625 0.23263888958333334 0.4814453125 0.23611111041666666 0.490234375 0.234375 0.4970703125 0.22916666666666666 0.50390625 0.21354166666666666 0.50390625 0.18923611041666666 0.501953125 0.18229166666666666 0.4931640625 0.17013888958333334 0.4794921875 0.17013888958333334 0.466796875 0.18923611041666666 0.466796875 0.21006944375
1 0.3388671875 0.21875 0.3427734375 0.22222222291666668 0.34765625 0.22048611041666666 0.3525390625 0.21875 0.359375 0.203125 0.359375 0.18576388958333334 0.3544921875 0.17361111041666666 0.3427734375 0.17013888958333334 0.333984375 0.18229166666666666 0.33203125 0.203125 0.3388671875 0.21875
1 0.1591796875 0.4166666666666667 0.1611328125 0.41319444375000003 0.1669921875 0.41319444375000003 0.1728515625 0.4166666666666667 0.1806640625 0.43055555624999997 0.185546875 0.42881944375000003 0.193359375 0.4010416666666667 0.19140625 0.3767361104166667 0.1826171875 0.3611111104166667 0.1708984375 0.3576388895833333 0.1669921875 0.3611111104166667 0.15625 0.38368055624999997 0.15625 0.4114583333333333 0.1591796875 0.4166666666666667
1 0.146484375 0.42881944375000003 0.140625 0.453125 0.140625 0.4739583333333333 0.142578125 0.484375 0.1494140625 0.5 0.1552734375 0.50694444375 0.16796875 0.50868055625 0.1728515625 0.50694444375 0.1796875 0.4947916666666667 0.185546875 0.4704861104166667 0.185546875 0.44965277708333334 0.181640625 0.4322916666666667 0.1728515625 0.4166666666666667 0.1591796875 0.41319444375000003 0.146484375 0.42881944375000003
1 0.0546875 0.48784722291666666 0.0546875 0.52256944375 0.0634765625 0.5416666666666666 0.07421875 0.5399305562500001 0.08203125 0.52256944375 0.083984375 0.5017361104166667 0.08203125 0.4982638895833333 0.08203125 0.484375 0.0732421875 0.46875 0.0673828125 0.46527777708333334 0.0615234375 0.46875 0.0546875 0.48784722291666666
0 0.08984375 0.44965277708333334 0.08984375 0.46006944375000003 0.09375 0.47743055624999997 0.1025390625 0.4895833333333333 0.107421875 0.48784722291666666 0.107421875 0.47743055624999997 0.111328125 0.46006944375000003 0.12109375 0.4427083333333333 0.12109375 0.4322916666666667 0.1123046875 0.4166666666666667 0.1025390625 0.4166666666666667 0.0986328125 0.4201388895833333 0.08984375 0.44965277708333334
0 0.18359375 0.328125 0.185546875 0.33506944375000003 0.1923828125 0.34375 0.205078125 0.3420138895833333 0.2109375 0.328125 0.212890625 0.3072916666666667 0.2109375 0.296875 0.2060546875 0.28819444375000003 0.1962890625 0.28472222291666666 0.1875 0.29340277708333334 0.18359375 0.3072916666666667 0.18359375 0.328125
0 0.27734375 0.24826388958333334 0.2822265625 0.25694444375 0.2900390625 0.26388888958333334 0.29296875 0.26215277708333334 0.302734375 0.25173611041666666 0.306640625 0.234375 0.3046875 0.22048611041666666 0.2978515625 0.20833333333333334 0.2880859375 0.20833333333333334 0.2841796875 0.21180555625 0.27734375 0.22743055625 0.27734375 0.24826388958333334
0 0.3095703125 0.23958333333333334 0.3134765625 0.24305555625 0.322265625 0.24131944375 0.328125 0.234375 0.33203125 0.22048611041666666 0.33203125 0.20659722291666668 0.3271484375 0.19444444375 0.3134765625 0.19097222291666668 0.3046875 0.21006944375 0.3046875 0.22395833333333334 0.3095703125 0.23958333333333334
0 0.306640625 0.21701388958333334 0.306640625 0.20659722291666668 0.3125 0.19270833333333334 0.3076171875 0.1875 0.2958984375 0.19097222291666668 0.291015625 0.20659722291666668 0.2978515625 0.20833333333333334 0.3037109375 0.21875 0.306640625 0.21701388958333334