0 0.953125 0.3175347229166666 0.9453125 0.29322916666666665 0.9326171875 0.2810763895833333 0.9248046875 0.2810763895833333 0.9140625 0.2967013895833333 0.9140625 0.30364583333333334 0.919921875 0.32100694583333333 0.9217494421874999 0.34375 0.926795371875 0.34375 0.9404296875 0.32274305625 0.953125 0.3175347229166666
0 0.9599609375 0.32690972291666665 0.9443359375 0.31996527708333333 0.9296875 0.34253472291666665 0.9326171875 0.34774305624999996 0.9443359375 0.3546875 0.953125 0.3703125 0.958984375 0.3876736104166667 0.958984375 0.39809027708333333 0.9609375 0.4015625 0.9609375 0.4354166666666667 0.96630859375 0.4354166666666667 0.9677734375 0.4345486104166667 0.97265625 0.42239583333333336 0.974609375 0.4015625 0.9765625 0.39809027708333333 0.9765625 0.37378472291666665 0.96875 0.34253472291666665 0.9599609375 0.32690972291666665
0 0.89921875 0.28159722291666667 0.88359375 0.28159722291666667 0.87578125 0.28854166666666664 0.8728515625 0.29722222291666667 0.8845703125 0.3145833333333333 0.8884765625 0.32847222291666667 0.8904296875 0.34930555625 0.901171875 0.3545138895833333 0.90615234375 0.36041666666666666 0.9099609390625 0.36041666666666666 0.9119140625 0.35972222291666667 0.9203125 0.34777777708333335 0.9203125 0.3299479166666667 0.9138671875 0.30416666666666664 0.89921875 0.28159722291666667
0 0.8869140625 0.3215277791666667 0.87421875 0.2989583333333333 0.8625 0.28854166666666664 0.848828125 0.28854166666666664 0.837109375 0.2989583333333333 0.8302734375 0.31805555625 0.8439453125 0.3319444458333333 0.8537109375 0.3527777791666667 0.8537109375 0.35972222291666667 0.8576171875 0.3701388895833333 0.8576171875 0.38055555625 0.8603515625 0.3854166666666667 0.8607421875 0.3854166666666667 0.8615234375 0.3840277791666667 0.87421875 0.3579861125 0.883984375 0.35104166666666664 0.88984375 0.35104166666666664 0.890625 0.34131944583333335 0.890625 0.33836805625 0.8869140625 0.32847222291666667 0.8869140625 0.3215277791666667
0 0.83671875 0.22239583333333332 0.826953125 0.2154513875 0.81328125 0.2154513875 0.8025390625 0.22760416666666666 0.8025390625 0.2414930541666667 0.8064453125 0.26232638750000004 0.8044921875 0.30052083333333335 0.809375 0.3126736104166667 0.8279296875 0.3144097208333333 0.830859375 0.3126736104166667 0.838671875 0.2953125 0.85 0.28756677291666666 0.85 0.25665509166666667 0.8455078125 0.23802083333333332 0.83671875 0.22239583333333332
0 0.786328125 0.21145833333333333 0.782421875 0.20798611041666665 0.762890625 0.20798611041666665 0.7501953125 0.22361111041666665 0.7443359375 0.24791666666666667 0.7443359375 0.26875 0.7482421875 0.28958333333333336 0.762890625 0.3190972208333333 0.766796875 0.3190972208333333 0.77177734375 0.325 0.776757809375 0.325 0.7794921875 0.3243055541666667 0.794140625 0.315625 0.8009765625 0.3034722208333333 0.8046875 0.29027777708333335 0.8046875 0.24722222291666668 0.8009765625 0.23402777708333333 0.786328125 0.21145833333333333
0 0.7314453125 0.17430555416666668 0.7138671875 0.17430555416666668 0.7060546875 0.18125 0.7015625 0.18923611041666666 0.7015625 0.2008101833333333 0.712890625 0.21423611041666665 0.720703125 0.24201388750000002 0.720703125 0.27326388749999997 0.7228515625 0.27708333333333335 0.7353515546875 0.27708333333333335 0.73828125 0.2767361104166667 0.7412109375 0.275 0.744140625 0.26631944375 0.744140625 0.24548611041666665 0.7515625 0.22239583125 0.7515625 0.203125 0.7392578125 0.18125 0.7314453125 0.17430555416666668
0 0.6828125 0.23298611041666667 0.66328125 0.21562499791666667 0.649609375 0.21562499791666667 0.633984375 0.2295138875 0.6251953125 0.2451388875 0.6193359375 0.27291666666666664 0.6232421875 0.30763888749999996 0.6251953125 0.3145833333333333 0.6298828125 0.3229166666666667 0.6302734375 0.3229166666666667 0.6310546875 0.32152777708333335 0.6388671875 0.29375 0.6515625 0.27465277708333335 0.66328125 0.2677083333333333 0.684765625 0.2677083333333333 0.69453125 0.27465277708333335 0.6953125 0.26770833125 0.6953125 0.26527777708333333 0.6916015625 0.25208333125 0.6828125 0.23298611041666667
0 0.6939453125 0.275 0.6822265625 0.26805555416666665 0.6626953125 0.26805555416666665 0.6451171875 0.28194444375 0.63828125 0.29409722083333334 0.63046875 0.321875 0.63046875 0.35659722083333334 0.640234375 0.39479166666666665 0.6470703125 0.40694444375 0.6650390640625 0.42291666666666666 0.6798828046875001 0.42291666666666666 0.683203125 0.42256944375 0.6939453125 0.4173611104166667 0.702734375 0.4017361104166667 0.7046875 0.38090277708333337 0.710546875 0.36006944375 0.710546875 0.353125 0.715625 0.34409722291666667 0.715625 0.32569444375 0.70859375 0.29756944375 0.6939453125 0.275
0 0.678515625 0.15347222083333334 0.6609375 0.15347222083333334 0.655078125 0.15694444375 0.6443359375 0.17604166666666668 0.6423828125 0.20729166666666668 0.6448437499999999 0.21458333333333332 0.660156240625 0.21458333333333332 0.6638671875 0.21423611041666665 0.66484375 0.20902777708333334 0.684375 0.19513888750000002 0.698046875 0.19513888750000002 0.6984375 0.19166666666666668 0.6984375 0.18527777708333334 0.684375 0.15694444375 0.678515625 0.15347222083333334
0 0.5224609375 0.12482638958333332 0.5234375 0.11961805625 0.5146484375 0.10746527916666666 0.5009765625 0.10746527916666666 0.4951171875 0.1109375 0.486328125 0.1265625 0.484375 0.14045138958333334 0.4912109328125 0.14166666666666666 0.5048936640624999 0.14166666666666666 0.5107421875 0.1282986125 0.5224609375 0.12482638958333332
0 0.5216796875 0.21006944375 0.5177734375 0.22743055625 0.5177734375 0.24479166666666666 0.5236328125 0.26909722291666666 0.534375 0.28819444375000003 0.5471354171875 0.29791666666666666 0.552343746875 0.29791666666666666 0.5587890625 0.296875 0.567578125 0.2916666666666667 0.5802734375 0.27256944375000003 0.5859375 0.25243055416666665 0.5859375 0.22335069375 0.5783203125 0.19965277708333332 0.56953125 0.1875 0.5625 0.18125 0.543359375 0.18125 0.528515625 0.19444444375 0.5216796875 0.21006944375
0 0.4345703125 0.19166666666666668 0.443359375 0.16909722083333334 0.443359375 0.14131944375 0.44140625 0.134375 0.4326171875 0.12222222083333333 0.4169921875 0.12222222083333333 0.404296875 0.13784722083333334 0.400390625 0.15173611041666665 0.400390625 0.165625 0.404296875 0.17951388750000002 0.414084203125 0.19375 0.4267578046875 0.19375 0.4296875 0.19340277708333334 0.4345703125 0.19166666666666668
0 0.4720703125 0.0861111125 0.4623046875 0.09305555624999999 0.457421875 0.1017361125 0.4583984375 0.10694444583333333 0.4623046875 0.10347222291666666 0.4779296875 0.10347222291666666 0.4837890625 0.10694444583333333 0.48743489531249995 0.11666666666666667 0.4888671890625 0.11666666666666667 0.490625 0.115625 0.4921875 0.10729166666666666 0.4921875 0.10451388958333332 0.4876953125 0.09652777916666667 0.4720703125 0.0861111125
0 0.52265625 0.09756944583333334 0.516796875 0.09409722291666665 0.505078125 0.09409722291666665 0.4943359375 0.10972222291666665 0.51484375 0.1079861125 0.523876953125 0.12083333333333333 0.5275390640625 0.12083333333333333 0.5294921875 0.12013888958333332 0.53125 0.11701388958333332 0.53125 0.11597222291666666 0.5294921875 0.10972222291666665 0.52265625 0.09756944583333334
1 0.4677734375 0.10069444375 0.4560546875 0.10763888958333333 0.45 0.12455357083333334 0.45 0.153125 0.453125 0.16145833333333334 0.4599609375 0.17013888958333334 0.46484375 0.16840277708333332 0.4697265625 0.15625 0.486328125 0.13715277708333332 0.4875 0.12465277708333335 0.4875 0.11535790625 0.4755859375 0.10069444375 0.4677734375 0.10069444375
1 0.436328125 0.10711805625 0.434375 0.10364583333333334 0.4265625 0.10711805625 0.4216796875 0.11927083333333334 0.43046875 0.12100694375000001 0.43828125 0.12795138958333332 0.4431640625 0.14010416666666667 0.4431640625 0.16041666666666668 0.4490234375 0.16041666666666668 0.4490234375 0.12274305625 0.45 0.12100694375000001 0.45 0.117920525 0.4421875 0.10711805625 0.436328125 0.10711805625
1 0.5408203125 0.12881944583333332 0.5330078125 0.121875 0.5212890625 0.121875 0.5154296875 0.12881944583333332 0.5115234375 0.12881944583333332 0.5046875 0.14097222291666667 0.5046875 0.14444444583333332 0.5171875 0.16666666666666666 0.517578125 0.16666666666666666 0.518359375 0.16527777916666667 0.5271484375 0.15659722291666667 0.55 0.15497222291666668 0.55 0.14930555625 0.54765625 0.14097222291666667 0.5408203125 0.12881944583333332
1 0.5166015625 0.24305555625 0.517578125 0.24131944375 0.51953125 0.21701388958333334 0.5283203125 0.19444444375 0.5439453125 0.18055555625 0.5625 0.17881944375 0.5556640625 0.16319444375 0.5478515625 0.15625 0.5322265625 0.15277777708333332 0.515625 0.16840277708333332 0.5078125 0.19270833333333334 0.5078125 0.22048611041666666 0.51171875 0.234375 0.5166015625 0.24305555625
1 0.6052734375 0.14756944375 0.6130859375 0.16145833333333334 0.6169921875 0.17534722291666668 0.6189453125 0.19618055625 0.621875 0.20138888958333334 0.627734375 0.20138888958333334 0.629296875 0.20416666666666666 0.6324218734375 0.20416666666666666 0.6365234375 0.203125 0.6423828125 0.19618055625 0.6423828125 0.18229166666666666 0.6484375 0.16614583333333333 0.6484375 0.13972222291666667 0.6453125 0.13194444375 0.639453125 0.12847222291666666 0.633984375 0.11875 0.619460228125 0.11875 0.6072265625 0.13715277708333332 0.6052734375 0.14756944375
1 0.6515625 0.14756944375 0.6525390625 0.15972222291666668 0.6603515625 0.15277777708333332 0.6759765625 0.15277777708333332 0.6857421875 0.15972222291666668 0.6931640625 0.17291666666666666 0.6947265625 0.17291666666666666 0.696484375 0.171875 0.6984375 0.16493055625 0.696484375 0.15451388958333334 0.6857421875 0.13541666666666666 0.6769531234375 0.12916666666666668 0.6732421890625 0.12916666666666668 0.6623046875 0.13194444375 0.6515625 0.14756944375
1 0.73125 0.15277777708333332 0.721484375 0.14583333333333334 0.7078125 0.14930555625 0.6970703125 0.171875 0.6970703125 0.18229166666666666 0.7 0.1875 0.713671875 0.17361111041666666 0.73125 0.17361111041666666 0.74296875 0.1875 0.7453125 0.18611111249999998 0.7453125 0.18263888958333335 0.7439453125 0.17534722291666668 0.73125 0.15277777708333332
1 0.798828125 0.20625000208333333 0.7880859375 0.18715277916666664 0.7802734375 0.18020833541666667 0.7646484375 0.18020833541666667 0.7587890625 0.18715277916666664 0.751953125 0.20277777916666664 0.7548828125 0.21493055625000002 0.7626953125 0.2079861125 0.7822265625 0.2079861125 0.796549478125 0.22708333333333333 0.8007812515625 0.22708333333333333 0.802734375 0.2236111125 0.798828125 0.20625000208333333
1 0.9056640625 0.3579861125 0.8939453125 0.35104166666666664 0.8841796875 0.35104166666666664 0.8724609375 0.3614583333333333 0.863671875 0.3770833333333333 0.859765625 0.3944444458333333 0.86171875 0.39791666666666664 0.86171875 0.4152777791666667 0.8646484375 0.4204861125 0.8705078125 0.4204861125 0.8822265625 0.4309027791666667 0.894921875 0.45347222291666667 0.90078125 0.47430555625 0.902734375 0.4951388895833333 0.90546875 0.5 0.906640628125 0.5 0.910546875 0.4986111125 0.91640625 0.4881944458333333 0.925 0.4606944458333333 0.925 0.40625 0.9203125 0.3840277791666667 0.9056640625 0.3579861125
1 0.8572265625 0.36944444375 0.8513671875 0.3486111104166667 0.83671875 0.32256944375 0.8328125 0.32256944375 0.82890625 0.315625 0.823046875 0.31215277708333333 0.815234375 0.31215277708333333 0.81328125 0.315625 0.8015625 0.3190972208333333 0.795703125 0.3260416666666667 0.7908203125 0.3347222208333333 0.7869140625 0.35208333333333336 0.7908203125 0.35902777708333333 0.7927734375 0.3798611104166667 0.7947265625 0.38333333333333336 0.7947265625 0.4111111104166667 0.8103515625 0.4423611104166667 0.8123046875 0.45277777708333333 0.8166015625 0.46041666666666664 0.8189453109375 0.46041666666666664 0.8201171875 0.4597222208333333 0.8220703125 0.45277777708333333 0.838671875 0.4267361104166667 0.846484375 0.4197916666666667 0.854296875 0.4197916666666667 0.8578125 0.40854166666666664 0.8578125 0.4017361104166667 0.8572265625 0.40069444375 0.8572265625 0.36944444375
1 0.7373046875 0.4157986104166667 0.7470703125 0.40538194375000003 0.7607421875 0.4019097208333333 0.7626953125 0.3984375 0.7763671875 0.3984375 0.7900390625 0.4088541666666667 0.794921875 0.4036458333333333 0.794921875 0.3862847208333333 0.791015625 0.3654513875 0.7783203125 0.3359375 0.7705078125 0.3255208333333333 0.7568359375 0.3151041666666667 0.7412109375 0.3151041666666667 0.7236328125 0.32899305416666663 0.71484375 0.34461805416666663 0.70703125 0.3689236104166667 0.70703125 0.37934027708333334 0.705078125 0.3828125 0.705078125 0.4140625 0.7147993609375 0.45208333333333334 0.720751953125 0.45208333333333334 0.724609375 0.43836805416666663 0.7373046875 0.4157986104166667
1 0.2875 0.203125 0.285546875 0.23090277708333332 0.2943359375 0.25347222291666666 0.2974609375 0.25625 0.304101559375 0.25625 0.312890625 0.2552083333333333 0.32265625 0.24479166666666666 0.3265625 0.23090277708333332 0.328125 0.21145833333333333 0.328125 0.20451388958333333 0.3265625 0.19618055625 0.3177734375 0.18402777708333332 0.3083984359375 0.18125 0.3050781265625 0.18125 0.2962890625 0.1875 0.2875 0.203125