0 0.4947265625 0.2677083333333333 0.4869140625 0.26076388958333335 0.4693359375 0.26076388958333335 0.4595703125 0.2677083333333333 0.446875 0.2902777791666667 0.44296875 0.3076388895833333 0.44296875 0.33541666666666664 0.448828125 0.35625 0.4634765625 0.3788194458333333 0.467578125 0.38125 0.4804687546875 0.38125 0.487890625 0.38055555625 0.4986328125 0.37534722291666667 0.50546875 0.3631944458333333 0.5125 0.33506944583333337 0.5125 0.30486111250000003 0.507421875 0.28680555625 0.4947265625 0.2677083333333333
0 0.2939453125 0.28125 0.2900390625 0.27777777708333334 0.2724609375 0.27777777708333334 0.26171875 0.296875 0.2578125 0.3107638895833333 0.2578125 0.3385416666666667 0.2705078125 0.3645833333333333 0.2763671875 0.36805555624999997 0.287109375 0.36631944375000003 0.30078125 0.35243055624999997 0.30078125 0.3454861104166667 0.3046875 0.33506944375000003 0.3046875 0.3072916666666667 0.30078125 0.29340277708333334 0.2939453125 0.28125
0 0.91171875 0.3548611104166667 0.89609375 0.34097222083333334 0.886328125 0.34097222083333334 0.8765625 0.34791666666666665 0.8677734375 0.36354166666666665 0.8638671875 0.37743055416666665 0.8619140625 0.38784722083333334 0.8619140625 0.4329861104166667 0.8658203125 0.44340277708333337 0.8658203125 0.45034722083333334 0.8765625 0.47638888749999997 0.8850260437499999 0.48541666666666666 0.8980468671875 0.48541666666666666 0.9009765625 0.48506944375 0.909765625 0.4798611104166667 0.9205078125 0.46076388749999997 0.925 0.43946759166666666 0.925 0.39525462916666665 0.9205078125 0.37395833333333334 0.91171875 0.3548611104166667
0 0.780078125 0.26840277916666666 0.7654296875 0.24583333333333332 0.7595703125 0.24236111249999998 0.7458984375 0.24236111249999998 0.7400390625 0.24583333333333332 0.73125 0.2579861125 0.729296875 0.26840277916666666 0.725390625 0.27534722291666663 0.725390625 0.29270833333333335 0.7234375 0.29618055625 0.725390625 0.29965277916666666 0.725390625 0.31354166666666666 0.7400390625 0.35 0.7470703109375 0.35625 0.7560546968749999 0.35625 0.768359375 0.35520833333333335 0.783984375 0.33090277916666666 0.784375 0.32881944583333333 0.784375 0.28090277916666667 0.783984375 0.27881944583333335 0.780078125 0.26840277916666666
0 0.0091796875 0.5493055541666667 0.0013671875 0.5493055541666667 0.000390625 0.6239583333333333 0.0061328140625 0.63125 0.012695309375 0.63125 0.0140625 0.6309027770833333 0.01875 0.62256944375 0.01875 0.5711805541666667 0.016015625 0.5614583333333333 0.0091796875 0.5493055541666667
0 0.026953125 0.46840277916666667 0.0201171875 0.48402777916666667 0.0201171875 0.51875 0.025 0.5309027791666667 0.027734373437499998 0.5333333333333333 0.031835940624999996 0.5333333333333333 0.0337890625 0.5326388895833333 0.0396484375 0.5256944458333334 0.040625 0.5204861125 0.040625 0.4817956354166667 0.034765625 0.46840277916666667 0.026953125 0.46840277916666667
1 0.076171875 0.48090277708333334 0.076171875 0.453125 0.0693359375 0.4375 0.0615234375 0.43402777708333334 0.0556640625 0.44097222291666666 0.048828125 0.45659722291666666 0.048828125 0.484375 0.0576171875 0.5034722229166666 0.068359375 0.5017361104166667 0.07421875 0.49131944375000003 0.076171875 0.48090277708333334
1 0.1166015625 0.36493055625 0.1087890625 0.36493055625 0.1 0.3770833333333333 0.09609375 0.39097222291666667 0.09609375 0.4083333333333333 0.098046875 0.41875 0.1048828125 0.4309027791666667 0.1076171875 0.43333333333333335 0.1117187515625 0.43333333333333335 0.113671875 0.4326388895833333 0.125390625 0.4152777791666667 0.1265625 0.41111111250000004 0.1265625 0.38819444583333335 0.1234375 0.3770833333333333 0.1166015625 0.36493055625
1 0.7154296875 0.2392361125 0.7037109375 0.22534722291666667 0.6978515625 0.22187500208333333 0.6841796875 0.22187500208333333 0.6763671875 0.22881944583333333 0.665625 0.24791666874999999 0.66171875 0.26527777916666667 0.66171875 0.28263888958333333 0.667578125 0.30694444583333336 0.6763671875 0.32256944583333336 0.68450520625 0.33125 0.70078125 0.33125 0.7095703125 0.3260416666666667 0.722265625 0.30347222291666665 0.722265625 0.28611111250000004 0.7234375 0.28402777916666666 0.7234375 0.2715277791666667 0.722265625 0.2548611125 0.7154296875 0.2392361125
1 0.8611328125 0.30381944375000003 0.850390625 0.28472222291666666 0.838671875 0.27777777708333334 0.823046875 0.28472222291666666 0.8142578125 0.30034722291666666 0.8103515625 0.3142361104166667 0.8103515625 0.32465277708333334 0.8083984375 0.328125 0.8103515625 0.35590277708333334 0.8201171875 0.38368055624999997 0.82890625 0.3958333333333333 0.834765625 0.3958333333333333 0.83671875 0.39930555624999997 0.8494140625 0.39756944375000003 0.85625 0.3923611104166667 0.8611328125 0.38368055624999997 0.8671875 0.36484375 0.8671875 0.32569444375 0.8669921875 0.32465277708333334 0.8611328125 0.30381944375000003
1 0.7890625 0.26215277708333334 0.7875 0.2704861104166667 0.7875 0.31175595208333334 0.80078125 0.3454861104166667 0.805013021875 0.35 0.8068359375 0.35 0.80859375 0.3489583333333333 0.80859375 0.32465277708333334 0.8125 0.30381944375000003 0.8232421875 0.28472222291666666 0.8349609375 0.28125 0.8375 0.2767361104166667 0.8375 0.27503858124999997 0.8291015625 0.25347222291666666 0.8163411453125 0.24375 0.8134765640625 0.24375 0.7958984375 0.25 0.7890625 0.26215277708333334
1 0.979296875 0.4654513875 0.96953125 0.45850694375 0.9578125 0.46197916666666666 0.9451171875 0.47760416666666666 0.9392578125 0.49149305416666667 0.9392578125 0.4984375 0.9333984375 0.5157986104166666 0.9333984375 0.5331597208333333 0.9314453125 0.53663194375 0.9314453125 0.5574652770833333 0.9412109375 0.6060763875 0.95 0.6217013875 0.957519534375 0.6229166666666667 0.96240234375 0.6229166666666667 0.97734375 0.6182291666666667 0.9900390625 0.5921875 0.9953125 0.5671874979166667 0.9953125 0.5092013875 0.9919921875 0.49149305416666667 0.979296875 0.4654513875
0 0.786328125 0.21145833541666667 0.77265625 0.21145833541666667 0.76484375 0.21840277916666664 0.7599609375 0.22708333541666667 0.7619140625 0.24097222291666667 0.76875 0.24965277916666664 0.78350694375 0.2791666666666667 0.7873046875 0.2791666666666667 0.7873046875 0.26875 0.7912109375 0.25833333541666664 0.79609375 0.24965277916666664 0.80390625 0.24618055625000002 0.8046875 0.2392361125 0.8046875 0.23715277916666666 0.794140625 0.21840277916666664 0.786328125 0.21145833541666667
0 0.75078125 0.21822916666666667 0.741015625 0.21128472291666667 0.729296875 0.21128472291666667 0.71953125 0.21822916666666667 0.7126953125 0.23385416666666667 0.7224609375 0.2546875 0.7242773437500001 0.2708333333333333 0.726708984375 0.2708333333333333 0.7302734375 0.25815972291666667 0.7390625 0.24600694374999998 0.744921875 0.24253472291666667 0.760546875 0.24253472291666667 0.7609375 0.24045138958333334 0.7609375 0.23524305625 0.7595703125 0.23038194374999998 0.75078125 0.21822916666666667
0 0.0751953125 0.40347222083333334 0.0634765625 0.40347222083333334 0.060546875 0.40868055416666665 0.060546875 0.42256944375 0.059375 0.4246527770833334 0.059375 0.42743055625 0.0634765625 0.43472222083333334 0.0673828125 0.43472222083333334 0.072265625 0.446875 0.0763671875 0.45416666666666666 0.0779296875 0.45416666666666666 0.078125 0.45381944375 0.08125 0.43993055625 0.08125 0.4267361104166667 0.080078125 0.41215277708333337 0.0751953125 0.40347222083333334
0 0.0513671875 0.40659722291666667 0.04453125 0.42222222291666667 0.04453125 0.45 0.046875 0.45416666666666666 0.048046875 0.45416666666666666 0.0484375 0.45347222291666667 0.059375 0.4307870375 0.059375 0.41041666666666665 0.0572265625 0.40659722291666667 0.0513671875 0.40659722291666667
0 0 0.5479166666666667 0.0125 0.5479166666666667 0.0125 0.5171875 0.0115234375 0.5119791666666667 0.006640625 0.5032986125 0.00078125 0.5032986125 0 0.5407986124999999 0 0.5479166666666667