0 0.4890625 0.1326388875 0.4783203125 0.14479166666666668 0.4744140625 0.15868055416666668 0.4744140625 0.17951388750000002 0.483203125 0.19861111041666665 0.4894531265625 0.20416666666666666 0.496484371875 0.20416666666666666 0.4978515625 0.20381944375 0.506640625 0.19861111041666665 0.5140625 0.18248456666666665 0.5140625 0.15223765416666665 0.506640625 0.13611111041666665 0.4890625 0.1326388875
1 0.57421875 0.17569444374999998 0.57421875 0.16527777708333333 0.576171875 0.16180555416666667 0.57421875 0.14791666458333333 0.572265625 0.14097222083333336 0.5615234375 0.12534722083333333 0.5478515625 0.12534722083333333 0.53515625 0.14444444374999998 0.53515625 0.15486111041666667 0.533203125 0.15833333125000001 0.53515625 0.17222222083333336 0.5419921875 0.18784722083333336 0.5486328140625 0.19375 0.5585937359375001 0.19375 0.564453125 0.19305555416666667 0.57421875 0.17569444374999998
0 0.645703125 0.10729166875 0.63984375 0.10381944583333333 0.628125 0.10729166875 0.6193359375 0.12638888958333333 0.6193359375 0.14375000208333333 0.6212890625 0.15069444583333333 0.6332919015625 0.16875 0.641601571875 0.16875 0.6466796875 0.16805555625000002 0.65625 0.14763888958333335 0.65625 0.12916666875 0.6544921875 0.12291666875 0.645703125 0.10729166875
0 0.7880859375 0.13576388958333335 0.7763671875 0.13229166666666667 0.767578125 0.14097222291666667 0.7640625 0.15347222291666668 0.7640625 0.16990740833333332 0.76953125 0.18611111249999998 0.7763671875 0.19479166666666667 0.7798828125 0.19791666666666666 0.7820312546875 0.19791666666666666 0.7890625 0.19652777916666667 0.794921875 0.18958333333333333 0.7984375 0.16458333333333333 0.7984375 0.16041666666666668 0.794921875 0.14791666666666667 0.7880859375 0.13576388958333335
0 0.8099609375 0.14895833541666667 0.8021484375 0.15590277916666664 0.797265625 0.16805555625000002 0.797265625 0.18888888958333333 0.79921875 0.19583333541666667 0.803125 0.20625000208333333 0.81065848125 0.21666666666666667 0.8246093765625 0.21666666666666667 0.83046875 0.20625000208333333 0.83125 0.1923611125 0.83125 0.16972222291666667 0.8177734375 0.14895833541666667 0.8099609375 0.14895833541666667
0 0.8859375 0.18784722083333336 0.876171875 0.18784722083333336 0.872265625 0.19131944374999998 0.8673828125 0.20347222083333336 0.8673828125 0.23124999791666667 0.878125 0.23645833125000001 0.8911132828125 0.25625 0.893554684375 0.25625 0.8947265625 0.2555555541666667 0.9 0.2430555541666667 0.9 0.21822916458333333 0.8966796875 0.20347222083333336 0.8859375 0.18784722083333336
0 0.9265625 0.2708333333333333 0.92265625 0.2673611104166667 0.912890625 0.2673611104166667 0.908984375 0.2708333333333333 0.9001953125 0.28993055624999997 0.8982421875 0.30034722291666666 0.9001953125 0.33506944375000003 0.9041015625 0.3489583333333333 0.912890625 0.3645833333333333 0.916796875 0.36805555624999997 0.9294921875 0.36631944375000003 0.932421875 0.3645833333333333 0.9412109375 0.3454861104166667 0.9421875 0.34027777708333334 0.9421875 0.3064236104166667 0.9392578125 0.29340277708333334 0.9265625 0.2708333333333333
0 0.9025390625 0.44305555416666664 0.887890625 0.41006944375000004 0.872265625 0.39618055416666664 0.8546875 0.39618055416666664 0.841015625 0.41006944375000004 0.8283203125 0.43611111041666667 0.8224609375 0.46736111041666667 0.8224609375 0.5020833333333333 0.8283203125 0.5333333333333333 0.84296875 0.5628472229166667 0.856640625 0.5767361104166666 0.8625 0.5767361104166666 0.8638671890625 0.5791666666666667 0.8685546859375 0.5791666666666667 0.8712890625 0.5784722229166667 0.883984375 0.5697916645833333 0.8986328125 0.5472222229166667 0.90625 0.5133680562499999 0.90625 0.4704861104166667 0.9044921875 0.46736111041666667 0.9025390625 0.44305555416666664
1 0.889453125 0.25138888958333333 0.8787109375 0.23576388958333333 0.8728515625 0.23576388958333333 0.8708984375 0.23229166874999999 0.8689453125 0.23576388958333333 0.8630859375 0.23576388958333333 0.8591796875 0.2392361125 0.850390625 0.25833333541666664 0.850390625 0.26875 0.8484375 0.27222222291666665 0.850390625 0.29652777916666667 0.8630859375 0.3260416666666667 0.8689453109375 0.33125 0.881640625 0.33125 0.89140625 0.31736111250000004 0.89375 0.3090277791666667 0.89375 0.26388888958333334 0.893359375 0.26180555625 0.889453125 0.25138888958333333
1 0.85859375 0.17638888958333335 0.85078125 0.16944444583333332 0.8390625 0.16944444583333332 0.8322265625 0.18159722291666666 0.8322265625 0.19895833333333332 0.8302734375 0.20243055625 0.8322265625 0.21284722291666666 0.841015625 0.23541666666666666 0.8498046859375 0.24166666666666667 0.8527343765625 0.24166666666666667 0.8556640625 0.240625 0.85859375 0.23888888958333335 0.8654296875 0.22326388958333335 0.8671875 0.21388888958333335 0.8671875 0.21111111249999998 0.8654296875 0.19548611249999998 0.85859375 0.17638888958333335
1 0.8943359375 0.18524305625 0.88359375 0.16961805625 0.873828125 0.16961805625 0.8669921875 0.18524305625 0.86796875 0.19739583333333333 0.87578125 0.18697916666666667 0.885546875 0.18697916666666667 0.89140625 0.19739583333333333 0.89287109375 0.19791666666666666 0.8953125 0.19791666666666666 0.8953125 0.1921875 0.8943359375 0.18524305625
1 0.8271484375 0.14618055416666667 0.8154296875 0.14270833125000001 0.8109375 0.14749999791666665 0.8109375 0.14810605833333332 0.8212890625 0.15312499791666667 0.8328404031250001 0.17708333333333334 0.8335937484375 0.17708333333333334 0.8359375 0.17569444374999998 0.8375 0.17291666458333335 0.8375 0.1701388875 0.8359375 0.16180555416666667 0.8271484375 0.14618055416666667