0 0.5478515625 0.09722222291666666 0.5458984375 0.09375 0.5439453125 0.09722222291666666 0.5380859375 0.09722222291666666 0.53125 0.109375 0.53125 0.11284722291666666 0.529296875 0.11631944375 0.529296875 0.13020833333333334 0.53125 0.13368055625 0.53125 0.13715277708333332 0.533203125 0.140625 0.533203125 0.14409722291666668 0.5341796875 0.14583333333333334 0.5361328125 0.14583333333333334 0.5400390625 0.15277777708333332 0.5517578125 0.15277777708333332 0.552734375 0.15104166666666666 0.5537109375 0.14930555625 0.5556640625 0.14930555625 0.560546875 0.140625 0.560546875 0.13715277708333332 0.5625 0.13368055625 0.5625 0.11284722291666666 0.5537109375 0.09722222291666666 0.5478515625 0.09722222291666666
1 0.607421875 0.10243055625 0.6064453125 0.10069444375 0.6044921875 0.10069444375 0.6005859375 0.09375 0.5888671875 0.09375 0.5869140625 0.09722222291666666 0.5849609375 0.09722222291666666 0.578125 0.109375 0.578125 0.13020833333333334 0.580078125 0.13368055625 0.580078125 0.13715277708333332 0.5849609375 0.14583333333333334 0.5869140625 0.14583333333333334 0.5927734375 0.15277777708333332 0.5986328125 0.15277777708333332 0.599609375 0.15104166666666666 0.6005859375 0.14930555625 0.6025390625 0.14930555625 0.609375 0.13715277708333332 0.609375 0.13368055625 0.611328125 0.13020833333333334 0.611328125 0.11284722291666666 0.607421875 0.10590277708333334 0.607421875 0.10243055625
0 0.6630859375 0.13888888958333334 0.67578125 0.13715277708333332 0.68359375 0.12326388958333333 0.68359375 0.10590277708333334 0.681640625 0.09895833333333333 0.6728515625 0.08680555625 0.6611328125 0.08680555625 0.65234375 0.10590277708333334 0.654296875 0.12326388958333333 0.6630859375 0.13888888958333334
0 0.7705078125 0.25 0.7509765625 0.25 0.7451171875 0.25347222291666666 0.736328125 0.26909722291666666 0.73046875 0.2864583333333333 0.73046875 0.30381944375000003 0.728515625 0.3072916666666667 0.73046875 0.3142361104166667 0.73046875 0.33159722291666666 0.736328125 0.35243055624999997 0.7490234375 0.375 0.7685546875 0.3888888895833333 0.7734375 0.38715277708333334 0.7841796875 0.375 0.796875 0.3489583333333333 0.798828125 0.328125 0.80078125 0.32465277708333334 0.798828125 0.30034722291666666 0.79296875 0.2795138895833333 0.7802734375 0.25694444375 0.7705078125 0.25
0 0.859375 0.23784722291666668 0.861328125 0.265625 0.865234375 0.2795138895833333 0.8720703125 0.2916666666666667 0.8798828125 0.2986111104166667 0.890625 0.296875 0.900390625 0.2760416666666667 0.900390625 0.24131944375 0.896484375 0.22743055625 0.8896484375 0.21527777708333332 0.8798828125 0.20833333333333334 0.8701171875 0.21180555625 0.865234375 0.21701388958333334 0.859375 0.23784722291666668
0 0.8642578125 0.21527777708333332 0.8701171875 0.21180555625 0.890625 0.21354166666666666 0.888671875 0.17881944375 0.8818359375 0.16666666666666666 0.8779296875 0.16319444375 0.8681640625 0.16319444375 0.861328125 0.171875 0.859375 0.17881944375 0.859375 0.203125 0.8642578125 0.21527777708333332
0 0.822265625 0.18923611041666666 0.828125 0.18229166666666666 0.830078125 0.14756944375 0.8193359375 0.13194444375 0.8076171875 0.13194444375 0.80078125 0.14756944375 0.802734375 0.17534722291666668 0.8134765625 0.19097222291666668 0.822265625 0.18923611041666666
0 0.775390625 0.15104166666666666 0.78125 0.16493055625 0.7880859375 0.17361111041666666 0.794921875 0.171875 0.80078125 0.16493055625 0.802734375 0.13368055625 0.7978515625 0.12152777708333334 0.7900390625 0.11458333333333333 0.7841796875 0.11458333333333333 0.7802734375 0.11805555625 0.775390625 0.13020833333333334 0.775390625 0.15104166666666666
1 0.81640625 0.21354166666666666 0.81640625 0.22743055625 0.8291015625 0.2604166666666667 0.8369140625 0.2673611104166667 0.84765625 0.265625 0.85546875 0.25173611041666666 0.859375 0.23784722291666668 0.857421875 0.21006944375 0.8466796875 0.1875 0.8427734375 0.18402777708333332 0.8291015625 0.18402777708333332 0.8203125 0.19618055625 0.81640625 0.21354166666666666
1 0.8310546875 0.18402777708333332 0.8427734375 0.18402777708333332 0.8544921875 0.20138888958333334 0.85546875 0.19965277708333332 0.859375 0.19270833333333334 0.859375 0.171875 0.853515625 0.15451388958333334 0.8447265625 0.14583333333333334 0.8330078125 0.14930555625 0.828125 0.16145833333333334 0.828125 0.17881944375 0.8310546875 0.18402777708333332
0 0.9462890625 0.3020833333333333 0.9345703125 0.3020833333333333 0.9306640625 0.30555555624999997 0.921875 0.32465277708333334 0.919921875 0.33506944375000003 0.919921875 0.3697916666666667 0.92578125 0.39409722291666666 0.9365234375 0.41319444375000003 0.9443359375 0.4201388895833333 0.951171875 0.41840277708333334 0.9580078125 0.40972222291666666 0.96484375 0.39409722291666666 0.96484375 0.38368055624999997 0.966796875 0.3802083333333333 0.966796875 0.3489583333333333 0.962890625 0.328125 0.9501953125 0.30555555624999997 0.9462890625 0.3020833333333333
0 1 0.515625 0.9912109375 0.5034722229166666 0.9853515625 0.5 0.9755859375 0.5 0.9638671875 0.50694444375 0.94921875 0.5364583333333334 0.94140625 0.5746527770833333 0.94140625 0.6197916666666666 0.943359375 0.6232638895833333 0.947265625 0.6545138895833333 0.9560546875 0.6736111104166667 0.9677734375 0.6840277770833333 0.98046875 0.6822916666666666 0.9873046875 0.6770833333333334 1 0.6545138895833333 1 0.515625
0 1 0.3420138895833333 0.9931640625 0.33680555624999997 0.9873046875 0.33680555624999997 0.9765625 0.3489583333333333 0.970703125 0.3802083333333333 0.97265625 0.4079861104166667 0.9765625 0.42881944375000003 0.9873046875 0.44444444375000003 0.990234375 0.4427083333333333 0.9921875 0.4392361104166667 0.994140625 0.41493055624999997 1 0.4010416666666667 1 0.3420138895833333
1 0.888671875 0.18229166666666666 0.890625 0.21006944375 0.896484375 0.21006944375 0.8984375 0.20659722291666668 0.8984375 0.18576388958333334 0.892578125 0.16493055625 0.8818359375 0.15277777708333332 0.8759765625 0.15625 0.873046875 0.16145833333333334 0.8798828125 0.16666666666666666 0.888671875 0.18229166666666666
1 0.818359375 0.13020833333333334 0.8310546875 0.14930555625 0.8359375 0.14756944375 0.837890625 0.140625 0.8310546875 0.12847222291666666 0.818359375 0.13020833333333334