0 0.7751953125 0.20659722291666668 0.7751953125 0.24131944375 0.7791015625 0.2552083333333333 0.78984375 0.27430555624999997 0.79296875 0.27708333333333335 0.798828121875 0.27708333333333335 0.8064453125 0.2760416666666667 0.815234375 0.2708333333333333 0.8201171875 0.26215277708333334 0.8234375 0.25034722291666667 0.8234375 0.21866319374999998 0.8162109375 0.19618055625 0.807421875 0.18402777708333332 0.7964843734375 0.18125 0.7927734390625 0.18125 0.783984375 0.1875 0.7751953125 0.20659722291666668
0 0.761328125 0.17326388958333333 0.753515625 0.16631944583333333 0.73984375 0.16631944583333333 0.73203125 0.17326388958333333 0.7251953125 0.18541666874999999 0.7232421875 0.1923611125 0.7232421875 0.2236111125 0.7271484375 0.23750000208333333 0.73984375 0.2600694458333333 0.7425781234375 0.2625 0.7501953203125 0.2625 0.7544921875 0.26180555625 0.7671875 0.25312500208333333 0.7740234375 0.23750000208333333 0.775 0.2236111125 0.775 0.20625 0.7701171875 0.18888888958333333 0.761328125 0.17326388958333333
0 0.8529296875 0.14236111041666666 0.8431640625 0.13541666666666666 0.83046875 0.14756944375 0.828515625 0.15451388958333334 0.828515625 0.17534722291666668 0.836328125 0.19965277708333332 0.8431640625 0.20833333333333334 0.84609375 0.20659722291666668 0.8548828125 0.20486111041666666 0.86171875 0.19618055625 0.8625 0.19340277708333334 0.8625 0.16423611041666666 0.859765625 0.15451388958333334 0.8529296875 0.14236111041666666
0 0.912109375 0.18576388958333334 0.91015625 0.16840277708333332 0.9013671875 0.14930555625 0.8896484375 0.14583333333333334 0.884765625 0.15451388958333334 0.884765625 0.18576388958333334 0.8935546875 0.20486111041666666 0.8974609375 0.20833333333333334 0.90234375 0.20659722291666668 0.91015625 0.19618055625 0.912109375 0.18576388958333334
0 0.656640625 0.059374997916666665 0.644921875 0.059374997916666665 0.6390625 0.06631944375 0.6361328125 0.075 0.6361328125 0.09236111041666667 0.644921875 0.11145833333333334 0.6484375015625 0.11458333333333333 0.6509765546875 0.11458333333333333 0.6595703125 0.11319444375000001 0.6673828125 0.10277777708333334 0.66875 0.08819444375 0.66875 0.08067129583333334 0.660546875 0.06284722083333333 0.656640625 0.059374997916666665
0 0.7939453125 0.09027777708333334 0.7875 0.09846230208333333 0.7875 0.09988425833333332 0.79296875 0.11284722291666666 0.79296875 0.14409722291666668 0.7958984375 0.14930555625 0.806640625 0.14756944375 0.8095703125 0.14583333333333334 0.8140625 0.13465277916666668 0.8140625 0.11199845833333333 0.8056640625 0.09375 0.7939453125 0.09027777708333334
0 0.8482421875 0.13715277708333332 0.8609375 0.15625 0.8658203125 0.15451388958333334 0.8658203125 0.13715277708333332 0.86875 0.12934027708333334 0.86875 0.11496913541666666 0.8609375 0.10416666666666667 0.855078125 0.10416666666666667 0.8482421875 0.11284722291666666 0.8482421875 0.13715277708333332
1 0.8177734375 0.09079861041666668 0.8099609375 0.09079861041666668 0.80703125 0.09600694375 0.81484375 0.11336805624999999 0.8129448781249999 0.14375 0.82314453125 0.14375 0.828515625 0.13420138958333333 0.8296875 0.12795138958333332 0.8296875 0.11822916666666666 0.828515625 0.10989583333333333 0.8177734375 0.09079861041666668
1 0.7794921875 0.09097222083333333 0.7697265625 0.09097222083333333 0.762890625 0.09965277708333334 0.7609375 0.12743055416666665 0.7697265625 0.15 0.7720703140625 0.15208333333333332 0.7806640578125 0.15208333333333332 0.782421875 0.15173611041666665 0.7892578125 0.14652777708333334 0.7921875 0.13784722083333334 0.7921875 0.11354166666666667 0.7833984375 0.09444444375000001 0.7794921875 0.09097222083333333
1 0.68828125 0.06562500208333334 0.678515625 0.06562500208333334 0.674609375 0.06909722291666666 0.6697265625 0.07777777916666667 0.6697265625 0.10208333333333333 0.6716796875 0.10902777916666667 0.678515625 0.12118055624999999 0.6814453109375 0.12291666666666666 0.6931640625 0.12291666666666666 0.7009765625 0.10902777916666667 0.7015625 0.10277777916666667 0.7015625 0.08506944583333334 0.69609375 0.07256944583333333 0.68828125 0.06562500208333334
1 0.7134765625 0.06284722291666667 0.7046875 0.075 0.702734375 0.09583333333333334 0.7046875 0.10625 0.7115234375 0.11840277916666667 0.7142578125 0.12083333333333333 0.7195312515625 0.12083333333333333 0.722265625 0.12013888958333332 0.722265625 0.0923611125 0.7296875 0.07586805625 0.7296875 0.07450396875 0.7232421875 0.06631944583333334 0.7134765625 0.06284722291666667
1 0.350390625 0.125 0.346484375 0.12152777708333334 0.334765625 0.12152777708333334 0.3279296875 0.13368055625 0.3259765625 0.14756944375 0.3318359375 0.171875 0.33671875 0.18055555625 0.3455078125 0.17881944375 0.350390625 0.17708333333333334 0.3533203125 0.171875 0.3578125 0.15324073958333334 0.3578125 0.14027777708333333 0.3572265625 0.13715277708333332 0.350390625 0.125
1 0.3306640625 0.15798611041666666 0.3287109375 0.15104166666666666 0.321875 0.14236111041666666 0.312109375 0.14236111041666666 0.2994140625 0.16145833333333334 0.2994140625 0.17534722291666668 0.30234375 0.18055555625 0.31015625 0.18402777708333332 0.31796875 0.20138888958333334 0.3208984375 0.19965277708333332 0.323828125 0.19791666666666666 0.3306640625 0.18229166666666666 0.33125 0.17916666666666667 0.33125 0.16944444374999998 0.3306640625 0.16840277708333332 0.3306640625 0.15798611041666666
1 0.0669921875 0.4649305541666667 0.0552734375 0.46145833333333336 0.04453125 0.48402777708333333 0.04453125 0.51875 0.05264423124999999 0.5395833333333333 0.06796875 0.5395833333333333 0.071875 0.5326388875 0.075 0.5159722208333333 0.075 0.49930555416666667 0.073828125 0.4805555541666667 0.0669921875 0.4649305541666667
1 0.14765625 0.4197916666666667 0.1359375 0.4267361104166667 0.1310546875 0.4354166666666667 0.1251953125 0.45625 0.1251953125 0.49444444375 0.133984375 0.5239583333333333 0.1427734390625 0.5291666666666667 0.1583984375 0.5291666666666667 0.1681640625 0.51875 0.1734375 0.5 0.1734375 0.4512731479166667 0.165234375 0.43020833333333336 0.14765625 0.4197916666666667
1 0.17734375 0.33350694375 0.167578125 0.33350694375 0.1548828125 0.34913194375 0.1509765625 0.36302083333333335 0.1509765625 0.3769097208333333 0.155859375 0.37864583333333335 0.159765625 0.3751736104166667 0.171484375 0.3855902770833334 0.1783203125 0.4012152770833334 0.1802001953125 0.41458333333333336 0.184326171875 0.41458333333333336 0.190625 0.3921874979166667 0.190625 0.35572916666666665 0.1900390625 0.35260416666666666 0.17734375 0.33350694375
1 0.2046875 0.26666666666666666 0.194921875 0.26319444583333335 0.1890625 0.26666666666666666 0.1822265625 0.27881944583333335 0.1783203125 0.28923611250000003 0.1763671875 0.30659722291666663 0.1783203125 0.31006944583333335 0.1783203125 0.32048611250000003 0.183203125 0.3326388895833333 0.1863281234375 0.33541666666666664 0.19296875625 0.33541666666666664 0.2017578125 0.334375 0.2076171875 0.32743055625 0.2115234375 0.31354166666666666 0.2125 0.3013888895833333 0.2125 0.28402777916666666 0.2115234375 0.27881944583333335 0.2046875 0.26666666666666666
1 0.8689453125 0.21562499791666667 0.8552734375 0.20520833125000001 0.8435546875 0.20868055416666667 0.834765625 0.22777777708333333 0.834765625 0.23819444374999998 0.8328125 0.24166666458333333 0.834765625 0.26944444375000004 0.8455078125 0.29548611041666667 0.8529296890625 0.3020833333333333 0.8550781187500001 0.3020833333333333 0.862109375 0.30069444375000004 0.8708984375 0.29548611041666667 0.877734375 0.27986111041666667 0.878125 0.27777777708333334 0.878125 0.24722222083333334 0.877734375 0.24166666458333333 0.8689453125 0.21562499791666667
0 0.1712890625 0.3855902770833334 0.1595703125 0.3751736104166667 0.1517578125 0.37864583333333335 0.1458984375 0.3855902770833334 0.137109375 0.4046875 0.13515625 0.42552083333333335 0.1380859375 0.42725694375 0.1478515625 0.4203125 0.1576171875 0.4237847208333333 0.1654296875 0.43072916666666666 0.1703125 0.4394097208333333 0.1741015625 0.45625 0.1763671875 0.45625 0.180078125 0.44635416666666666 0.180078125 0.4324652770833334 0.18125 0.43038194375 0.18125 0.4234374979166667 0.178125 0.4012152770833334 0.1712890625 0.3855902770833334
0 0.22734375 0.2295138875 0.215625 0.22604166458333333 0.209765625 0.2295138875 0.2048828125 0.23819444374999998 0.2009765625 0.25208333125 0.2009765625 0.26597222083333333 0.2107421875 0.27986111041666667 0.2135881703125 0.2916666666666667 0.21542968125 0.2916666666666667 0.2224609375 0.29027777708333335 0.2302734375 0.27986111041666667 0.2328125 0.26857638749999996 0.2328125 0.24131944375 0.2322265625 0.23819444374999998 0.22734375 0.2295138875