1 0.3876953125 0.30902777708333334 0.3720703125 0.31944444375000003 0.359375 0.3420138895833333 0.3515625 0.3732638895833333 0.3515625 0.4010416666666667 0.353515625 0.4045138895833333 0.357421875 0.4357638895833333 0.3701171875 0.4583333333333333 0.3837890625 0.46875 0.40625 0.4670138895833333 0.4189453125 0.4583333333333333 0.42578125 0.44618055624999997 0.42578125 0.41493055624999997 0.427734375 0.4114583333333333 0.427734375 0.4010416666666667 0.4375 0.3732638895833333 0.439453125 0.359375 0.435546875 0.3454861104166667 0.4130859375 0.30902777708333334 0.3876953125 0.30902777708333334
1 0.4521484375 0.20833333333333334 0.439453125 0.22743055625 0.43359375 0.2552083333333333 0.43359375 0.27256944375000003 0.439453125 0.296875 0.4501953125 0.31597222291666666 0.4599609375 0.3263888895833333 0.47265625 0.32465277708333334 0.4833984375 0.31944444375000003 0.4951171875 0.3020833333333333 0.501953125 0.2864583333333333 0.50390625 0.2795138895833333 0.50390625 0.24479166666666666 0.5 0.23090277708333332 0.4853515625 0.20833333333333334 0.4736328125 0.20138888958333334 0.4638671875 0.20138888958333334 0.4521484375 0.20833333333333334
1 0.697265625 0.32465277708333334 0.6953125 0.3385416666666667 0.6865234375 0.3541666666666667 0.658203125 0.3802083333333333 0.65234375 0.4079861104166667 0.64453125 0.42534722291666666 0.64453125 0.4357638895833333 0.6552734375 0.4513888895833333 0.6689453125 0.4513888895833333 0.6708984375 0.4548611104166667 0.6796875 0.453125 0.6865234375 0.4513888895833333 0.6982421875 0.44097222291666666 0.708984375 0.421875 0.716796875 0.39409722291666666 0.716796875 0.35590277708333334 0.71484375 0.35243055624999997 0.71484375 0.3420138895833333 0.708984375 0.32118055624999997 0.7021484375 0.3125 0.697265625 0.32465277708333334
1 1 0.42881944375000003 0.9833984375 0.4270833333333333 0.9794921875 0.43055555624999997 0.966796875 0.45659722291666666 0.962890625 0.47743055624999997 0.962890625 0.515625 0.970703125 0.5572916666666666 0.9794921875 0.5729166666666666 0.9853515625 0.5729166666666666 0.9873046875 0.5763888895833333 0.9921875 0.5746527770833333 0.9970703125 0.5729166666666666 1 0.5677083333333334 1 0.42881944375000003
0 0.8916015625 0.46527777708333334 0.880859375 0.484375 0.87890625 0.4947916666666667 0.875 0.5017361104166667 0.875 0.5121527770833334 0.87109375 0.5260416666666666 0.869140625 0.5711805562500001 0.876953125 0.6128472229166667 0.8837890625 0.6319444437499999 0.8935546875 0.6458333333333334 0.9033203125 0.6527777770833333 0.91796875 0.6510416666666666 0.9287109375 0.6423611104166667 0.939453125 0.6232638895833333 0.951171875 0.5815972229166667 0.953125 0.5503472229166667 0.955078125 0.546875 0.9453125 0.4947916666666667 0.9365234375 0.47569444375000003 0.9169921875 0.4583333333333333 0.8994140625 0.4583333333333333 0.8916015625 0.46527777708333334
0 0.4560546875 0.34722222291666666 0.4375 0.3732638895833333 0.427734375 0.4045138895833333 0.42578125 0.4357638895833333 0.427734375 0.4392361104166667 0.4296875 0.4635416666666667 0.435546875 0.484375 0.4541015625 0.5138888895833333 0.4580078125 0.5173611104166667 0.46484375 0.515625 0.48046875 0.453125 0.486328125 0.41840277708333334 0.49609375 0.38715277708333334 0.49609375 0.3732638895833333 0.501953125 0.35243055624999997 0.4970703125 0.34027777708333334 0.4912109375 0.34027777708333334 0.4892578125 0.33680555624999997 0.4716796875 0.33680555624999997 0.4560546875 0.34722222291666666
0 0.4521484375 0.17708333333333334 0.4638671875 0.16666666666666666 0.4775390625 0.17013888958333334 0.4833984375 0.17708333333333334 0.4873046875 0.17708333333333334 0.498046875 0.19965277708333332 0.498046875 0.20659722291666668 0.501953125 0.20659722291666668 0.505859375 0.18923611041666666 0.50390625 0.171875 0.501953125 0.16493055625 0.4892578125 0.14583333333333334 0.4833984375 0.14583333333333334 0.4814453125 0.14236111041666666 0.4677734375 0.14583333333333334 0.4599609375 0.15277777708333332 0.451171875 0.171875 0.4521484375 0.17708333333333334
0 0.4638671875 0.16666666666666666 0.4541015625 0.17361111041666666 0.44140625 0.19618055625 0.4375 0.21006944375 0.4375 0.22743055625 0.44140625 0.22743055625 0.44140625 0.22395833333333334 0.4501953125 0.21180555625 0.4638671875 0.20138888958333334 0.4814453125 0.20486111041666666 0.4970703125 0.22569444375 0.5 0.22048611041666666 0.5 0.203125 0.4853515625 0.17708333333333334 0.4716796875 0.16666666666666666 0.4638671875 0.16666666666666666
0 0.73828125 0.18923611041666666 0.736328125 0.21354166666666666 0.7412109375 0.21875 0.751953125 0.21701388958333334 0.7607421875 0.20833333333333334 0.763671875 0.19618055625 0.76171875 0.15104166666666666 0.7509765625 0.13541666666666666 0.7373046875 0.13194444375 0.728515625 0.14409722291666668 0.728515625 0.15451388958333334 0.736328125 0.16493055625 0.740234375 0.18576388958333334 0.73828125 0.18923611041666666
0 0.833984375 0.2864583333333333 0.8388671875 0.2951388895833333 0.8466796875 0.3020833333333333 0.861328125 0.30034722291666666 0.87109375 0.28993055624999997 0.876953125 0.265625 0.876953125 0.25173611041666666 0.873046875 0.23090277708333332 0.8603515625 0.20486111041666666 0.8447265625 0.20138888958333334 0.83984375 0.21006944375 0.837890625 0.23784722291666668 0.830078125 0.26909722291666666 0.833984375 0.2864583333333333
0 1 0.30381944375000003 0.9873046875 0.27777777708333334 0.9775390625 0.27777777708333334 0.96875 0.296875 0.96875 0.32465277708333334 0.970703125 0.33506944375000003 0.974609375 0.3489583333333333 0.9814453125 0.3611111104166667 0.994140625 0.359375 1 0.3489583333333333 1 0.30381944375000003
0 0.86328125 0.18923611041666666 0.859375 0.17881944375 0.8544921875 0.17013888958333334 0.8447265625 0.16319444375 0.83984375 0.18923611041666666 0.83984375 0.19965277708333332 0.8486328125 0.20138888958333334 0.8505859375 0.20486111041666666 0.86328125 0.203125 0.86328125 0.18923611041666666