0 0.9337890625 0.5394097229166667 0.9416015625 0.5081597229166667 0.9435546875 0.46996527708333335 0.9416015625 0.46649305625 0.9396484375 0.44565972291666667 0.92890625 0.4161458333333333 0.9171875 0.40225694375000004 0.899609375 0.39878472291666667 0.8859375 0.41267361041666667 0.8791015625 0.4248263895833333 0.8791015625 0.4317708333333333 0.891796875 0.4473958333333333 0.9005859375 0.46649305625 0.9005859375 0.4734375 0.9044921875 0.48385416666666664 0.9044921875 0.49774305625 0.9064453125 0.5012152770833334 0.904530165625 0.5625 0.9124023421875 0.5625 0.925 0.5550347229166667 0.9337890625 0.5394097229166667
0 0.8873046875 0.44149305624999996 0.8755859375 0.43107638958333333 0.8580078125 0.4276041666666667 0.8384765625 0.44149305624999996 0.827734375 0.46059027708333333 0.823828125 0.4744791666666667 0.823828125 0.48489583333333336 0.8306640625 0.49357638958333333 0.8423828125 0.5005208333333333 0.858984375 0.5265625 0.870703125 0.5751736104166666 0.870703125 0.6083333333333333 0.8809570328125 0.6083333333333333 0.8814453125 0.6081597229166668 0.8912109375 0.5942708333333333 0.90390625 0.5612847229166668 0.90390625 0.55086805625 0.9046875 0.5494791666666666 0.9046875 0.49357638958333333 0.898046875 0.4640625 0.8873046875 0.44149305624999996
0 0.86640625 0.5541666666666667 0.860546875 0.5333333333333333 0.8517578125 0.5142361125 0.8322265625 0.4934027791666667 0.8107421875 0.48993055625 0.7931640625 0.5003472229166667 0.7853515625 0.5107638895833333 0.770703125 0.5402777791666666 0.76875 0.5506944458333333 0.76484375 0.5576388895833334 0.762890625 0.5784722229166667 0.7609375 0.5819444458333333 0.7609375 0.63055555625 0.770703125 0.6722222229166667 0.7814453125 0.6913194458333333 0.79951171875 0.7041666666666667 0.81562500625 0.7041666666666667 0.825390625 0.7034722229166667 0.8322265625 0.7017361125 0.8478515625 0.684375 0.8625 0.6513888895833334 0.8703125 0.6097222229166667 0.8703125 0.5819444458333333 0.868359375 0.5784722229166667 0.86640625 0.5541666666666667
0 0.843359375 0.3503472208333333 0.831640625 0.3399305541666667 0.816015625 0.33645833333333336 0.7984375 0.3503472208333333 0.7896484375 0.3659722208333333 0.7857421875 0.38333333333333336 0.790625 0.3920138875 0.7984375 0.3954861104166667 0.8130859375 0.42152777708333333 0.8189453125 0.4423611104166667 0.8208984375 0.46319444375 0.8228515625 0.4666666666666667 0.8248046875 0.4666666666666667 0.84140625 0.43715277708333333 0.8609375 0.4267361104166667 0.8609375 0.3995370375 0.8560546875 0.3763888875 0.843359375 0.3503472208333333
0 0.77734375 0.3387152770833334 0.7626953125 0.3126736104166667 0.7568359375 0.3092013875 0.7529296875 0.30225694375 0.7451171875 0.30225694375 0.7431640625 0.2987847208333333 0.7236328125 0.30225694375 0.7177734375 0.3126736104166667 0.7119140625 0.31614583333333335 0.7015625 0.34124053125000003 0.7015625 0.35298996875 0.7099609375 0.3612847208333333 0.71875 0.3769097208333333 0.7265625 0.41163194375 0.7265625 0.4220486104166667 0.728515625 0.42899305416666667 0.73046875 0.42899305416666667 0.7490234375 0.39947916666666666 0.7607421875 0.3890625 0.7705078125 0.3890625 0.7724609375 0.3855902770833334 0.7783203125 0.3890625 0.7828125 0.3842708333333333 0.7828125 0.36510416458333333 0.77734375 0.3456597208333333 0.77734375 0.3387152770833334
0 0.8345703125 0.2862847229166666 0.823828125 0.26371527916666665 0.81015625 0.24982638958333334 0.79453125 0.24982638958333334 0.78671875 0.25677083333333334 0.7759765625 0.27586805625 0.7720703125 0.28975694583333333 0.7701171875 0.3175347229166666 0.7759765625 0.3314236125 0.7837890625 0.3592013895833333 0.7837890625 0.3645833333333333 0.79052734375 0.3645833333333333 0.800390625 0.3470486125 0.808203125 0.34010416666666665 0.823828125 0.33663194583333333 0.835546875 0.3435763895833333 0.8375 0.34010416666666665 0.8375 0.30104166666666665 0.8345703125 0.29322916666666665 0.8345703125 0.2862847229166666
0 0.75859375 0.22534722291666667 0.74296875 0.21145833541666667 0.733203125 0.21145833541666667 0.717578125 0.22187500208333333 0.7087890625 0.23750000208333333 0.7087890625 0.24444444583333333 0.7263671875 0.27222222291666665 0.73125 0.29826388958333333 0.744921875 0.29826388958333333 0.746875 0.30173611250000004 0.752734375 0.30173611250000004 0.7608723937499999 0.3104166666666667 0.7654296875 0.3104166666666667 0.771875 0.2875 0.771875 0.25920138958333333 0.7693359375 0.24791666874999999 0.75859375 0.22534722291666667
0 0.7408203125 0.17708333333333334 0.7349609375 0.17361111041666666 0.7173828125 0.17361111041666666 0.7095703125 0.18055555625 0.698828125 0.203125 0.698828125 0.23784722291666668 0.7037109375 0.24305555625 0.70859375 0.24131944375 0.7173828125 0.22222222291666668 0.7251953125 0.21527777708333332 0.7427734375 0.21180555625 0.75625 0.22207341249999998 0.75625 0.20590277708333332 0.753515625 0.19618055625 0.7408203125 0.17708333333333334
0 0.6796875 0.15798611041666666 0.678125 0.16631944375 0.678125 0.16956018541666668 0.6806640625 0.17708333333333334 0.6884765625 0.18402777708333332 0.693359375 0.19618055625 0.6978515625 0.20416666666666666 0.6986328125 0.20416666666666666 0.69921875 0.203125 0.7119140625 0.17708333333333334 0.7158203125 0.17361111041666666 0.7255859375 0.17361111041666666 0.728125 0.16909722083333334 0.728125 0.16755401250000002 0.7197265625 0.14930555625 0.7087890625 0.13958333333333334 0.6953125015625 0.13958333333333334 0.6865234375 0.14583333333333334 0.6796875 0.15798611041666666
1 0.7 0.3503472208333333 0.68828125 0.34340277708333333 0.66875 0.34340277708333333 0.64921875 0.3607638875 0.6384765625 0.38333333333333336 0.6326171875 0.4041666666666667 0.6306640625 0.4493055541666667 0.6404296875 0.48402777708333333 0.6609375 0.5170138875 0.66923828125 0.5229166666666667 0.683007803125 0.5229166666666667 0.6912109375 0.5222222208333334 0.705859375 0.5100694437500001 0.7205078125 0.4805555541666667 0.725 0.46458333125 0.725 0.4057638875 0.7166015625 0.3729166666666667 0.7 0.3503472208333333
1 0.7134765625 0.24965277708333333 0.6978515625 0.23923611041666665 0.6822265625 0.23923611041666665 0.6705078125 0.24965277708333333 0.659765625 0.26875 0.655859375 0.2861111104166667 0.655859375 0.32777777708333333 0.66232244375 0.3458333333333333 0.664453125 0.3458333333333333 0.6744140625 0.3399305541666667 0.6822265625 0.3399305541666667 0.6921875 0.3458333333333333 0.698046871875 0.3458333333333333 0.70078125 0.3451388875 0.706640625 0.3243055541666667 0.7232421875 0.3017361104166667 0.7291015625 0.2982638875 0.7296875 0.2930555541666667 0.7296875 0.28784722291666665 0.726171875 0.2722222208333333 0.7134765625 0.24965277708333333
1 0.799609375 0.21197916666666666 0.791796875 0.20503472083333335 0.77421875 0.20503472083333335 0.7615234375 0.22065972083333335 0.7615234375 0.2310763875 0.7673828125 0.2414930541666667 0.7732421875 0.26232638750000004 0.7732421875 0.27274305416666667 0.7771484375 0.27274305416666667 0.787890625 0.25364583333333335 0.79375 0.25017361041666664 0.8125 0.25176091041666665 0.8125 0.24253472083333336 0.8103515625 0.2310763875 0.799609375 0.21197916666666666
1 0.7826171875 0.1765625 0.7787109375 0.16614583333333333 0.7689453125 0.15920138958333335 0.7513671875 0.16267361041666667 0.7474609375 0.16614583333333333 0.74453125 0.17482638958333335 0.75625 0.19913194374999998 0.758203125 0.21302083333333333 0.759814453125 0.21875 0.7630967875 0.21875 0.7748046875 0.20434027708333333 0.7884765625 0.20434027708333333 0.790625 0.20052083333333334 0.790625 0.19635416666666666 0.785546875 0.17829861041666667 0.7826171875 0.1765625
1 0.719921875 0.10711805625 0.7189453125 0.11579861041666667 0.7226236984375001 0.13541666666666666 0.7288085921875 0.13541666666666666 0.735546875 0.13142361041666667 0.7359375 0.12795138958333332 0.7359375 0.12170138958333333 0.731640625 0.1140625 0.719921875 0.10711805625
1 0.7470703125 0.16701388958333335 0.7548828125 0.16006944583333332 0.7626953125 0.16006944583333332 0.763671875 0.15486111249999998 0.7509765625 0.13229166666666667 0.7314453125 0.13229166666666667 0.72265625 0.14097222291666667 0.720703125 0.15138888958333335 0.7314453125 0.17395833333333333 0.7373046875 0.17395833333333333 0.7390625 0.17708333333333334 0.740234378125 0.17708333333333334 0.744140625 0.17569444583333332 0.7470703125 0.16701388958333335
1 0.6150390625 0.23958333333333334 0.6033203125 0.22916666666666666 0.5837890625 0.22569444375 0.5720703125 0.23611111041666666 0.55546875 0.26215277708333334 0.5515625 0.2795138895833333 0.5515625 0.30381944375000003 0.55546875 0.32118055624999997 0.5642578125 0.33680555624999997 0.569140625 0.33506944375000003 0.573046875 0.3177083333333333 0.5857421875 0.2951388895833333 0.5974609375 0.28472222291666666 0.6150390625 0.28125 0.6267578125 0.28819444375000003 0.628125 0.2857638875 0.628125 0.27465277708333335 0.62578125 0.26215277708333334 0.6150390625 0.23958333333333334
1 0.600390625 0.09652777916666667 0.59453125 0.09652777916666667 0.584765625 0.10347222291666666 0.5779296875 0.115625 0.596484375 0.12777777916666666 0.6033203125 0.13993055625 0.6099954046875 0.16875 0.6136718796875 0.16875 0.6189453125 0.16770833333333332 0.621875 0.15729166666666666 0.621875 0.12746212291666667 0.612109375 0.10694444583333333 0.600390625 0.09652777916666667
1 0.6337890625 0.11041666666666666 0.6416015625 0.10347222291666666 0.6552734375 0.10347222291666666 0.65625 0.09479166666666666 0.654296875 0.08784722291666666 0.6455078125 0.07569444583333333 0.6318359375 0.07569444583333333 0.6259765625 0.07916666666666666 0.6171875 0.09479166666666666 0.6171875 0.10868055624999999 0.62109375 0.12256944583333333 0.6236328125 0.12708333333333333 0.6244140625 0.12708333333333333 0.625 0.12604166666666666 0.6337890625 0.11041666666666666
1 0.623828125 0.0515625 0.6189453125 0.06024305625 0.6169921875 0.07065972291666665 0.6169921875 0.08333333333333333 0.6236594453125 0.08333333333333333 0.635546875 0.06545138958333334 0.6453125 0.06197916666666667 0.6453125 0.052334104166666666 0.6375 0.04461805625 0.623828125 0.0515625
1 0.6087890625 0.03871527708333333 0.60390625 0.04739583333333333 0.60390625 0.05086805625 0.609765625 0.0578125 0.6115966796875 0.07083333333333333 0.615869140625 0.07083333333333333 0.617578125 0.06475694375 0.6265625 0.05197916666666667 0.6265625 0.04253472083333333 0.6244140625 0.03871527708333333 0.6087890625 0.03871527708333333
1 0.4888671875 0.05173611041666667 0.4810546875 0.05868055416666666 0.476171875 0.07430555416666666 0.478125 0.09166666666666666 0.48815104218750005 0.10625 0.49648436875 0.10625 0.5015625 0.10555555416666666 0.5044921875 0.10381944375 0.5109375 0.08908730000000001 0.5109375 0.06666666666666667 0.5025390625 0.05173611041666667 0.4888671875 0.05173611041666667
0 0.5986328125 0.04444444583333333 0.5869140625 0.04444444583333333 0.5830078125 0.04791666666666667 0.576171875 0.06006944583333333 0.575 0.06631944583333334 0.575 0.07465277916666667 0.5770182296875 0.08541666666666667 0.5816406265625 0.08541666666666667 0.5869140625 0.07916666666666666 0.6005859375 0.07916666666666666 0.6058593734375 0.08541666666666667 0.6083984390625 0.08541666666666667 0.611328125 0.084375 0.6125 0.08020833333333334 0.6125 0.0704861125 0.611328125 0.06006944583333333 0.5986328125 0.04444444583333333
0 0.6474609375 0.041666666666666664 0.64453125 0.046875 0.6513671875 0.0625 0.6552734375 0.06597222291666667 0.66015625 0.06423611041666667 0.66796875 0.05381944375 0.6630859375 0.041666666666666664 0.6533203125 0.03819444375 0.6513671875 0.045138889583333335 0.6474609375 0.041666666666666664
0 0.6654296875 0.05503472291666667 0.65859375 0.06371527708333333 0.664453125 0.07413194375000001 0.6661783859375 0.08333333333333333 0.6707226562499999 0.08333333333333333 0.6732421875 0.07586805625 0.68125 0.06795910416666667 0.68125 0.06272321458333334 0.6751953125 0.05503472291666667 0.6654296875 0.05503472291666667
0 0.6548828125 0.0625 0.6490234375 0.0625 0.6470703125 0.05902777708333333 0.6451171875 0.0625 0.6392578125 0.0625 0.632421875 0.07118055625 0.6333984375 0.07638888958333333 0.6431640625 0.07638888958333333 0.6470703125 0.07986111041666667 0.6529296875 0.08680555625 0.6568359375 0.09722222291666666 0.66171875 0.09548611041666667 0.6646484375 0.09375 0.6671875 0.08622685208333333 0.6671875 0.08368055416666667 0.665625 0.078125 0.6548828125 0.0625
0 0.5884765625 0.12083333333333333 0.5826171875 0.12083333333333333 0.5806640625 0.1173611125 0.5708984375 0.12083333333333333 0.5630859375 0.12777777916666666 0.554296875 0.14340277916666666 0.55234375 0.15381944583333332 0.554296875 0.18506944583333332 0.5611328125 0.19722222291666666 0.5642578109375 0.2 0.5669921890625 0.2 0.569921875 0.19895833333333332 0.5826171875 0.17291666666666666 0.5943359375 0.16597222291666666 0.60625 0.16434295 0.60625 0.15104166875 0.603125 0.13993055625 0.5884765625 0.12083333333333333
0 0.634375 0.20625000208333333 0.632421875 0.19930555625000002 0.6216796875 0.1767361125 0.6080078125 0.16631944583333333 0.5943359375 0.16631944583333333 0.5806640625 0.1767361125 0.573828125 0.18888888958333333 0.569921875 0.19930555625000002 0.569921875 0.20625000208333333 0.5767578125 0.22534722291666667 0.5962890625 0.22534722291666667 0.6080078125 0.23229166874999999 0.6119140625 0.23576388958333333 0.625073240625 0.2625 0.6273437515625 0.2625 0.628515625 0.26180555625 0.634375 0.24791666874999999 0.6359375 0.23125000208333332 0.6359375 0.22638889166666668 0.634375 0.2236111125 0.634375 0.20625000208333333
0 0.55078125 0.27881944583333335 0.552734375 0.26840277916666666 0.556640625 0.2545138895833333 0.5673828125 0.24236111249999998 0.576171875 0.22326388958333335 0.57421875 0.21631944583333332 0.5595703125 0.19375 0.5380859375 0.19027777916666666 0.5244140625 0.20069444583333332 0.515625 0.21631944583333332 0.509765625 0.240625 0.509765625 0.2579861125 0.515625 0.2857638895833333 0.5263671875 0.30486111250000003 0.5373046859375 0.3145833333333333 0.54316406875 0.3145833333333333 0.55078125 0.31354166666666666 0.55078125 0.27881944583333335