1 0.5908203125 0.11111111041666667 0.60546875 0.109375 0.615234375 0.09548611041666667 0.619140625 0.08159722291666666 0.619140625 0.06770833333333333 0.6083984375 0.045138889583333335 0.6044921875 0.041666666666666664 0.5947265625 0.041666666666666664 0.580078125 0.060763889583333335 0.576171875 0.08506944375 0.58203125 0.09895833333333333 0.5908203125 0.11111111041666667
1 0.568359375 0.07118055625 0.5751953125 0.08333333333333333 0.578125 0.08159722291666666 0.580078125 0.060763889583333335 0.5908203125 0.045138889583333335 0.5986328125 0.045138889583333335 0.6015625 0.03993055625 0.5966796875 0.03125 0.5927734375 0.027777777083333333 0.5810546875 0.027777777083333333 0.5703125 0.04340277708333333 0.568359375 0.05034722291666667 0.568359375 0.07118055625
1 0.623046875 0.07465277708333334 0.626953125 0.05381944375 0.623046875 0.036458333333333336 0.6142578125 0.024305556250000002 0.6005859375 0.024305556250000002 0.59765625 0.032986110416666665 0.6025390625 0.041666666666666664 0.6083984375 0.045138889583333335 0.6171875 0.060763889583333335 0.6201171875 0.07638888958333333 0.623046875 0.07465277708333334
1 0.5849609375 0.013888889583333335 0.5732421875 0.013888889583333335 0.564453125 0.026041666666666668 0.56640625 0.03993055625 0.572265625 0.03993055625 0.5771484375 0.03125 0.59375 0.026041666666666668 0.5849609375 0.013888889583333335
1 0.55859375 0.078125 0.56640625 0.06423611041666667 0.568359375 0.05381944375 0.564453125 0.029513889583333335 0.5537109375 0.017361110416666665 0.5458984375 0.017361110416666665 0.5380859375 0.024305556250000002 0.53125 0.04340277708333333 0.533203125 0.060763889583333335 0.5458984375 0.07986111041666667 0.55859375 0.078125
1 0.5048828125 0.07986111041666667 0.51171875 0.08159722291666666 0.5224609375 0.07638888958333333 0.53125 0.057291666666666664 0.53125 0.03993055625 0.529296875 0.032986110416666665 0.5166015625 0.017361110416666665 0.5048828125 0.020833333333333332 0.4990234375 0.027777777083333333 0.494140625 0.03993055625 0.49609375 0.06423611041666667 0.5048828125 0.07986111041666667
1 0.5029296875 0.024305556250000002 0.5068359375 0.020833333333333332 0.521484375 0.019097222916666667 0.5166015625 0.010416666666666666 0.5029296875 0.00694444375 0.4921875 0.022569443749999998 0.490234375 0.036458333333333336 0.4921875 0.04340277708333333 0.494140625 0.04340277708333333 0.5029296875 0.024305556250000002
1 0.552734375 0.015625 0.5458984375 0.00694444375 0.5361328125 0.00694444375 0.5283203125 0.013888889583333335 0.525390625 0.026041666666666668 0.5322265625 0.03819444375 0.533203125 0.036458333333333336 0.5380859375 0.024305556250000002 0.552734375 0.015625
1 0.6337890625 0 0.62890625 0.00868055625 0.6298828125 0.020833333333333332 0.6376953125 0.020833333333333332 0.6494140625 0.027777777083333333 0.65625 0.026041666666666668 0.65625 0.019097222916666667 0.6494140625 0 0.6337890625 0
1 0.71875 0.029513889583333335 0.7080078125 0.013888889583333335 0.7001953125 0.013888889583333335 0.693359375 0.026041666666666668 0.6943359375 0.045138889583333335 0.7119140625 0.05555555625 0.71875 0.05381944375 0.720703125 0.036458333333333336 0.71875 0.029513889583333335
1 0.7578125 0.07118055625 0.7578125 0.05381944375 0.7509765625 0.03819444375 0.7412109375 0.03125 0.7353515625 0.03472222291666667 0.73046875 0.04340277708333333 0.7314453125 0.06597222291666667 0.7490234375 0.07638888958333333 0.755859375 0.07465277708333334 0.7578125 0.07118055625
0 0.9677734375 0.24305555625 0.9736328125 0.25694444375 0.9765625 0.2552083333333333 0.978515625 0.24479166666666666 0.9765625 0.234375 0.9697265625 0.21875 0.9658203125 0.21527777708333332 0.9560546875 0.21527777708333332 0.953125 0.22048611041666666 0.951171875 0.23784722291666668 0.9541015625 0.24305555625 0.9638671875 0.23958333333333334 0.9677734375 0.24305555625
0 0.9736328125 0.25 0.9619140625 0.23611111041666666 0.951171875 0.24131944375 0.951171875 0.24826388958333334 0.9560546875 0.25694444375 0.9736328125 0.27777777708333334 0.9765625 0.2760416666666667 0.9765625 0.2552083333333333 0.9736328125 0.25