0 0.4697265625 0.2604166666666667 0.4599609375 0.2673611104166667 0.447265625 0.28993055624999997 0.443359375 0.3072916666666667 0.443359375 0.33506944375000003 0.44921875 0.35590277708333334 0.4638671875 0.37847222291666666 0.4697265625 0.38194444375000003 0.48828125 0.3802083333333333 0.4990234375 0.375 0.505859375 0.36284722291666666 0.513671875 0.33159722291666666 0.513671875 0.3072916666666667 0.5078125 0.2864583333333333 0.4951171875 0.2673611104166667 0.4873046875 0.2604166666666667 0.4697265625 0.2604166666666667
0 0.2724609375 0.27777777708333334 0.26171875 0.296875 0.2578125 0.3107638895833333 0.2578125 0.3385416666666667 0.2705078125 0.3645833333333333 0.2763671875 0.36805555624999997 0.287109375 0.36631944375000003 0.30078125 0.35243055624999997 0.30078125 0.3454861104166667 0.3046875 0.33506944375000003 0.3046875 0.3072916666666667 0.30078125 0.29340277708333334 0.2939453125 0.28125 0.2900390625 0.27777777708333334 0.2724609375 0.27777777708333334
0 0.8857421875 0.34027777708333334 0.8759765625 0.34722222291666666 0.8671875 0.36284722291666666 0.86328125 0.3767361104166667 0.861328125 0.38715277708333334 0.861328125 0.4322916666666667 0.865234375 0.4427083333333333 0.865234375 0.44965277708333334 0.8759765625 0.47569444375000003 0.8857421875 0.4861111104166667 0.900390625 0.484375 0.9091796875 0.4791666666666667 0.919921875 0.46006944375000003 0.92578125 0.4322916666666667 0.92578125 0.4010416666666667 0.919921875 0.3732638895833333 0.9111328125 0.3541666666666667 0.8955078125 0.34027777708333334 0.8857421875 0.34027777708333334
0 0.7451171875 0.24305555625 0.7392578125 0.24652777708333332 0.73046875 0.25868055625 0.728515625 0.26909722291666666 0.724609375 0.2760416666666667 0.724609375 0.29340277708333334 0.72265625 0.296875 0.724609375 0.30034722291666666 0.724609375 0.3142361104166667 0.7392578125 0.35069444375000003 0.7470703125 0.3576388895833333 0.767578125 0.35590277708333334 0.783203125 0.33159722291666666 0.78515625 0.32118055624999997 0.78515625 0.28993055624999997 0.783203125 0.2795138895833333 0.779296875 0.26909722291666666 0.7646484375 0.24652777708333332 0.7587890625 0.24305555625 0.7451171875 0.24305555625
0 0.013671875 0.6302083333333334 0.01953125 0.6197916666666666 0.01953125 0.5746527770833333 0.015625 0.5607638895833333 0.0087890625 0.5486111104166667 0.0009765625 0.5486111104166667 0 0.6232638895833333 0.0068359375 0.6319444437499999 0.013671875 0.6302083333333334
0 0.0244140625 0.53125 0.0283203125 0.5347222229166667 0.033203125 0.5329861104166667 0.0390625 0.5260416666666666 0.041015625 0.515625 0.041015625 0.484375 0.0341796875 0.46875 0.0263671875 0.46875 0.01953125 0.484375 0.01953125 0.5190972229166666 0.0244140625 0.53125
1 0.048828125 0.484375 0.0576171875 0.5034722229166666 0.068359375 0.5017361104166667 0.07421875 0.49131944375000003 0.076171875 0.48090277708333334 0.076171875 0.453125 0.0693359375 0.4375 0.0615234375 0.43402777708333334 0.0556640625 0.44097222291666666 0.048828125 0.45659722291666666 0.048828125 0.484375
1 0.095703125 0.390625 0.095703125 0.4079861104166667 0.09765625 0.41840277708333334 0.1044921875 0.43055555624999997 0.1083984375 0.43402777708333334 0.11328125 0.4322916666666667 0.125 0.41493055624999997 0.126953125 0.4079861104166667 0.126953125 0.390625 0.123046875 0.3767361104166667 0.1162109375 0.3645833333333333 0.1083984375 0.3645833333333333 0.099609375 0.3767361104166667 0.095703125 0.390625
1 0.6982421875 0.22222222291666668 0.6845703125 0.22222222291666668 0.6767578125 0.22916666666666666 0.666015625 0.24826388958333334 0.662109375 0.265625 0.662109375 0.2829861104166667 0.66796875 0.3072916666666667 0.6767578125 0.3229166666666667 0.6865234375 0.3333333333333333 0.701171875 0.33159722291666666 0.7099609375 0.3263888895833333 0.72265625 0.30381944375000003 0.72265625 0.2864583333333333 0.724609375 0.2829861104166667 0.72265625 0.2552083333333333 0.7158203125 0.23958333333333334 0.7041015625 0.22569444375 0.6982421875 0.22222222291666668
1 0.8388671875 0.27777777708333334 0.8232421875 0.28472222291666666 0.814453125 0.30034722291666666 0.810546875 0.3142361104166667 0.810546875 0.32465277708333334 0.80859375 0.328125 0.810546875 0.35590277708333334 0.8203125 0.38368055624999997 0.8291015625 0.3958333333333333 0.8349609375 0.3958333333333333 0.8369140625 0.39930555624999997 0.849609375 0.39756944375000003 0.8564453125 0.3923611104166667 0.861328125 0.38368055624999997 0.869140625 0.359375 0.869140625 0.33506944375000003 0.8671875 0.32465277708333334 0.861328125 0.30381944375000003 0.8505859375 0.28472222291666666 0.8388671875 0.27777777708333334
1 0.7958984375 0.25 0.7890625 0.26215277708333334 0.787109375 0.27256944375000003 0.787109375 0.3107638895833333 0.80078125 0.3454861104166667 0.8056640625 0.35069444375000003 0.80859375 0.3489583333333333 0.80859375 0.32465277708333334 0.8125 0.30381944375000003 0.8232421875 0.28472222291666666 0.8349609375 0.28125 0.837890625 0.2760416666666667 0.8291015625 0.25347222291666666 0.8154296875 0.24305555625 0.7958984375 0.25
1 0.9580078125 0.46180555624999997 0.9453125 0.47743055624999997 0.939453125 0.49131944375000003 0.939453125 0.4982638895833333 0.93359375 0.515625 0.93359375 0.5329861104166667 0.931640625 0.5364583333333334 0.931640625 0.5572916666666666 0.94140625 0.6059027770833333 0.9501953125 0.6215277770833333 0.9609375 0.6232638895833333 0.9775390625 0.6180555562500001 0.990234375 0.5920138895833333 0.99609375 0.5642361104166667 0.99609375 0.5121527770833334 0.9921875 0.49131944375000003 0.9794921875 0.46527777708333334 0.9697265625 0.4583333333333333 0.9580078125 0.46180555624999997
0 0.7724609375 0.21180555625 0.7646484375 0.21875 0.759765625 0.22743055625 0.76171875 0.24131944375 0.7685546875 0.25 0.7841796875 0.28125 0.787109375 0.2795138895833333 0.787109375 0.26909722291666666 0.791015625 0.25868055625 0.7958984375 0.25 0.8037109375 0.24652777708333332 0.8046875 0.23784722291666668 0.7939453125 0.21875 0.7861328125 0.21180555625 0.7724609375 0.21180555625
0 0.7412109375 0.21180555625 0.7294921875 0.21180555625 0.7197265625 0.21875 0.712890625 0.234375 0.72265625 0.2552083333333333 0.724609375 0.27256944375000003 0.7265625 0.27256944375000003 0.73046875 0.25868055625 0.7392578125 0.24652777708333332 0.7451171875 0.24305555625 0.7607421875 0.24305555625 0.76171875 0.23784722291666668 0.759765625 0.23090277708333332 0.7509765625 0.21875 0.7412109375 0.21180555625
0 0.0634765625 0.43402777708333334 0.0673828125 0.43402777708333334 0.072265625 0.44618055624999997 0.0771484375 0.4548611104166667 0.078125 0.453125 0.08203125 0.4357638895833333 0.080078125 0.4114583333333333 0.0751953125 0.40277777708333334 0.0634765625 0.40277777708333334 0.060546875 0.4079861104166667 0.060546875 0.421875 0.05859375 0.42534722291666666 0.0634765625 0.43402777708333334
0 0.048828125 0.453125 0.060546875 0.42881944375000003 0.060546875 0.4114583333333333 0.0576171875 0.40625 0.0517578125 0.40625 0.044921875 0.421875 0.044921875 0.44965277708333334 0.0478515625 0.4548611104166667 0.048828125 0.453125
0 0.013671875 0.546875 0.013671875 0.52256944375 0.01171875 0.5121527770833334 0.0068359375 0.5034722229166666 0.0009765625 0.5034722229166666 0 0.5503472229166667 0.01171875 0.5503472229166667 0.013671875 0.546875