0 0.046875 0.9114583333333334 0.0986328125 1 0.1328125 0.9982638895833333 0.1328125 0.9739583333333334 0.123046875 0.9253472229166667 0.109375 0.890625 0.0908203125 0.8611111104166667 0.0751953125 0.8506944437499999 0.0634765625 0.8506944437499999 0.0556640625 0.8576388895833333 0.044921875 0.8767361104166667 0.04296875 0.9010416666666666 0.046875 0.9114583333333334
0 0.1728515625 0.5555555562500001 0.1552734375 0.5694444437499999 0.142578125 0.5954861104166667 0.140625 0.6128472229166667 0.13671875 0.6232638895833333 0.13671875 0.6614583333333334 0.138671875 0.6649305562500001 0.140625 0.6892361104166667 0.1533203125 0.7222222229166667 0.1630859375 0.7361111104166667 0.1728515625 0.7430555562500001 0.1787109375 0.7430555562500001 0.1806640625 0.7465277770833333 0.193359375 0.7447916666666666 0.2021484375 0.7430555562500001 0.21875 0.7170138895833333 0.21875 0.7100694437499999 0.22265625 0.703125 0.2265625 0.6822916666666666 0.2265625 0.640625 0.21875 0.6024305562500001 0.2021484375 0.5694444437499999 0.1904296875 0.5590277770833333 0.1728515625 0.5555555562500001
0 0.2802734375 0.3958333333333333 0.2607421875 0.3958333333333333 0.2490234375 0.40625 0.234375 0.4322916666666667 0.228515625 0.45659722291666666 0.228515625 0.4947916666666667 0.23046875 0.4982638895833333 0.23046875 0.50868055625 0.234375 0.515625 0.236328125 0.5260416666666666 0.2509765625 0.5486111104166667 0.2626953125 0.5555555562500001 0.28125 0.5538194437499999 0.2958984375 0.5381944437499999 0.3046875 0.5190972229166666 0.3046875 0.5121527770833334 0.30859375 0.5017361104166667 0.30859375 0.484375 0.310546875 0.48090277708333334 0.30859375 0.44618055624999997 0.30078125 0.421875 0.2919921875 0.40625 0.2802734375 0.3958333333333333
0 0.314453125 0.3732638895833333 0.30859375 0.39756944375000003 0.306640625 0.42881944375000003 0.30859375 0.4322916666666667 0.30859375 0.44618055624999997 0.3125 0.4635416666666667 0.31640625 0.4739583333333333 0.3291015625 0.49305555624999997 0.3388671875 0.5 0.361328125 0.4982638895833333 0.3701171875 0.49305555624999997 0.38671875 0.46006944375000003 0.392578125 0.4357638895833333 0.392578125 0.39756944375000003 0.384765625 0.3697916666666667 0.3759765625 0.3541666666666667 0.3583984375 0.34027777708333334 0.3447265625 0.34027777708333334 0.3251953125 0.3541666666666667 0.314453125 0.3732638895833333
0 0.568359375 0.20659722291666668 0.572265625 0.22048611041666666 0.5791015625 0.23263888958333334 0.5869140625 0.23958333333333334 0.607421875 0.23784722291666668 0.619140625 0.22048611041666666 0.623046875 0.20659722291666668 0.623046875 0.18229166666666666 0.62109375 0.171875 0.6123046875 0.15277777708333332 0.5986328125 0.14236111041666666 0.5849609375 0.14583333333333334 0.5771484375 0.15277777708333332 0.568359375 0.17534722291666668 0.568359375 0.20659722291666668
0 0.568359375 0.140625 0.56640625 0.14756944375 0.56640625 0.171875 0.5703125 0.171875 0.5771484375 0.15277777708333332 0.5927734375 0.14236111041666666 0.6103515625 0.15277777708333332 0.6123046875 0.15277777708333332 0.61328125 0.14756944375 0.611328125 0.140625 0.5986328125 0.12152777708333334 0.5869140625 0.11805555625 0.5771484375 0.125 0.568359375 0.140625
0 0.853515625 0.3732638895833333 0.853515625 0.4079861104166667 0.861328125 0.44618055624999997 0.8681640625 0.4583333333333333 0.8837890625 0.47222222291666666 0.89453125 0.4704861104166667 0.9033203125 0.46527777708333334 0.9140625 0.44618055624999997 0.919921875 0.421875 0.919921875 0.3802083333333333 0.912109375 0.35243055624999997 0.9013671875 0.3333333333333333 0.8837890625 0.3229166666666667 0.8720703125 0.3298611104166667 0.859375 0.3489583333333333 0.853515625 0.3732638895833333
1 1 0.4010416666666667 0.9853515625 0.39930555624999997 0.9794921875 0.40625 0.97265625 0.421875 0.96875 0.4392361104166667 0.96875 0.45659722291666666 0.966796875 0.46006944375000003 0.96875 0.4635416666666667 0.96875 0.48090277708333334 0.970703125 0.484375 0.970703125 0.5052083333333334 0.97265625 0.5121527770833334 0.9853515625 0.53125 0.99609375 0.5295138895833333 1 0.5190972229166666 1 0.4010416666666667
1 0.828125 0.3142361104166667 0.83203125 0.35590277708333334 0.8427734375 0.37847222291666666 0.8486328125 0.3854166666666667 0.8515625 0.38368055624999997 0.857421875 0.35590277708333334 0.8681640625 0.3333333333333333 0.888671875 0.32118055624999997 0.8828125 0.29340277708333334 0.8720703125 0.27430555624999997 0.8642578125 0.2673611104166667 0.8486328125 0.2673611104166667 0.8408203125 0.27430555624999997 0.833984375 0.2864583333333333 0.828125 0.3142361104166667
1 0.7509765625 0.19097222291666668 0.7353515625 0.19444444375 0.7314453125 0.19791666666666666 0.720703125 0.22048611041666666 0.71875 0.24131944375 0.720703125 0.24479166666666666 0.72265625 0.26909722291666666 0.7412109375 0.2986111104166667 0.7470703125 0.3020833333333333 0.759765625 0.30034722291666666 0.7666015625 0.2951388895833333 0.7734375 0.2829861104166667 0.77734375 0.26909722291666666 0.77734375 0.2552083333333333 0.779296875 0.25173611041666666 0.77734375 0.23090277708333332 0.771484375 0.21354166666666666 0.7646484375 0.20138888958333334 0.7568359375 0.19444444375 0.7509765625 0.19097222291666668
1 0.5224609375 0.34375 0.509765625 0.3697916666666667 0.5078125 0.390625 0.505859375 0.39409722291666666 0.505859375 0.42534722291666666 0.5078125 0.42881944375000003 0.5078125 0.4392361104166667 0.517578125 0.4704861104166667 0.5341796875 0.49305555624999997 0.5478515625 0.49652777708333334 0.5498046875 0.5 0.568359375 0.4982638895833333 0.5849609375 0.4861111104166667 0.599609375 0.46006944375000003 0.60546875 0.4392361104166667 0.60546875 0.39409722291666666 0.59765625 0.36284722291666666 0.591796875 0.3489583333333333 0.5830078125 0.33680555624999997 0.5615234375 0.3229166666666667 0.5400390625 0.3263888895833333 0.5224609375 0.34375
1 0.44921875 0.22395833333333334 0.443359375 0.24826388958333334 0.4453125 0.2795138895833333 0.4580078125 0.30555555624999997 0.4658203125 0.3125 0.490234375 0.3107638895833333 0.50390625 0.28993055624999997 0.5078125 0.2760416666666667 0.5078125 0.265625 0.509765625 0.26215277708333334 0.5078125 0.234375 0.50390625 0.22395833333333334 0.4912109375 0.20486111041666666 0.4853515625 0.20138888958333334 0.4677734375 0.20138888958333334 0.44921875 0.22395833333333334
1 0.021484375 0.6579861104166667 0.015625 0.6788194437499999 0.015625 0.7204861104166667 0.017578125 0.7239583333333334 0.017578125 0.734375 0.029296875 0.7725694437499999 0.0400390625 0.7881944437499999 0.0546875 0.7864583333333334 0.0625 0.7760416666666666 0.06640625 0.7621527770833333 0.06640625 0.7135416666666666 0.064453125 0.7100694437499999 0.0625 0.6892361104166667 0.056640625 0.6684027770833333 0.0498046875 0.65625 0.0419921875 0.6493055562500001 0.0283203125 0.6493055562500001 0.021484375 0.6579861104166667