1 0.4451171875 0.9145833333333333 0.4373046875 0.89375 0.4373046875 0.8868055541666667 0.412890625 0.8399305541666667 0.3953125 0.8190972208333334 0.39140625 0.8190972208333334 0.385546875 0.8121527770833333 0.373828125 0.8086805541666667 0.371875 0.8052083333333333 0.33671875 0.8052083333333333 0.31328125 0.8190972208333334 0.2927734375 0.8486111104166666 0.2771484375 0.89375 0.2771484375 0.9076388875 0.2751953125 0.9111111104166666 0.2751953125 0.9666666666666667 0.2791015625 0.9875 0.2866350453125 0.9979166666666667 0.3533203125 0.9979166666666667 0.354296875 0.9961805541666667 0.373828125 0.9961805541666667 0.3748046875 0.9979166666666667 0.3962890625 0.9979166666666667 0.397265625 0.9961805541666667 0.40703125 0.9961805541666667 0.4080078125 0.9979166666666667 0.4099609375 0.9979166666666667 0.4109375 0.9961805541666667 0.424609375 0.9961805541666667 0.4255859375 0.9979166666666667 0.4333984375 0.9979166666666667 0.434375 0.9961805541666667 0.4363281265625 0.9979166666666667 0.4431640625 0.9979166666666667 0.4484375 0.9916666645833333 0.4484375 0.9368055541666667 0.4451171875 0.925 0.4451171875 0.9145833333333333
1 0.24453125 0.28854166666666664 0.22890625 0.28854166666666664 0.2171875 0.2989583333333333 0.2083984375 0.325 0.2083984375 0.3631944458333333 0.223046875 0.3927083333333333 0.22890625 0.3927083333333333 0.2306640625 0.3958333333333333 0.2330078171875 0.3958333333333333 0.2416015625 0.3944444458333333 0.25234375 0.3857638895833333 0.2591796875 0.3701388895833333 0.2609375 0.36076388958333333 0.2609375 0.31765491458333334 0.2484375 0.2920138895833333 0.24453125 0.28854166666666664
1 0.256640625 0.2640625 0.248828125 0.25711805416666667 0.237109375 0.25711805416666667 0.22734375 0.2640625 0.2205078125 0.2762152770833334 0.2166015625 0.29010416666666666 0.2166015625 0.2970486104166667 0.21953125 0.2987847208333333 0.22734375 0.28836805416666667 0.244921875 0.28836805416666667 0.2546875 0.2987847208333333 0.2595703125 0.3144097208333333 0.2615234375 0.3144097208333333 0.2640625 0.30538194375 0.2640625 0.2859375 0.2634765625 0.2796875 0.256640625 0.2640625
1 0.2271484375 0.22951388958333335 0.2134765625 0.23298611249999998 0.2046875 0.24861111249999998 0.20078125 0.26597222291666667 0.202734375 0.28680555625 0.2107700890625 0.29791666666666666 0.21445312656249998 0.29791666666666666 0.21640625 0.29722222291666667 0.21640625 0.29027777708333335 0.222265625 0.27291666666666664 0.2271484375 0.2642361125 0.2390625 0.25608974375 0.2390625 0.2520833333333333 0.2359375 0.23819444583333332 0.2271484375 0.22951388958333335
1 0.1359375 0.31527777916666666 0.1291015625 0.32395833333333335 0.1234375 0.3407407416666667 0.1234375 0.37307098958333335 0.13203125 0.3951388895833333 0.13515624843750002 0.39791666666666664 0.14023437968750002 0.39791666666666664 0.1466796875 0.396875 0.153515625 0.39166666666666666 0.159375 0.3752976208333333 0.159375 0.3322530875 0.1515625 0.31527777916666666 0.1359375 0.31527777916666666
1 0.12265625 0.3142361104166667 0.1235026046875 0.31875 0.1255859359375 0.31875 0.128515625 0.3177083333333333 0.1373046875 0.30555555624999997 0.1451171875 0.30555555624999997 0.1490234375 0.3125 0.1529296875 0.3125 0.153125 0.31006944375 0.153125 0.29756944375 0.151953125 0.29340277708333334 0.1456640625 0.28541666666666665 0.13480468750000002 0.28541666666666665 0.128515625 0.29340277708333334 0.12265625 0.3142361104166667
1 0.139453125 0.3015625 0.13359375 0.30503472291666667 0.1267578125 0.3171875 0.12490234375 0.32708333333333334 0.1291713171875 0.32708333333333334 0.139453125 0.3154513895833333 0.14921875 0.3154513895833333 0.153125 0.31892361041666667 0.153125 0.31197916666666664 0.14921875 0.30503472291666667 0.139453125 0.3015625
1 0.1611328125 0.253125 0.154296875 0.26527777708333333 0.153125 0.27152777708333337 0.153125 0.29930555416666665 0.154296875 0.3034722208333333 0.1623325890625 0.3145833333333333 0.167187496875 0.3145833333333333 0.169921875 0.3138888875 0.16796875 0.3034722208333333 0.16796875 0.2791666666666667 0.175 0.2604166666666667 0.175 0.25601851875000003 0.1728515625 0.24965277708333333 0.1611328125 0.253125
1 0.3751953125 0.19965277708333332 0.368359375 0.18402777708333332 0.356640625 0.17361111041666666 0.348828125 0.17361111041666666 0.34296875 0.17708333333333334 0.3322265625 0.19270833333333334 0.3283203125 0.20659722291666668 0.3283203125 0.21701388958333334 0.346875 0.23611111041666666 0.3517578125 0.25173611041666666 0.3517578125 0.25868055625 0.3546875 0.26388888958333334 0.3576171875 0.26215277708333334 0.3625 0.2604166666666667 0.3712890625 0.24479166666666666 0.3765625 0.21979166666666666 0.3765625 0.21597222291666668 0.3751953125 0.21354166666666666 0.3751953125 0.19965277708333332
1 0.33203125 0.19322916666666667 0.3388671875 0.18454861041666665 0.341796875 0.17586805625000002 0.3330078125 0.16371527708333333 0.3193359375 0.16371527708333333 0.306640625 0.1828125 0.306640625 0.19322916666666667 0.3193359375 0.20190972291666667 0.3239474828125 0.21666666666666667 0.328125 0.21666666666666667 0.328125 0.20711805625000002 0.33203125 0.19322916666666667
1 0.3171875 0.1984375 0.299609375 0.19496527708333333 0.291796875 0.20190972291666667 0.2830078125 0.22100694375 0.283984375 0.22621527708333333 0.29521484375 0.22708333333333333 0.3088867203125 0.22708333333333333 0.32109375 0.22274305625000002 0.3234375 0.21857638958333334 0.3234375 0.21440972291666668 0.3220703125 0.20711805625000002 0.3171875 0.1984375
0 0.3408203125 0.22847222291666666 0.3330078125 0.22152777916666666 0.3173828125 0.22152777916666666 0.302734375 0.23715277916666666 0.2953125 0.2635416666666667 0.2953125 0.29097222291666663 0.298828125 0.30659722291666663 0.3076171875 0.31875 0.3164062484375 0.325 0.3216796921875 0.325 0.328125 0.32395833333333335 0.3349609375 0.32222222291666663 0.34375 0.31006944583333335 0.3515625 0.28923611250000003 0.353125 0.26979166666666665 0.353125 0.2628472229166667 0.349609375 0.24409722291666666 0.3408203125 0.22847222291666666
0 0.2654296875 0.25173611041666666 0.2634765625 0.25868055625 0.2634765625 0.2864583333333333 0.2673828125 0.30381944375000003 0.27421875 0.31597222291666666 0.27890625 0.31875 0.2867187453125 0.31875 0.2966796875 0.3177083333333333 0.3005859375 0.3142361104166667 0.3005859375 0.3072916666666667 0.2966796875 0.30034722291666666 0.2947265625 0.28993055624999997 0.2947265625 0.265625 0.303125 0.23875 0.303125 0.23194444374999998 0.299609375 0.22569444375 0.2917968734375 0.22291666666666668 0.2886718765625 0.22291666666666668 0.278125 0.22916666666666666 0.2654296875 0.25173611041666666
0 0.491796875 0.19097222291666668 0.48203125 0.18402777708333332 0.4625 0.18402777708333332 0.456640625 0.1875 0.4478515625 0.19965277708333332 0.4419921875 0.21701388958333334 0.4400390625 0.22743055625 0.4400390625 0.2552083333333333 0.4458984375 0.2760416666666667 0.4546875 0.28819444375000003 0.4625 0.2951388895833333 0.4830078125 0.29340277708333334 0.487890625 0.2916666666666667 0.4986328125 0.27256944375000003 0.5025390625 0.25868055625 0.503125 0.25555555625 0.503125 0.22395833333333334 0.5025390625 0.21354166666666666 0.491796875 0.19097222291666668
0 0.190625 0.28888888749999997 0.1759765625 0.31145833333333334 0.1740234375 0.3392361104166667 0.1720703125 0.34270833333333334 0.1740234375 0.34618055416666665 0.1740234375 0.36006944375 0.1877704328125 0.38125 0.2003906171875 0.38125 0.2033203125 0.38090277708333337 0.2111328125 0.3704861104166667 0.2091796875 0.36701388749999997 0.2091796875 0.34965277708333337 0.2072265625 0.34270833333333334 0.2091796875 0.3392361104166667 0.2091796875 0.321875 0.2125 0.31302083333333336 0.2125 0.30023148125 0.204296875 0.28888888749999997 0.190625 0.28888888749999997
0 0.1859375 0.24965277708333333 0.176171875 0.25659722083333336 0.1712890625 0.26527777708333333 0.1673828125 0.2791666666666667 0.1673828125 0.3034722208333333 0.17184709843749998 0.3145833333333333 0.1740234359375 0.3145833333333333 0.1751953125 0.3138888875 0.1771484375 0.30694444375 0.18984375 0.2878472208333333 0.2 0.2862058083333333 0.2 0.26423611041666667 0.19375 0.253125 0.1859375 0.24965277708333333
0 0.112109375 0.315625 0.1013671875 0.33819444375 0.0994140625 0.3625 0.10752704375 0.38333333333333336 0.1208984375 0.38333333333333336 0.1228515625 0.3798611104166667 0.1228515625 0.33819444375 0.1234375 0.33715277708333335 0.1234375 0.31840277708333337 0.121875 0.315625 0.112109375 0.315625
0 0.1412109375 0.41319444375000003 0.1255859375 0.40625 0.1158203125 0.41319444375000003 0.10703125 0.42881944375000003 0.101171875 0.45659722291666666 0.101171875 0.484375 0.1041015625 0.4895833333333333 0.105078125 0.48784722291666666 0.1099609375 0.47569444375000003 0.1216796875 0.46527777708333334 0.1392578125 0.46527777708333334 0.1509765625 0.4791666666666667 0.1515625 0.478125 0.1515625 0.44444444583333337 0.148046875 0.42881944375000003 0.1412109375 0.41319444375000003
0 0.0638671875 0.3927083333333333 0.053125 0.4083333333333333 0.051171875 0.41875 0.051171875 0.45 0.0580078125 0.465625 0.0615234375 0.46875 0.063281253125 0.46875 0.06875 0.4673611125 0.074609375 0.46041666666666664 0.078125 0.44791666874999997 0.078125 0.4109567916666667 0.0697265625 0.3927083333333333 0.0638671875 0.3927083333333333
0 0.1470703125 0.4725694458333333 0.1392578125 0.465625 0.1236328125 0.465625 0.1099609375 0.47604166666666664 0.101171875 0.5020833333333333 0.09921875 0.5125 0.09921875 0.5541666666666667 0.105078125 0.5784722229166667 0.1177734375 0.6010416666666667 0.1212890625 0.6041666666666666 0.125390634375 0.6041666666666666 0.140234375 0.6027777791666666 0.1470703125 0.5975694458333333 0.155859375 0.5819444458333333 0.159765625 0.56805555625 0.159765625 0.5576388895833334 0.1609375 0.5555555562500001 0.1609375 0.5157407416666666 0.155859375 0.49166666666666664 0.1470703125 0.4725694458333333
0 0.2837890625 0.5131944458333334 0.2701171875 0.49930555625 0.2583984375 0.49236111250000003 0.2427734375 0.49236111250000003 0.2232421875 0.50625 0.206640625 0.5392361124999999 0.202734375 0.5600694458333333 0.202734375 0.5739583333333333 0.20078125 0.5774305562500001 0.202734375 0.6225694458333333 0.210546875 0.6503472229166667 0.2271484375 0.6798611124999999 0.2310546875 0.6798611124999999 0.2419921859375 0.6895833333333333 0.25019532187500004 0.6895833333333333 0.261328125 0.6885416666666667 0.2818359375 0.6763888895833333 0.292578125 0.6538194458333333 0.3015625 0.6154861125 0.3015625 0.5701388895833334 0.29453125 0.5357638895833333 0.2837890625 0.5131944458333334
1 0.564453125 0.2552083333333333 0.556640625 0.28993055624999997 0.55859375 0.3142361104166667 0.564453125 0.33506944375000003 0.5751953125 0.3541666666666667 0.5966796875 0.36805555624999997 0.607421875 0.36631944375000003 0.6240234375 0.3541666666666667 0.634765625 0.33159722291666666 0.63671875 0.3107638895833333 0.638671875 0.3072916666666667 0.63671875 0.2760416666666667 0.6328125 0.25868055625 0.6142578125 0.22916666666666666 0.6083984375 0.22916666666666666 0.6064453125 0.22569444375 0.5869140625 0.22569444375 0.5751953125 0.23611111041666666 0.564453125 0.2552083333333333
0 0.0224609375 0.46840277916666667 0.017578125 0.47708333333333336 0.0140625 0.49270833541666664 0.0140625 0.5204861104166667 0.017578125 0.5361111104166666 0.0218749984375 0.54375 0.028906257812500002 0.54375 0.033203125 0.54305555625 0.040625 0.5265625020833333 0.040625 0.48640873125 0.0341796875 0.46840277916666667 0.0224609375 0.46840277916666667