1 0.0939453125 0.7684027791666667 0.0861328125 0.740625 0.0734375 0.7145833333333333 0.063671875 0.7041666666666667 0.051953125 0.7006944458333333 0.0421875 0.7076388895833333 0.0353515625 0.7197916666666667 0.0353515625 0.7267361124999999 0.0314453125 0.7371527791666667 0.0314453125 0.7892361124999999 0.0373046875 0.8204861124999999 0.0412109375 0.8309027791666667 0.0578125 0.8604166666666667 0.0666015609375 0.8666666666666667 0.0695312515625 0.8666666666666667 0.0724609375 0.865625 0.0890625 0.8534722229166667 0.0939453125 0.8413194458333333 0.0939453125 0.8309027791666667 0.0953125 0.8284722229166667 0.0953125 0.7847222229166667 0.0939453125 0.7822916666666667 0.0939453125 0.7684027791666667
1 0.401171875 0.2607638875 0.397265625 0.25729166458333336 0.37578125 0.25729166458333336 0.3591796875 0.2833333333333333 0.3552734375 0.29722222083333333 0.3552734375 0.32152777708333335 0.369921875 0.33368055416666664 0.3806640625 0.35277777708333335 0.3835100453125 0.3645833333333333 0.3857421796875 0.3645833333333333 0.3943359375 0.36319444375000004 0.401171875 0.35798611041666667 0.4119140625 0.33888888749999996 0.4140625 0.32934027708333335 0.4140625 0.2875 0.4099609375 0.27291666666666664 0.401171875 0.2607638875
1 0.463671875 0.18402777708333332 0.448046875 0.18402777708333332 0.4353515625 0.203125 0.4314453125 0.22743055625 0.43828125 0.25347222291666666 0.448046875 0.24652777708333332 0.465625 0.24652777708333332 0.4744140625 0.25173611041666666 0.4796875 0.23298611041666667 0.4796875 0.2120370375 0.471484375 0.19097222291666668 0.463671875 0.18402777708333332
1 0.5638671875 0.19791666666666666 0.5541015625 0.1875 0.5306640625 0.19097222291666668 0.51796875 0.22048611041666666 0.51796875 0.24479166666666666 0.521875 0.25868055625 0.5345703125 0.27777777708333334 0.5384765625 0.28125 0.54921875 0.2795138895833333 0.5580078125 0.27430555624999997 0.56875 0.2552083333333333 0.571875 0.2413194458333333 0.571875 0.228125 0.570703125 0.21354166666666666 0.5638671875 0.19791666666666666
1 0.569140625 0.16944444583333332 0.5583984375 0.18506944583333332 0.5583984375 0.19201388958333335 0.56328125 0.19722222291666666 0.5701171875 0.21284722291666666 0.5720703125 0.22326388958333335 0.5720703125 0.240625 0.5701171875 0.24756944583333332 0.57265625 0.2520833333333333 0.5796875078125 0.2520833333333333 0.5896484375 0.25104166666666666 0.5994140625 0.23715277916666666 0.6015625 0.22951388958333335 0.6015625 0.19272876041666667 0.58671875 0.16944444583333332 0.569140625 0.16944444583333332
1 0.6994140625 0.29340277708333334 0.6935546875 0.3107638895833333 0.6916015625 0.32118055624999997 0.6916015625 0.359375 0.6974609375 0.3802083333333333 0.708203125 0.39930555624999997 0.723046875 0.4125 0.728124996875 0.4125 0.7345703125 0.4114583333333333 0.743359375 0.40625 0.7580078125 0.38368055624999997 0.7638671875 0.359375 0.7619140625 0.32118055624999997 0.7541015625 0.296875 0.739453125 0.27777777708333334 0.734765625 0.275 0.728906253125 0.275 0.71015625 0.27777777708333334 0.6994140625 0.29340277708333334
1 0.870703125 0.4493055541666667 0.866796875 0.4388888875 0.866796875 0.43194444375 0.8521484375 0.4024305541666667 0.8365234375 0.3885416666666667 0.8150390625 0.3885416666666667 0.8072265625 0.3954861104166667 0.796484375 0.41458333333333336 0.792578125 0.4284722208333333 0.788671875 0.4493055541666667 0.788671875 0.4666666666666667 0.78671875 0.4701388875 0.788671875 0.4736111104166667 0.788671875 0.4979166666666667 0.796484375 0.5256944437500001 0.8111328125 0.5517361104166666 0.8208984390625 0.5604166666666667 0.83359375 0.5604166666666667 0.8423828125 0.5517361104166666 0.8462890625 0.5517361104166666 0.866796875 0.51875 0.866796875 0.5118055541666666 0.870703125 0.5013888875 0.871875 0.4805555541666667 0.871875 0.46527777708333334 0.870703125 0.46319444375 0.870703125 0.4493055541666667
1 0.9107421875 0.39861111250000003 0.9009765625 0.38819444583333335 0.8814453125 0.38819444583333335 0.8775390625 0.39166666666666666 0.86484375 0.41770833333333335 0.86484375 0.428125 0.86875 0.43854166666666666 0.870703125 0.46284722291666663 0.87265625 0.46631944583333335 0.86875 0.5184027791666667 0.8736328125 0.53055555625 0.8833984375 0.5409722229166667 0.8880859359375 0.54375 0.8927734421875 0.54375 0.898046875 0.5427083333333333 0.9126953125 0.53055555625 0.9234375 0.5079861125 0.9265625 0.49131944583333337 0.9265625 0.4413194458333333 0.9234375 0.42465277916666666 0.9107421875 0.39861111250000003
1 0.921875 0.41840277708333334 0.927734375 0.4427083333333333 0.927734375 0.4670138895833333 0.9296875 0.4704861104166667 0.927734375 0.48090277708333334 0.9384765625 0.49305555624999997 0.9453125 0.49131944375000003 0.955078125 0.44618055624999997 0.966796875 0.42881944375000003 0.966796875 0.41840277708333334 0.958984375 0.38368055624999997 0.9482421875 0.3645833333333333 0.9443359375 0.3611111104166667 0.9326171875 0.3611111104166667 0.9267578125 0.3645833333333333 0.919921875 0.3767361104166667 0.916015625 0.390625 0.916015625 0.4045138895833333 0.921875 0.41840277708333334
1 0.8404296875 0.24704861041666665 0.8287109375 0.23663194375 0.8150390625 0.24010416666666667 0.808203125 0.25225694375 0.81796875 0.2765625 0.821735490625 0.3 0.8242079 0.3 0.8306640625 0.28524305624999996 0.8384765625 0.2782986104166667 0.85 0.27672275625 0.85 0.2713541666666667 0.847265625 0.25920138958333333 0.8404296875 0.24704861041666665
1 1 0.4078125 0.9912109375 0.39913194583333333 0.9794921875 0.39913194583333333 0.9755859375 0.40260416666666665 0.96875 0.41475694583333333 0.96875 0.4251736125 0.9716796875 0.43038194583333333 0.9794921875 0.43038194583333333 0.9873046875 0.4373263895833333 0.99609375 0.4529513895833333 0.9977294921875 0.46458333333333335 1 0.46458333333333335 1 0.4078125
1 0.984375 0.8454861104166667 1 0.8177083333333334 0.9990234375 0.7048611104166667 0.990234375 0.7274305562500001 0.990234375 0.734375 0.98046875 0.765625 0.98046875 0.7760416666666666 0.978515625 0.7795138895833333 0.9765625 0.8177083333333334 0.978515625 0.8211805562500001 0.98046875 0.8420138895833333 0.9833984375 0.8472222229166667 0.984375 0.8454861104166667
0 1 0.6993055541666667 0.9990234375 0.5621527770833333 0.986328125 0.58125 0.9765625 0.6263888875 0.9765625 0.68194444375 0.984375 0.71319444375 0.988671875 0.7208333333333333 0.9910156234375 0.7208333333333333 0.9921875 0.7201388875 1 0.6993055541666667
0 0.970703125 0.4111111104166667 0.98046875 0.3972222208333333 0.978515625 0.3729166666666667 0.9658203125 0.346875 0.9501953125 0.34340277708333333 0.9462890625 0.346875 0.94140625 0.35902777708333333 0.958984375 0.38333333333333336 0.96484375 0.41458333333333336 0.9671875 0.41875 0.968359375 0.41875 0.96875 0.4180555541666667 0.970703125 0.4111111104166667
0 0.8876953125 0.2704861104166667 0.8779296875 0.2704861104166667 0.8701171875 0.2774305541666667 0.865625 0.28861111041666665 0.865625 0.2907986104166667 0.873046875 0.3138888875 0.873046875 0.32083333333333336 0.875390625 0.325 0.8765625 0.325 0.876953125 0.3243055541666667 0.8896484375 0.3086805541666667 0.9072265625 0.31215277708333333 0.9078125 0.30902777708333334 0.9078125 0.30599747499999996 0.8974609375 0.28090277708333333 0.8876953125 0.2704861104166667
0 0.847265625 0.33090277916666666 0.8365234375 0.31180555625 0.8267578125 0.30486111250000003 0.8091796875 0.30486111250000003 0.8013671875 0.31180555625 0.79453125 0.32395833333333335 0.788671875 0.34479166666666666 0.788671875 0.38645833333333335 0.792578125 0.40381944583333335 0.7951171875 0.4083333333333333 0.7966796890625 0.4083333333333333 0.7984375 0.40729166666666666 0.8150390625 0.38819444583333335 0.8228515625 0.38819444583333335 0.8248046875 0.38472222291666663 0.8384765625 0.38819444583333335 0.8482421875 0.39861111250000003 0.8521484375 0.39861111250000003 0.8546875 0.39409722291666666 0.8546875 0.36006944583333333 0.853125 0.35173611250000003 0.847265625 0.33090277916666666
0 0.78125 0.22430555416666667 0.7861328125 0.21562499791666667 0.7900390625 0.21215277708333333 0.8076171875 0.21215277708333333 0.80859375 0.20694444374999998 0.7958984375 0.18784722083333336 0.7900390625 0.18437499791666667 0.7802734375 0.18784722083333336 0.76953125 0.20694444374999998 0.76953125 0.24166666458333333 0.77234375 0.25 0.7730468734375 0.25 0.775390625 0.24861111041666667 0.78125 0.22430555416666667
0 0.3701171875 0.3329861104166667 0.3564453125 0.32256944375 0.3427734375 0.32256944375 0.322265625 0.3451388875 0.3125 0.3729166666666667 0.3109375 0.38958333333333334 0.3109375 0.39444444375000004 0.3125 0.3972222208333333 0.3125 0.4111111104166667 0.31640625 0.4284722208333333 0.3291015625 0.4510416666666667 0.34140625 0.46041666666666664 0.34804687031250003 0.46041666666666664 0.3515625 0.4597222208333333 0.3583984375 0.4579861104166667 0.375 0.4388888875 0.384375 0.4022222208333333 0.384375 0.3712962958333333 0.37890625 0.3486111104166667 0.3701171875 0.3329861104166667
0 0.297265625 0.27708333333333335 0.293359375 0.27361111250000003 0.2796875 0.27361111250000003 0.271875 0.28055555625 0.2650390625 0.29270833333333335 0.2611328125 0.30659722291666663 0.2611328125 0.33784722291666663 0.273828125 0.3638888895833333 0.2769531234375 0.36666666666666664 0.28359375625 0.36666666666666664 0.2923828125 0.365625 0.3060546875 0.34479166666666666 0.3060546875 0.33784722291666663 0.309375 0.32899305624999997 0.309375 0.30399305625 0.3060546875 0.28923611250000003 0.297265625 0.27708333333333335
0 0.2357421875 0.4354166666666667 0.225 0.4197916666666667 0.219140625 0.41631944583333336 0.2015625 0.41631944583333336 0.19375 0.42326388958333333 0.1849609375 0.43888888958333333 0.1771484375 0.46319444583333336 0.1791015625 0.5152777791666667 0.1830078125 0.5222222229166666 0.1849609375 0.5326388895833333 0.19765625 0.5517361104166666 0.203515625 0.5517361104166666 0.2048828125 0.5541666666666667 0.2166015765625 0.5541666666666667 0.2240234375 0.5534722229166668 0.2376953125 0.5326388895833333 0.2416015625 0.51875 0.2435546875 0.49444444583333336 0.2453125 0.49131944583333337 0.2453125 0.48784722291666666 0.2435546875 0.45972222291666665 0.2357421875 0.4354166666666667
0 0 0.8211805562500001 0.00390625 0.828125 0.0078125 0.8454861104166667 0.0205078125 0.8680555562500001 0.0283203125 0.875 0.03125 0.8732638895833333 0.0361328125 0.8715277770833333 0.04296875 0.859375 0.046875 0.8454861104166667 0.037109375 0.8246527770833333 0.03125 0.7934027770833333 0.029296875 0.7447916666666666 0.0185546875 0.7291666666666666 0.0048828125 0.7291666666666666 0 0.734375 0 0.8211805562500001