0 0.26834981406249997 0.14340277916666666 0.26737325156249997 0.14166666666666666 0.26542012656249997 0.14166666666666666 0.26346700156249997 0.13819444583333332 0.25370137656249997 0.13819444583333332 0.25272481406249997 0.13993055625 0.2476342015625 0.14788194791666667 0.24528381875 0.15689498333333332 0.25161290625 0.15276773125 0.2579774921875 0.15321784583333334 0.2632877890625 0.15549700416666665 0.2671698359375 0.16875 0.2677638765625 0.16875 0.26834981406249997 0.16770833333333332 0.26875 0.16699689166666667 0.26875 0.15105866458333334 0.26834981406249997 0.15034722291666666 0.26834981406249997 0.14340277916666666
0 0.2640625 0.15763888958333333 0.2611328125 0.15243055625000002 0.2591796875 0.15243055625000002 0.2572265625 0.14895833541666667 0.2513671875 0.14895833541666667 0.2494140625 0.1454861125 0.24453125 0.15416666874999999 0.24453125 0.15763888958333333 0.240625 0.16458333541666667 0.240625 0.16805555625000002 0.238671875 0.17152777916666664 0.238671875 0.18888888958333333 0.2435546875 0.19756944583333333 0.2455078125 0.19756944583333333 0.2468749984375 0.2 0.255859375 0.2 0.25625 0.19930555625000002 0.2572265625 0.19756944583333333 0.2591796875 0.19756944583333333 0.2640625 0.18888888958333333 0.2640625 0.18194444583333333 0.265625 0.17916666666666667 0.265625 0.16388889166666668 0.2640625 0.1611111125 0.2640625 0.15763888958333333
0 0.23203125 0.17291666666666666 0.230078125 0.16944444583333332 0.226171875 0.16944444583333332 0.22421875 0.17291666666666666 0.222265625 0.17291666666666666 0.2134765625 0.18854166666666666 0.2134765625 0.209375 0.219921875 0.22083333333333333 0.23046875 0.22083333333333333 0.2310546875 0.21979166666666666 0.2375 0.20833333541666665 0.2375 0.17916666666666667 0.233984375 0.17291666666666666 0.23203125 0.17291666666666666
1 0.2943359375 0.12569444375 0.2923828125 0.12222222083333333 0.2845703125 0.12222222083333333 0.2826171875 0.12569444375 0.2806640625 0.12569444375 0.27578125 0.134375 0.27578125 0.13784722083333334 0.273828125 0.14131944375 0.273828125 0.15520833333333334 0.27578125 0.15868055416666668 0.27578125 0.16215277708333334 0.2787109375 0.16736111041666665 0.2806640625 0.16736111041666665 0.2826171875 0.17083333333333334 0.2845703125 0.17083333333333334 0.2857421875 0.17291666666666666 0.2873046875 0.17291666666666666 0.2875 0.17256944375 0.2884765625 0.17083333333333334 0.2923828125 0.17083333333333334 0.29921875 0.15868055416666668 0.29921875 0.15520833333333334 0.3 0.15381944374999998 0.3 0.13229166666666667 0.2962890625 0.12569444375 0.2943359375 0.12569444375
1 0.323046875 0.15277777708333332 0.319140625 0.15972222291666668 0.3162109375 0.16145833333333334 0.3162109375 0.16493055625 0.3123046875 0.171875 0.3123046875 0.17534722291666668 0.3103515625 0.17881944375 0.3103515625 0.19965277708333332 0.3123046875 0.203125 0.3142578125 0.21354166666666666 0.3171875 0.21875 0.319140625 0.21875 0.3244140625 0.225 0.33125 0.225 0.3318359375 0.22395833333333334 0.3328125 0.22222222291666668 0.338671875 0.22222222291666668 0.340625 0.21875 0.342578125 0.21875 0.3474609375 0.21006944375 0.3474609375 0.20659722291666668 0.35 0.19982638958333335 0.35 0.16597222291666666 0.3494140625 0.16493055625 0.3494140625 0.16145833333333334 0.34453125 0.15277777708333332 0.342578125 0.15277777708333332 0.341015625 0.15 0.3265625 0.15 0.325 0.15277777708333332 0.323046875 0.15277777708333332
0 0.1251953125 0.29340277708333334 0.130078125 0.30902777708333334 0.133984375 0.3125 0.1408203125 0.3107638895833333 0.1466796875 0.30381944375000003 0.15 0.2890625 0.15 0.27470238125 0.14375 0.2604166666666667 0.1359375 0.2604166666666667 0.1271484375 0.2760416666666667 0.1251953125 0.29340277708333334
0 0.0388671875 0.41840277708333334 0.0388671875 0.4392361104166667 0.04140625 0.44375 0.0421875 0.44375 0.0427734375 0.4427083333333333 0.049609375 0.43402777708333334 0.057421875 0.44097222291666666 0.059375 0.4375 0.059375 0.40972222291666666 0.05390625 0.4 0.051562501562499995 0.4 0.04375 0.40277777708333334 0.0388671875 0.41840277708333334
1 0.06875 0.3802083333333333 0.066796875 0.4045138895833333 0.06875 0.41493055624999997 0.0736328125 0.4236111104166667 0.0775390625 0.4270833333333333 0.086328125 0.42534722291666666 0.0921875 0.4114583333333333 0.09375 0.3920138875 0.09375 0.38586309375 0.0873046875 0.3645833333333333 0.0775390625 0.3645833333333333 0.0736328125 0.36805555624999997 0.06875 0.3802083333333333
1 0.0248046875 0.4373263895833333 0.01796875 0.4529513895833333 0.01796875 0.48072916666666665 0.0208984375 0.4894097229166666 0.0213867171875 0.4895833333333333 0.02578125 0.4895833333333333 0.02578125 0.4668402791666667 0.0328125 0.45121527708333337 0.0328125 0.4417013895833334 0.0287109375 0.4373263895833333 0.0248046875 0.4373263895833333
1 0.048828125 0.5024305541666666 0.048828125 0.48159722083333334 0.05078125 0.478125 0.052734375 0.45729166666666665 0.05859375 0.446875 0.0537109375 0.43472222083333334 0.0478515625 0.43472222083333334 0.0419921875 0.44166666666666665 0.037109375 0.45034722083333334 0.037109375 0.4642361104166667 0.03515625 0.46770833333333334 0.037109375 0.48854166666666665 0.041015625 0.49895833333333334 0.0451171875 0.50625 0.0466796875 0.50625 0.046875 0.5059027770833333 0.048828125 0.5024305541666666
1 0.48359375 0.1454861125 0.471875 0.13854166874999999 0.462109375 0.13854166874999999 0.450390625 0.1454861125 0.4396484375 0.16458333541666667 0.4376953125 0.17500000208333333 0.4376953125 0.19930555625000002 0.446484375 0.22534722291666667 0.45625 0.23576388958333333 0.462109375 0.23576388958333333 0.4630859375 0.2375 0.46894532343749995 0.2375 0.477734375 0.23576388958333333 0.4865234375 0.2236111125 0.49375 0.20112847291666666 0.49375 0.16944444583333332 0.4904296875 0.15763888958333333 0.48359375 0.1454861125
1 0.5056640625 0.13715277708333332 0.5017578125 0.15104166666666666 0.5017578125 0.18229166666666666 0.5125 0.20486111041666666 0.5252604171875 0.21458333333333332 0.5296874984375 0.21458333333333332 0.5349609375 0.21354166666666666 0.54375 0.20833333333333334 0.5525390625 0.19618055625 0.5578125 0.17743055625 0.5578125 0.15538194375 0.5544921875 0.140625 0.545703125 0.125 0.538671875 0.11875 0.519140625 0.11875 0.514453125 0.12152777708333334 0.5056640625 0.13715277708333332
1 0.64921875 0.07291666666666667 0.643359375 0.06944444375 0.635546875 0.06944444375 0.62578125 0.07638888958333333 0.6189453125 0.08854166666666667 0.6169921875 0.09895833333333333 0.6169921875 0.12326388958333333 0.623828125 0.13888888958333334 0.63359375 0.14930555625 0.6501953125 0.14756944375 0.653125 0.14583333333333334 0.6609375 0.12885802500000001 0.6609375 0.09548611041666667 0.6580078125 0.08506944375 0.64921875 0.07291666666666667
1 0.6884765625 0.2875 0.6962890625 0.2875 0.6982421875 0.28402777916666666 0.7060546875 0.28402777916666666 0.712890625 0.271875 0.71875 0.24409722291666666 0.716796875 0.21284722291666666 0.7109375 0.19548611249999998 0.7021484375 0.17986111249999998 0.6884765625 0.16944444583333332 0.6708984375 0.16944444583333332 0.6611328125 0.17986111249999998 0.65234375 0.19895833333333332 0.6484375 0.21979166666666666 0.6484375 0.24756944583333332 0.654296875 0.26493055625 0.6708984375 0.29097222291666663 0.6740234359375 0.29375 0.6767578140625 0.29375 0.6796875 0.29270833333333335 0.6884765625 0.2875
1 0.7154296875 0.08159722291666666 0.7134765625 0.08854166666666667 0.7134765625 0.109375 0.7173828125 0.12326388958333333 0.726171875 0.13888888958333334 0.73203125 0.13888888958333334 0.73359375 0.14166666666666666 0.7359374984375 0.14166666666666666 0.7388671875 0.140625 0.745703125 0.13541666666666666 0.7525390625 0.12326388958333333 0.753125 0.11805555625 0.753125 0.10347222291666666 0.7525390625 0.10243055625 0.7525390625 0.09201388958333333 0.741796875 0.07291666666666667 0.7312499984375 0.06666666666666667 0.7291015640625 0.06666666666666667 0.7203125 0.07291666666666667 0.7154296875 0.08159722291666666
1 0.5732421875 0.04930555416666667 0.5693359375 0.05277777708333333 0.5625 0.06493055416666667 0.5609375 0.0732638875 0.5609375 0.0795138875 0.5625 0.09618055416666667 0.5693359375 0.10833333333333334 0.5716796890625 0.11041666666666666 0.5755859359375 0.11041666666666666 0.576171875 0.11006944375000001 0.576171875 0.08923611041666667 0.578125 0.08229166666666667 0.5849609375 0.0701388875 0.5953125 0.06511994791666667 0.5953125 0.06091821041666667 0.5869140625 0.04930555416666667 0.5732421875 0.04930555416666667
1 0.4083984375 0.6100694437499999 0.3859375 0.5736111104166667 0.372265625 0.5631944437499999 0.3625 0.5631944437499999 0.360546875 0.5597222208333333 0.33515625 0.5631944437499999 0.317578125 0.5805555541666667 0.3009765625 0.6135416666666667 0.2931640625 0.6482638875000001 0.2931640625 0.6690972208333333 0.2912109375 0.6725694437499999 0.2931640625 0.7107638875000001 0.3029296875 0.7454861104166667 0.31484375 0.7666666666666667 0.319531246875 0.7666666666666667 0.3205078125 0.7663194437499999 0.325390625 0.7576388875000001 0.35078125 0.7368055541666667 0.383984375 0.7333333333333333 0.395703125 0.7402777770833333 0.409375 0.7402777770833333 0.4142578125 0.7315972208333333 0.4142578125 0.7246527770833333 0.4181640625 0.7177083333333333 0.421875 0.6979166666666666 0.421875 0.6923611104166666 0.4201171875 0.6517361104166667 0.4083984375 0.6100694437499999
0 0.3974609375 0.43055555624999997 0.3818359375 0.4270833333333333 0.3798828125 0.4236111104166667 0.3603515625 0.4270833333333333 0.3408203125 0.44444444375000003 0.326171875 0.47743055624999997 0.3203125 0.5052083333333334 0.3203125 0.5434027770833333 0.32421875 0.5538194437499999 0.32421875 0.5607638895833333 0.3271484375 0.5659722229166667 0.3310546875 0.5659722229166667 0.3369140625 0.5590277770833333 0.3681640625 0.5590277770833333 0.3837890625 0.5729166666666666 0.3876953125 0.5729166666666666 0.3916015625 0.5833333333333334 0.3974609375 0.5868055562500001 0.4091796875 0.6076388895833333 0.41015625 0.6059027770833333 0.419921875 0.5954861104166667 0.4296875 0.5572916666666666 0.4296875 0.4982638895833333 0.416015625 0.45659722291666666 0.3974609375 0.43055555624999997
0 0.7234375 0.2989583333333333 0.7078125 0.28854166666666664 0.690234375 0.28854166666666664 0.68828125 0.2920138895833333 0.682421875 0.2920138895833333 0.674609375 0.2989583333333333 0.6736328125 0.30416666666666664 0.6638671875 0.31805555625 0.6580078125 0.33541666666666664 0.6560546875 0.35625 0.6541015625 0.35972222291666667 0.6560546875 0.4048611125 0.6677734375 0.4395833333333333 0.68046875 0.45868055625 0.695572915625 0.46875 0.6994140703125 0.46875 0.7126953125 0.4673611125 0.72734375 0.45868055625 0.7380859375 0.4395833333333333 0.7380859375 0.4326388895833333 0.7484375 0.40503472291666665 0.7484375 0.3552662041666667 0.7380859375 0.3215277791666667 0.7234375 0.2989583333333333
0 0.817578125 0.3888888895833333 0.798046875 0.37152777708333334 0.778515625 0.37152777708333334 0.75703125 0.3888888895833333 0.7521484375 0.39756944375000003 0.7501953125 0.4079861104166667 0.7443359375 0.41840277708333334 0.7443359375 0.42534722291666666 0.7365234375 0.44965277708333334 0.7345703125 0.484375 0.7365234375 0.48784722291666666 0.7365234375 0.5052083333333334 0.7404296875 0.5190972229166666 0.762890625 0.5659722229166667 0.774609375 0.5763888895833333 0.7970703125 0.5746527770833333 0.815625 0.5625 0.8302734375 0.5329861104166667 0.8375 0.5040798604166666 0.8375 0.440625 0.8283203125 0.4079861104166667 0.817578125 0.3888888895833333
0 0.9576171875 0.4197916666666667 0.9458984375 0.409375 0.9341796875 0.409375 0.9205078125 0.4197916666666667 0.909765625 0.4388888875 0.909765625 0.44583333333333336 0.901953125 0.4736111104166667 0.901953125 0.5222222208333334 0.909765625 0.5638888875 0.9166015625 0.5795138875 0.928564453125 0.5916666666666667 0.94296875 0.5916666666666667 0.9498046875 0.5899305541666667 0.9595703125 0.5795138875 0.9703125 0.55694444375 0.9703125 0.55 0.975 0.5361111104166666 0.975 0.4748263875 0.968359375 0.4423611104166667 0.9576171875 0.4197916666666667
0 0.8673828234375 1 0.8853515625 0.9986111125 0.890234375 0.996875 0.8990234375 0.9777777791666666 0.9126953125 0.9291666666666667 0.9146484375 0.8944444458333333 0.915625 0.8927083333333333 0.915625 0.8545138895833334 0.9146484375 0.8527777791666666 0.9126953125 0.8319444458333333 0.9068359375 0.8111111125 0.8921875 0.7850694458333333 0.88046875 0.7746527791666666 0.86484375 0.77118055625 0.862890625 0.7677083333333333 0.853125 0.7677083333333333 0.851171875 0.77118055625 0.8375 0.7746527791666666 0.81796875 0.7920138895833334 0.80234375 0.8128472229166667 0.7857421875 0.84930555625 0.7720703125 0.9083333333333333 0.7720703125 0.9222222229166667 0.7701171875 0.9256944458333333 0.7701171875 0.97430555625 0.77890625 0.996875 0.83359375 0.996875 0.8353515625 1 0.8572265625 1 0.858984375 0.996875 0.8625 1 0.8673828234375 1
0 0.7173828125 0.1326388875 0.7037109375 0.12222222083333333 0.6861328125 0.12569444375 0.6734375 0.14826388750000002 0.671484375 0.165625 0.6744140625 0.17083333333333334 0.6880859375 0.17083333333333334 0.6998046875 0.17777777708333334 0.706640625 0.18645833333333334 0.7168772984375 0.21458333333333332 0.721289059375 0.21458333333333332 0.722265625 0.21423611041666665 0.728125 0.20381944375 0.7296875 0.19548611041666666 0.7296875 0.1607638875 0.726171875 0.14826388750000002 0.7173828125 0.1326388875
0 0.701953125 0.08368055416666667 0.690234375 0.0732638875 0.6765625 0.0732638875 0.670703125 0.07673611041666667 0.6658203125 0.08541666666666667 0.6619140625 0.10277777708333334 0.6638671875 0.10625 0.6638671875 0.12361111041666667 0.670703125 0.13923611249999998 0.6734375 0.14166666666666666 0.6763671859375 0.14166666666666666 0.6775390625 0.14097222083333336 0.682421875 0.12881944375 0.690234375 0.121875 0.7078125 0.121875 0.709375 0.11909722291666666 0.709375 0.1045138875 0.7087890625 0.09930555416666667 0.701953125 0.08368055416666667
0 0.7947265625 0.109375 0.7966796875 0.13368055625 0.801171875 0.14166666666666666 0.8035156234375 0.14166666666666666 0.8064453125 0.140625 0.8064453125 0.1267361104166667 0.81328125 0.11458333333333333 0.8265625 0.10986111041666667 0.8265625 0.10208333333333333 0.8259765625 0.09895833333333333 0.81768973125 0.0875 0.803125 0.0875 0.7966796875 0.09895833333333333 0.7947265625 0.109375
0 0.8333984375 0.1140625 0.8255859375 0.10711805625 0.8158203125 0.11059027708333334 0.80703125 0.12274305625 0.805078125 0.13315972291666667 0.80703125 0.15746527708333333 0.8216796875 0.18697916666666667 0.8249023453125 0.1875 0.83583984375 0.1875 0.8373046875 0.18697916666666667 0.844140625 0.17482638958333335 0.846875 0.16267361041666667 0.846875 0.14704861041666667 0.84609375 0.14010416666666667 0.8333984375 0.1140625
0 0.4333984375 0.1267361104166667 0.4314453125 0.140625 0.4353515625 0.15798611041666666 0.437890625 0.1625 0.439453125 0.1625 0.4412109375 0.16145833333333334 0.45390625 0.14236111041666666 0.47734375 0.14236111041666666 0.4796875 0.13819444374999998 0.4796875 0.12760416666666666 0.4763671875 0.11284722291666666 0.4642361109375 0.09791666666666667 0.451171875 0.09791666666666667 0.440234375 0.10763888958333333 0.4333984375 0.1267361104166667
0 0.4498046875 0.0703125 0.4390625 0.0859375 0.43515625 0.09982638958333333 0.43675130156249997 0.10833333333333334 0.44208984375 0.10833333333333334 0.4458984375 0.1015625 0.4517578125 0.1015625 0.4537109375 0.09809027916666667 0.4615234375 0.09809027916666667 0.4730468734375 0.10833333333333334 0.47325106562499997 0.10833333333333334 0.4734375 0.10468750208333333 0.4734375 0.08823450833333334 0.4615234375 0.0703125 0.4498046875 0.0703125