0 0.337890625 0.765625 0.3173828125 0.7291666666666666 0.3017578125 0.7152777770833333 0.2900390625 0.7118055562500001 0.2880859375 0.7083333333333334 0.2724609375 0.7083333333333334 0.2705078125 0.7118055562500001 0.2568359375 0.7152777770833333 0.2412109375 0.7326388895833333 0.234375 0.7447916666666666 0.2265625 0.7621527770833333 0.220703125 0.7829861104166667 0.220703125 0.7934027770833333 0.21875 0.796875 0.21875 0.8559027770833333 0.220703125 0.8663194437499999 0.2265625 0.8871527770833333 0.23828125 0.9149305562500001 0.2529296875 0.9375 0.2822265625 0.9618055562500001 0.306640625 0.9600694437499999 0.3212890625 0.9548611104166667 0.3251953125 0.9479166666666666 0.3310546875 0.9444444437499999 0.34765625 0.9079861104166667 0.3515625 0.8940972229166667 0.3515625 0.8732638895833333 0.353515625 0.8697916666666666 0.353515625 0.8211805562500001 0.3515625 0.8107638895833333 0.337890625 0.765625
0 0.240234375 0.3767361104166667 0.240234375 0.38715277708333334 0.23828125 0.390625 0.23828125 0.42534722291666666 0.2421875 0.4427083333333333 0.2529296875 0.46180555624999997 0.2646484375 0.46875 0.2734375 0.4670138895833333 0.2880859375 0.4583333333333333 0.294921875 0.44618055624999997 0.302734375 0.4045138895833333 0.30078125 0.4010416666666667 0.298828125 0.3732638895833333 0.2880859375 0.35069444375000003 0.2763671875 0.34375 0.2646484375 0.34375 0.2490234375 0.3576388895833333 0.240234375 0.3767361104166667
0 0.29296875 0.3177083333333333 0.287109375 0.3489583333333333 0.296875 0.36631944375000003 0.30078125 0.3802083333333333 0.302734375 0.4010416666666667 0.3134765625 0.40972222291666666 0.3203125 0.4079861104166667 0.3330078125 0.40277777708333334 0.341796875 0.38715277708333334 0.34765625 0.36284722291666666 0.34765625 0.33506944375000003 0.341796875 0.3142361104166667 0.3330078125 0.3020833333333333 0.3232421875 0.2951388895833333 0.3134765625 0.2951388895833333 0.2998046875 0.30555555624999997 0.29296875 0.3177083333333333
0 0.384765625 0.2829861104166667 0.376953125 0.3072916666666667 0.376953125 0.3420138895833333 0.380859375 0.35590277708333334 0.3916015625 0.375 0.3994140625 0.38194444375000003 0.419921875 0.3802083333333333 0.4267578125 0.375 0.439453125 0.3454861104166667 0.44140625 0.33506944375000003 0.44140625 0.3072916666666667 0.439453125 0.296875 0.43359375 0.2795138895833333 0.4228515625 0.2673611104166667 0.4169921875 0.26388888958333334 0.3974609375 0.26388888958333334 0.384765625 0.2829861104166667
0 0.23828125 0.36631944375000003 0.23828125 0.3767361104166667 0.2421875 0.3767361104166667 0.2490234375 0.3576388895833333 0.2626953125 0.34375 0.2861328125 0.34722222291666666 0.287109375 0.33159722291666666 0.2763671875 0.31597222291666666 0.2587890625 0.31597222291666666 0.2529296875 0.31944444375000003 0.2421875 0.3385416666666667 0.240234375 0.36284722291666666 0.23828125 0.36631944375000003
0 0.232421875 0.3177083333333333 0.228515625 0.35243055624999997 0.232421875 0.3697916666666667 0.2353515625 0.375 0.23828125 0.3732638895833333 0.240234375 0.3489583333333333 0.24609375 0.328125 0.2529296875 0.31944444375000003 0.2705078125 0.31597222291666666 0.2734375 0.3107638895833333 0.2666015625 0.2986111104166667 0.2626953125 0.2951388895833333 0.2490234375 0.2951388895833333 0.2431640625 0.2986111104166667 0.232421875 0.3177083333333333
0 0.2802734375 0.27777777708333334 0.291015625 0.2760416666666667 0.2978515625 0.2708333333333333 0.302734375 0.25868055625 0.30078125 0.22395833333333334 0.2939453125 0.21527777708333332 0.2822265625 0.21527777708333332 0.2734375 0.22743055625 0.26953125 0.24131944375 0.26953125 0.2552083333333333 0.2763671875 0.27430555624999997 0.2802734375 0.27777777708333334
0 0.3134765625 0.2708333333333333 0.328125 0.26909722291666666 0.3359375 0.25868055625 0.33984375 0.234375 0.3330078125 0.20833333333333334 0.3291015625 0.20486111041666666 0.3193359375 0.20486111041666666 0.302734375 0.22395833333333334 0.30078125 0.24479166666666666 0.302734375 0.2552083333333333 0.3095703125 0.2673611104166667 0.3134765625 0.2708333333333333
0 0.3076171875 0.21875 0.3115234375 0.20833333333333334 0.33203125 0.203125 0.3251953125 0.19444444375 0.3134765625 0.19444444375 0.3046875 0.20659722291666668 0.30078125 0.22048611041666666 0.30078125 0.22395833333333334 0.302734375 0.22395833333333334 0.3076171875 0.21875
0 0.44140625 0.19965277708333332 0.4482421875 0.19791666666666666 0.453125 0.18923611041666666 0.45703125 0.17881944375 0.45703125 0.15798611041666666 0.4482421875 0.14236111041666666 0.4248046875 0.13888888958333334 0.421875 0.15451388958333334 0.421875 0.18576388958333334 0.4326171875 0.19791666666666666 0.44140625 0.19965277708333332
1 0.515625 0.203125 0.525390625 0.18576388958333334 0.52734375 0.17534722291666668 0.525390625 0.15451388958333334 0.5146484375 0.13888888958333334 0.5009765625 0.13888888958333334 0.4970703125 0.14236111041666666 0.4921875 0.15451388958333334 0.4921875 0.18923611041666666 0.5029296875 0.20486111041666666 0.515625 0.203125
1 0.546875 0.19618055625 0.548828125 0.203125 0.5595703125 0.21875 0.576171875 0.21701388958333334 0.5810546875 0.21180555625 0.587890625 0.19618055625 0.587890625 0.171875 0.5771484375 0.14930555625 0.5732421875 0.14583333333333334 0.5595703125 0.14583333333333334 0.546875 0.16493055625 0.546875 0.17534722291666668 0.544921875 0.17881944375 0.546875 0.19618055625
1 0.34765625 0.296875 0.34765625 0.32118055624999997 0.353515625 0.3420138895833333 0.3662109375 0.3576388895833333 0.37890625 0.35590277708333334 0.376953125 0.3454861104166667 0.376953125 0.3072916666666667 0.384765625 0.2829861104166667 0.39453125 0.265625 0.39453125 0.26215277708333334 0.3876953125 0.25347222291666666 0.3740234375 0.25347222291666666 0.3623046875 0.2604166666666667 0.3515625 0.2795138895833333 0.34765625 0.296875
1 0.376953125 0.19618055625 0.3662109375 0.18055555625 0.3583984375 0.18055555625 0.34765625 0.19965277708333332 0.34375 0.23090277708333332 0.3525390625 0.24305555625 0.3671875 0.24131944375 0.376953125 0.22395833333333334 0.376953125 0.19618055625
1 0.3408203125 0.23263888958333334 0.34375 0.23090277708333332 0.345703125 0.203125 0.357421875 0.18229166666666666 0.3544921875 0.17708333333333334 0.3447265625 0.17708333333333334 0.3408203125 0.18055555625 0.33203125 0.19965277708333332 0.333984375 0.21354166666666666 0.337890625 0.22048611041666666 0.337890625 0.22743055625 0.3408203125 0.23263888958333334
1 0.27734375 0.3177083333333333 0.2861328125 0.3298611104166667 0.291015625 0.328125 0.29296875 0.3177083333333333 0.2998046875 0.30555555624999997 0.3115234375 0.2951388895833333 0.3212890625 0.2951388895833333 0.322265625 0.28993055624999997 0.3115234375 0.27430555624999997 0.2998046875 0.2708333333333333 0.2900390625 0.27777777708333334 0.27734375 0.30381944375000003 0.27734375 0.3177083333333333
1 0.2021484375 0.37847222291666666 0.19140625 0.39756944375000003 0.185546875 0.421875 0.185546875 0.44965277708333334 0.19140625 0.4704861104166667 0.2021484375 0.4861111104166667 0.2080078125 0.4895833333333333 0.224609375 0.48784722291666666 0.236328125 0.4739583333333333 0.236328125 0.4670138895833333 0.240234375 0.46006944375000003 0.2421875 0.44965277708333334 0.2421875 0.4392361104166667 0.23828125 0.42881944375000003 0.23828125 0.39409722291666666 0.2294921875 0.37847222291666666 0.2138671875 0.37152777708333334 0.2021484375 0.37847222291666666
1 0.13671875 0.41493055624999997 0.1435546875 0.43055555624999997 0.1474609375 0.43402777708333334 0.16015625 0.4322916666666667 0.16796875 0.421875 0.173828125 0.4010416666666667 0.173828125 0.3802083333333333 0.1650390625 0.3576388895833333 0.1611328125 0.3541666666666667 0.1494140625 0.3541666666666667 0.138671875 0.3697916666666667 0.134765625 0.390625 0.134765625 0.4045138895833333 0.13671875 0.41493055624999997
1 0.5263671875 0.6840277770833333 0.5068359375 0.6666666666666666 0.4990234375 0.6666666666666666 0.4873046875 0.6597222229166667 0.4638671875 0.6597222229166667 0.4345703125 0.6770833333333334 0.4287109375 0.6840277770833333 0.4140625 0.7135416666666666 0.40625 0.7378472229166667 0.40625 0.7447916666666666 0.40234375 0.7517361104166667 0.3984375 0.7725694437499999 0.3984375 0.8211805562500001 0.40625 0.8524305562500001 0.40625 0.859375 0.4140625 0.8802083333333334 0.4208984375 0.8888888895833333 0.4267578125 0.9027777770833333 0.4384765625 0.9166666666666666 0.4521484375 0.9270833333333334 0.4736328125 0.9305555562500001 0.4755859375 0.9340277770833333 0.490234375 0.9322916666666666 0.5009765625 0.9305555562500001 0.5146484375 0.9166666666666666 0.5185546875 0.9166666666666666 0.5390625 0.8871527770833333 0.5546875 0.8420138895833333 0.5546875 0.828125 0.556640625 0.8246527770833333 0.556640625 0.7760416666666666 0.546875 0.7239583333333334 0.5263671875 0.6840277770833333
1 0.79296875 0.25868055625 0.8056640625 0.28819444375000003 0.8115234375 0.28819444375000003 0.8134765625 0.2916666666666667 0.822265625 0.28993055624999997 0.8251953125 0.28819444375000003 0.8359375 0.265625 0.8359375 0.23784722291666668 0.83203125 0.22395833333333334 0.8232421875 0.20833333333333334 0.8154296875 0.20138888958333334 0.8017578125 0.20486111041666666 0.794921875 0.21701388958333334 0.791015625 0.23090277708333332 0.79296875 0.25868055625
1 0.9326171875 0.375 0.9384765625 0.38194444375000003 0.94921875 0.3802083333333333 0.9560546875 0.375 0.962890625 0.35590277708333334 0.962890625 0.328125 0.95703125 0.30381944375000003 0.9482421875 0.28819444375000003 0.9365234375 0.28472222291666666 0.9326171875 0.28819444375000003 0.923828125 0.3072916666666667 0.923828125 0.3489583333333333 0.9326171875 0.375
0 0.73828125 0.234375 0.7509765625 0.2604166666666667 0.7626953125 0.2673611104166667 0.76953125 0.265625 0.78125 0.24479166666666666 0.783203125 0.21701388958333334 0.775390625 0.19270833333333334 0.7685546875 0.18402777708333332 0.7646484375 0.18055555625 0.7490234375 0.18055555625 0.7451171875 0.18402777708333332 0.73828125 0.19965277708333332 0.736328125 0.21006944375 0.73828125 0.234375