1 0.1373046875 0.46145833333333336 0.1333984375 0.45798611250000004 0.1197265625 0.45798611250000004 0.1158203125 0.46145833333333336 0.10703125 0.48055555624999996 0.105078125 0.5222222229166666 0.108984375 0.5361111104166666 0.1177734375 0.5517361104166666 0.1205078109375 0.5541666666666667 0.13046876093749998 0.5541666666666667 0.136328125 0.5534722229166668 0.144140625 0.54305555625 0.146875 0.5309027791666667 0.146875 0.48333333333333334 0.144140625 0.47361111250000004 0.1373046875 0.46145833333333336
1 0.14765625 0.39895833333333336 0.14375 0.3954861104166667 0.13203125 0.3954861104166667 0.1232421875 0.4076388875 0.1193359375 0.42152777708333333 0.1193359375 0.4493055541666667 0.122265625 0.4579861104166667 0.133984375 0.4579861104166667 0.143017578125 0.4708333333333333 0.1466796859375 0.4708333333333333 0.1486328125 0.4701388875 0.1525390625 0.4597222208333333 0.1544921875 0.4388888875 0.15625 0.4357638895833333 0.15625 0.43368055624999996 0.1544921875 0.4180555541666667 0.14765625 0.39895833333333336
1 0.041796875 0.5215277770833333 0.0359375 0.5180555541666666 0.028125 0.525 0.0232421875 0.540625 0.0232421875 0.571875 0.0271484375 0.5892361104166667 0.03203125 0.5979166666666667 0.0343750015625 0.6 0.039843746875 0.6 0.0408203125 0.5996527770833333 0.0505859375 0.5857638875000001 0.0515625 0.5701388875000001 0.0515625 0.5493055541666667 0.0486328125 0.5336805541666667 0.041796875 0.5215277770833333
0 0.05703125 0.49131944375000003 0.05703125 0.5121527770833334 0.0609375 0.5260416666666666 0.0673828125 0.5375 0.0697265609375 0.5375 0.07265625 0.5364583333333334 0.078515625 0.5052083333333334 0.0875 0.48923611250000004 0.0875 0.48368055625 0.086328125 0.47743055624999997 0.0779296875 0.4625 0.0673828125 0.4625 0.0609375 0.4739583333333333 0.05703125 0.49131944375000003
0 0.159765625 0.3125 0.15390625 0.31597222291666666 0.1470703125 0.328125 0.1451171875 0.33506944375000003 0.1451171875 0.359375 0.1470703125 0.36631944375000003 0.15390625 0.375 0.1666015625 0.3732638895833333 0.1705078125 0.36631944375000003 0.1734375 0.34288194375000003 0.1734375 0.33194444375000004 0.16953125 0.31944444375000003 0.159765625 0.3125
0 0.25703125 0.22621527708333333 0.247265625 0.22621527708333333 0.243359375 0.2296875 0.2365234375 0.2453125 0.2365234375 0.26614583333333336 0.243359375 0.2782986104166667 0.24775390625 0.2791666666666667 0.25458984375 0.2791666666666667 0.25703125 0.2782986104166667 0.2638671875 0.26614583333333336 0.265625 0.25677083333333334 0.265625 0.25399305625 0.2638671875 0.23836805625000002 0.25703125 0.22621527708333333
0 0.272265625 0.20520833125000001 0.2654296875 0.2138888875 0.2615234375 0.23124999791666667 0.26640625 0.25381944375 0.2719726578125 0.2604166666666667 0.2736328078125 0.2604166666666667 0.2791015625 0.2590277770833333 0.2869140625 0.24861111041666667 0.2890625 0.24097222083333333 0.2890625 0.21493055416666668 0.28203125 0.20520833125000001 0.272265625 0.20520833125000001
0 0.250390625 0.21701388958333334 0.2513671875 0.22569444375 0.2572265625 0.22569444375 0.2611328125 0.23263888958333334 0.262109375 0.23090277708333332 0.26875 0.21319444375 0.26875 0.20486111041666666 0.2572265625 0.20486111041666666 0.250390625 0.21701388958333334
1 0.3115234375 0.22847222291666666 0.318359375 0.21284722291666666 0.318359375 0.19548611249999998 0.3134765625 0.18333333333333332 0.3017578125 0.17986111249999998 0.29296875 0.19201388958333335 0.291015625 0.21284722291666666 0.2978515625 0.22847222291666666 0.3009765609375 0.23125 0.3037109390625 0.23125 0.306640625 0.23020833333333332 0.3115234375 0.22847222291666666
1 0.4439453125 0.1670138875 0.4361328125 0.17395833125000001 0.429296875 0.18611111041666667 0.42734375 0.20694444374999998 0.429296875 0.21736111041666667 0.4380859375 0.23298611041666667 0.442187503125 0.23541666666666666 0.4492187421875 0.23541666666666666 0.452734375 0.23472222083333336 0.4625 0.22430555416666667 0.465625 0.21319444166666665 0.465625 0.1849358958333333 0.4537109375 0.1670138875 0.4439453125 0.1670138875
0 0.501171875 0.121875 0.4943359375 0.13055555624999998 0.4943359375 0.1375 0.5001953125 0.15833333333333333 0.4982421875 0.16875 0.5029296875 0.17708333333333334 0.5048828171874999 0.17708333333333334 0.5119140625 0.17569444583333332 0.5216796875 0.16180555625 0.5234375 0.14305555625000002 0.5234375 0.14054783958333333 0.51484375 0.121875 0.501171875 0.121875
0 0.5271484375 0.16840277708333332 0.5310546875 0.18229166666666666 0.537890625 0.19444444375 0.541796875 0.19791666666666666 0.5525390625 0.19618055625 0.5625 0.18142361041666666 0.5625 0.14826388750000002 0.5623046875 0.14756944375 0.553515625 0.13541666666666666 0.53984375 0.13541666666666666 0.5291015625 0.15104166666666666 0.5271484375 0.16840277708333332
1 0.591015625 0.1078125 0.584375 0.12299107083333333 0.584375 0.12517361041666666 0.5861328125 0.14079861249999998 0.591015625 0.1529513875 0.5944335953125 0.15416666666666667 0.599707028125 0.15416666666666667 0.60859375 0.1529513875 0.6125 0.14322916666666666 0.6125 0.118544825 0.602734375 0.10434027916666667 0.591015625 0.1078125
1 0.614453125 0.22291666666666668 0.6232421875 0.20381944375 0.6232421875 0.17951388750000002 0.614453125 0.16041666666666668 0.606640625 0.15347222083333334 0.594921875 0.15694444375 0.5861328125 0.16909722083333334 0.5822265625 0.18298611041666665 0.5841796875 0.20034722083333334 0.5961979171875 0.225 0.6085937421875001 0.225 0.6115234375 0.22465277708333334 0.614453125 0.22291666666666668
1 0.643359375 0.14583333333333334 0.639453125 0.14236111041666666 0.627734375 0.14236111041666666 0.6169921875 0.15451388958333334 0.6169921875 0.16493055625 0.6228515625 0.17881944375 0.6228515625 0.203125 0.6296875 0.21180555625 0.6404296875 0.21006944375 0.6521484375 0.19270833333333334 0.653125 0.18402777916666666 0.653125 0.1710069458333333 0.6501953125 0.15798611041666666 0.643359375 0.14583333333333334
1 0.6685546875 0.11840277708333334 0.6587890625 0.11493055416666667 0.648046875 0.13055555416666667 0.64609375 0.1513888875 0.6568359375 0.17048611041666667 0.6595703140625 0.17291666666666666 0.66484374375 0.17291666666666666 0.667578125 0.17222222083333336 0.675390625 0.16180555416666667 0.6765625 0.15763888750000002 0.6765625 0.13425925833333335 0.6744140625 0.12534722083333333 0.6685546875 0.11840277708333334
1 0.7083984375 0.10694444583333333 0.7025390625 0.10694444583333333 0.69765625 0.11215277916666667 0.69765625 0.11909722291666666 0.703515625 0.12951388958333332 0.70546875 0.13993055625 0.703515625 0.15381944583333332 0.7060546875 0.15833333333333333 0.709179690625 0.15833333333333333 0.71328125 0.15729166666666666 0.7203125 0.14479166875 0.7203125 0.12409722291666667 0.7162109375 0.11388888958333333 0.7083984375 0.10694444583333333
0 0.69296875 0.1142361125 0.683203125 0.1142361125 0.6763671875 0.12638888958333333 0.6783203125 0.15416666874999999 0.6847005203125 0.16875 0.6916015703125 0.16875 0.6958984375 0.16805555625000002 0.7037109375 0.15763888958333333 0.7046875 0.15243055625000002 0.7046875 0.13854166666666667 0.7037109375 0.12986111250000001 0.69296875 0.1142361125
0 0.75703125 0.11111111041666667 0.747265625 0.11111111041666667 0.7404296875 0.12326388958333333 0.7384765625 0.13715277708333332 0.7453125 0.15277777708333332 0.753125 0.15972222291666668 0.7599609375 0.15798611041666666 0.7599609375 0.13368055625 0.7638671875 0.1267361104166667 0.7638671875 0.11979166666666667 0.75703125 0.11111111041666667
0 0.759765625 0.15798611041666666 0.7666015625 0.17361111041666666 0.7724609375 0.17708333333333334 0.77734375 0.17534722291666668 0.78515625 0.16493055625 0.787109375 0.15104166666666666 0.7783203125 0.12847222291666666 0.7744140625 0.125 0.7646484375 0.125 0.759765625 0.13368055625 0.759765625 0.15798611041666666
0 0.737109375 0.14305555416666668 0.72734375 0.14305555416666668 0.7234375 0.14652777708333334 0.7166015625 0.16215277708333334 0.7166015625 0.17256944375 0.7234375 0.17430555416666668 0.73190104375 0.18333333333333332 0.737109371875 0.18333333333333332 0.7380859375 0.18298611041666665 0.7484375 0.1676504625 0.7484375 0.1607638875 0.7478515625 0.15868055416666668 0.737109375 0.14305555416666668
0 0.960546875 0.3302083333333333 0.9546875 0.3302083333333333 0.9439453125 0.3458333333333333 0.9419921875 0.35625 0.9419921875 0.3875 0.9478515625 0.41180555625 0.9546875 0.4239583333333333 0.958203125 0.4270833333333333 0.9591796890625 0.4270833333333333 0.9615234375 0.4256944458333333 0.9703125 0.4204861125 0.9751953125 0.41180555625 0.978125 0.39618055625 0.978125 0.3697048625 0.9712890625 0.3423611125 0.960546875 0.3302083333333333
0 0.8689453125 0.25173611041666666 0.858203125 0.23611111041666666 0.8484375 0.23611111041666666 0.840625 0.24305555625 0.8357421875 0.2552083333333333 0.8357421875 0.265625 0.8337890625 0.26909722291666666 0.8357421875 0.28993055624999997 0.842578125 0.30555555624999997 0.8455078125 0.30381944375000003 0.85234375 0.2951388895833333 0.866015625 0.2951388895833333 0.871875 0.2986111104166667 0.8734375 0.29398148125 0.8734375 0.2704861104166667 0.8728515625 0.26215277708333334 0.8689453125 0.25173611041666666
0 0.817578125 0.21805555625 0.80390625 0.21111111249999998 0.7931640625 0.22326388958333335 0.7892578125 0.24409722291666666 0.7970703125 0.26145833333333335 0.7990234375 0.2857638895833333 0.8053124984375 0.29375 0.8101562546875 0.29375 0.8166015625 0.29270833333333335 0.8234375 0.2875 0.8283203125 0.27881944583333335 0.8296875 0.2569444458333333 0.8296875 0.24444444583333333 0.8283203125 0.23715277916666666 0.817578125 0.21805555625
0 0.7625 0.2704861104166667 0.75078125 0.26006944375 0.7390625 0.26006944375 0.72734375 0.2704861104166667 0.7205078125 0.2826388875 0.7166015625 0.3 0.7166015625 0.32083333333333336 0.7205078125 0.3416666666666667 0.733203125 0.3642361104166667 0.7390625 0.3642361104166667 0.7404296875 0.36666666666666664 0.7474609328125 0.36666666666666664 0.7517578125 0.3659722208333333 0.756640625 0.3642361104166667 0.7615234375 0.3555555541666667 0.7634765625 0.33125 0.7673828125 0.3173611104166667 0.771875 0.309375 0.771875 0.29270833333333335 0.7712890625 0.28958333333333336 0.7625 0.2704861104166667
1 0.803515625 0.30277777708333337 0.79765625 0.29930555416666665 0.783984375 0.29930555416666665 0.778125 0.30277777708333337 0.7693359375 0.31493055416666665 0.7634765625 0.33229166666666665 0.7634765625 0.37395833333333334 0.7693359375 0.39479166666666665 0.776171875 0.40694444375 0.7824218765625 0.4125 0.798828115625 0.4125 0.8025390625 0.41215277708333337 0.80546875 0.41041666666666665 0.8181640625 0.384375 0.81875 0.38125 0.81875 0.33541666666666664 0.8181640625 0.33229166666666665 0.803515625 0.30277777708333337
1 0.9068359375 0.246875 0.8970703125 0.23993055625 0.8912109375 0.24340277916666667 0.884375 0.25555555625 0.882421875 0.2763888895833333 0.88828125 0.30416666666666664 0.8951171875 0.3163194458333333 0.8978515625 0.31875 0.9019531265625 0.31875 0.90390625 0.31805555625 0.9087890625 0.3163194458333333 0.915625 0.30416666666666664 0.9171875 0.28194444583333333 0.9171875 0.275 0.91171875 0.25555555625 0.9068359375 0.246875
1 0.7607421875 0.23263888958333334 0.7646484375 0.23263888958333334 0.76953125 0.22395833333333334 0.771484375 0.21701388958333334 0.771484375 0.19270833333333334 0.7626953125 0.17361111041666666 0.7490234375 0.16666666666666666 0.7451171875 0.17013888958333334 0.736328125 0.18923611041666666 0.7421875 0.21006944375 0.7421875 0.22743055625 0.7490234375 0.23958333333333334 0.7578125 0.23784722291666668 0.7607421875 0.23263888958333334