1 0.3966796875 0.29340277708333334 0.38984375 0.28472222291666666 0.378125 0.27777777708333334 0.360546875 0.27777777708333334 0.35078125 0.28472222291666666 0.3361328125 0.3072916666666667 0.3302734375 0.33159722291666666 0.3302734375 0.35243055624999997 0.3283203125 0.35590277708333334 0.3341796875 0.38715277708333334 0.344921875 0.40625 0.35859375 0.4201388895833333 0.3751953125 0.41840277708333334 0.3859375 0.4166666666666667 0.3947265625 0.4079861104166667 0.3986328125 0.38715277708333334 0.4078125 0.3577777770833333 0.4078125 0.325 0.4064453125 0.3177083333333333 0.3966796875 0.29340277708333334
1 0.6751953125 0.22881944583333333 0.6615234375 0.21493055625000002 0.6439453125 0.21145833541666667 0.6283203125 0.22187500208333333 0.617578125 0.24097222291666667 0.61171875 0.26875 0.61171875 0.28958333333333336 0.613671875 0.29305555624999996 0.613671875 0.30347222291666665 0.6185546875 0.315625 0.6322265625 0.3260416666666667 0.6478515625 0.35034722291666665 0.6498046859375 0.35208333333333336 0.6546875 0.35208333333333336 0.6654296875 0.346875 0.680078125 0.32777777916666667 0.687890625 0.30347222291666665 0.6890625 0.28472222291666666 0.6890625 0.26805555625 0.6859375 0.25138888958333333 0.6751953125 0.22881944583333333
1 0.60234375 0.18784722083333336 0.580859375 0.18437499791666667 0.569140625 0.19479166458333333 0.5583984375 0.2138888875 0.5544921875 0.23124999791666667 0.5544921875 0.2590277770833333 0.565234375 0.27118055416666664 0.57890625 0.278125 0.59630859375 0.3125 0.597460934375 0.3125 0.6013671875 0.31111111041666667 0.6111328125 0.30069444375000004 0.6111328125 0.26944444375000004 0.6130859375 0.26597222083333333 0.6130859375 0.2555555541666667 0.6169921875 0.24166666458333333 0.621875 0.23298610833333333 0.621875 0.21878156458333334 0.612109375 0.1982638875 0.60234375 0.18784722083333336
1 0.5732421875 0.14930555625 0.5576171875 0.13541666666666666 0.5458984375 0.13888888958333334 0.5380859375 0.14583333333333334 0.53125 0.15798611041666666 0.528125 0.16909722291666668 0.528125 0.17511574166666666 0.533203125 0.19618055625 0.533203125 0.20659722291666668 0.53515625 0.21006944375 0.533203125 0.21701388958333334 0.53515625 0.22395833333333334 0.5439453125 0.23958333333333334 0.552734375 0.23784722291666668 0.55859375 0.21354166666666666 0.5693359375 0.19444444375 0.58125 0.1830395291666667 0.58125 0.17395833333333333 0.580078125 0.16145833333333334 0.5732421875 0.14930555625
1 0.545703125 0.10399305416666667 0.530078125 0.10399305416666667 0.5193359375 0.11614583333333334 0.5154296875 0.13003472083333334 0.5154296875 0.13541666666666666 0.51826171875 0.13541666666666666 0.52421875 0.1248263875 0.53203125 0.11788194375000001 0.541796875 0.11788194375000001 0.557421875 0.13177083333333334 0.559375 0.13177083333333334 0.559375 0.12444058541666667 0.5515625 0.10746527708333334 0.545703125 0.10399305416666667
1 0.4986328125 0.11111111041666667 0.4849609375 0.11111111041666667 0.47421875 0.12326388958333333 0.4791015625 0.13888888958333334 0.4986328125 0.13541666666666666 0.5044921875 0.13888888958333334 0.5103515625 0.14930555625 0.511328125 0.14756944375 0.5125 0.14548611041666665 0.5125 0.13715277708333332 0.511328125 0.1267361104166667 0.4986328125 0.11111111041666667
1 0.4025390625 0.27309027708333333 0.4005859375 0.25225694375 0.3947265625 0.24184027708333333 0.3927734375 0.22795138958333333 0.38984375 0.22621527708333333 0.376171875 0.23663194375 0.3693359375 0.24878472291666667 0.365625 0.26197916666666665 0.365625 0.27317295 0.3859375 0.28177083333333336 0.395703125 0.2921875 0.4044921875 0.31128472291666665 0.4082356765625 0.33125 0.409375 0.33125 0.409375 0.30347222291666665 0.4025390625 0.27309027708333333
1 0.349609375 0.18183113958333333 0.3583984375 0.16620613958333333 0.37109375 0.15752558125 0.363489790625 0.14931286041666667 0.3520329578125 0.15002785 0.34117913906249997 0.15574773958333335 0.333984375 0.17488669583333336 0.33203125 0.19572002916666667 0.3344387328125 0.2 0.341749575 0.2 0.34765625 0.19919224791666668 0.349609375 0.18183113958333333
0 0.361328125 0.22326388958333335 0.3525390625 0.20763888958333335 0.3447265625 0.20069444583333332 0.3310546875 0.20069444583333332 0.3251953125 0.20416666666666666 0.3125 0.22326388958333335 0.309375 0.23437500208333334 0.309375 0.246875 0.3095703125 0.24930555625 0.3251953125 0.22847222291666666 0.3486328125 0.22847222291666666 0.3619140625 0.2520833333333333 0.3625 0.2520833333333333 0.3625 0.22743055625 0.361328125 0.22326388958333335
0 0.3138671875 0.24305555625 0.305078125 0.26215277708333334 0.3060546875 0.27430555624999997 0.3099609375 0.2708333333333333 0.3294921875 0.2708333333333333 0.3373046875 0.27777777708333334 0.3451171875 0.2916666666666667 0.34609375 0.28993055624999997 0.3625 0.27372685208333336 0.3625 0.26006944375 0.36171875 0.25173611041666666 0.3470703125 0.22916666666666666 0.3275390625 0.22916666666666666 0.3216796875 0.23263888958333334 0.3138671875 0.24305555625
0 0.3291015625 0.4 0.333984375 0.39131944375 0.330078125 0.37743055416666665 0.328125 0.34618055416666665 0.3359375 0.30451388749999997 0.34375 0.29409722083333334 0.3349609375 0.275 0.3232421875 0.27152777708333337 0.3212890625 0.26805555416666665 0.3193359375 0.27152777708333337 0.3095703125 0.27152777708333337 0.3017578125 0.27847222083333334 0.291015625 0.29756944375 0.2890625 0.3079861104166667 0.29296875 0.36354166666666665 0.294921875 0.36701388749999997 0.296875 0.38784722083333334 0.31022135624999997 0.40208333333333335 0.316992184375 0.40208333333333335 0.318359375 0.4017361104166667 0.3291015625 0.4
0 0.3857421875 0.19774305416666668 0.375 0.21336805416666668 0.371875 0.22725694166666666 0.371875 0.23958333333333334 0.3744280109375 0.23958333333333334 0.3837890625 0.22899305416666668 0.3896484375 0.22552083125 0.3916015625 0.22899305416666668 0.39375 0.22517361041666667 0.39375 0.21822916458333333 0.392578125 0.20989583125 0.3857421875 0.19774305416666668
0 0.41171875 0.18923611041666666 0.4166015625 0.19097222291666668 0.4240234375 0.20416666666666666 0.4255859375 0.20416666666666666 0.42734375 0.203125 0.4361328125 0.19097222291666668 0.4419921875 0.1875 0.4421875 0.18645833333333334 0.4421875 0.1810879625 0.42877103281249995 0.16041666666666668 0.42198350781249994 0.16041666666666668 0.41171875 0.17534722291666668 0.41171875 0.18923611041666666
0 0.5943359375 0.10034722083333333 0.5767578125 0.096875 0.562109375 0.11944444375 0.56015625 0.13333333333333333 0.5650390625 0.14201388750000002 0.5708984375 0.14548611041666665 0.5796875 0.16111111041666665 0.5840277781250001 0.175 0.5953125 0.175 0.5982421875 0.17326388750000002 0.60625 0.15586419791666667 0.60625 0.12361111041666667 0.603125 0.1125 0.5943359375 0.10034722083333333
0 0.5130859375 0.14409722291666668 0.5130859375 0.15798611041666666 0.5233506953125 0.17291666666666666 0.5257812484375 0.17291666666666666 0.5287109375 0.171875 0.5306640625 0.15798611041666666 0.535546875 0.14930555625 0.547265625 0.13888888958333334 0.555078125 0.13888888958333334 0.5578125 0.13402777916666667 0.5578125 0.13333333333333333 0.553125 0.125 0.54921875 0.125 0.5439453125 0.11875 0.530859375 0.11875 0.523828125 0.125 0.5130859375 0.14409722291666668
0 0.48671875 0.1357638875 0.4818359375 0.14097222083333336 0.4818359375 0.1513888875 0.4880859390625 0.1625 0.490429684375 0.1625 0.4916015625 0.16180555416666667 0.500390625 0.15659722083333336 0.51015625 0.16006944374999998 0.5109375 0.15312499791666667 0.5109375 0.15110479583333333 0.500390625 0.1357638875 0.48671875 0.1357638875
0 0.5373046875 0.45625 0.5373046875 0.43194444375 0.5353515625 0.4284722208333333 0.5353515625 0.41458333333333336 0.5314453125 0.3972222208333333 0.51484375 0.3642361104166667 0.49140625 0.34340277708333333 0.47578125 0.34340277708333333 0.45234375 0.3572916666666667 0.4396484375 0.3763888875 0.4279296875 0.4111111104166667 0.4279296875 0.42152777708333333 0.4259765625 0.425 0.4259765625 0.4597222208333333 0.43249699531249997 0.48125 0.43363281249999996 0.48125 0.446484375 0.4649305541666667 0.466015625 0.4510416666666667 0.489453125 0.4510416666666667 0.49140625 0.4545138875 0.50703125 0.4579861104166667 0.51875 0.46840277708333333 0.527783203125 0.48125 0.5302734359375 0.48125 0.5314453125 0.4805555541666667 0.5373046875 0.45625
0 0.5431640625 0.5288194458333334 0.5333984375 0.49409722291666663 0.520703125 0.47152777916666666 0.505078125 0.4576388895833333 0.497265625 0.4576388895833333 0.485546875 0.45069444583333335 0.462109375 0.45416666666666666 0.4484375 0.46458333333333335 0.434765625 0.48194444583333335 0.4240234375 0.5079861125 0.4181640625 0.5288194458333334 0.4181640625 0.5427083333333333 0.4162109375 0.5461805562500001 0.4162109375 0.5878472229166667 0.4181640625 0.5947916666666667 0.423046875 0.6 0.42890625 0.6 0.440625 0.6104166666666667 0.44453125 0.6104166666666667 0.473828125 0.6520833333333333 0.49140625 0.6555555562500001 0.49296875 0.6583333333333333 0.4945312515625 0.6583333333333333 0.4962890625 0.6572916666666667 0.49921875 0.6555555562500001 0.516796875 0.6208333333333333 0.5451171875 0.5913194458333333 0.546875 0.56631944375 0.546875 0.5631944437499999 0.5451171875 0.5600694458333333 0.5431640625 0.5288194458333334
0 0.5482421875 0.59375 0.5423828125 0.6006944437499999 0.5384765625 0.6006944437499999 0.5208984375 0.6180555562500001 0.504296875 0.6475694437499999 0.496484375 0.671875 0.488671875 0.7135416666666666 0.488671875 0.7378472229166667 0.490625 0.7413194437499999 0.492578125 0.7725694437499999 0.504296875 0.8072916666666666 0.5228515625 0.8402777770833333 0.5306640625 0.8472222229166667 0.5384765625 0.8472222229166667 0.5404296875 0.84375 0.5736328125 0.84375 0.5755859375 0.8472222229166667 0.5892578125 0.8472222229166667 0.5908203125 0.85 0.595507809375 0.85 0.601953125 0.8489583333333334 0.6166015625 0.8402777770833333 0.62734375 0.8211805562500001 0.6390625 0.7795138895833333 0.6484375 0.7561805562499999 0.6484375 0.7010416666666667 0.641015625 0.6614583333333334 0.633203125 0.640625 0.6185546875 0.6145833333333334 0.6107421875 0.6041666666666666 0.6068359375 0.6041666666666666 0.5970703125 0.59375 0.5853515625 0.5902777770833333 0.5837890625 0.5875 0.5654296875 0.5875 0.5638671875 0.5902777770833333 0.5482421875 0.59375
0 0.688671875 0.46527777708333334 0.684765625 0.46527777708333334 0.669140625 0.4861111104166667 0.6603515625 0.5052083333333334 0.6486328125 0.5538194437499999 0.6486328125 0.6059027770833333 0.6583984375 0.6440972229166667 0.6642578125 0.6579861104166667 0.688671875 0.6875 0.700390625 0.6909722229166667 0.701953125 0.69375 0.7058593734375 0.69375 0.7111328125 0.6927083333333334 0.7296875 0.6875 0.755078125 0.6597222229166667 0.7677734375 0.6302083333333334 0.7736328125 0.609375 0.7736328125 0.5954861104166667 0.775 0.5930555562500001 0.775 0.5402777770833332 0.7716796875 0.52256944375 0.7638671875 0.4982638895833333 0.743359375 0.46527777708333334 0.7210937484375 0.45208333333333334 0.715625003125 0.45208333333333334 0.6984375 0.4548611104166667 0.688671875 0.46527777708333334
0 0.4724609375 0.6586805541666667 0.459765625 0.6326388875000001 0.432421875 0.6048611104166667 0.4265625 0.6048611104166667 0.424609375 0.6013888875000001 0.405078125 0.6013888875000001 0.403125 0.6048611104166667 0.389453125 0.6048611104166667 0.3875 0.6083333333333333 0.37578125 0.6118055541666667 0.3533203125 0.6413194437499999 0.3455078125 0.6586805541666667 0.3376953125 0.6864583333333333 0.3357421875 0.7177083333333333 0.3337890625 0.7211805541666667 0.3376953125 0.7767361104166667 0.3435546875 0.7975694437499999 0.3494140625 0.8114583333333333 0.354296875 0.8166666666666667 0.3796875 0.8201388875000001 0.39140625 0.8270833333333333 0.42515625156250003 0.8604166666666667 0.43671874375 0.8604166666666667 0.4392578125 0.8600694437499999 0.45390625 0.8479166666666667 0.463671875 0.8340277770833333 0.4763671875 0.8045138875000001 0.4763671875 0.7975694437499999 0.4822265625 0.7767361104166667 0.4822265625 0.7315972208333333 0.4828125 0.7305555541666667 0.4828125 0.7135416666666666 0.4802734375 0.6864583333333333 0.4724609375 0.6586805541666667
1 0.65234375 0.9701388875 0.640625 0.9215277770833333 0.6328125 0.9041666666666667 0.6103515625 0.8711805541666667 0.5908203125 0.85381944375 0.5849609375 0.85381944375 0.5751953125 0.846875 0.5419921875 0.846875 0.5400390625 0.8503472208333334 0.5224609375 0.8572916666666667 0.5009765625 0.8746527770833333 0.4853515625 0.8954861104166666 0.47265625 0.9215277770833333 0.458984375 0.9666666666666667 0.458984375 0.9770833333333333 0.45703125 0.9805555541666667 0.45703125 0.99444444375 0.458984375 0.9979166666666667 0.650390625 0.9979166666666667 0.65234375 0.99444444375 0.65234375 0.9701388875
1 0.1822265625 0.3467013895833333 0.171484375 0.37274305625 0.16953125 0.40399305625 0.171484375 0.40746527708333335 0.171484375 0.4166666666666667 0.17646484375 0.4166666666666667 0.1861328125 0.40572916666666664 0.1921875 0.40419146875 0.1921875 0.3974454375 0.1861328125 0.3467013895833333 0.1822265625 0.3467013895833333
0 0.7490234375 0.9829861125 0.7607421875 0.9621527791666666 0.7666015625 0.95868055625 0.787109375 0.91180555625 0.794921875 0.8701388895833334 0.794921875 0.8076388895833334 0.787109375 0.7659722229166667 0.7685546875 0.7295138895833334 0.7490234375 0.70868055625 0.7431640625 0.70868055625 0.7373046875 0.7017361125 0.7255859375 0.7017361125 0.7216796875 0.6982638895833334 0.7197265625 0.7017361125 0.7041015625 0.7017361125 0.6806640625 0.715625 0.6630859375 0.7364583333333333 0.658203125 0.7486111125 0.646484375 0.7659722229166667 0.62890625 0.8284722229166667 0.62890625 0.8388888895833334 0.626953125 0.8423611125 0.626953125 0.8840277791666666 0.62890625 0.8944444458333333 0.64453125 0.9256944458333333 0.654296875 0.9604166666666667 0.6708984375 0.9864583333333333 0.6849609375 0.9958333333333333 0.711718759375 0.9958333333333333 0.728515625 0.9951388895833334 0.7490234375 0.9829861125
0 0.320703203125 1 0.449609375 0.9986111125 0.45625 0.975 0.45625 0.9506944458333333 0.453515625 0.9361111125 0.441796875 0.8979166666666667 0.43203125 0.8770833333333333 0.4154296875 0.8510416666666667 0.3978515625 0.83368055625 0.3939453125 0.83368055625 0.3822265625 0.8232638895833334 0.3529296875 0.8197916666666667 0.3509765625 0.8232638895833334 0.3431640625 0.8232638895833334 0.3412109375 0.8267361125 0.3294921875 0.8302083333333333 0.3138671875 0.8440972229166667 0.3080078125 0.8510416666666667 0.293359375 0.88055555625 0.285546875 0.9083333333333333 0.28359375 0.9291666666666667 0.281640625 0.9326388895833334 0.28359375 0.9916666666666667 0.28828125 1 0.320703203125 1
1 0.523046875 0.30243055416666664 0.5171875 0.2989583333333333 0.5083984375 0.2833333333333333 0.5064453125 0.27291666666666664 0.503515625 0.27118055416666664 0.487890625 0.23993055416666667 0.48203125 0.23645833125000001 0.4732421875 0.2590277770833333 0.4732421875 0.27291666666666664 0.4712890625 0.27638888749999996 0.4712890625 0.29375 0.4771484375 0.31805555416666664 0.49375 0.34409722083333333 0.5015625 0.35104166666666664 0.5068359390625 0.3541666666666667 0.5107421750000001 0.3541666666666667 0.5240234375 0.35277777708333335 0.5337890625 0.34236111041666667 0.534375 0.33715277708333335 0.534375 0.32354166666666667 0.530859375 0.31979166666666664 0.523046875 0.30243055416666664