1 0.2470703125 0.33680555624999997 0.2451171875 0.34027777708333334 0.2333984375 0.34375 0.224609375 0.359375 0.220703125 0.3767361104166667 0.220703125 0.4045138895833333 0.224609375 0.421875 0.2294921875 0.43055555624999997 0.2412109375 0.4375 0.25390625 0.4357638895833333 0.2587890625 0.43402777708333334 0.267578125 0.41493055624999997 0.271484375 0.39409722291666666 0.271484375 0.3732638895833333 0.267578125 0.35590277708333334 0.2626953125 0.34722222291666666 0.2529296875 0.33680555624999997 0.2470703125 0.33680555624999997
1 0.12890625 0.390625 0.12890625 0.42534722291666666 0.1337890625 0.4375 0.1455078125 0.44444444375000003 0.1484375 0.4427083333333333 0.1552734375 0.4375 0.16015625 0.42534722291666666 0.162109375 0.41493055624999997 0.162109375 0.38715277708333334 0.1533203125 0.36805555624999997 0.1435546875 0.3645833333333333 0.1396484375 0.36805555624999997 0.12890625 0.390625
1 0.2607421875 0.3020833333333333 0.2685546875 0.30902777708333334 0.275390625 0.32465277708333334 0.27734375 0.3385416666666667 0.2802734375 0.34375 0.28125 0.3420138895833333 0.287109375 0.328125 0.291015625 0.3072916666666667 0.287109375 0.2829861104166667 0.2763671875 0.2673611104166667 0.2587890625 0.2708333333333333 0.251953125 0.2829861104166667 0.248046875 0.30034722291666666 0.2607421875 0.3020833333333333
1 0.2734375 0.24131944375 0.2734375 0.26215277708333334 0.2861328125 0.28125 0.296875 0.2795138895833333 0.306640625 0.265625 0.310546875 0.24826388958333334 0.310546875 0.23784722291666668 0.30859375 0.22743055625 0.3017578125 0.21527777708333332 0.2861328125 0.21527777708333332 0.279296875 0.22395833333333334 0.2734375 0.24131944375
1 0.30078125 0.21006944375 0.30078125 0.19965277708333332 0.306640625 0.18923611041666666 0.306640625 0.18229166666666666 0.2939453125 0.18055555625 0.287109375 0.19270833333333334 0.287109375 0.19965277708333332 0.2958984375 0.21180555625 0.30078125 0.21006944375
1 0.45703125 0.1267361104166667 0.4638671875 0.13888888958333334 0.4677734375 0.14236111041666666 0.470703125 0.140625 0.47265625 0.13715277708333332 0.47265625 0.109375 0.478515625 0.09548611041666667 0.4736328125 0.08680555625 0.4677734375 0.08680555625 0.4599609375 0.09375 0.455078125 0.10590277708333334 0.45703125 0.1267361104166667
1 0.47265625 0.109375 0.47265625 0.13368055625 0.4794921875 0.14583333333333334 0.4921875 0.14409722291666668 0.49609375 0.13715277708333332 0.494140625 0.1267361104166667 0.494140625 0.10590277708333334 0.49609375 0.09895833333333333 0.4853515625 0.09027777708333334 0.4794921875 0.09375 0.474609375 0.10243055625 0.47265625 0.109375
1 0.7626953125 0.15277777708333332 0.775390625 0.15104166666666666 0.783203125 0.13368055625 0.78125 0.11631944375 0.7685546875 0.09722222291666666 0.7587890625 0.09722222291666666 0.751953125 0.109375 0.751953125 0.13368055625 0.755859375 0.14409722291666668 0.7626953125 0.15277777708333332
1 0.7880859375 0.14930555625 0.7919921875 0.15277777708333332 0.798828125 0.15104166666666666 0.798828125 0.13368055625 0.806640625 0.11631944375 0.806640625 0.109375 0.7998046875 0.10069444375 0.7900390625 0.10069444375 0.783203125 0.11631944375 0.783203125 0.13020833333333334 0.7880859375 0.14930555625
1 0.8359375 0.16840277708333332 0.8427734375 0.1875 0.8466796875 0.19097222291666668 0.857421875 0.18923611041666666 0.86328125 0.17881944375 0.865234375 0.16145833333333334 0.861328125 0.14756944375 0.8544921875 0.13541666666666666 0.8447265625 0.13194444375 0.8408203125 0.13541666666666666 0.8359375 0.14756944375 0.8359375 0.16840277708333332
1 0.880859375 0.18576388958333334 0.8837890625 0.19097222291666668 0.892578125 0.18923611041666666 0.8984375 0.17881944375 0.8984375 0.15798611041666666 0.8896484375 0.13888888958333334 0.8818359375 0.13541666666666666 0.87890625 0.14409722291666668 0.884765625 0.16145833333333334 0.884765625 0.171875 0.880859375 0.18576388958333334
1 0.888671875 0.26215277708333334 0.88671875 0.29340277708333334 0.890625 0.3107638895833333 0.8994140625 0.3298611104166667 0.9033203125 0.3333333333333333 0.9140625 0.33159722291666666 0.9189453125 0.3298611104166667 0.927734375 0.3072916666666667 0.92578125 0.26909722291666666 0.9150390625 0.24652777708333332 0.9111328125 0.24305555625 0.8994140625 0.24305555625 0.8955078125 0.24652777708333332 0.888671875 0.26215277708333334
0 0.837890625 0.23784722291666668 0.837890625 0.25173611041666666 0.8359375 0.2552083333333333 0.837890625 0.27256944375000003 0.841796875 0.2864583333333333 0.8505859375 0.3020833333333333 0.8544921875 0.30555555624999997 0.869140625 0.30381944375000003 0.8720703125 0.3020833333333333 0.880859375 0.2829861104166667 0.880859375 0.25173611041666666 0.875 0.23090277708333332 0.8681640625 0.21875 0.8505859375 0.21527777708333332 0.8466796875 0.21875 0.837890625 0.23784722291666668
0 0.8037109375 0.19444444375 0.79296875 0.21006944375 0.7890625 0.22395833333333334 0.7890625 0.24479166666666666 0.794921875 0.265625 0.8056640625 0.28472222291666666 0.81640625 0.2864583333333333 0.8271484375 0.28125 0.8359375 0.265625 0.8359375 0.24826388958333334 0.837890625 0.24479166666666666 0.83203125 0.21701388958333334 0.8232421875 0.20138888958333334 0.8154296875 0.19444444375 0.8037109375 0.19444444375
0 0.892578125 0.21701388958333334 0.896484375 0.234375 0.9013671875 0.24305555625 0.9052734375 0.23958333333333334 0.9150390625 0.24652777708333332 0.919921875 0.24479166666666666 0.923828125 0.234375 0.923828125 0.21006944375 0.919921875 0.19618055625 0.9111328125 0.18402777708333332 0.9013671875 0.18402777708333332 0.8974609375 0.1875 0.892578125 0.19965277708333332 0.892578125 0.21701388958333334
0 0.9560546875 0.2604166666666667 0.96484375 0.25868055625 0.970703125 0.24479166666666666 0.96875 0.21701388958333334 0.9599609375 0.20138888958333334 0.9521484375 0.19791666666666666 0.9453125 0.21006944375 0.9453125 0.234375 0.9521484375 0.25694444375 0.9560546875 0.2604166666666667
0 0.935546875 0.22395833333333334 0.9423828125 0.23263888958333334 0.9453125 0.23090277708333332 0.9453125 0.21354166666666666 0.953125 0.19618055625 0.9443359375 0.17708333333333334 0.9365234375 0.17708333333333334 0.931640625 0.18576388958333334 0.931640625 0.19618055625 0.9296875 0.19965277708333332 0.935546875 0.22395833333333334
0 0.9228515625 0.20486111041666666 0.931640625 0.203125 0.931640625 0.18923611041666666 0.935546875 0.17881944375 0.935546875 0.16840277708333332 0.9306640625 0.15625 0.9189453125 0.15625 0.9140625 0.16840277708333332 0.9140625 0.18576388958333334 0.9228515625 0.20486111041666666
0 0.8662109375 0.19097222291666668 0.875 0.19270833333333334 0.884765625 0.17881944375 0.884765625 0.15451388958333334 0.8779296875 0.13888888958333334 0.8662109375 0.13194444375 0.859375 0.14409722291666668 0.865234375 0.16145833333333334 0.86328125 0.18576388958333334 0.8662109375 0.19097222291666668
0 0.7314453125 0.13888888958333334 0.7421875 0.140625 0.75 0.13020833333333334 0.751953125 0.10590277708333334 0.7470703125 0.09375 0.7392578125 0.08680555625 0.7294921875 0.08680555625 0.72265625 0.09895833333333333 0.72265625 0.12326388958333333 0.7314453125 0.13888888958333334
0 0.431640625 0.15104166666666666 0.4384765625 0.15972222291666668 0.443359375 0.15798611041666666 0.451171875 0.15451388958333334 0.45703125 0.13715277708333332 0.45703125 0.12326388958333333 0.4521484375 0.11111111041666667 0.4384765625 0.10416666666666667 0.427734375 0.1267361104166667 0.4296875 0.13020833333333334 0.431640625 0.15104166666666666
0 0.4169921875 0.14236111041666666 0.4267578125 0.15277777708333332 0.4296875 0.15104166666666666 0.4296875 0.13368055625 0.4189453125 0.11805555625 0.4130859375 0.11805555625 0.4033203125 0.125 0.3984375 0.13715277708333332 0.3994140625 0.14930555625 0.4072265625 0.14236111041666666 0.4169921875 0.14236111041666666
0 0.4375 0.109375 0.4375 0.10243055625 0.4267578125 0.09722222291666666 0.4228515625 0.10069444375 0.416015625 0.11631944375 0.4267578125 0.12847222291666666 0.4296875 0.1267361104166667 0.4375 0.109375
0 0.306640625 0.18576388958333334 0.298828125 0.21006944375 0.30859375 0.22743055625 0.3115234375 0.24305555625 0.3203125 0.24131944375 0.330078125 0.22743055625 0.333984375 0.20659722291666668 0.33203125 0.203125 0.33203125 0.19270833333333334 0.3271484375 0.18402777708333332 0.3232421875 0.18055555625 0.3134765625 0.18055555625 0.306640625 0.18576388958333334
0 0.2724609375 0.21875 0.28125 0.22048611041666666 0.2861328125 0.21527777708333332 0.2919921875 0.21527777708333332 0.294921875 0.21006944375 0.2841796875 0.19791666666666666 0.2802734375 0.19791666666666666 0.2744140625 0.20138888958333334 0.267578125 0.21354166666666666 0.2724609375 0.21875
0 0.2431640625 0.30902777708333334 0.236328125 0.32118055624999997 0.232421875 0.33506944375000003 0.2333984375 0.34375 0.2451171875 0.34027777708333334 0.2470703125 0.33680555624999997 0.2568359375 0.34027777708333334 0.267578125 0.35590277708333334 0.26953125 0.3697916666666667 0.2724609375 0.375 0.2734375 0.3732638895833333 0.27734375 0.36284722291666666 0.27734375 0.3489583333333333 0.279296875 0.3454861104166667 0.2734375 0.3177083333333333 0.2685546875 0.30902777708333334 0.2607421875 0.3020833333333333 0.2509765625 0.3020833333333333 0.2431640625 0.30902777708333334
0 0.22265625 0.36284722291666666 0.23046875 0.3454861104166667 0.23046875 0.3385416666666667 0.2236328125 0.3263888895833333 0.2177734375 0.3229166666666667 0.2060546875 0.3263888895833333 0.203125 0.3385416666666667 0.203125 0.35243055624999997 0.22265625 0.36284722291666666
0 0.177734375 0.33159722291666666 0.171875 0.35590277708333334 0.17578125 0.3802083333333333 0.1806640625 0.3888888895833333 0.185546875 0.38715277708333334 0.193359375 0.36284722291666666 0.193359375 0.35243055624999997 0.197265625 0.3420138895833333 0.205078125 0.33159722291666666 0.205078125 0.328125 0.1962890625 0.31597222291666666 0.1845703125 0.31944444375000003 0.177734375 0.33159722291666666