0 0.7724609375 0.44444444375000003 0.7509765625 0.43055555624999997 0.7490234375 0.43402777708333334 0.7314453125 0.4375 0.7236328125 0.44444444375000003 0.705078125 0.4739583333333333 0.703125 0.484375 0.6953125 0.5017361104166667 0.6953125 0.5121527770833334 0.69140625 0.5295138895833333 0.69140625 0.5503472229166667 0.69921875 0.5920138895833333 0.7138671875 0.6215277770833333 0.7373046875 0.6458333333333334 0.75390625 0.6440972229166667 0.7744140625 0.6319444437499999 0.791015625 0.6059027770833333 0.80078125 0.5677083333333334 0.802734375 0.5295138895833333 0.80078125 0.5260416666666666 0.80078125 0.50868055625 0.79296875 0.47743055624999997 0.7724609375 0.44444444375000003
0 0.7275390625 0.22569444375 0.7158203125 0.23611111041666666 0.70703125 0.2552083333333333 0.70703125 0.26215277708333334 0.703125 0.27256944375000003 0.703125 0.30381944375000003 0.7109375 0.33159722291666666 0.7216796875 0.35069444375000003 0.7333984375 0.3611111104166667 0.74609375 0.359375 0.7568359375 0.3541666666666667 0.76953125 0.33506944375000003 0.7734375 0.32118055624999997 0.775390625 0.2864583333333333 0.76953125 0.2552083333333333 0.7587890625 0.23611111041666666 0.7451171875 0.22569444375 0.7275390625 0.22569444375
0 0.8466796875 0.24305555625 0.8388671875 0.25 0.830078125 0.26909722291666666 0.828125 0.29340277708333334 0.826171875 0.296875 0.828125 0.30034722291666666 0.828125 0.3177083333333333 0.8359375 0.3454861104166667 0.8447265625 0.3611111104166667 0.8564453125 0.37152777708333334 0.861328125 0.3697916666666667 0.8681640625 0.36805555624999997 0.8828125 0.3454861104166667 0.88671875 0.33159722291666666 0.88671875 0.30381944375000003 0.87890625 0.26909722291666666 0.8681640625 0.25 0.8603515625 0.24305555625 0.8466796875 0.24305555625
0 0.6904296875 0.19444444375 0.6748046875 0.18402777708333332 0.6650390625 0.18402777708333332 0.6552734375 0.19097222291666668 0.64453125 0.20659722291666668 0.640625 0.22395833333333334 0.640625 0.26215277708333334 0.64453125 0.2760416666666667 0.6611328125 0.30555555624999997 0.6728515625 0.30902777708333334 0.6748046875 0.3125 0.6796875 0.3107638895833333 0.6845703125 0.30902777708333334 0.69921875 0.29340277708333334 0.703125 0.2795138895833333 0.703125 0.26909722291666666 0.70703125 0.25868055625 0.70703125 0.234375 0.701171875 0.21354166666666666 0.6904296875 0.19444444375
0 0.4736328125 0.28472222291666666 0.4658203125 0.28472222291666666 0.4638671875 0.28125 0.4482421875 0.28125 0.4423828125 0.28472222291666666 0.4306640625 0.2951388895833333 0.41796875 0.32118055624999997 0.4140625 0.3385416666666667 0.4140625 0.3767361104166667 0.419921875 0.4010416666666667 0.4287109375 0.4166666666666667 0.431640625 0.41493055624999997 0.443359375 0.38368055624999997 0.4619140625 0.3611111104166667 0.4677734375 0.3611111104166667 0.4697265625 0.3576388895833333 0.498046875 0.359375 0.498046875 0.3385416666666667 0.490234375 0.3072916666666667 0.4736328125 0.28472222291666666
0 0.6328125 0.09895833333333333 0.62890625 0.11284722291666666 0.6298828125 0.12152777708333334 0.6357421875 0.12152777708333334 0.6376953125 0.11805555625 0.6552734375 0.11805555625 0.666015625 0.13368055625 0.6708984375 0.14930555625 0.673828125 0.14756944375 0.677734375 0.13020833333333334 0.677734375 0.11979166666666667 0.673828125 0.10243055625 0.6689453125 0.09375 0.6572265625 0.08333333333333333 0.6474609375 0.08333333333333333 0.6376953125 0.09027777708333334 0.6328125 0.09895833333333333
0 0.615234375 0.08506944375 0.6171875 0.09201388958333333 0.6279296875 0.11111111041666667 0.62890625 0.109375 0.6376953125 0.09027777708333334 0.65234375 0.08159722291666666 0.650390625 0.060763889583333335 0.6455078125 0.052083333333333336 0.6357421875 0.045138889583333335 0.6279296875 0.045138889583333335 0.615234375 0.060763889583333335 0.615234375 0.08506944375
0 0.734375 0.09895833333333333 0.73828125 0.11284722291666666 0.7470703125 0.12847222291666666 0.7529296875 0.13194444375 0.759765625 0.13020833333333334 0.7626953125 0.12847222291666666 0.771484375 0.109375 0.76953125 0.08854166666666667 0.763671875 0.07465277708333334 0.7568359375 0.06597222291666667 0.7412109375 0.06944444375 0.734375 0.08506944375 0.734375 0.09895833333333333
0 0.7265625 0.08854166666666667 0.7314453125 0.09722222291666666 0.734375 0.09548611041666667 0.736328125 0.078125 0.7392578125 0.07291666666666667 0.75390625 0.06423611041666667 0.7490234375 0.052083333333333336 0.7353515625 0.048611110416666665 0.7265625 0.060763889583333335 0.724609375 0.06770833333333333 0.7265625 0.08854166666666667
1 0.5234375 0.4010416666666667 0.5068359375 0.37152777708333334 0.5009765625 0.36805555624999997 0.4970703125 0.3611111104166667 0.4912109375 0.3576388895833333 0.4697265625 0.3576388895833333 0.4677734375 0.3611111104166667 0.4619140625 0.3611111104166667 0.4482421875 0.375 0.43359375 0.4045138895833333 0.427734375 0.44965277708333334 0.4296875 0.453125 0.4296875 0.4704861104166667 0.435546875 0.49131944375000003 0.4443359375 0.5104166666666666 0.4677734375 0.5347222229166667 0.484375 0.5329861104166667 0.48828125 0.5295138895833333 0.490234375 0.5052083333333334 0.49609375 0.4739583333333333 0.5107421875 0.44444444375000003 0.5224609375 0.43402777708333334 0.52734375 0.42534722291666666 0.52734375 0.41493055624999997 0.5234375 0.4010416666666667
1 0.6376953125 0.11805555625 0.6318359375 0.12152777708333334 0.623046875 0.13368055625 0.619140625 0.14756944375 0.619140625 0.17881944375 0.62109375 0.18576388958333334 0.6376953125 0.21180555625 0.642578125 0.21006944375 0.6513671875 0.19444444375 0.6630859375 0.18402777708333332 0.6689453125 0.18402777708333332 0.671875 0.17881944375 0.671875 0.15104166666666666 0.6640625 0.13020833333333334 0.6533203125 0.11805555625 0.6376953125 0.11805555625
1 0.654296875 0.057291666666666664 0.654296875 0.078125 0.6591796875 0.08680555625 0.6630859375 0.08680555625 0.6748046875 0.10416666666666667 0.67578125 0.10243055625 0.6826171875 0.09722222291666666 0.6875 0.08854166666666667 0.689453125 0.08159722291666666 0.689453125 0.06423611041666667 0.6826171875 0.048611110416666665 0.6748046875 0.041666666666666664 0.6650390625 0.041666666666666664 0.654296875 0.057291666666666664
1 0.576171875 0.09548611041666667 0.5888671875 0.11458333333333333 0.5947265625 0.11805555625 0.6015625 0.11631944375 0.6064453125 0.11458333333333333 0.611328125 0.10590277708333334 0.615234375 0.09201388958333333 0.615234375 0.07465277708333334 0.6044921875 0.052083333333333336 0.5869140625 0.052083333333333336 0.576171875 0.07118055625 0.576171875 0.09548611041666667
1 0.5234375 0.078125 0.5341796875 0.09375 0.541015625 0.09201388958333333 0.541015625 0.06770833333333333 0.544921875 0.057291666666666664 0.5517578125 0.052083333333333336 0.552734375 0.046875 0.5458984375 0.03819444375 0.5341796875 0.03819444375 0.5234375 0.05381944375 0.5234375 0.078125
1 0.494140625 0.10590277708333334 0.48828125 0.12326388958333333 0.490234375 0.14409722291666668 0.4921875 0.15104166666666666 0.5029296875 0.16666666666666666 0.5087890625 0.17013888958333334 0.51953125 0.16840277708333332 0.5263671875 0.16319444375 0.533203125 0.15104166666666666 0.537109375 0.13368055625 0.53515625 0.11631944375 0.5283203125 0.10069444375 0.5185546875 0.09027777708333334 0.5029296875 0.09375 0.494140625 0.10590277708333334
1 0.4482421875 0.11805555625 0.439453125 0.13715277708333332 0.439453125 0.16145833333333334 0.44140625 0.171875 0.4541015625 0.19097222291666668 0.470703125 0.18923611041666666 0.4775390625 0.18402777708333332 0.484375 0.16840277708333332 0.486328125 0.16145833333333334 0.486328125 0.13715277708333332 0.4755859375 0.11458333333333333 0.4697265625 0.11111111041666667 0.4521484375 0.11458333333333333 0.4482421875 0.11805555625
0 0.419921875 0.12326388958333333 0.423828125 0.13715277708333332 0.4306640625 0.14930555625 0.4345703125 0.15277777708333332 0.4375 0.15104166666666666 0.44140625 0.13020833333333334 0.4482421875 0.11805555625 0.4609375 0.109375 0.458984375 0.09895833333333333 0.4462890625 0.08333333333333333 0.4287109375 0.09027777708333334 0.419921875 0.11284722291666666 0.419921875 0.12326388958333333
0 0.4140625 0.08506944375 0.416015625 0.109375 0.4189453125 0.11458333333333333 0.419921875 0.11284722291666666 0.4287109375 0.09027777708333334 0.4326171875 0.08680555625 0.4443359375 0.08680555625 0.447265625 0.078125 0.4404296875 0.06597222291666667 0.4345703125 0.0625 0.4228515625 0.06597222291666667 0.4140625 0.08506944375
0 0.2001953125 0.22222222291666668 0.2041015625 0.22569444375 0.212890625 0.22395833333333334 0.220703125 0.21006944375 0.22265625 0.19965277708333332 0.220703125 0.18229166666666666 0.2158203125 0.17708333333333334 0.2060546875 0.17708333333333334 0.19921875 0.18576388958333334 0.1953125 0.20659722291666668 0.2001953125 0.22222222291666668
0 0.220703125 0.16493055625 0.220703125 0.18923611041666666 0.22265625 0.19618055625 0.2294921875 0.20486111041666666 0.234375 0.203125 0.244140625 0.19270833333333334 0.24550851875 0.18113057083333334 0.245289415625 0.17522849791666667 0.244774228125 0.16671561666666665 0.2413304953125 0.16101165208333335 0.23583785625 0.15682938125 0.2275722515625 0.15913872291666667 0.220703125 0.16493055625
0 0.24316076718750002 0.15613592083333333 0.24218420468750002 0.15439980833333333 0.24023107968750002 0.15439980833333333 0.23632482968750002 0.14745536458333333 0.23437170468750002 0.14745536458333333 0.23241857968750002 0.1509275875 0.22655920468750002 0.1509275875 0.22362951718750002 0.15613592083333333 0.22362951718750002 0.16308036458333333 0.22460607968750002 0.164816475 0.22655920468750002 0.164816475 0.22753576718750002 0.16308036458333333 0.23046545468750002 0.15787203125000002 0.23241857968750002 0.15787203125000002 0.23437170468750002 0.15439980833333333 0.23632482968750002 0.15439980833333333 0.24023107968750002 0.16134425416666665 0.24218420468750002 0.16134425416666665 0.24316076718750002 0.15960814166666668 0.24316076718750002 0.15613592083333333
1 0.275390625 0.13368055625 0.2724609375 0.12847222291666666 0.2685546875 0.12847222291666666 0.2666015625 0.125 0.2646484375 0.125 0.2626953125 0.12847222291666666 0.2607421875 0.12847222291666666 0.2587890625 0.13194444375 0.2568359375 0.13194444375 0.255859375 0.13368055625 0.255859375 0.13715277708333332 0.251953125 0.14409722291666668 0.251953125 0.15798611041666666 0.25390625 0.16145833333333334 0.25390625 0.16493055625 0.2568359375 0.17013888958333334 0.2587890625 0.17013888958333334 0.2607421875 0.17361111041666666 0.2666015625 0.17361111041666666 0.267578125 0.171875 0.2685546875 0.17013888958333334 0.2705078125 0.17013888958333334 0.275390625 0.16145833333333334 0.275390625 0.15798611041666666 0.27734375 0.15451388958333334 0.27734375 0.140625 0.275390625 0.13715277708333332 0.275390625 0.13368055625
1 0.3154296875 0.14236111041666666 0.3115234375 0.14236111041666666 0.3095703125 0.14583333333333334 0.3056640625 0.14583333333333334 0.3037109375 0.14930555625 0.3017578125 0.14930555625 0.296875 0.15798611041666666 0.296875 0.16145833333333334 0.29296875 0.171875 0.29296875 0.18576388958333334 0.294921875 0.18923611041666666 0.294921875 0.19618055625 0.3017578125 0.20833333333333334 0.3037109375 0.20833333333333334 0.3056640625 0.21180555625 0.3154296875 0.21180555625 0.31640625 0.21006944375 0.3193359375 0.20833333333333334 0.328125 0.19270833333333334 0.328125 0.18923611041666666 0.330078125 0.18576388958333334 0.330078125 0.16145833333333334 0.3212890625 0.14583333333333334 0.3173828125 0.14583333333333334 0.3154296875 0.14236111041666666
1 0.02734375 0.5017361104166667 0.02734375 0.4670138895833333 0.029296875 0.45659722291666666 0.0244140625 0.4479166666666667 0.0185546875 0.4479166666666667 0.01171875 0.4635416666666667 0.01171875 0.48784722291666666 0.0185546875 0.5034722229166666 0.02734375 0.5017361104166667
1 0.0517578125 0.4236111104166667 0.0478515625 0.4270833333333333 0.04296875 0.4392361104166667 0.04296875 0.4704861104166667 0.044921875 0.48090277708333334 0.0517578125 0.49305555624999997 0.0625 0.49131944375000003 0.060546875 0.48090277708333334 0.056640625 0.4739583333333333 0.056640625 0.4635416666666667 0.0546875 0.46006944375000003 0.056640625 0.453125 0.056640625 0.4357638895833333 0.060546875 0.42534722291666666 0.0517578125 0.4236111104166667
1 0.072265625 0.4114583333333333 0.0791015625 0.4201388895833333 0.087890625 0.41840277708333334 0.09375 0.4079861104166667 0.095703125 0.39756944375000003 0.095703125 0.3732638895833333 0.0888671875 0.3576388895833333 0.0791015625 0.3576388895833333 0.0703125 0.3767361104166667 0.0703125 0.4045138895833333 0.072265625 0.4114583333333333
0 0.041015625 0.44618055624999997 0.056640625 0.421875 0.0546875 0.4114583333333333 0.0498046875 0.40277777708333334 0.0419921875 0.40277777708333334 0.03515625 0.41840277708333334 0.033203125 0.4392361104166667 0.0380859375 0.4479166666666667 0.041015625 0.44618055624999997
0 0.130859375 0.3142361104166667 0.13671875 0.30034722291666666 0.138671875 0.2829861104166667 0.1318359375 0.2673611104166667 0.1220703125 0.2673611104166667 0.115234375 0.2829861104166667 0.115234375 0.3072916666666667 0.1201171875 0.31597222291666666 0.130859375 0.3142361104166667