1 0.677734375 0.6753472229166667 0.67578125 0.6371527770833333 0.66015625 0.5815972229166667 0.6455078125 0.5555555562500001 0.6396484375 0.5520833333333334 0.6357421875 0.5451388895833333 0.6181640625 0.5347222229166667 0.6044921875 0.5347222229166667 0.6025390625 0.5381944437499999 0.5830078125 0.5416666666666666 0.5595703125 0.5625 0.54296875 0.5954861104166667 0.54296875 0.6024305562500001 0.537109375 0.6197916666666666 0.53515625 0.640625 0.533203125 0.6440972229166667 0.533203125 0.6892361104166667 0.53515625 0.6927083333333334 0.53515625 0.7065972229166667 0.5390625 0.7135416666666666 0.5390625 0.7204861104166667 0.55078125 0.7482638895833333 0.552734375 0.7586805562500001 0.5634765625 0.7777777770833333 0.5712890625 0.7847222229166667 0.5966796875 0.7881944437499999 0.5986328125 0.7916666666666666 0.609375 0.7899305562500001 0.6279296875 0.7847222229166667 0.6318359375 0.7777777770833333 0.6357421875 0.7777777770833333 0.6474609375 0.7673611104166667 0.6640625 0.734375 0.673828125 0.6996527770833333 0.67578125 0.6788194437499999 0.677734375 0.6753472229166667
1 0.1689453125 0.7743055562500001 0.1513671875 0.7604166666666666 0.1337890625 0.7604166666666666 0.1220703125 0.7673611104166667 0.109375 0.7864583333333334 0.1015625 0.8142361104166667 0.099609375 0.8559027770833333 0.1015625 0.859375 0.1015625 0.8767361104166667 0.10546875 0.8975694437499999 0.11328125 0.9253472229166667 0.12109375 0.9427083333333334 0.1376953125 0.96875 0.1533203125 0.9826388895833333 0.1611328125 0.9826388895833333 0.1630859375 0.9861111104166667 0.17578125 0.984375 0.1904296875 0.9722222229166667 0.205078125 0.9322916666666666 0.20703125 0.921875 0.20703125 0.8767361104166667 0.205078125 0.8732638895833333 0.203125 0.8524305562500001 0.19140625 0.8142361104166667 0.1689453125 0.7743055562500001
1 0.0751953125 0.6423611104166667 0.0654296875 0.6423611104166667 0.0576171875 0.6493055562500001 0.046875 0.671875 0.046875 0.6822916666666666 0.044921875 0.6857638895833333 0.044921875 0.7239583333333334 0.046875 0.7274305562500001 0.048828125 0.7482638895833333 0.056640625 0.7725694437499999 0.0673828125 0.7916666666666666 0.0751953125 0.7986111104166667 0.095703125 0.796875 0.1015625 0.7864583333333334 0.10546875 0.7725694437499999 0.107421875 0.7482638895833333 0.109375 0.7447916666666666 0.10546875 0.6927083333333334 0.099609375 0.671875 0.0888671875 0.6527777770833333 0.0751953125 0.6423611104166667
1 0.85546875 0.18229166666666666 0.8642578125 0.19791666666666666 0.873046875 0.19965277708333332 0.8759765625 0.19791666666666666 0.880859375 0.18576388958333334 0.880859375 0.16493055625 0.8720703125 0.14930555625 0.8642578125 0.14583333333333334 0.8603515625 0.14930555625 0.85546875 0.16145833333333334 0.85546875 0.18229166666666666
0 0.8359375 0.24479166666666666 0.83203125 0.25868055625 0.83203125 0.28993055624999997 0.8427734375 0.3229166666666667 0.8505859375 0.3298611104166667 0.8671875 0.328125 0.876953125 0.3142361104166667 0.880859375 0.296875 0.880859375 0.26909722291666666 0.87890625 0.25868055625 0.875 0.24826388958333334 0.8642578125 0.23263888958333334 0.8466796875 0.22916666666666666 0.8359375 0.24479166666666666
0 0.79296875 0.16493055625 0.787109375 0.18229166666666666 0.791015625 0.21701388958333334 0.7978515625 0.23263888958333334 0.8037109375 0.23611111041666666 0.8125 0.234375 0.8173828125 0.23263888958333334 0.82421875 0.22048611041666666 0.826171875 0.21354166666666666 0.826171875 0.18923611041666666 0.8173828125 0.16666666666666666 0.8095703125 0.15972222291666668 0.7978515625 0.15972222291666668 0.79296875 0.16493055625
0 0.7080078125 0.25694444375 0.6982421875 0.26388888958333334 0.6875 0.2795138895833333 0.6796875 0.3072916666666667 0.6796875 0.3454861104166667 0.6982421875 0.3923611104166667 0.7099609375 0.39930555624999997 0.7265625 0.39756944375000003 0.7353515625 0.3923611104166667 0.75 0.36631944375000003 0.75390625 0.3489583333333333 0.75390625 0.3142361104166667 0.748046875 0.28993055624999997 0.7353515625 0.2673611104166667 0.7216796875 0.25694444375 0.7080078125 0.25694444375
0 0.666015625 0.21701388958333334 0.666015625 0.22395833333333334 0.6796875 0.24826388958333334 0.68359375 0.26215277708333334 0.68359375 0.2760416666666667 0.6865234375 0.28125 0.6875 0.2795138895833333 0.7021484375 0.2604166666666667 0.720703125 0.2552083333333333 0.720703125 0.24131944375 0.716796875 0.22743055625 0.7060546875 0.20833333333333334 0.6923828125 0.19791666666666666 0.6787109375 0.20138888958333334 0.666015625 0.21701388958333334
0 0.6435546875 0.21527777708333332 0.6240234375 0.23263888958333334 0.6171875 0.24826388958333334 0.615234375 0.25868055625 0.6171875 0.3072916666666667 0.62109375 0.32465277708333334 0.6318359375 0.34027777708333334 0.6376953125 0.34027777708333334 0.6396484375 0.34375 0.66015625 0.3420138895833333 0.6708984375 0.3298611104166667 0.6796875 0.3107638895833333 0.68359375 0.28993055624999997 0.68359375 0.25868055625 0.6650390625 0.22222222291666668 0.6591796875 0.22222222291666668 0.6513671875 0.21527777708333332 0.6435546875 0.21527777708333332
0 0.638671875 0.5364583333333334 0.640625 0.5260416666666666 0.638671875 0.47743055624999997 0.630859375 0.44965277708333334 0.6162109375 0.4236111104166667 0.5947265625 0.40625 0.5771484375 0.40277777708333334 0.5751953125 0.40625 0.5615234375 0.40972222291666666 0.541015625 0.4322916666666667 0.53125 0.45659722291666666 0.525390625 0.484375 0.525390625 0.5295138895833333 0.53125 0.5607638895833333 0.5390625 0.5815972229166667 0.544921875 0.5850694437499999 0.5576171875 0.5625 0.5791015625 0.5416666666666666 0.5947265625 0.5381944437499999 0.5966796875 0.5347222229166667 0.6201171875 0.5347222229166667 0.6298828125 0.5416666666666666 0.6357421875 0.5416666666666666 0.638671875 0.5364583333333334
0 0.2080078125 0.625 0.1904296875 0.6111111104166667 0.1708984375 0.6111111104166667 0.1572265625 0.625 0.14453125 0.6475694437499999 0.13671875 0.6857638895833333 0.13671875 0.7274305562500001 0.138671875 0.7309027770833333 0.138671875 0.7413194437499999 0.1455078125 0.7604166666666666 0.1513671875 0.7604166666666666 0.1669921875 0.7708333333333334 0.1923828125 0.8125 0.1962890625 0.8159722229166667 0.19921875 0.8142361104166667 0.2060546875 0.8125 0.2099609375 0.8055555562500001 0.2158203125 0.8020833333333334 0.23046875 0.7725694437499999 0.236328125 0.7413194437499999 0.234375 0.6961805562500001 0.224609375 0.6579861104166667 0.2080078125 0.625
0 0.06640625 0.953125 0.08203125 0.9774305562500001 0.0908203125 1 0.14453125 0.9982638895833333 0.142578125 0.9878472229166667 0.1318359375 0.9652777770833333 0.1162109375 0.9444444437499999 0.1044921875 0.9340277770833333 0.0849609375 0.9270833333333334 0.0732421875 0.9340277770833333 0.06640625 0.9461805562500001 0.06640625 0.953125