1 0.57890625 0.403125 0.565234375 0.3892361125 0.553515625 0.38229166666666664 0.537890625 0.38229166666666664 0.5203125 0.3927083333333333 0.5017578125 0.42222222291666667 0.4919921875 0.4638888895833333 0.4919921875 0.4881944458333333 0.4998046875 0.5229166666666667 0.510546875 0.5420138895833334 0.528125 0.5628472229166667 0.53203125 0.5628472229166667 0.543359375 0.5729166666666666 0.545117190625 0.5729166666666666 0.5505859375 0.5715277791666666 0.57109375 0.5628472229166667 0.5896484375 0.5333333333333333 0.5974609375 0.5090277791666666 0.5984375 0.48472222291666667 0.5984375 0.4560763895833333 0.5916015625 0.4256944458333333 0.57890625 0.403125
1 0.48125 0.1326388875 0.463671875 0.1326388875 0.459765625 0.13611111041666665 0.4509765625 0.15520833333333334 0.4470703125 0.16909722083333334 0.4470703125 0.18645833333333334 0.4509765625 0.20034722083333334 0.4625434046875 0.21458333333333332 0.4769531171875 0.21458333333333332 0.4802734375 0.21423611041666665 0.4939453125 0.19340277708333334 0.4953125 0.18854166666666666 0.4953125 0.15659722083333336 0.4939453125 0.15173611041666665 0.48125 0.1326388875
1 0.4267578125 0.11475694583333333 0.4404296875 0.11475694583333333 0.4462890625 0.1251736125 0.44921875 0.1234375 0.44921875 0.11649305624999999 0.4404296875 0.09739583333333333 0.4365234375 0.0939236125 0.4267578125 0.0939236125 0.4140625 0.10607638958333333 0.41015625 0.11996527916666667 0.41015625 0.13333333333333333 0.41429036406249997 0.13333333333333333 0.4208984375 0.11822916666666666 0.4267578125 0.11475694583333333
1 0.49921875 0.125 0.5060546875 0.109375 0.5060546875 0.08506944375 0.497265625 0.06944444375 0.48359375 0.06944444375 0.4796875 0.07291666666666667 0.4728515625 0.08854166666666667 0.4728515625 0.109375 0.4767578125 0.11979166666666667 0.48359375 0.12847222291666666 0.4962890625 0.1267361104166667 0.49921875 0.125
1 0.591015625 0.065625 0.58515625 0.06215277708333333 0.5734375 0.065625 0.5666015625 0.07777777708333335 0.5646484375 0.10208333333333333 0.575390625 0.12465277708333335 0.578125 0.12708333333333333 0.5857421828125 0.12708333333333333 0.5900390625 0.1263888875 0.5998046875 0.1125 0.6015625 0.10624999791666667 0.6015625 0.08402777708333334 0.5998046875 0.07777777708333335 0.591015625 0.065625
1 0.5521484375 0.05173611041666667 0.5482421875 0.05520833333333333 0.54140625 0.07083333333333333 0.54140625 0.08472222083333333 0.55165264375 0.10625 0.55976561875 0.10625 0.56484375 0.10555555416666666 0.56484375 0.08819444375 0.571875 0.06631944375 0.571875 0.06249999791666667 0.5658203125 0.05173611041666667 0.5521484375 0.05173611041666667
1 0.677734375 0.134375 0.677734375 0.11354166666666667 0.6796875 0.11006944375000001 0.677734375 0.09965277708333334 0.6650390625 0.08055555416666667 0.6513671875 0.08055555416666667 0.6474609375 0.08402777708333334 0.640625 0.09965277708333334 0.640625 0.11354166666666667 0.6533203125 0.11527777708333334 0.6611328125 0.12222222083333333 0.670247396875 0.14166666666666666 0.6732421859375 0.14166666666666666 0.673828125 0.14131944375 0.677734375 0.134375
1 0.6671875 0.05173611041666667 0.657421875 0.05173611041666667 0.6486328125 0.0638888875 0.649609375 0.08298611041666668 0.653515625 0.0795138875 0.665234375 0.0795138875 0.67625 0.09583333333333334 0.6798828109375 0.09583333333333334 0.68125 0.09534722083333333 0.68125 0.07614087291666666 0.675 0.05868055416666666 0.6671875 0.05173611041666667
1 0.7255859375 0.07291666666666667 0.71875 0.08854166666666667 0.720703125 0.109375 0.7255859375 0.11805555625 0.728515625 0.11631944375 0.7333984375 0.10763888958333333 0.7392578125 0.10416666666666667 0.75 0.10590277708333334 0.75 0.08854166666666667 0.7373046875 0.06944444375 0.7255859375 0.07291666666666667
1 0.8158203125 0.13229166666666667 0.8021484375 0.13229166666666667 0.7953125 0.14097222291666667 0.79140625 0.15486111249999998 0.79140625 0.17222222291666667 0.7953125 0.18611111249999998 0.8060546875 0.20520833333333333 0.8095703125 0.20833333333333334 0.811328128125 0.20833333333333334 0.816796875 0.20694444583333332 0.8216796875 0.20520833333333333 0.8296875 0.18780864375 0.8296875 0.15763888958333333 0.828515625 0.15138888958333335 0.8158203125 0.13229166666666667
0 0.92265625 0.19809027708333332 0.908984375 0.1946180541666667 0.9021484375 0.2102430541666667 0.9001953125 0.2414930541666667 0.9080078125 0.26579861041666664 0.9177734375 0.27274305416666667 0.9236328125 0.24496527708333332 0.9328125 0.23517361041666665 0.9328125 0.22204861041666665 0.9294921875 0.2102430541666667 0.92265625 0.19809027708333332
0 0.840234375 0.096875 0.83046875 0.10034722083333333 0.8255859375 0.11597222083333333 0.8255859375 0.12986111041666668 0.8294921875 0.14375 0.8386997765625 0.15416666666666667 0.8490234375 0.15416666666666667 0.8546875 0.14074073958333333 0.8546875 0.12222222291666666 0.8529296875 0.11597222083333333 0.840234375 0.096875
0 0.75078125 0.10729166875 0.744921875 0.10729166875 0.74296875 0.10381944583333333 0.733203125 0.10729166875 0.7244140625 0.12291666875 0.7244140625 0.15416666874999999 0.73515625 0.1767361125 0.739257809375 0.17916666666666667 0.748632821875 0.17916666666666667 0.7537109375 0.17847222291666667 0.7634765625 0.16458333541666667 0.7640625 0.16145833541666665 0.7640625 0.13194444583333334 0.7615234375 0.12291666875 0.75078125 0.10729166875
0 0.694140625 0.090625 0.684375 0.09756944583333334 0.6794921875 0.10625 0.6775390625 0.11319444583333334 0.6775390625 0.13402777916666667 0.6814453125 0.14791666666666667 0.6921875 0.16354166666666667 0.695703125 0.16666666666666666 0.6978515671875 0.16666666666666666 0.7048828125 0.16527777916666667 0.71171875 0.16006944583333332 0.7166015625 0.15138888958333335 0.7171875 0.14930555625 0.7171875 0.11726641458333333 0.7078125 0.09756944583333334 0.694140625 0.090625
0 0.653125 0.1142361125 0.639453125 0.1142361125 0.63359375 0.11770833541666666 0.6228515625 0.14027777916666664 0.6228515625 0.16805555625000002 0.6248046875 0.17500000208333333 0.6407421859375 0.2 0.649023446875 0.2 0.6541015625 0.19930555625000002 0.6609375 0.19409722291666667 0.6677734375 0.18194444583333333 0.6703125 0.17291666666666666 0.6703125 0.14087752708333331 0.6609375 0.12118055624999999 0.653125 0.1142361125
0 0.4619140625 0.5697916645833333 0.48046875 0.5437499979166667 0.48828125 0.5159722208333333 0.490234375 0.48125 0.482421875 0.4395833333333333 0.4716796875 0.41701388749999996 0.4521484375 0.39965277708333335 0.4345703125 0.39618055416666664 0.4326171875 0.39965277708333335 0.4208984375 0.403125 0.4033203125 0.42048611041666667 0.39453125 0.43611111041666667 0.384765625 0.47430555416666664 0.384765625 0.48125 0.38671875 0.48472222083333333 0.38671875 0.5055555541666666 0.390625 0.5263888875 0.4033203125 0.5559027770833332 0.4111328125 0.56631944375 0.429199221875 0.5791666666666667 0.4406249953125 0.5791666666666667 0.447265625 0.5784722229166667 0.4619140625 0.5697916645833333
0 0.4267578125 0.3503472208333333 0.4169921875 0.3399305541666667 0.4033203125 0.33645833333333336 0.4013671875 0.3329861104166667 0.3837890625 0.3399305541666667 0.36328125 0.36944444375 0.357421875 0.39027777708333333 0.35625 0.4111111104166667 0.35625 0.42916666666666664 0.359375 0.44583333333333336 0.3720703125 0.4753472208333333 0.37705078125 0.48125 0.38320312031250003 0.48125 0.38671875 0.4805555541666667 0.38671875 0.4666666666666667 0.39453125 0.4354166666666667 0.4052734375 0.41631944375 0.4130859375 0.40590277708333333 0.4306640625 0.3954861104166667 0.440625 0.3938762625 0.440625 0.38402777708333335 0.435546875 0.3659722208333333 0.4267578125 0.3503472208333333
0 0.444140625 0.28993055624999997 0.4421875 0.30034722291666666 0.4421875 0.3385416666666667 0.448046875 0.359375 0.4685546875 0.3854166666666667 0.491015625 0.38368055624999997 0.5056640625 0.36805555624999997 0.514453125 0.3489583333333333 0.518359375 0.33506944375000003 0.518359375 0.3177083333333333 0.51875 0.3170138895833333 0.51875 0.31145833333333334 0.518359375 0.3107638895833333 0.518359375 0.296875 0.50859375 0.26909722291666666 0.4998046875 0.25694444375 0.4880859375 0.25 0.4724609375 0.25 0.4568359375 0.26388888958333334 0.444140625 0.28993055624999997
0 0.31328125 0.325 0.3025390625 0.3059027791666667 0.2947265625 0.2989583333333333 0.2791015625 0.2989583333333333 0.2673828125 0.309375 0.256640625 0.3319444458333333 0.2546875 0.3423611125 0.2546875 0.38055555625 0.2634765625 0.40659722291666667 0.2766927078125 0.4166666666666667 0.28046875781249997 0.4166666666666667 0.29375 0.4152777791666667 0.3044921875 0.40659722291666667 0.309375 0.3944444458333333 0.315234375 0.3736111125 0.315234375 0.35625 0.315625 0.3548611104166667 0.315625 0.3465277770833334 0.315234375 0.3458333333333333 0.31328125 0.325
0 0.314453125 0.15104166666666666 0.3109375 0.16354166666666667 0.3109375 0.18368055625000002 0.3125 0.18923611041666666 0.3246310765625 0.20416666666666666 0.3271484359375 0.20416666666666666 0.330078125 0.203125 0.3349609375 0.20138888958333334 0.3453125 0.17964015 0.3453125 0.15659722083333336 0.34375 0.15104166666666666 0.33546316875 0.13958333333333334 0.3244140625 0.13958333333333334 0.3212890625 0.14236111041666666 0.314453125 0.15104166666666666
0 0.3861328125 0.1 0.3763671875 0.09652777916666667 0.363671875 0.11215277916666667 0.359765625 0.12256944583333333 0.359765625 0.1329861125 0.3705078125 0.15555555625 0.3736328109375 0.15833333333333333 0.3787109421875 0.15833333333333333 0.38515625 0.15729166666666666 0.39375 0.13895833333333335 0.39375 0.11145833333333334 0.39296875 0.10868055624999999 0.3861328125 0.1
0 0.4388671875 0.11111111041666667 0.4212890625 0.11805555625 0.410546875 0.140625 0.410546875 0.16145833333333334 0.414453125 0.17534722291666668 0.4271484375 0.19097222291666668 0.43203125 0.18923611041666666 0.4427734375 0.18402777708333332 0.44765625 0.17534722291666668 0.44765625 0.16840277708333332 0.453125 0.152199075 0.453125 0.146875 0.4515625 0.13020833333333334 0.4388671875 0.11111111041666667
1 0.3658203125 0.0970486125 0.35703125 0.11614583333333334 0.35703125 0.125 0.36123046875 0.125 0.3638671875 0.1109375 0.3736328125 0.10052083333333334 0.3796875 0.09898313541666666 0.3796875 0.09818948541666667 0.3736328125 0.09357638958333332 0.3658203125 0.0970486125
0 0.520703125 0.05520833541666667 0.508984375 0.05520833541666667 0.5021484375 0.06388888958333333 0.5001953125 0.07430555624999999 0.5060546875 0.08472222291666666 0.5080078125 0.10902777916666667 0.5099609375 0.1125 0.5216796875 0.1125 0.524609375 0.11076388958333333 0.5314453125 0.09513888958333333 0.5328125 0.08784722291666666 0.5328125 0.08055555625 0.5314453125 0.07083333333333333 0.520703125 0.05520833541666667