1 0.5935546875 0.4326388895833333 0.575 0.3996527791666667 0.559375 0.3857638895833333 0.537890625 0.38229166666666664 0.51640625 0.39618055625 0.510546875 0.403125 0.5017578125 0.42222222291666667 0.4919921875 0.46041666666666664 0.4919921875 0.49166666666666664 0.4978515625 0.5194444458333334 0.5125 0.5489583333333333 0.5375279015625 0.5729166666666666 0.541601571875 0.5729166666666666 0.5564453125 0.5715277791666666 0.5671875 0.5663194458333333 0.576953125 0.5559027791666666 0.5935546875 0.5194444458333334 0.5974609375 0.5055555562499999 0.5974609375 0.48472222291666667 0.5984375 0.48298611041666667 0.5984375 0.465625 0.5974609375 0.45 0.5935546875 0.4326388895833333
1 0.4212890625 0.10069444375 0.4095703125 0.10763888958333333 0.406640625 0.11284722291666666 0.402734375 0.12326388958333333 0.40078125 0.140625 0.4076171875 0.16319444375 0.4154296875 0.17013888958333334 0.426171875 0.16840277708333332 0.4310546875 0.16666666666666666 0.437890625 0.15451388958333334 0.4390625 0.15034722291666666 0.4390625 0.12147817500000001 0.4330078125 0.10763888958333333 0.4212890625 0.10069444375
1 0.483203125 0.1326388875 0.465625 0.1326388875 0.459765625 0.13611111041666665 0.4529296875 0.14479166666666668 0.4470703125 0.16215277708333334 0.4470703125 0.18645833333333334 0.4509765625 0.20034722083333334 0.4625434046875 0.21458333333333332 0.4769531171875 0.21458333333333332 0.4802734375 0.21423611041666665 0.4890625 0.20555555416666668 0.4953125 0.18809523749999998 0.4953125 0.15364583333333334 0.4919921875 0.14479166666666668 0.483203125 0.1326388875
1 0.3716796875 0.09340277916666667 0.3658203125 0.096875 0.358984375 0.10902777916666667 0.35703125 0.12986111250000001 0.3638671875 0.1454861125 0.3666015625 0.14791666666666667 0.3730468703125 0.14791666666666667 0.3765625 0.14722222083333333 0.386328125 0.13333333333333333 0.3875 0.12083333333333333 0.3875 0.11071428541666667 0.3814453125 0.096875 0.3716796875 0.09340277916666667
1 0.4951171875 0.12916666666666668 0.505859375 0.10659722083333333 0.505859375 0.09618055416666667 0.501953125 0.07881944375000001 0.4951171875 0.0701388875 0.4814453125 0.0701388875 0.474609375 0.07881944375000001 0.470703125 0.09270833333333334 0.47265625 0.11354166666666667 0.4814453125 0.12916666666666668 0.4837890640625 0.13125 0.4876953109375 0.13125 0.48828125 0.13090277708333334 0.4951171875 0.12916666666666668
1 0.591015625 0.065625 0.58515625 0.06215277708333333 0.5734375 0.065625 0.5666015625 0.07777777708333335 0.5646484375 0.10208333333333333 0.575390625 0.12465277708333335 0.578125 0.12708333333333333 0.5857421828125 0.12708333333333333 0.5900390625 0.1263888875 0.5998046875 0.1125 0.6015625 0.10624999791666667 0.6015625 0.08402777708333334 0.5998046875 0.07777777708333335 0.591015625 0.065625
1 0.5521484375 0.05173611041666667 0.543359375 0.0638888875 0.54140625 0.08472222083333333 0.5453125 0.09861111041666668 0.5513281250000001 0.10625 0.55976561875 0.10625 0.56484375 0.10555555416666666 0.56484375 0.08819444375 0.571875 0.06631944375 0.571875 0.06249999791666667 0.5658203125 0.05173611041666667 0.5521484375 0.05173611041666667
1 0.6669921875 0.05173611041666667 0.6572265625 0.05173611041666667 0.6484375 0.0638888875 0.646875 0.07222222083333334 0.646875 0.07546296250000001 0.6494140625 0.08298611041666668 0.6611328125 0.07604166666666666 0.6728515625 0.08645833333333333 0.6763671875 0.09583333333333334 0.6796874984375 0.09583333333333334 0.68125 0.09527777708333333 0.68125 0.07668650625 0.6748046875 0.05868055416666666 0.6669921875 0.05173611041666667
1 0.666796875 0.07916666666666666 0.6609375 0.07569444583333333 0.658984375 0.07916666666666666 0.653125 0.07916666666666666 0.6443359375 0.09131944583333333 0.6404296875 0.10868055624999999 0.643359375 0.11388888958333333 0.651171875 0.1173611125 0.6619140625 0.13645833333333332 0.6619140625 0.14340277916666666 0.664453125 0.14791666666666667 0.6667968765625 0.14791666666666667 0.6697265625 0.146875 0.6755859375 0.13993055625 0.6736328125 0.11909722291666666 0.6765625 0.11128472291666666 0.6765625 0.09565972291666666 0.6736328125 0.08784722291666666 0.666796875 0.07916666666666666
1 0.7375 0.0701388875 0.72578125 0.07361111041666667 0.7189453125 0.08923611041666667 0.7189453125 0.103125 0.72578125 0.12222222083333333 0.7342447937500001 0.13125 0.739453121875 0.13125 0.7404296875 0.13090277708333334 0.7501953125 0.12048611041666667 0.7515625 0.115625 0.7515625 0.09409722083333333 0.7501953125 0.08923611041666667 0.7375 0.0701388875
1 0.8197265625 0.13506944375 0.8080078125 0.128125 0.7953125 0.14027777708333333 0.79140625 0.15416666666666667 0.79140625 0.16805555416666668 0.7953125 0.18541666666666667 0.8060546875 0.20451388750000002 0.8080078140625 0.20625 0.81875 0.20625 0.8296875 0.19004629583333335 0.8296875 0.15833333333333333 0.8265625 0.14722222083333333 0.8197265625 0.13506944375
1 0.9849609375 0.4822916666666667 0.972265625 0.5048611104166667 0.964453125 0.5395833333333333 0.964453125 0.58819444375 0.972265625 0.6263888875 0.9803013390625 0.6375 0.98867186875 0.6375 0.99375 0.6368055541666667 0.9984375 0.6340277770833332 0.9984375 0.47881944375 0.9888671875 0.47881944375 0.9849609375 0.4822916666666667
0 0.92265625 0.19791666666666666 0.908984375 0.19444444375 0.9021484375 0.20659722291666668 0.9001953125 0.21701388958333334 0.9001953125 0.24131944375 0.908984375 0.2673611104166667 0.91484375 0.27430555624999997 0.9197265625 0.27256944375000003 0.9216796875 0.25173611041666666 0.9265625 0.23958333333333334 0.9328125 0.23482142916666668 0.9328125 0.221875 0.9294921875 0.21006944375 0.92265625 0.19791666666666666
0 0.840234375 0.096875 0.83046875 0.10034722083333333 0.8255859375 0.1125 0.8255859375 0.12986111041666668 0.8294921875 0.14375 0.8386997765625 0.15416666666666667 0.8490234375 0.15416666666666667 0.8529296875 0.15069444375 0.8529296875 0.14027777708333333 0.8546875 0.13715277708333332 0.8546875 0.13472222083333335 0.8529296875 0.11597222083333333 0.840234375 0.096875
0 0.727734375 0.12083333333333333 0.723828125 0.1173611125 0.70625 0.1173611125 0.6984375 0.12430555624999999 0.69375 0.13597222291666666 0.69375 0.16810185208333334 0.708203125 0.19722222291666666 0.7113281234375 0.2 0.7164062546875 0.2 0.7228515625 0.19895833333333332 0.7296875 0.19375 0.7365234375 0.18159722291666666 0.7375 0.178125 0.7375 0.14340277708333332 0.7345703125 0.1329861125 0.727734375 0.12083333333333333
0 0.6869140625 0.0939236125 0.6830078125 0.09739583333333333 0.678125 0.10607638958333333 0.67421875 0.1234375 0.678125 0.1477430541666667 0.6849609375 0.15989583333333332 0.69111328125 0.16458333333333333 0.69208984375 0.16458333333333333 0.69375 0.16163194583333332 0.69375 0.1373263875 0.695703125 0.13038194583333335 0.7125 0.1137924375 0.7125 0.11184561875 0.7005859375 0.0939236125 0.6869140625 0.0939236125
0 0.651171875 0.11805555625 0.6375 0.11111111041666667 0.62578125 0.11805555625 0.6169921875 0.13368055625 0.6150390625 0.140625 0.6150390625 0.16493055625 0.6189453125 0.17881944375 0.62578125 0.19097222291666668 0.6375 0.20138888958333334 0.6423828125 0.19965277708333332 0.64921875 0.19791666666666666 0.6599609375 0.18229166666666666 0.6625 0.17326388750000002 0.6625 0.14027777708333333 0.6619140625 0.13715277708333332 0.651171875 0.11805555625
0 0.524609375 0.05868055625 0.5109375 0.05520833541666667 0.503125 0.062152779166666665 0.5001953125 0.07430555624999999 0.5060546875 0.09166666666666666 0.5060546875 0.10555555624999999 0.5115234359375 0.1125 0.5197265625 0.1125 0.524609375 0.11076388958333333 0.5294921875 0.10208333333333333 0.5328125 0.084375 0.5328125 0.078125 0.5314453125 0.07083333333333333 0.524609375 0.05868055625
0 0.5248046875 0.2576388875 0.5111328125 0.24722222083333334 0.4935546875 0.24722222083333334 0.4798828125 0.2576388875 0.4671875 0.28368055416666665 0.46328125 0.30104166666666665 0.46328125 0.32881944375 0.469140625 0.353125 0.4779296875 0.36875 0.4937500015625 0.38125 0.5087890546875 0.38125 0.512109375 0.38090277708333337 0.5228515625 0.37222222083333334 0.535546875 0.34965277708333337 0.540625 0.3315972208333333 0.540625 0.30081018333333337 0.535546875 0.2767361104166667 0.5248046875 0.2576388875
0 0.370703125 0.32118055624999997 0.36484375 0.3420138895833333 0.36484375 0.3802083333333333 0.36875 0.39756944375000003 0.3775390625 0.4166666666666667 0.3873046875 0.4270833333333333 0.3921875 0.42534722291666666 0.4087890625 0.39930555624999997 0.4263671875 0.3888888895833333 0.4400390625 0.3888888895833333 0.4421875 0.38252314791666664 0.4421875 0.33784722291666663 0.441015625 0.33159722291666666 0.4263671875 0.3020833333333333 0.4126953125 0.2916666666666667 0.3951171875 0.2916666666666667 0.3814453125 0.3020833333333333 0.370703125 0.32118055624999997
0 0.3947265625 0.421875 0.3849609375 0.45659722291666666 0.3849609375 0.4739583333333333 0.3830078125 0.47743055624999997 0.3849609375 0.48090277708333334 0.3849609375 0.5017361104166667 0.3869140625 0.5052083333333334 0.3869140625 0.515625 0.3947265625 0.5364583333333334 0.409375 0.5590277770833333 0.4257812515625 0.56875 0.4335937453125 0.56875 0.4435546875 0.5677083333333334 0.454296875 0.5625 0.46796875 0.5486111104166667 0.4806640625 0.52256944375 0.4845703125 0.5052083333333334 0.4845703125 0.48784722291666666 0.4859375 0.48541666666666666 0.4859375 0.47604166666666664 0.4845703125 0.45659722291666666 0.4767578125 0.42534722291666666 0.458203125 0.39930555624999997 0.4417968734375 0.38958333333333334 0.42395833437499997 0.38958333333333334 0.409375 0.39930555624999997 0.3947265625 0.421875
0 0.3041015625 0.3086805541666667 0.2884765625 0.2947916666666667 0.2826171875 0.2947916666666667 0.2669921875 0.30520833333333336 0.258203125 0.32083333333333336 0.25234375 0.3451388875 0.25234375 0.3763888875 0.25625 0.3868055541666667 0.25625 0.39375 0.2650390625 0.409375 0.2708984375 0.41458333333333336 0.293359375 0.41458333333333336 0.2982421875 0.4128472208333333 0.30703125 0.40069444375 0.3140625 0.37569444375 0.3140625 0.33402777708333337 0.312890625 0.32777777708333333 0.3041015625 0.3086805541666667
0 0.244140625 0.30381944375000003 0.240625 0.31944444583333337 0.240625 0.35034722291666665 0.244140625 0.36284722291666666 0.2486328125 0.37083333333333335 0.2501953125 0.37083333333333335 0.251953125 0.3697916666666667 0.251953125 0.3489583333333333 0.2578125 0.32465277708333334 0.2724609375 0.3020833333333333 0.2900390625 0.2986111104166667 0.290625 0.29756944375 0.290625 0.29590277708333335 0.2861328125 0.28472222291666666 0.2751953125 0.275 0.2656250015625 0.275 0.2568359375 0.28125 0.244140625 0.30381944375000003
0 0.322265625 0.19930555625000002 0.326171875 0.18194444583333333 0.326171875 0.16458333541666667 0.3193359375 0.14895833541666667 0.3037109375 0.1454861125 0.291015625 0.17152777916666664 0.291015625 0.1923611125 0.29296875 0.19930555625000002 0.3010044625 0.21041666666666667 0.3082031328125 0.21041666666666667 0.3125 0.20972222291666667 0.322265625 0.19930555625000002
0 0.321875 0.1359375 0.308203125 0.1359375 0.3013671875 0.14461805625000002 0.30234375 0.14982638958333333 0.30625 0.14635416666666667 0.319921875 0.14982638958333333 0.3248046875 0.15850694375 0.3265380859375 0.17083333333333334 0.3289306640625 0.17083333333333334 0.3296875 0.16545138750000002 0.3296875 0.15329861041666665 0.3287109375 0.14809027708333333 0.321875 0.1359375