1 0.6044921875 0.04201388958333333 0.5947265625 0.04201388958333333 0.580078125 0.0611111125 0.5765625 0.08298611041666668 0.5765625 0.08634259166666666 0.58203125 0.09930555625 0.5900669640625 0.11041666666666666 0.599609378125 0.11041666666666666 0.60546875 0.10972222291666665 0.615234375 0.09583333333333334 0.61875 0.08333333541666667 0.61875 0.06723485 0.6083984375 0.0454861125 0.6044921875 0.04201388958333333
1 0.592578125 0.02812499791666667 0.580859375 0.02812499791666667 0.5701171875 0.043749997916666665 0.5681640625 0.05069444375 0.5681640625 0.07152777708333334 0.5748046875 0.08333333333333333 0.5755859359375 0.08333333333333333 0.5779296875 0.08194444375000001 0.5798828125 0.06111111041666666 0.590625 0.04548611041666666 0.5984375 0.04548611041666666 0.6 0.042708333333333334 0.6 0.037847220833333334 0.596484375 0.031597220833333335 0.592578125 0.02812499791666667
1 0.61484375 0.0236111125 0.601171875 0.0236111125 0.5982421875 0.03229166666666667 0.603125 0.04097222291666667 0.608984375 0.04444444583333333 0.6177734375 0.06006944583333333 0.6205729171875001 0.075 0.6218750015625 0.075 0.6236328125 0.07395833333333333 0.6265625 0.058333333333333334 0.6265625 0.04878472291666667 0.6236328125 0.03576388958333333 0.61484375 0.0236111125
1 0.5734375 0.013715279166666667 0.5646484375 0.02586805625 0.5662841796875 0.0375 0.57373046875 0.0375 0.57734375 0.031076389583333332 0.59375 0.02592933125 0.59375 0.02559799375 0.58515625 0.013715279166666667 0.5734375 0.013715279166666667
1 0.553515625 0.018055554166666665 0.545703125 0.018055554166666665 0.537890625 0.025 0.5310546875 0.04409722083333333 0.5330078125 0.06145833333333333 0.5447798296874999 0.07916666666666666 0.55585936875 0.07916666666666666 0.5583984375 0.07881944375000001 0.5662109375 0.06493055416666667 0.5671875 0.05972222083333333 0.5671875 0.0484375 0.5642578125 0.030208333333333334 0.553515625 0.018055554166666665
1 0.516796875 0.01788194375 0.505078125 0.021354166666666667 0.49921875 0.028298610416666665 0.4943359375 0.04045138958333334 0.4962890625 0.06475694375 0.505078125 0.08038194375 0.50849609375 0.08125 0.513704428125 0.08125 0.52265625 0.07690972291666666 0.53125 0.05823688333333333 0.53125 0.039756945833333335 0.5294921875 0.03350694375 0.516796875 0.01788194375
1 0.5025390625 0.007118054166666667 0.491796875 0.022743054166666665 0.48984375 0.03663194375 0.491796875 0.0435763875 0.49375 0.0435763875 0.5025390625 0.024479166666666666 0.5064453125 0.02100694375 0.5203125 0.019363425 0.5203125 0.01788194375 0.5162109375 0.010590277083333332 0.5025390625 0.007118054166666667
1 0.5380859375 0.025 0.552734375 0.01631944375 0.5458984375 0.0076388875 0.5361328125 0.0076388875 0.5283203125 0.014583333333333334 0.525390625 0.026736110416666667 0.5314453125 0.0375 0.5330078125 0.0375 0.533203125 0.03715277708333333 0.5380859375 0.025
1 0.6341796875 0.00034722083333333335 0.629296875 0.009027779166666666 0.6302734375 0.021180554166666664 0.6380859375 0.021180554166666664 0.648046878125 0.027083333333333334 0.6539062437500001 0.027083333333333334 0.65625 0.02648809375 0.65625 0.018353175 0.6498046875 0.00034722083333333335 0.6341796875 0.00034722083333333335
1 0.7080078125 0.013194445833333334 0.7001953125 0.013194445833333334 0.69375 0.02465277916666667 0.69375 0.032986112500000005 0.6943359375 0.04444444583333333 0.7107421859375 0.05416666666666667 0.714648440625 0.05416666666666667 0.71875 0.053125 0.7203125 0.0392361125 0.7203125 0.034375 0.71875 0.028819445833333335 0.7080078125 0.013194445833333334
1 0.7408203125 0.030902777083333333 0.7349609375 0.034375 0.730078125 0.04305555416666666 0.7310546875 0.065625 0.746875 0.075 0.7527343765625 0.075 0.75546875 0.07430555624999999 0.75625 0.07291666666666667 0.75625 0.05079365 0.7505859375 0.037847220833333334 0.7408203125 0.030902777083333333
0 0.9697265625 0.21944444375 0.9658203125 0.21597222083333334 0.9560546875 0.21597222083333334 0.953125 0.22118055416666668 0.9515625 0.23506944375 0.9515625 0.23923611041666665 0.9541015625 0.24375 0.9638671875 0.24027777708333334 0.9677734375 0.24375 0.973046875 0.25625 0.9759765609375 0.25625 0.9765625 0.2559027770833333 0.978125 0.24756944374999998 0.978125 0.24340277708333333 0.9765625 0.23506944375 0.9697265625 0.21944444375
0 0.9734375 0.25069444375 0.96171875 0.23680555416666668 0.9509765625 0.24201388750000002 0.9509765625 0.24895833333333334 0.955859375 0.2576388875 0.9722656265625 0.27708333333333335 0.975 0.27708333333333335 0.975 0.2534722208333334 0.9734375 0.25069444375