0 0.140625 0.3697916666666667 0.13671875 0.38715277708333334 0.13671875 0.39756944375000003 0.146484375 0.41840277708333334 0.1484375 0.4427083333333333 0.162109375 0.4427083333333333 0.1689453125 0.4375 0.17578125 0.421875 0.177734375 0.4114583333333333 0.17578125 0.3732638895833333 0.171875 0.36284722291666666 0.1650390625 0.3541666666666667 0.1513671875 0.3541666666666667 0.140625 0.3697916666666667
0 0.2939453125 0.4375 0.2744140625 0.4375 0.2626953125 0.44444444375000003 0.24609375 0.4739583333333333 0.240234375 0.5052083333333334 0.240234375 0.5295138895833333 0.2421875 0.5329861104166667 0.2421875 0.546875 0.24609375 0.5572916666666666 0.24609375 0.5642361104166667 0.2548828125 0.5833333333333334 0.2705078125 0.6006944437499999 0.2822265625 0.6076388895833333 0.29296875 0.6059027770833333 0.3076171875 0.5972222229166667 0.3193359375 0.5798611104166667 0.32421875 0.5677083333333334 0.330078125 0.5434027770833333 0.330078125 0.5017361104166667 0.322265625 0.4739583333333333 0.3037109375 0.44444444375000003 0.2939453125 0.4375
0 0.3681640625 0.3611111104166667 0.3525390625 0.35069444375000003 0.3408203125 0.35069444375000003 0.3291015625 0.3576388895833333 0.3125 0.38368055624999997 0.3046875 0.41840277708333334 0.3046875 0.4392361104166667 0.3125 0.44965277708333334 0.3310546875 0.4895833333333333 0.3427734375 0.5034722229166666 0.3515625 0.5017361104166667 0.3623046875 0.49652777708333334 0.3779296875 0.47222222291666666 0.3828125 0.46006944375000003 0.384765625 0.4392361104166667 0.38671875 0.4357638895833333 0.38671875 0.4010416666666667 0.37890625 0.3767361104166667 0.3681640625 0.3611111104166667
0 0.5126953125 0.33680555624999997 0.4970703125 0.33680555624999997 0.4775390625 0.35069444375000003 0.462890625 0.3767361104166667 0.455078125 0.4045138895833333 0.455078125 0.44618055624999997 0.4609375 0.4670138895833333 0.4697265625 0.4861111104166667 0.4931640625 0.50694444375 0.4990234375 0.5104166666666666 0.505859375 0.50868055625 0.5146484375 0.50694444375 0.5283203125 0.49652777708333334 0.54296875 0.4704861104166667 0.55078125 0.4427083333333333 0.55078125 0.4010416666666667 0.544921875 0.3767361104166667 0.5322265625 0.3541666666666667 0.5126953125 0.33680555624999997
0 0.5322265625 0.20486111041666666 0.5185546875 0.21875 0.51171875 0.23784722291666668 0.51171875 0.2760416666666667 0.5263671875 0.30555555624999997 0.5341796875 0.3125 0.544921875 0.3142361104166667 0.5556640625 0.30902777708333334 0.56640625 0.29340277708333334 0.57421875 0.26909722291666666 0.57421875 0.24479166666666666 0.568359375 0.22395833333333334 0.5615234375 0.21180555625 0.5537109375 0.20486111041666666 0.5322265625 0.20486111041666666
0 0.6474609375 0.15972222291666668 0.6337890625 0.16319444375 0.625 0.17534722291666668 0.62109375 0.18923611041666666 0.62109375 0.19965277708333332 0.619140625 0.203125 0.62109375 0.22048611041666666 0.625 0.23090277708333332 0.6357421875 0.24652777708333332 0.6416015625 0.25 0.654296875 0.24826388958333334 0.6611328125 0.24652777708333332 0.666015625 0.23784722291666668 0.671875 0.21701388958333334 0.669921875 0.18923611041666666 0.66796875 0.18229166666666666 0.6552734375 0.16319444375 0.6494140625 0.16319444375 0.6474609375 0.15972222291666668
0 0.091796875 0.8211805562500001 0.08984375 0.8038194437499999 0.0859375 0.796875 0.080078125 0.7725694437499999 0.0751953125 0.7638888895833333 0.0615234375 0.7465277770833333 0.0439453125 0.7430555562500001 0.0361328125 0.75 0.025390625 0.7760416666666666 0.02734375 0.7829861104166667 0.02734375 0.8350694437499999 0.029296875 0.8454861104166667 0.0390625 0.8663194437499999 0.041015625 0.8767361104166667 0.0556640625 0.90625 0.0712890625 0.9201388895833333 0.080078125 0.9184027770833333 0.0888671875 0.9097222229166667 0.095703125 0.890625 0.095703125 0.8802083333333334 0.09765625 0.8767361104166667 0.09765625 0.8454861104166667 0.095703125 0.8420138895833333 0.095703125 0.8315972229166667 0.091796875 0.8211805562500001
1 0.845703125 0.4114583333333333 0.8349609375 0.3923611104166667 0.8193359375 0.38194444375000003 0.7998046875 0.38194444375000003 0.7861328125 0.3958333333333333 0.775390625 0.41840277708333334 0.76953125 0.4427083333333333 0.767578125 0.484375 0.7734375 0.515625 0.7841796875 0.5416666666666666 0.8037109375 0.5625 0.822265625 0.5607638895833333 0.8349609375 0.5520833333333334 0.84765625 0.5329861104166667 0.85546875 0.5017361104166667 0.85546875 0.4739583333333333 0.857421875 0.4704861104166667 0.85546875 0.4635416666666667 0.85546875 0.44618055624999997 0.845703125 0.4114583333333333
1 0.6591796875 0.30902777708333334 0.6455078125 0.2986111104166667 0.6220703125 0.3020833333333333 0.6103515625 0.3125 0.59765625 0.33506944375000003 0.591796875 0.36631944375000003 0.59375 0.39756944375000003 0.6015625 0.42534722291666666 0.6142578125 0.44444444375000003 0.6181640625 0.44444444375000003 0.6298828125 0.4583333333333333 0.646484375 0.45659722291666666 0.6611328125 0.44444444375000003 0.67578125 0.41493055624999997 0.6796875 0.4010416666666667 0.6796875 0.38368055624999997 0.681640625 0.3802083333333333 0.6796875 0.359375 0.671875 0.33159722291666666 0.6591796875 0.30902777708333334
1 0.8271484375 0.31597222291666666 0.8251953125 0.31944444375000003 0.8173828125 0.31944444375000003 0.8076171875 0.3298611104166667 0.794921875 0.36284722291666666 0.794921875 0.38368055624999997 0.8154296875 0.37847222291666666 0.8349609375 0.3923611104166667 0.84765625 0.41493055624999997 0.853515625 0.4322916666666667 0.853515625 0.4392361104166667 0.8564453125 0.44444444375000003 0.859375 0.4427083333333333 0.8671875 0.4114583333333333 0.8671875 0.38368055624999997 0.865234375 0.3802083333333333 0.86328125 0.359375 0.859375 0.3489583333333333 0.8466796875 0.3263888895833333 0.8388671875 0.31944444375000003 0.8271484375 0.31597222291666666
1 0.4404296875 0.22222222291666668 0.43359375 0.234375 0.427734375 0.2552083333333333 0.427734375 0.2795138895833333 0.431640625 0.29340277708333334 0.4404296875 0.30902777708333334 0.4501953125 0.31597222291666666 0.466796875 0.3142361104166667 0.482421875 0.28993055624999997 0.486328125 0.2760416666666667 0.486328125 0.25173611041666666 0.482421875 0.234375 0.4755859375 0.22222222291666668 0.4677734375 0.21527777708333332 0.4541015625 0.21180555625 0.4404296875 0.22222222291666668
1 0.2958984375 0.35069444375000003 0.2822265625 0.35069444375000003 0.2666015625 0.3645833333333333 0.2578125 0.38368055624999997 0.25390625 0.4045138895833333 0.25390625 0.4357638895833333 0.2587890625 0.4479166666666667 0.26171875 0.44618055624999997 0.2724609375 0.4375 0.2822265625 0.4375 0.2841796875 0.43402777708333334 0.3037109375 0.44097222291666666 0.3046875 0.4079861104166667 0.31640625 0.3732638895833333 0.3095703125 0.3611111104166667 0.2958984375 0.35069444375000003
1 0.1181640625 0.40277777708333334 0.109375 0.41840277708333334 0.10546875 0.4392361104166667 0.10546875 0.453125 0.111328125 0.47743055624999997 0.1162109375 0.4861111104166667 0.1259765625 0.49305555624999997 0.1328125 0.49131944375000003 0.1416015625 0.4826388895833333 0.146484375 0.4704861104166667 0.1484375 0.4392361104166667 0.146484375 0.4357638895833333 0.146484375 0.41840277708333334 0.1337890625 0.3958333333333333 0.1259765625 0.3958333333333333 0.1181640625 0.40277777708333334
1 0.064453125 0.4982638895833333 0.064453125 0.5121527770833334 0.0625 0.515625 0.064453125 0.5190972229166666 0.064453125 0.5399305562500001 0.068359375 0.5538194437499999 0.0751953125 0.5659722229166667 0.0791015625 0.5694444437499999 0.09375 0.5677083333333334 0.103515625 0.546875 0.10546875 0.50868055625 0.099609375 0.484375 0.0927734375 0.47222222291666666 0.0888671875 0.46875 0.0791015625 0.46875 0.068359375 0.484375 0.064453125 0.4982638895833333
1 0.2177734375 0.34722222291666666 0.2021484375 0.35069444375000003 0.19140625 0.36631944375000003 0.185546875 0.38715277708333334 0.185546875 0.41493055624999997 0.1884765625 0.4201388895833333 0.189453125 0.41840277708333334 0.2060546875 0.3854166666666667 0.2119140625 0.38194444375000003 0.2255859375 0.38194444375000003 0.2373046875 0.3923611104166667 0.23828125 0.38368055624999997 0.236328125 0.3732638895833333 0.2255859375 0.3541666666666667 0.2177734375 0.34722222291666666
1 0.181640625 0.3385416666666667 0.17578125 0.36284722291666666 0.17578125 0.3802083333333333 0.177734375 0.38368055624999997 0.177734375 0.4010416666666667 0.1806640625 0.40972222291666666 0.18359375 0.4079861104166667 0.189453125 0.3697916666666667 0.2021484375 0.35069444375000003 0.21875 0.3454861104166667 0.216796875 0.33506944375000003 0.2119140625 0.3263888895833333 0.2080078125 0.3229166666666667 0.1923828125 0.3229166666666667 0.181640625 0.3385416666666667
0 0.2119140625 0.38194444375000003 0.2001953125 0.3923611104166667 0.19140625 0.4114583333333333 0.1875 0.42534722291666666 0.185546875 0.453125 0.193359375 0.48784722291666666 0.2021484375 0.5034722229166666 0.2119140625 0.5104166666666666 0.2265625 0.50868055625 0.2333984375 0.5034722229166666 0.2421875 0.48784722291666666 0.248046875 0.4670138895833333 0.25 0.4357638895833333 0.244140625 0.4079861104166667 0.2333984375 0.3888888895833333 0.2275390625 0.38194444375000003 0.2119140625 0.38194444375000003
0 0.08203125 0.7829861104166667 0.08203125 0.7760416666666666 0.0654296875 0.75 0.0576171875 0.7430555562500001 0.0478515625 0.7430555562500001 0.04296875 0.7309027770833333 0.0322265625 0.7152777770833333 0.0263671875 0.7118055562500001 0.0185546875 0.7152777770833333 0.009765625 0.7309027770833333 0.005859375 0.7482638895833333 0.005859375 0.7899305562500001 0.013671875 0.8246527770833333 0.0283203125 0.8541666666666666 0.0390625 0.8663194437499999 0.041015625 0.8767361104166667 0.0576171875 0.9097222229166667 0.0712890625 0.9201388895833333 0.078125 0.9184027770833333 0.0869140625 0.9131944437499999 0.09375 0.9010416666666666 0.09765625 0.8802083333333334 0.09765625 0.8420138895833333 0.095703125 0.8385416666666666 0.095703125 0.828125 0.0859375 0.7899305562500001 0.08203125 0.7829861104166667
1 0.3349609375 0.24305555625 0.3271484375 0.25 0.3203125 0.26215277708333334 0.314453125 0.2829861104166667 0.314453125 0.296875 0.31640625 0.30034722291666666 0.31640625 0.3107638895833333 0.3232421875 0.3298611104166667 0.3349609375 0.34027777708333334 0.34375 0.3420138895833333 0.3505859375 0.34027777708333334 0.36328125 0.32465277708333334 0.36328125 0.3177083333333333 0.369140625 0.30034722291666666 0.369140625 0.2760416666666667 0.3603515625 0.25 0.3505859375 0.24305555625 0.3349609375 0.24305555625
1 0.0146484375 0.5659722229166667 0.005859375 0.5850694437499999 0.005859375 0.6197916666666666 0.0166015625 0.6284722229166667 0.0234375 0.6475694437499999 0.025390625 0.6475694437499999 0.029296875 0.6336805562500001 0.0390625 0.6197916666666666 0.0390625 0.5989583333333334 0.03515625 0.5885416666666666 0.03515625 0.5815972229166667 0.0263671875 0.5659722229166667 0.0185546875 0.5625 0.0146484375 0.5659722229166667
1 0.0361328125 0.6215277770833333 0.029296875 0.6336805562500001 0.029296875 0.640625 0.025390625 0.6510416666666666 0.025390625 0.671875 0.0234375 0.6753472229166667 0.025390625 0.7065972229166667 0.0341796875 0.7152777770833333 0.0478515625 0.7395833333333334 0.0595703125 0.7430555562500001 0.0615234375 0.7465277770833333 0.06640625 0.7447916666666666 0.072265625 0.734375 0.072265625 0.7239583333333334 0.07421875 0.7204861104166667 0.07421875 0.6996527770833333 0.068359375 0.6753472229166667 0.068359375 0.6649305562500001 0.0498046875 0.625 0.0361328125 0.6215277770833333
0 0.01171875 0.7239583333333334 0.0234375 0.7100694437499999 0.0234375 0.6475694437499999 0.017578125 0.6302083333333334 0.0107421875 0.6215277770833333 0.0009765625 0.6215277770833333 0 0.7135416666666666 0.0068359375 0.7256944437499999 0.01171875 0.7239583333333334
0 0.0234375 0.515625 0.0234375 0.5329861104166667 0.02734375 0.5503472229166667 0.0361328125 0.5659722229166667 0.044921875 0.5642361104166667 0.0478515625 0.5625 0.052734375 0.5503472229166667 0.0546875 0.515625 0.05078125 0.4982638895833333 0.0439453125 0.4861111104166667 0.0380859375 0.4826388895833333 0.02734375 0.4982638895833333 0.0234375 0.515625
0 0.1201171875 0.38194444375000003 0.107421875 0.39756944375000003 0.103515625 0.4114583333333333 0.103515625 0.4427083333333333 0.10546875 0.4427083333333333 0.107421875 0.4392361104166667 0.107421875 0.42534722291666666 0.111328125 0.41493055624999997 0.1220703125 0.39930555624999997 0.1337890625 0.39930555624999997 0.1337890625 0.3888888895833333 0.1259765625 0.38194444375000003 0.1201171875 0.38194444375000003