1 0.2060546875 0.7850694458333333 0.228515625 0.7451388895833334 0.23046875 0.7173611125 0.232421875 0.7138888895833334 0.23046875 0.6722222229166667 0.228515625 0.66875 0.228515625 0.6583333333333333 0.220703125 0.6340277791666666 0.2060546875 0.6079861125 0.1845703125 0.590625 0.1689453125 0.590625 0.1630859375 0.5975694458333333 0.1591796875 0.5975694458333333 0.1513671875 0.6079861125 0.142578125 0.6270833333333333 0.13671875 0.6479166666666667 0.13671875 0.6583333333333333 0.134765625 0.66180555625 0.13671875 0.7173611125 0.1484375 0.7590277791666666 0.1650390625 0.7850694458333333 0.17617187343750002 0.7916666666666666 0.1796875078125 0.7916666666666666 0.19140625 0.7902777791666666 0.2060546875 0.7850694458333333
1 0.2666015625 0.26423611041666667 0.2568359375 0.25729166458333336 0.2490234375 0.25729166458333336 0.2392578125 0.26423611041666667 0.23046875 0.27986111041666667 0.225 0.3025462958333333 0.225 0.3263888895833333 0.228515625 0.33888888749999996 0.23125 0.34375 0.2320312484375 0.34375 0.234375 0.34236111041666667 0.23828125 0.32152777708333335 0.2470703125 0.30243055416666664 0.2587890625 0.29201388749999996 0.275 0.2903186270833333 0.275 0.2875 0.2734375 0.27638888749999996 0.2666015625 0.26423611041666667
1 0.485546875 0.23576388958333333 0.469921875 0.22187500208333333 0.45625 0.22187500208333333 0.442578125 0.23229166874999999 0.4279296875 0.25833333541666664 0.4240234375 0.3 0.4259765625 0.30347222291666665 0.4259765625 0.31388888958333333 0.4298828125 0.32083333333333336 0.4318359375 0.33125 0.440625 0.34340277916666667 0.4520182265625 0.35208333333333336 0.4728515625 0.35208333333333336 0.48359375 0.34340277916666667 0.4923828125 0.32777777916666667 0.5 0.3040798625 0.5 0.278125 0.4962890625 0.25833333541666664 0.485546875 0.23576388958333333
1 0.7056640625 0.3944444458333333 0.6978515625 0.36666666666666664 0.68125 0.340625 0.66953125 0.33368055625 0.644140625 0.33368055625 0.6421875 0.3371527791666667 0.636328125 0.3371527791666667 0.628515625 0.34409722291666667 0.6099609375 0.38055555625 0.6060546875 0.4013888895833333 0.6060546875 0.4152777791666667 0.6041015625 0.41875 0.6060546875 0.4465277791666667 0.6177734375 0.48472222291666667 0.636328125 0.5107638895833333 0.648046875 0.5142361125 0.6494140625 0.5166666666666667 0.6599609421875 0.5166666666666667 0.6666015625 0.5159722229166667 0.687109375 0.5038194458333334 0.6978515625 0.48472222291666667 0.70625 0.4459027770833333 0.70625 0.40590277916666667 0.7056640625 0.4048611125 0.7056640625 0.3944444458333333
1 0.50703125 0.11527777708333334 0.501171875 0.11180555416666667 0.493359375 0.11180555416666667 0.48359375 0.11875 0.475 0.1374228375 0.475 0.1625 0.480859375 0.17291666666666666 0.4839843734375 0.17291666666666666 0.4845703125 0.17256944375 0.4953125 0.16388888750000002 0.516796875 0.16736111041666665 0.51875 0.16157407291666667 0.51875 0.134375 0.5177734375 0.13090277708333334 0.50703125 0.11527777708333334
0 0.4392578125 0.41840277708333334 0.4294921875 0.453125 0.4294921875 0.50868055625 0.4392578125 0.5434027770833333 0.451953125 0.5659722229166667 0.465625 0.5798611104166667 0.4734375 0.5798611104166667 0.475390625 0.5833333333333334 0.4958984375 0.5815972229166667 0.5046875 0.5798611104166667 0.5125 0.5694444437499999 0.522265625 0.5625 0.5349609375 0.5364583333333334 0.54375 0.49583333333333335 0.54375 0.4587673604166667 0.5369140625 0.42534722291666666 0.522265625 0.3958333333333333 0.494921875 0.375 0.479296875 0.375 0.4578125 0.3888888895833333 0.4392578125 0.41840277708333334
0 0.5669921875 0.3125 0.5474609375 0.2986111104166667 0.5240234375 0.3020833333333333 0.5064453125 0.31944444375000003 0.499609375 0.33159722291666666 0.495703125 0.3420138895833333 0.491796875 0.3732638895833333 0.4966796875 0.37847222291666666 0.5083984375 0.38194444375000003 0.5201171875 0.3923611104166667 0.534765625 0.41840277708333334 0.542578125 0.44618055624999997 0.54453125 0.4670138895833333 0.5474609375 0.47222222291666666 0.55234375 0.4704861104166667 0.5708984375 0.4548611104166667 0.585546875 0.42534722291666666 0.5890625 0.4097222208333333 0.5890625 0.36493055416666664 0.5796875 0.33159722291666666 0.5669921875 0.3125
0 0.503125 0.19444444375 0.497265625 0.20138888958333334 0.4865234375 0.22395833333333334 0.4865234375 0.23784722291666668 0.4943359375 0.25173611041666666 0.5001953125 0.2760416666666667 0.5001953125 0.30034722291666666 0.50703125 0.3125 0.5119140625 0.3107638895833333 0.53046875 0.2986111104166667 0.540234375 0.2986111104166667 0.5490234375 0.2829861104166667 0.5546875 0.2527777770833333 0.5546875 0.25034722083333333 0.5509765625 0.22395833333333334 0.5470703125 0.21354166666666666 0.534375 0.19444444375 0.524609375 0.1875 0.516796875 0.1875 0.51484375 0.19097222291666668 0.503125 0.19444444375
0 0.5845703125 0.10729166666666666 0.5689453125 0.10729166666666666 0.55625 0.12291666666666666 0.55234375 0.13680555416666668 0.55234375 0.15763888750000002 0.558203125 0.175 0.5657366078125 0.18541666666666667 0.585546875 0.18541666666666667 0.5953125 0.17152777708333333 0.5984375 0.16041666458333334 0.5984375 0.13402777708333333 0.5953125 0.12291666666666666 0.5845703125 0.10729166666666666
0 0.77265625 0.22881944375 0.7609375 0.21840277708333333 0.74921875 0.21840277708333333 0.735546875 0.22881944375 0.7267578125 0.24444444375 0.7208984375 0.26875 0.7208984375 0.28958333333333336 0.7306640625 0.3243055541666667 0.73359375 0.3260416666666667 0.74140625 0.34340277708333333 0.744140625 0.3458333333333333 0.7576171781250001 0.3458333333333333 0.7658203125 0.3451388875 0.77265625 0.34340277708333333 0.7853515625 0.32083333333333336 0.7890625 0.30763888749999996 0.7890625 0.26814236041666667 0.7814453125 0.24444444375 0.77265625 0.22881944375
0 0.42109375 0.15347222083333334 0.419140625 0.15694444375 0.409375 0.15694444375 0.40546875 0.16041666666666668 0.3966796875 0.17604166666666668 0.3927734375 0.19340277708333334 0.3927734375 0.20729166666666668 0.3966796875 0.228125 0.403515625 0.24027777708333334 0.4097656265625 0.24583333333333332 0.4136718734375 0.24583333333333332 0.4142578125 0.24548611041666665 0.4123046875 0.24201388750000002 0.4123046875 0.21770833333333334 0.4162109375 0.20034722083333334 0.423046875 0.18472222083333334 0.4375 0.17273148125 0.4375 0.1720833333333333 0.4328125 0.16041666666666668 0.42109375 0.15347222083333334
0 0.4134765625 0.1357638875 0.3958984375 0.1357638875 0.383203125 0.15486111041666667 0.379296875 0.17569444374999998 0.38125 0.18958333125000001 0.3894531265625 0.20416666666666666 0.391796871875 0.20416666666666666 0.39296875 0.20347222083333336 0.39296875 0.18958333125000001 0.396875 0.17569444374999998 0.4056640625 0.16006944374999998 0.4193359375 0.15659722083333336 0.421875 0.15208333125 0.421875 0.15041666458333333 0.4173828125 0.13923611041666667 0.4134765625 0.1357638875
0 0.23828125 0.32118055624999997 0.234375 0.33506944375000003 0.234375 0.3732638895833333 0.23828125 0.390625 0.2470703125 0.40625 0.2587890625 0.4166666666666667 0.26953125 0.41493055624999997 0.2822265625 0.40625 0.291015625 0.390625 0.296875 0.36631944375000003 0.296875 0.328125 0.29296875 0.3142361104166667 0.2822265625 0.2986111104166667 0.2744140625 0.2916666666666667 0.2587890625 0.2916666666666667 0.2509765625 0.2986111104166667 0.23828125 0.32118055624999997
0 0.2265625 0.2902777791666667 0.2216796875 0.28159722291666667 0.2080078125 0.278125 0.1962890625 0.28854166666666664 0.189453125 0.30416666666666664 0.1859375 0.3229166666666667 0.1859375 0.33958333333333335 0.1875 0.3423611125 0.1875 0.3527777791666667 0.1982421875 0.371875 0.2017578125 0.375 0.2042968796875 0.375 0.212890625 0.3736111125 0.2177734375 0.371875 0.228125 0.35347222291666663 0.228125 0.334375 0.224609375 0.325 0.2265625 0.2902777791666667
0 0.2837890625 0.17708333333333334 0.2740234375 0.18402777708333332 0.2671875 0.19618055625 0.26328125 0.21354166666666666 0.26328125 0.22395833333333334 0.2681640625 0.22916666666666666 0.2740234375 0.22916666666666666 0.2798828125 0.23611111041666666 0.2857421875 0.25 0.288671875 0.24826388958333334 0.2935546875 0.24652777708333332 0.300390625 0.23090277708333332 0.3015625 0.21215277708333333 0.3015625 0.19795524583333332 0.2935546875 0.18055555625 0.2837890625 0.17708333333333334
0 0.0392578125 0.5399305562500001 0.0333984375 0.5607638895833333 0.0333984375 0.5954861104166667 0.0353515625 0.5989583333333334 0.0353515625 0.609375 0.04609375 0.6388888895833333 0.04921875 0.6416666666666667 0.0566406203125 0.6416666666666667 0.0666015625 0.640625 0.06953125 0.6388888895833333 0.078125 0.62021605 0.078125 0.5668981479166667 0.0724609375 0.5434027770833333 0.063671875 0.5277777770833334 0.054296873437500004 0.525 0.05078125 0.525 0.04609375 0.5277777770833334 0.0392578125 0.5399305562500001