1 0.2978515625 1 0.2998046875 0.9965277770833333 0.3056640625 0.9965277770833333 0.3076171875 1 0.4453125 0.9982638895833333 0.44921875 0.9913194437499999 0.44921875 0.9427083333333334 0.447265625 0.9392361104166667 0.4453125 0.9184027770833333 0.435546875 0.8836805562500001 0.4296875 0.8697916666666666 0.4111328125 0.8402777770833333 0.3935546875 0.8194444437499999 0.3896484375 0.8194444437499999 0.3779296875 0.8090277770833333 0.3720703125 0.8090277770833333 0.3701171875 0.8055555562500001 0.3388671875 0.8055555562500001 0.3134765625 0.8194444437499999 0.2998046875 0.8368055562500001 0.2890625 0.8559027770833333 0.28125 0.8767361104166667 0.28125 0.8836805562500001 0.275390625 0.9045138895833333 0.2734375 0.9496527770833333 0.275390625 0.953125 0.27734375 0.9878472229166667 0.2822265625 0.9965277770833333 0.2880859375 1 0.2900390625 0.9965277770833333 0.2919921875 1 0.2978515625 1
1 0.4658203125 0.5138888895833333 0.4443359375 0.49652777708333334 0.4384765625 0.49652777708333334 0.4365234375 0.49305555624999997 0.4248046875 0.49652777708333334 0.4208984375 0.49305555624999997 0.4150390625 0.5 0.3974609375 0.50694444375 0.37890625 0.5329861104166667 0.365234375 0.5711805562500001 0.36328125 0.5954861104166667 0.361328125 0.5989583333333334 0.361328125 0.6267361104166667 0.36328125 0.6302083333333334 0.36328125 0.6440972229166667 0.373046875 0.6822916666666666 0.3857421875 0.7048611104166667 0.4130859375 0.7291666666666666 0.44140625 0.7274305562500001 0.4658203125 0.7118055562500001 0.484375 0.6822916666666666 0.494140625 0.6440972229166667 0.49609375 0.5920138895833333 0.4921875 0.5815972229166667 0.4921875 0.5711805562500001 0.48828125 0.5642361104166667 0.48828125 0.5572916666666666 0.48046875 0.5364583333333334 0.4658203125 0.5138888895833333
1 0.4560546875 0.37152777708333334 0.4404296875 0.38194444375000003 0.427734375 0.4010416666666667 0.419921875 0.42534722291666666 0.41796875 0.44618055624999997 0.416015625 0.44965277708333334 0.416015625 0.48784722291666666 0.4208984375 0.49652777708333334 0.4443359375 0.49652777708333334 0.4560546875 0.50694444375 0.4599609375 0.50694444375 0.4638671875 0.5138888895833333 0.4697265625 0.5173611104166667 0.4873046875 0.5555555562500001 0.49609375 0.5538194437499999 0.5048828125 0.5451388895833333 0.51953125 0.5190972229166666 0.525390625 0.4982638895833333 0.52734375 0.45659722291666666 0.525390625 0.453125 0.525390625 0.4392361104166667 0.517578125 0.4114583333333333 0.5029296875 0.3854166666666667 0.4873046875 0.37152777708333334 0.4560546875 0.37152777708333334
1 0.5869140625 0.22569444375 0.5810546875 0.22916666666666666 0.564453125 0.25173611041666666 0.55859375 0.27256944375000003 0.55859375 0.3107638895833333 0.5703125 0.3454861104166667 0.5771484375 0.3541666666666667 0.5947265625 0.3645833333333333 0.611328125 0.36284722291666666 0.6240234375 0.3541666666666667 0.634765625 0.33159722291666666 0.638671875 0.3142361104166667 0.638671875 0.2829861104166667 0.63671875 0.27256944375000003 0.630859375 0.25173611041666666 0.6220703125 0.23611111041666666 0.6142578125 0.22916666666666666 0.6083984375 0.22569444375 0.5869140625 0.22569444375
1 0.6396484375 0.17361111041666666 0.6279296875 0.18402777708333332 0.62109375 0.19965277708333332 0.619140625 0.21006944375 0.619140625 0.234375 0.630859375 0.25173611041666666 0.6396484375 0.28472222291666666 0.6435546875 0.28819444375000003 0.658203125 0.2864583333333333 0.6669921875 0.28125 0.6796875 0.25868055625 0.681640625 0.234375 0.68359375 0.23090277708333332 0.681640625 0.22743055625 0.681640625 0.21354166666666666 0.677734375 0.19965277708333332 0.6669921875 0.18055555625 0.6591796875 0.17361111041666666 0.6396484375 0.17361111041666666
1 0.6025390625 0.21527777708333332 0.6171875 0.21354166666666666 0.625 0.18923611041666666 0.63671875 0.17534722291666668 0.63671875 0.15798611041666666 0.6240234375 0.13194444375 0.6142578125 0.125 0.6064453125 0.125 0.58984375 0.140625 0.583984375 0.171875 0.58984375 0.19618055625 0.6025390625 0.21527777708333332
1 0.63671875 0.16493055625 0.6396484375 0.17361111041666666 0.662109375 0.17534722291666668 0.666015625 0.16840277708333332 0.66796875 0.14756944375 0.6640625 0.13020833333333334 0.6552734375 0.11458333333333333 0.6455078125 0.10763888958333333 0.6396484375 0.10763888958333333 0.6298828125 0.11458333333333333 0.623046875 0.1267361104166667 0.63671875 0.15451388958333334 0.63671875 0.16493055625
0 0.5419921875 0.19791666666666666 0.53125 0.21701388958333334 0.52734375 0.234375 0.52734375 0.265625 0.53125 0.2829861104166667 0.5458984375 0.30902777708333334 0.5517578125 0.3125 0.55859375 0.3107638895833333 0.55859375 0.27256944375000003 0.564453125 0.25173611041666666 0.5791015625 0.22916666666666666 0.5908203125 0.22569444375 0.59375 0.22048611041666666 0.58984375 0.21006944375 0.5810546875 0.19791666666666666 0.5654296875 0.1875 0.5556640625 0.1875 0.5419921875 0.19791666666666666
0 0.509765625 0.14409722291666668 0.505859375 0.15451388958333334 0.505859375 0.17881944375 0.5185546875 0.20486111041666666 0.5224609375 0.20833333333333334 0.53515625 0.20659722291666668 0.552734375 0.18923611041666666 0.556640625 0.171875 0.556640625 0.16145833333333334 0.55078125 0.13715277708333332 0.5458984375 0.12847222291666666 0.5322265625 0.11805555625 0.5302734375 0.12152777708333334 0.5185546875 0.125 0.509765625 0.13715277708333332 0.509765625 0.14409722291666668
1 0.5107421875 0.11111111041666667 0.498046875 0.13020833333333334 0.49609375 0.13715277708333332 0.49609375 0.15451388958333334 0.5 0.16840277708333332 0.5029296875 0.17361111041666666 0.505859375 0.171875 0.505859375 0.15104166666666666 0.5078125 0.14409722291666668 0.5166015625 0.12847222291666666 0.5244140625 0.12152777708333334 0.5341796875 0.12152777708333334 0.53515625 0.11979166666666667 0.5322265625 0.11458333333333333 0.5205078125 0.10763888958333333 0.5185546875 0.11111111041666667 0.5107421875 0.11111111041666667
1 0.185546875 0.33506944375000003 0.1796875 0.359375 0.1796875 0.3767361104166667 0.18359375 0.39756944375000003 0.1923828125 0.41319444375000003 0.1982421875 0.4166666666666667 0.21484375 0.41493055624999997 0.2197265625 0.41319444375000003 0.2265625 0.4045138895833333 0.234375 0.3732638895833333 0.234375 0.3489583333333333 0.23046875 0.33159722291666666 0.2236328125 0.31944444375000003 0.2158203125 0.3125 0.2021484375 0.3125 0.1962890625 0.31597222291666666 0.185546875 0.33506944375000003
1 0.109375 0.38368055624999997 0.1142578125 0.3923611104166667 0.1181640625 0.3958333333333333 0.125 0.39409722291666666 0.1337890625 0.3923611104166667 0.138671875 0.38368055624999997 0.142578125 0.36284722291666666 0.142578125 0.3454861104166667 0.138671875 0.33159722291666666 0.1279296875 0.31944444375000003 0.1220703125 0.31944444375000003 0.11328125 0.33506944375000003 0.107421875 0.36631944375000003 0.109375 0.38368055624999997
1 0.138671875 0.33159722291666666 0.140625 0.3420138895833333 0.1435546875 0.34722222291666666 0.14453125 0.3454861104166667 0.1484375 0.3385416666666667 0.15234375 0.32118055624999997 0.150390625 0.30034722291666666 0.1484375 0.29340277708333334 0.1435546875 0.28819444375000003 0.1318359375 0.28819444375000003 0.123046875 0.3072916666666667 0.123046875 0.3177083333333333 0.1337890625 0.3229166666666667 0.138671875 0.33159722291666666
0 0.1064453125 0.3854166666666667 0.109375 0.38368055624999997 0.109375 0.35243055624999997 0.111328125 0.3489583333333333 0.111328125 0.3385416666666667 0.12109375 0.32118055624999997 0.1181640625 0.31597222291666666 0.1103515625 0.31944444375000003 0.1015625 0.33506944375000003 0.09765625 0.35590277708333334 0.099609375 0.3732638895833333 0.1064453125 0.3854166666666667
0 0.107421875 0.421875 0.103515625 0.4392361104166667 0.103515625 0.4704861104166667 0.1083984375 0.4895833333333333 0.1123046875 0.4895833333333333 0.1279296875 0.50694444375 0.1328125 0.5052083333333334 0.1376953125 0.5034722229166666 0.1484375 0.484375 0.150390625 0.4635416666666667 0.15234375 0.46006944375000003 0.15234375 0.4357638895833333 0.146484375 0.4114583333333333 0.1376953125 0.3958333333333333 0.1279296875 0.3923611104166667 0.1181640625 0.39930555624999997 0.107421875 0.421875
0 0.0859375 0.5121527770833334 0.08203125 0.5260416666666666 0.080078125 0.5364583333333334 0.080078125 0.578125 0.0859375 0.6024305562500001 0.0966796875 0.625 0.1044921875 0.6319444437499999 0.119140625 0.6302083333333334 0.1240234375 0.6284722229166667 0.13671875 0.6024305562500001 0.138671875 0.5920138895833333 0.138671875 0.5399305562500001 0.134765625 0.52256944375 0.1240234375 0.5 0.1103515625 0.4895833333333333 0.1044921875 0.4895833333333333 0.0927734375 0.5 0.0859375 0.5121527770833334
0 0.068359375 0.4670138895833333 0.076171875 0.45659722291666666 0.078125 0.44618055624999997 0.078125 0.4114583333333333 0.0712890625 0.3958333333333333 0.0634765625 0.3923611104166667 0.0546875 0.4045138895833333 0.05078125 0.41840277708333334 0.05078125 0.44965277708333334 0.0595703125 0.46875 0.068359375 0.4670138895833333
0 0.013671875 0.5364583333333334 0.0244140625 0.5590277770833333 0.033203125 0.5572916666666666 0.041015625 0.5399305562500001 0.04296875 0.5121527770833334 0.041015625 0.50868055625 0.041015625 0.4947916666666667 0.037109375 0.484375 0.0302734375 0.47569444375000003 0.0244140625 0.47569444375000003 0.017578125 0.484375 0.013671875 0.4982638895833333 0.013671875 0.5364583333333334
0 0.19921875 0.30381944375000003 0.2041015625 0.3125 0.2158203125 0.3125 0.2255859375 0.3229166666666667 0.228515625 0.32118055624999997 0.232421875 0.3177083333333333 0.23828125 0.30034722291666666 0.240234375 0.26909722291666666 0.234375 0.25173611041666666 0.2275390625 0.24305555625 0.2177734375 0.24305555625 0.2119140625 0.24652777708333332 0.201171875 0.265625 0.19921875 0.27256944375000003 0.19921875 0.30381944375000003
0 0.251953125 0.24131944375 0.25 0.24826388958333334 0.25 0.2760416666666667 0.251953125 0.2864583333333333 0.2587890625 0.2986111104166667 0.2666015625 0.30555555624999997 0.279296875 0.30381944375000003 0.2861328125 0.2986111104166667 0.291015625 0.28993055624999997 0.296875 0.26909722291666666 0.296875 0.24826388958333334 0.294921875 0.23784722291666668 0.2861328125 0.22222222291666668 0.2822265625 0.21875 0.2685546875 0.21875 0.2607421875 0.22569444375 0.251953125 0.24131944375
1 0.2490234375 0.28819444375000003 0.251953125 0.2864583333333333 0.25 0.2760416666666667 0.25 0.24826388958333334 0.2607421875 0.22569444375 0.26953125 0.21701388958333334 0.2666015625 0.21180555625 0.2548828125 0.21180555625 0.240234375 0.234375 0.23828125 0.265625 0.2451171875 0.28472222291666666 0.2490234375 0.28819444375000003