1 0.2376953125 0.26788194375 0.2279296875 0.26788194375 0.2181640625 0.27482638958333333 0.211328125 0.2869791666666667 0.207421875 0.30434027708333333 0.207421875 0.3251736104166667 0.211328125 0.3390625 0.2220703125 0.35121527708333333 0.22646484375 0.35208333333333336 0.2323242203125 0.35208333333333336 0.2396484375 0.34774305624999996 0.246484375 0.33559027708333333 0.25 0.31684027708333334 0.25 0.2925347208333333 0.246484375 0.28003472291666665 0.2376953125 0.26788194375
1 0.40703125 0.15937500208333333 0.39140625 0.15937500208333333 0.3787109375 0.17847222291666667 0.3767578125 0.18888888958333333 0.3787109375 0.22013888958333333 0.3841796859375 0.22708333333333333 0.3904296890625 0.22708333333333333 0.401171875 0.21145833541666667 0.408984375 0.21145833541666667 0.4119140625 0.20625000208333333 0.4119140625 0.19583333541666667 0.4171875 0.17708333541666665 0.4171875 0.17395833541666667 0.4109375 0.16284722291666667 0.40703125 0.15937500208333333
1 0.3728515625 0.16684027916666666 0.3591796875 0.16684027916666666 0.3484375 0.18246527916666666 0.3611328125 0.18767361249999998 0.369921875 0.19982638958333335 0.3737109375 0.21666666666666667 0.377734375 0.21666666666666667 0.377734375 0.18593750208333332 0.378125 0.18385416875 0.378125 0.17274305833333334 0.3767578125 0.17031250208333332 0.3728515625 0.16684027916666666
1 0.463671875 0.18072916875 0.45390625 0.17725694583333332 0.4421875 0.18420138958333335 0.436328125 0.19114583541666666 0.4294921875 0.20677083541666666 0.4294921875 0.21371527916666666 0.43828125 0.22934027916666666 0.448046875 0.22239583541666666 0.459765625 0.22239583541666666 0.479589840625 0.2375 0.4805664078125 0.2375 0.48125 0.23628472291666666 0.48125 0.20819128958333336 0.471484375 0.18767361249999998 0.463671875 0.18072916875
1 0.4291015625 0.24131944375 0.4232421875 0.2552083333333333 0.4193359375 0.27256944375000003 0.4193359375 0.296875 0.4212890625 0.30034722291666666 0.4212890625 0.3107638895833333 0.4251953125 0.32118055624999997 0.4296875 0.32916666666666666 0.43046875 0.32916666666666666 0.4310546875 0.328125 0.4349609375 0.296875 0.4427734375 0.2760416666666667 0.461328125 0.25694444375 0.47890625 0.25347222291666666 0.4796875 0.24375 0.4796875 0.24097222083333333 0.476953125 0.23611111041666666 0.4602539046875 0.22291666666666668 0.4484375015625 0.22291666666666668 0.437890625 0.22916666666666666 0.4291015625 0.24131944375
1 0.6484375 0.19930555625000002 0.646484375 0.1923611125 0.6337890625 0.17326388958333333 0.6240234375 0.16631944583333333 0.6142578125 0.16631944583333333 0.6015625 0.17847222291666667 0.6015625 0.19583333541666667 0.6044921875 0.20104166874999999 0.6064453125 0.19756944583333333 0.6181640625 0.19756944583333333 0.6337890625 0.2079861125 0.6410156234375 0.22083333333333333 0.6433593765625 0.22083333333333333 0.64453125 0.22013888958333333 0.6484375 0.19930555625000002
1 0.6791015625 0.18437499791666667 0.6673828125 0.18437499791666667 0.6556640625 0.19479166458333333 0.644921875 0.21736111041666667 0.644921875 0.22777777708333333 0.6496651796874999 0.23958333333333334 0.6503906234375 0.23958333333333334 0.652734375 0.23819444374999998 0.6576171875 0.2295138875 0.6693359375 0.21909722083333336 0.6869140625 0.21909722083333336 0.7025390625 0.23298611041666667 0.703125 0.22569444375 0.703125 0.22003205 0.6908203125 0.19479166458333333 0.6791015625 0.18437499791666667
1 0.7107421875 0.24826388958333334 0.715625 0.26388888958333334 0.71953125 0.26388888958333334 0.725390625 0.25694444375 0.737109375 0.25694444375 0.7390625 0.25347222291666666 0.741015625 0.25694444375 0.752734375 0.2604166666666667 0.76640625 0.28125 0.7693359375 0.2795138895833333 0.7703125 0.27256944375000003 0.7703125 0.26128472291666666 0.7673828125 0.24826388958333334 0.7546875 0.22569444375 0.746875 0.21875 0.72734375 0.21875 0.7234375 0.22222222291666668 0.7107421875 0.24826388958333334
1 0.9177734375 0.4765625 0.905078125 0.4505208333333333 0.889453125 0.4401041666666667 0.87578125 0.4401041666666667 0.862109375 0.4505208333333333 0.8494140625 0.47309027708333334 0.8435546875 0.4939236104166667 0.8435546875 0.5390625 0.8484375 0.5546875 0.862109375 0.5581597208333334 0.873828125 0.5685763875000001 0.8845703125 0.5842013875000001 0.89623046875 0.61875 0.9022600437499999 0.61875 0.9177734375 0.5946180541666667 0.9236328125 0.5737847208333334 0.9255859375 0.5494791666666666 0.9265625 0.5477430562500001 0.9265625 0.5269097208333333 0.9255859375 0.5078125 0.9177734375 0.4765625
1 0.833984375 0.55711805625 0.833984375 0.5501736125 0.841796875 0.5223958333333333 0.84375 0.49114583333333334 0.841796875 0.4876736125 0.841796875 0.4737847229166666 0.837890625 0.4529513895833333 0.8193359375 0.41649305625 0.8076171875 0.4060763895833333 0.7880859375 0.40260416666666665 0.7685546875 0.41649305625 0.75390625 0.4425347229166666 0.75 0.4529513895833333 0.75 0.4737847229166666 0.7578125 0.49461805625 0.759765625 0.5154513895833334 0.76171875 0.5189236125 0.76171875 0.5710069458333333 0.7744140625 0.5935763895833334 0.7947591109375 0.5979166666666667 0.7994051843750001 0.5979166666666667 0.8115234375 0.5796875 0.833984375 0.55711805625
1 0.7486328125 0.46736111041666667 0.730078125 0.43784722083333333 0.71640625 0.42743055416666664 0.696875 0.42743055416666664 0.694921875 0.43090277708333335 0.6890625 0.43090277708333335 0.667578125 0.44826388749999996 0.6548828125 0.47430555416666664 0.6470703125 0.5020833333333333 0.6451171875 0.5472222229166667 0.6470703125 0.55069444375 0.6490234375 0.5715277770833332 0.6548828125 0.5854166645833333 0.6587890625 0.6027777770833332 0.6648046890625 0.6104166666666667 0.6685546859375 0.6104166666666667 0.6705078125 0.6097222229166667 0.6744140625 0.59930555625 0.68515625 0.58368055625 0.7125 0.5628472229166667 0.741796875 0.5593749979166667 0.753515625 0.5697916645833333 0.757421875 0.5697916645833333 0.759375 0.5663194416666666 0.759375 0.50381944375 0.7583984375 0.49861111041666667 0.7486328125 0.46736111041666667
0 0.355859375 0.18472222083333334 0.35 0.18472222083333334 0.334375 0.19513888750000002 0.3294921875 0.20381944375 0.3255859375 0.21770833333333334 0.3255859375 0.24201388750000002 0.336328125 0.26458333333333334 0.3398437515625 0.26666666666666666 0.35234374375 0.26666666666666666 0.3548828125 0.26631944375 0.359765625 0.26458333333333334 0.3666015625 0.25243055416666665 0.3703125 0.23923611041666665 0.3703125 0.21013888749999998 0.365625 0.19513888750000002 0.355859375 0.18472222083333334
0 0.41328125 0.14305555416666668 0.395703125 0.14652777708333334 0.3890625 0.15833333125000001 0.3890625 0.15972222083333334 0.38984375 0.16388888750000002 0.403515625 0.16041666666666668 0.41328125 0.16736111041666665 0.41640625 0.17291666666666666 0.421093746875 0.17291666666666666 0.4220703125 0.17256944375 0.425 0.16736111041666665 0.425 0.16041666666666668 0.4240234375 0.15520833333333334 0.41328125 0.14305555416666668
0 0.46484375 0.16180555416666667 0.4580078125 0.14965277708333333 0.4482421875 0.14270833125000001 0.4365234375 0.14618055416666667 0.42578125 0.16180555416666667 0.4267578125 0.1670138875 0.4306640625 0.16354166458333333 0.4462890625 0.16354166458333333 0.4558105484375 0.17708333333333334 0.457031246875 0.17708333333333334 0.4609375 0.17569444374999998 0.46484375 0.16180555416666667
0 0.4306640625 0.16319444375 0.4248046875 0.16666666666666666 0.416015625 0.18229166666666666 0.4125 0.19479166666666667 0.4125 0.20701388958333336 0.4169921875 0.21180555625 0.4296875 0.21006944375 0.431640625 0.19965277708333332 0.4384765625 0.1875 0.4521484375 0.18055555625 0.4546875 0.17303240833333333 0.4546875 0.17148919791666667 0.4462890625 0.16319444375 0.4306640625 0.16319444375
0 0.4982421875 0.27048611250000004 0.4845703125 0.2565972229166667 0.4689453125 0.25312500208333333 0.4494140625 0.26701388958333333 0.438671875 0.28611111250000004 0.4328125 0.30694444583333336 0.4328125 0.33819444583333336 0.440625 0.36597222291666665 0.4494140625 0.38159722291666665 0.4682128890625 0.39375 0.477734375 0.39375 0.4904296875 0.38506944583333336 0.503125 0.36597222291666665 0.5109375 0.3416666666666667 0.5109375 0.30694444583333336 0.50703125 0.28958333333333336 0.4982421875 0.27048611250000004
0 0.633984375 0.20850694374999998 0.618359375 0.19809027708333332 0.60859375 0.19809027708333332 0.59296875 0.21197916666666666 0.5861328125 0.22413194374999998 0.5822265625 0.23802083333333332 0.5802734375 0.25885416666666666 0.58603515625 0.28958333333333336 0.5980912640625 0.28958333333333336 0.606640625 0.27100694375 0.618359375 0.2605902770833333 0.622265625 0.2605902770833333 0.628125 0.25364583333333335 0.645703125 0.25364583333333335 0.6484375 0.2390625 0.6484375 0.23744212916666668 0.6427734375 0.22065972083333335 0.633984375 0.20850694374999998
0 0.6330078125 0.32847222291666667 0.6203125 0.3059027791666667 0.6125 0.2989583333333333 0.60078125 0.2954861125 0.598828125 0.2920138895833333 0.579296875 0.2954861125 0.565625 0.309375 0.5548828125 0.32847222291666667 0.5490234375 0.34930555625 0.5490234375 0.36666666666666664 0.5470703125 0.3701388895833333 0.5490234375 0.39791666666666664 0.5554036453125 0.4125 0.5576171875 0.4125 0.5587890625 0.41180555625 0.5734375 0.38229166666666664 0.57734375 0.38229166666666664 0.59296875 0.3684027791666667 0.60859375 0.3684027791666667 0.610546875 0.36493055625 0.641796875 0.38229166666666664 0.6421875 0.37604166666666666 0.6421875 0.36354166666666665 0.6388671875 0.3458333333333333 0.6330078125 0.32847222291666667
0 0.6423828125 0.3854166666666667 0.6208984375 0.36805555624999997 0.6111328125 0.36805555624999997 0.6091796875 0.3645833333333333 0.5935546875 0.36805555624999997 0.5720703125 0.3854166666666667 0.561328125 0.4045138895833333 0.553515625 0.4392361104166667 0.5515625 0.47743055624999997 0.557421875 0.5052083333333334 0.5720703125 0.5416666666666666 0.5974609375 0.5625 0.61796875 0.5607638895833333 0.6248046875 0.5555555562500001 0.6306640625 0.5555555562500001 0.643359375 0.5329861104166667 0.643359375 0.52256944375 0.6453125 0.5190972229166666 0.64921875 0.48784722291666666 0.659375 0.4607638895833333 0.659375 0.4329861104166667 0.653125 0.4079861104166667 0.6423828125 0.3854166666666667
0 0.6884765625 0.21892361041666666 0.6689453125 0.21892361041666666 0.6572265625 0.22934027708333332 0.6484375 0.24496527708333332 0.646875 0.2532986104166667 0.646875 0.25586271250000003 0.6591796875 0.27100694375 0.669921875 0.2970486104166667 0.673828125 0.31788194375 0.673828125 0.33177083333333335 0.671875 0.33524305416666667 0.673681640625 0.3416666666666667 0.69228515625 0.3416666666666667 0.6943359375 0.3404513875 0.701171875 0.3248263875 0.701171875 0.3074652770833334 0.705078125 0.28663194375 0.7125 0.2701388895833333 0.7125 0.2579460479166667 0.7001953125 0.22934027708333332 0.6884765625 0.21892361041666666
0 0.767578125 0.2791666666666667 0.7568359375 0.26354166875 0.7431640625 0.25312500208333333 0.7255859375 0.25312500208333333 0.7216796875 0.2600694458333333 0.7177734375 0.2600694458333333 0.70703125 0.2791666666666667 0.7015625 0.30833333333333335 0.7015625 0.33634259375000003 0.70703125 0.35902777916666667 0.712890625 0.3729166666666667 0.7236328125 0.3885416666666667 0.7309570296875 0.39375 0.748046875 0.39375 0.7548828125 0.38506944583333336 0.7626953125 0.38159722291666665 0.76953125 0.36944444583333336 0.775 0.3500000020833333 0.775 0.3059027791666667 0.767578125 0.28611111250000004 0.767578125 0.2791666666666667
0 0.823046875 0.27569444583333336 0.8142578125 0.26354166875 0.8005859375 0.25312500208333333 0.7888671875 0.25312500208333333 0.7810546875 0.2600694458333333 0.7703125 0.2791666666666667 0.7703125 0.28958333333333336 0.776171875 0.30694444583333336 0.776171875 0.35902777916666667 0.7849609375 0.37465277916666667 0.7927734375 0.38159722291666665 0.7986328125 0.38159722291666665 0.799609375 0.38333333333333336 0.809375 0.38333333333333336 0.8201171875 0.36770833333333336 0.830859375 0.34513888958333333 0.830859375 0.33125 0.83125 0.33055555625 0.83125 0.30555555624999997 0.830859375 0.3 0.823046875 0.27569444583333336
0 0.88125 0.40503472291666665 0.875390625 0.38420138958333333 0.8666015625 0.36857638958333333 0.8509765625 0.3546875 0.8373046875 0.3546875 0.8353515625 0.35815972291666665 0.8275390625 0.35815972291666665 0.8216796875 0.3651041666666667 0.8109375 0.38420138958333333 0.80703125 0.40503472291666665 0.8197265625 0.4171875 0.834375 0.4432291666666667 0.840234375 0.46059027708333333 0.8421875 0.47795138958333333 0.843701171875 0.48333333333333334 0.8468889515625 0.48333333333333334 0.8646484375 0.4484375 0.8744140625 0.44149305624999996 0.8822265625 0.44149305624999996 0.884375 0.4351273145833333 0.884375 0.4314236104166667 0.883203125 0.42934027708333333 0.88125 0.40503472291666665
0 0.9044921875 0.3486111104166667 0.895703125 0.33645833333333336 0.880078125 0.3260416666666667 0.868359375 0.3295138875 0.864453125 0.3329861104166667 0.8537109375 0.3555555541666667 0.864453125 0.3642361104166667 0.8751953125 0.38333333333333336 0.8830078125 0.4111111104166667 0.8830078125 0.4284722208333333 0.8853515625 0.4354166666666667 0.8888671875 0.4354166666666667 0.903515625 0.40590277708333333 0.911328125 0.4024305541666667 0.9140625 0.39756944375000003 0.9140625 0.3947916645833333 0.9123046875 0.3729166666666667 0.9044921875 0.3486111104166667
0 0.915234375 0.39774305416666667 0.923046875 0.39774305416666667 0.9357421875 0.3717013875 0.9474609375 0.36822916666666666 0.9484375 0.3560763875 0.9357421875 0.3265625 0.9279296875 0.31961805416666667 0.9142578125 0.31961805416666667 0.9015625 0.3387152770833334 0.9015625 0.3456597208333333 0.911328125 0.3734375 0.915234375 0.39774305416666667
0 0.969140625 0.3904513895833333 0.9603515625 0.3748263895833333 0.9564453125 0.37135416666666665 0.9369140625 0.37135416666666665 0.92421875 0.39739583333333334 0.9369140625 0.4095486125 0.94765625 0.42864583333333334 0.95546875 0.46336805625 0.95546875 0.47291666666666665 0.957821378125 0.47291666666666665 0.9662109375 0.4546875 0.978125 0.44002403749999996 0.978125 0.4328125 0.975 0.4078125 0.969140625 0.3904513895833333
0 0.975390625 0.44444444375000003 0.9607421875 0.4670138895833333 0.9568359375 0.48090277708333334 0.9548828125 0.5017361104166667 0.9529296875 0.5052083333333334 0.9529296875 0.5190972229166666 0.9509765625 0.52256944375 0.9509765625 0.5399305562500001 0.9529296875 0.5434027770833333 0.9548828125 0.5746527770833333 0.9587890625 0.5885416666666666 0.971484375 0.6076388895833333 0.9880859375 0.6059027770833333 0.99296875 0.6041666666666666 0.9984375 0.5944444458333333 0.9984375 0.4517746916666667 0.991015625 0.44444444375000003 0.975390625 0.44444444375000003