1 0.487109375 0.04131944375 0.46953125 0.0482638875 0.4646484375 0.0638888875 0.4646484375 0.08125 0.4685546875 0.0951388875 0.4765904015625 0.10625 0.48496093125 0.10625 0.4900390625 0.10555555416666666 0.5 0.08784722083333334 0.5 0.057291666666666664 0.49296875 0.04479166666666667 0.487109375 0.04131944375
1 0.502734375 0.023437502083333332 0.494921875 0.023437502083333332 0.4900390625 0.03211805625 0.4900390625 0.03906250208333333 0.5017578125 0.05989583541666667 0.50369140625 0.07708333333333334 0.5079101578125 0.07708333333333334 0.510546875 0.07552083333333333 0.5140625 0.06677083333333332 0.5140625 0.039131945833333334 0.510546875 0.030381945833333333 0.502734375 0.023437502083333332
1 0.48544921875 0.03125 0.46787109375 0.03472222291666667 0.46103515625 0.046875 0.46103515625 0.06770833333333333 0.46396484375 0.07291666666666667 0.46494140625 0.07118055625 0.46494140625 0.057291666666666664 0.46787109375 0.048611110416666665 0.47568359375 0.052083333333333336 0.47763671875 0.045138889583333335 0.4890625 0.045138889583333335 0.4890625 0.04253472291666667 0.48837890625 0.036458333333333336 0.48544921875 0.03125
1 0.4740234375 0.0204861125 0.4681640625 0.023958335416666664 0.461328125 0.0361111125 0.461328125 0.03958333333333333 0.463671875 0.04375 0.46484375 0.04375 0.465234375 0.04305555416666666 0.4701171875 0.034375 0.4875 0.034375 0.4875 0.027083335416666666 0.4857421875 0.023958335416666664 0.4740234375 0.0204861125
1 0.450390625 0.027777777083333333 0.440625 0.03125 0.4318359375 0.05034722291666667 0.4318359375 0.06423611041666667 0.440625 0.08333333333333333 0.44453125 0.08680555625 0.4552734375 0.08506944375 0.458203125 0.08333333333333333 0.4609375 0.07523148125 0.4609375 0.04291666666666667 0.45625 0.03125 0.450390625 0.027777777083333333
1 0.423046875 0.03854166458333333 0.409375 0.03854166458333333 0.403515625 0.0420138875 0.3986328125 0.05416666458333333 0.4005859375 0.07847222083333333 0.4091796875 0.09375 0.41113280625000004 0.09375 0.4181640625 0.09236111041666667 0.423046875 0.090625 0.43125 0.06956018333333333 0.43125 0.06440972083333334 0.4279296875 0.043749997916666665 0.423046875 0.03854166458333333
1 0.4111328125 0.023958335416666664 0.403125 0.03503086666666667 0.403125 0.03958333333333333 0.4052734375 0.03958333333333333 0.4072265625 0.037847220833333334 0.425 0.03951023333333334 0.425 0.031867283333333336 0.4169921875 0.023958335416666664 0.4111328125 0.023958335416666664
1 0.4380859375 0.021006945833333335 0.4341796875 0.02447916875 0.42734375 0.04010416875 0.42919921875 0.05 0.4313755578125 0.05 0.4341796875 0.03836805625 0.4400390625 0.0314236125 0.4498046875 0.0314236125 0.45 0.030381945833333333 0.45 0.024826389583333334 0.4478515625 0.021006945833333335 0.4380859375 0.021006945833333335
1 0.5316964296875 0 0.526953125 0.011805554166666668 0.5298828125 0.0204861125 0.5396484375 0.0204861125 0.5410156234375 0.022916666666666665 0.54921875 0.022916666666666665 0.553125 0.022382477083333335 0.553125 0.00694444375 0.5514508921875 0 0.5316964296875 0
1 0.598046875 0 0.5892578125 0.012152777083333333 0.5892578125 0.026041666666666668 0.5921875 0.03472222291666667 0.60390625 0.03819444375 0.605859375 0.041666666666666664 0.6126953125 0.03993055625 0.6140625 0.0375 0.6140625 0.014583333333333334 0.6078125 0.0034722229166666663 0.598046875 0
1 0.624609375 0.04340277708333333 0.6333984375 0.052083333333333336 0.64609375 0.05034722291666667 0.6515625 0.04386573958333333 0.6515625 0.031597220833333335 0.648046875 0.019097222916666667 0.6412109375 0.010416666666666666 0.6314453125 0.010416666666666666 0.624609375 0.022569443749999998 0.624609375 0.04340277708333333
0 0.8525390625 0.14895833541666667 0.8427734375 0.14895833541666667 0.8359375 0.1611111125 0.8369140625 0.16631944583333333 0.8525390625 0.18020833541666667 0.8564453125 0.18020833541666667 0.8608398421875 0.18541666666666667 0.8671875 0.18541666666666667 0.86328125 0.16458333541666667 0.8525390625 0.14895833541666667
0 0.8623046875 0.13194444375 0.8544921875 0.13541666666666666 0.85 0.14659722083333332 0.85 0.14795524583333333 0.8583984375 0.15625 0.8681640625 0.18055555625 0.87109375 0.17881944375 0.8765625 0.16909722083333334 0.8765625 0.15682870208333333 0.87109375 0.140625 0.8623046875 0.13194444375