1 0.28359375 1 0.285546875 0.9965277770833333 0.289453125 1 0.3470703125 0.9982638895833333 0.3509765625 0.9947916666666666 0.3529296875 0.9739583333333334 0.3546875 0.9708333333333333 0.3546875 0.9354166666666667 0.3529296875 0.9322916666666666 0.3509765625 0.9114583333333334 0.3373046875 0.8697916666666666 0.31875 0.8368055562500001 0.305078125 0.8194444437499999 0.285546875 0.8055555562500001 0.254296875 0.8020833333333334 0.25234375 0.8055555562500001 0.238671875 0.8090277770833333 0.226953125 0.8194444437499999 0.2103515625 0.8454861104166667 0.2025390625 0.8767361104166667 0.2005859375 0.921875 0.2025390625 0.9253472229166667 0.2025390625 0.9496527770833333 0.2064453125 0.9704861104166667 0.2103515625 0.9809027770833333 0.2103515625 0.9878472229166667 0.215234375 0.9965277770833333 0.22109375 0.9965277770833333 0.223046875 1 0.28359375 1
1 0.75234375 0.6899305541666667 0.7484375 0.6690972208333333 0.7318359375 0.6256944437499999 0.7064453125 0.5979166666666667 0.6986328125 0.5979166666666667 0.6869140625 0.5909722208333333 0.6712890625 0.5909722208333333 0.6693359375 0.5944444437499999 0.6615234375 0.5944444437499999 0.6439453125 0.6048611104166667 0.61953125 0.6413194437499999 0.601953125 0.6864583333333333 0.59609375 0.7177083333333333 0.59609375 0.7385416666666667 0.594140625 0.7454861104166667 0.59609375 0.7489583333333333 0.598046875 0.7802083333333333 0.605859375 0.8114583333333333 0.6244140625 0.8479166666666667 0.6458984375 0.86875 0.6595703125 0.86875 0.6607421875 0.8708333333333333 0.6794921765625 0.8708333333333333 0.683984375 0.8704861104166667 0.6927734375 0.86875 0.6966796875 0.8618055541666667 0.7025390625 0.8618055541666667 0.7103515625 0.8548611104166667 0.7142578125 0.8479166666666667 0.7201171875 0.8444444437499999 0.73671875 0.8149305541666667 0.742578125 0.8010416666666667 0.75234375 0.759375 0.753125 0.7399305541666668 0.753125 0.7086805541666668 0.75234375 0.7072916666666667 0.75234375 0.6899305541666667
1 0.5986328125 0.38923611041666667 0.5849609375 0.37881944375000004 0.5595703125 0.37534722083333333 0.5322265625 0.3927083333333333 0.51953125 0.41527777708333335 0.5078125 0.46041666666666664 0.5078125 0.49166666666666664 0.515625 0.5298611104166667 0.5341796875 0.56631944375 0.5486328140625 0.5791666666666667 0.5679687421875 0.5791666666666667 0.580078125 0.5784722229166667 0.5966796875 0.5697916645833333 0.6064453125 0.5559027770833332 0.6171875 0.5333333333333333 0.625 0.49861111041666667 0.625 0.45 0.61328125 0.41180555416666664 0.5986328125 0.38923611041666667
1 0.830859375 0.36805555624999997 0.8171875 0.3576388895833333 0.80546875 0.3541666666666667 0.803515625 0.3576388895833333 0.79375 0.3576388895833333 0.783984375 0.3645833333333333 0.776171875 0.375 0.7673828125 0.39409722291666666 0.7615234375 0.41840277708333334 0.7615234375 0.46006944375000003 0.7673828125 0.48784722291666666 0.78203125 0.5277777770833334 0.795703125 0.5416666666666666 0.8123046875 0.5399305562500001 0.82109375 0.5381944437499999 0.8328125 0.5277777770833334 0.8455078125 0.5017361104166667 0.8515625 0.4775173604166667 0.8515625 0.42178819375000004 0.8455078125 0.39756944375000003 0.830859375 0.36805555624999997
1 0.79140625 0.2920138895833333 0.7796875 0.28159722291666667 0.758203125 0.28159722291666667 0.746484375 0.2920138895833333 0.7357421875 0.3111111125 0.7298828125 0.33541666666666664 0.7298828125 0.3770833333333333 0.7337890625 0.39791666666666664 0.7518136156249999 0.43333333333333335 0.7564453140625 0.43333333333333335 0.7591796875 0.4326388895833333 0.7669921875 0.3944444458333333 0.77578125 0.37534722291666667 0.7875 0.3614583333333333 0.809375 0.3530042291666666 0.809375 0.3333333333333333 0.8041015625 0.3145833333333333 0.79140625 0.2920138895833333
1 0.679296875 0.11111111041666667 0.667578125 0.11805555625 0.6607421875 0.13020833333333334 0.66171875 0.13888888958333334 0.675390625 0.14236111041666666 0.6861328125 0.15798611041666666 0.6890625 0.17013888958333334 0.6919921875 0.16840277708333332 0.7046875 0.16195436458333334 0.7046875 0.14158950625 0.696875 0.12152777708333334 0.679296875 0.11111111041666667
1 0.6240234375 0.12152777708333334 0.6142578125 0.12152777708333334 0.6044921875 0.12847222291666666 0.6 0.13645833333333332 0.6 0.13923611041666667 0.6005859375 0.14236111041666666 0.6142578125 0.14930555625 0.6240234375 0.17013888958333334 0.62890625 0.16840277708333332 0.6357421875 0.16319444375 0.6421875 0.1484623 0.6421875 0.14672067916666667 0.6337890625 0.12847222291666666 0.6240234375 0.12152777708333334
1 0.6099609375 0.14652777708333334 0.6041015625 0.14652777708333334 0.6021484375 0.14305555416666668 0.5865234375 0.14652777708333334 0.57578125 0.16215277708333334 0.57578125 0.16909722083333334 0.5787109375 0.17430555416666668 0.5943359375 0.17430555416666668 0.6041015625 0.18125 0.6128906265625 0.19375 0.6162109359375 0.19375 0.616796875 0.19340277708333334 0.616796875 0.18645833333333334 0.621875 0.17141203541666666 0.621875 0.16631944375 0.620703125 0.16215277708333334 0.6099609375 0.14652777708333334
1 0.653515625 0.16319444375 0.633984375 0.16319444375 0.626171875 0.17013888958333334 0.6193359375 0.18229166666666666 0.615625 0.19548611249999998 0.615625 0.19680555625 0.6203125 0.21180555625 0.63984375 0.19444444375 0.65546875 0.19444444375 0.675 0.20932539583333334 0.675 0.19675925833333335 0.6701171875 0.18229166666666666 0.653515625 0.16319444375
1 0.524609375 0.23194444583333332 0.5109375 0.22152777916666666 0.493359375 0.22152777916666666 0.477734375 0.23541666666666666 0.4708984375 0.24756944583333332 0.4630859375 0.271875 0.4611328125 0.29618055625 0.4735294109375 0.325 0.476562503125 0.325 0.4806640625 0.32395833333333335 0.485546875 0.31527777916666666 0.503125 0.3013888895833333 0.524609375 0.3013888895833333 0.532421875 0.30833333333333335 0.53828125 0.30833333333333335 0.540625 0.30416666666666664 0.540625 0.26631944583333333 0.5373046875 0.2545138895833333 0.524609375 0.23194444583333332
1 0.4662109375 0.19826388958333335 0.4544921875 0.19826388958333335 0.4408203125 0.20868055625 0.428125 0.23125 0.426171875 0.2520833333333333 0.42421875 0.25555555625 0.42421875 0.26944444375000004 0.4271484375 0.28506944375000004 0.4447265625 0.28854166666666664 0.4552734375 0.29791666666666666 0.4593750015625 0.29791666666666666 0.461328125 0.29722222291666667 0.46328125 0.29375 0.46328125 0.27291666666666664 0.4671875 0.25902777916666664 0.47109375 0.24861111249999998 0.4859375 0.22552083333333334 0.4859375 0.21944444375 0.4779296875 0.20520833333333333 0.4662109375 0.19826388958333335
1 0.375 0.22743055625 0.375 0.23784722291666668 0.3935546875 0.24652777708333332 0.404296875 0.265625 0.408203125 0.2864583333333333 0.4111328125 0.2916666666666667 0.41796875 0.28993055624999997 0.4228515625 0.28819444375000003 0.42578125 0.2795138895833333 0.423828125 0.2760416666666667 0.423828125 0.25173611041666666 0.4296875 0.22048611041666666 0.4208984375 0.20486111041666666 0.4130859375 0.19791666666666666 0.3955078125 0.19791666666666666 0.3876953125 0.20486111041666666 0.375 0.22743055625
0 0.7771484375 0.5223958333333333 0.7693359375 0.49461805625 0.7634765625 0.48072916666666665 0.752734375 0.46510416666666665 0.73125 0.44774305625 0.705859375 0.44774305625 0.6921875 0.4581597229166666 0.68046875 0.4720486125 0.6677734375 0.49461805625 0.6580078125 0.52586805625 0.6560546875 0.5362847229166667 0.6560546875 0.5814236125 0.6580078125 0.58836805625 0.678515625 0.5901041666666667 0.682421875 0.5866319458333333 0.684375 0.5901041666666667 0.694140625 0.5901041666666667 0.69609375 0.5935763895833334 0.709765625 0.5970486125 0.733203125 0.6248263895833334 0.7419921875 0.6473958333333333 0.746875 0.6560763895833334 0.7473632796875 0.65625 0.75322265625 0.65625 0.756640625 0.6526041666666667 0.7712890625 0.6230902791666666 0.778125 0.5927083333333333 0.778125 0.5380208333333333 0.7771484375 0.5362847229166667 0.7771484375 0.5223958333333333
0 0.62890625 0.36631944375000003 0.619140625 0.4114583333333333 0.62109375 0.4322916666666667 0.626953125 0.45659722291666666 0.626953125 0.47743055624999997 0.62890625 0.484375 0.6435546875 0.5138888895833333 0.6494140625 0.5208333333333334 0.658203125 0.5190972229166666 0.6640625 0.50868055625 0.671875 0.484375 0.6845703125 0.46527777708333334 0.6904296875 0.4583333333333333 0.6943359375 0.4583333333333333 0.6982421875 0.4513888895833333 0.7216796875 0.44444444375000003 0.724609375 0.4392361104166667 0.724609375 0.42534722291666666 0.72265625 0.421875 0.720703125 0.4010416666666667 0.7109375 0.3697916666666667 0.6904296875 0.34027777708333334 0.6787109375 0.33680555624999997 0.6767578125 0.3333333333333333 0.6611328125 0.3333333333333333 0.6435546875 0.34375 0.62890625 0.36631944375000003
0 0.669140625 0.24305555625 0.649609375 0.23611111041666666 0.64765625 0.23958333333333334 0.633984375 0.24305555625 0.6154296875 0.27256944375000003 0.6115234375 0.29340277708333334 0.6115234375 0.328125 0.6173828125 0.35243055624999997 0.626171875 0.36805555624999997 0.6291015625 0.36631944375000003 0.63984375 0.34722222291666666 0.661328125 0.3333333333333333 0.676953125 0.3333333333333333 0.68671875 0.34027777708333334 0.6935546875 0.3385416666666667 0.6953125 0.32916666666666666 0.6953125 0.2962121208333333 0.684765625 0.2604166666666667 0.669140625 0.24305555625
0 0.55546875 0.22569444375 0.5447265625 0.25173611041666666 0.5447265625 0.26215277708333334 0.5427734375 0.265625 0.5427734375 0.296875 0.5466796875 0.3072916666666667 0.5466796875 0.3142361104166667 0.55546875 0.3333333333333333 0.5671875 0.34722222291666666 0.571875 0.35 0.58281249375 0.35 0.5974609375 0.3489583333333333 0.60234375 0.34722222291666666 0.6111328125 0.32465277708333334 0.6111328125 0.29340277708333334 0.6130859375 0.28993055624999997 0.6150390625 0.26909722291666666 0.6171875 0.26527777708333333 0.6171875 0.24747474583333334 0.608203125 0.22569444375 0.593359375 0.2125 0.569921875 0.2125 0.565234375 0.21527777708333332 0.55546875 0.22569444375
0 0.54609375 0.3190972208333333 0.532421875 0.30520833333333336 0.5265625 0.30520833333333336 0.524609375 0.3017361104166667 0.505078125 0.3017361104166667 0.485546875 0.315625 0.4728515625 0.33819444375 0.4650390625 0.3659722208333333 0.4630859375 0.39375 0.4650390625 0.3972222208333333 0.4650390625 0.41458333333333336 0.4689453125 0.4284722208333333 0.48359375 0.4579861104166667 0.493359375 0.46840277708333333 0.4974609375 0.4708333333333333 0.5021484359375 0.4708333333333333 0.5041015625 0.4701388875 0.5158203125 0.42152777708333333 0.528515625 0.3954861104166667 0.5421875 0.3815972208333333 0.5625 0.3729993395833333 0.5625 0.35833333333333334 0.5568359375 0.33819444375 0.54609375 0.3190972208333333
0 0.4654296875 0.16979166874999999 0.4595703125 0.16631944583333333 0.4419921875 0.16631944583333333 0.4341796875 0.17326388958333333 0.421484375 0.19930555625000002 0.421484375 0.20625000208333333 0.4296874984375 0.22083333333333333 0.430859375 0.22083333333333333 0.43125 0.22013888958333333 0.4400390625 0.2079861125 0.4537109375 0.19756944583333333 0.4654296875 0.19756944583333333 0.4771484375 0.2079861125 0.4796875 0.20648148333333335 0.4796875 0.19814814791666666 0.47421875 0.18194444583333333 0.4654296875 0.16979166874999999
0 0.380859375 0.21319444583333333 0.3740234375 0.19756944583333333 0.3662109375 0.19062500208333333 0.3505859375 0.19062500208333333 0.3447265625 0.19409722291666667 0.3388671875 0.20104166874999999 0.330078125 0.22013888958333333 0.3310546875 0.22534722291666667 0.3369140625 0.22534722291666667 0.3388671875 0.22187500208333333 0.3505859375 0.22534722291666667 0.3591308578125 0.2375 0.373046875 0.2375 0.376953125 0.22013888958333333 0.380859375 0.21319444583333333
0 0.3939453125 0.246875 0.3841796875 0.23993055625 0.3607421875 0.24340277916666667 0.3421875 0.27291666666666664 0.33828125 0.28680555625 0.3392578125 0.2920138895833333 0.3646484375 0.2920138895833333 0.3763671875 0.30243055625 0.3895263671875 0.32916666666666666 0.391796875 0.32916666666666666 0.39296875 0.32847222291666667 0.398828125 0.3111111125 0.4078125 0.2983333333333333 0.4078125 0.2770833354166667 0.4046875 0.26597222291666667 0.3939453125 0.246875
0 0.3638671875 0.29131944375 0.3404296875 0.29131944375 0.3365234375 0.2982638875 0.3326171875 0.2982638875 0.3267578125 0.30520833333333336 0.31796875 0.32083333333333336 0.3140625 0.3347222208333333 0.312109375 0.3555555541666667 0.31015625 0.35902777708333333 0.312109375 0.39375 0.316015625 0.4076388875 0.3345703125 0.43715277708333333 0.338671875 0.4395833333333333 0.351562490625 0.4395833333333333 0.358984375 0.4388888875 0.3775390625 0.4232638875 0.386328125 0.40069444375 0.3875 0.39444444375000004 0.3875 0.3888888875 0.386328125 0.3868055541666667 0.3875 0.35138888749999997 0.3875 0.3261752125 0.3755859375 0.3017361104166667 0.3638671875 0.29131944375
0 0.23828125 0.3420138895833333 0.236328125 0.35243055624999997 0.236328125 0.39409722291666666 0.240234375 0.4114583333333333 0.2490234375 0.4270833333333333 0.2578125015625 0.43333333333333335 0.2662109328125 0.43333333333333335 0.27734375 0.4322916666666667 0.2900390625 0.4236111104166667 0.294921875 0.41493055624999997 0.302734375 0.3802083333333333 0.302734375 0.3489583333333333 0.296875 0.328125 0.2861328125 0.30902777708333334 0.2830078125 0.30625 0.26005859375 0.30625 0.2470703125 0.31944444375000003 0.23828125 0.3420138895833333
0 0.816796875 0.19722222291666666 0.80703125 0.19027777916666666 0.7953125 0.19027777916666666 0.7875 0.19722222291666666 0.7806640625 0.209375 0.7767578125 0.22326388958333335 0.7767578125 0.2545138895833333 0.7796875 0.26319444583333335 0.78359375 0.25625 0.793359375 0.24930555625 0.808984375 0.24930555625 0.820703125 0.2597222229166667 0.828125 0.27291666666666664 0.8296875015625 0.27291666666666664 0.8314453125 0.271875 0.8328125 0.26701388958333333 0.8328125 0.2375 0.8294921875 0.21979166666666666 0.816796875 0.19722222291666666
0 0.7572265625 0.1710069458333333 0.7484375 0.1553819458333333 0.740625 0.14843750208333334 0.723046875 0.14843750208333334 0.7142578125 0.16059027916666666 0.723046875 0.16927083541666665 0.7318359375 0.18489583541666665 0.7337890625 0.19531250208333334 0.7376953125 0.2022569458333333 0.7376953125 0.23697916875 0.735791015625 0.24375 0.747753909375 0.24375 0.750390625 0.24218750208333334 0.7611328125 0.21961805625 0.7611328125 0.20572916875 0.7625 0.20329861249999998 0.7625 0.1970486125 0.7611328125 0.18489583541666665 0.7572265625 0.1710069458333333
0 0.674609375 0.14201388958333333 0.66875 0.13854166874999999 0.651171875 0.13854166874999999 0.6384765625 0.15416666874999999 0.639453125 0.15937500208333333 0.655078125 0.16284722291666667 0.666796875 0.1767361125 0.6716796875 0.18888888958333333 0.6755859375 0.19583333333333333 0.6775390640625 0.19583333333333333 0.6859375 0.17493055625 0.6859375 0.15972222291666668 0.6853515625 0.15763888958333333 0.674609375 0.14201388958333333
0 0.561328125 0.12152777708333334 0.5515625 0.12847222291666666 0.5427734375 0.140625 0.545703125 0.14930555625 0.5564453125 0.16145833333333334 0.561328125 0.18055555625 0.5681640625 0.17881944375 0.573046875 0.17361111041666666 0.5759765625 0.16840277708333332 0.5759765625 0.16145833333333334 0.5859375 0.14670138958333334 0.5859375 0.14097222291666667 0.57890625 0.12847222291666666 0.561328125 0.12152777708333334