0 0.8083984375 0.6472222208333334 0.799609375 0.63506944375 0.79375 0.6315972208333334 0.78984375 0.6246527770833333 0.778125 0.6211805541666667 0.776171875 0.6177083333333333 0.75078125 0.6177083333333333 0.73515625 0.628125 0.715625 0.6524305541666667 0.6951171875 0.6958333333333333 0.6951171875 0.7027777770833333 0.6912109375 0.7097222208333334 0.6912109375 0.7201388875 0.6873046875 0.7375 0.6873046875 0.7548611104166666 0.6853515625 0.7583333333333333 0.6873046875 0.7618055541666667 0.6873046875 0.7895833333333333 0.6912109375 0.8104166666666667 0.6990234375 0.83819444375 0.71171875 0.8607638875 0.73125 0.8815972208333334 0.7390625 0.8815972208333334 0.7400390625 0.8833333333333333 0.7615234375 0.8833333333333333 0.772265625 0.8815972208333334 0.78203125 0.8711805541666667 0.7859375 0.8711805541666667 0.799609375 0.85381944375 0.8162109375 0.8208333333333333 0.8240234375 0.7930555541666667 0.8240234375 0.7826388875 0.8265625 0.7713541666666667 0.8265625 0.706875 0.8181640625 0.6680555541666667 0.8083984375 0.6472222208333334
0 0.43984375 0.36770833333333336 0.422265625 0.3572916666666667 0.40859375 0.3572916666666667 0.406640625 0.3607638875 0.394921875 0.3642361104166667 0.3783203125 0.38333333333333336 0.3646484375 0.42152777708333333 0.3646484375 0.4736111104166667 0.3705078125 0.4979166666666667 0.3763671875 0.5083333333333333 0.3822265625 0.5083333333333333 0.3890625 0.49965277708333333 0.391015625 0.49270833333333336 0.406640625 0.47881944375 0.414453125 0.47881944375 0.41640625 0.4753472208333333 0.43203125 0.4753472208333333 0.433984375 0.471875 0.4359375 0.4753472208333333 0.44765625 0.47881944375 0.457421875 0.4892361104166667 0.4623046875 0.4805555541666667 0.4640625 0.47118055416666665 0.4640625 0.42743055416666664 0.4603515625 0.4076388875 0.43984375 0.36770833333333336
0 0.909375 0.31979166666666664 0.9015625 0.31284722291666667 0.8859375 0.31284722291666667 0.878125 0.31979166666666664 0.8673828125 0.3388888895833333 0.8615234375 0.3631944458333333 0.8615234375 0.39791666666666664 0.8693359375 0.4326388895833333 0.878125 0.4552083333333333 0.8869140625 0.46458333333333335 0.8978515671875 0.46458333333333335 0.9044921875 0.4638888895833333 0.915234375 0.4552083333333333 0.9259765625 0.4326388895833333 0.9296875 0.41614583541666667 0.9296875 0.3796875 0.9220703125 0.3458333333333333 0.909375 0.31979166666666664
0 0.786328125 0.2989583333333333 0.782421875 0.2989583333333333 0.778515625 0.2920138895833333 0.77265625 0.2920138895833333 0.770703125 0.28854166666666664 0.753125 0.28854166666666664 0.739453125 0.2989583333333333 0.7267578125 0.3215277791666667 0.7189453125 0.3631944458333333 0.7208984375 0.3701388895833333 0.7208984375 0.3944444458333333 0.7267578125 0.4152777791666667 0.7453125 0.4482638895833333 0.7585286453125 0.4583333333333333 0.7611328171875 0.4583333333333333 0.7697265625 0.4569444458333333 0.78828125 0.44479166666666664 0.794140625 0.43784722291666667 0.7990234375 0.4256944458333333 0.80625 0.39678819583333336 0.80625 0.35347222291666663 0.8009765625 0.32847222291666667 0.786328125 0.2989583333333333
0 0.7083984375 0.24340277916666667 0.7005859375 0.23645833333333333 0.6888671875 0.22951388958333335 0.6791015625 0.22951388958333335 0.6712890625 0.23645833333333333 0.6654296875 0.23645833333333333 0.648828125 0.2694444458333333 0.646875 0.29375 0.644921875 0.29722222291666667 0.646875 0.325 0.656640625 0.3527777791666667 0.6712890625 0.37534722291666667 0.6779296875 0.38125 0.6902343796875 0.38125 0.69765625 0.38055555625 0.7103515625 0.371875 0.719140625 0.35972222291666667 0.719140625 0.3527777791666667 0.7265625 0.3263888895833333 0.7265625 0.2890277791666667 0.7171875 0.25902777916666664 0.7083984375 0.24340277916666667
0 0.6828125 0.10381944375 0.67109375 0.096875 0.66328125 0.096875 0.661328125 0.10034722083333333 0.65546875 0.10034722083333333 0.6486328125 0.10902777708333335 0.6427734375 0.1263888875 0.64375 0.14201388750000002 0.649609375 0.14201388750000002 0.6515625 0.13854166666666667 0.669140625 0.14201388750000002 0.6798828125 0.15416666666666667 0.686192909375 0.175 0.6896484375 0.175 0.6953125 0.16157407291666667 0.6953125 0.13263888958333334 0.6916015625 0.11944444375 0.6828125 0.10381944375
0 0.7826171875 0.08055555416666667 0.7728515625 0.08055555416666667 0.7650390625 0.0875 0.76015625 0.09965277708333334 0.76015625 0.12048611041666667 0.762109375 0.12743055416666665 0.7728515625 0.15 0.7763671890625 0.15208333333333332 0.7873046828125 0.15208333333333332 0.789453125 0.15173611041666665 0.7984375 0.13256944375 0.7984375 0.10729166666666666 0.797265625 0.103125 0.7826171875 0.08055555416666667
0 0.756640625 0.06302083333333333 0.7498046875 0.07864583333333333 0.7498046875 0.09947916666666666 0.7546875 0.11163194375 0.75712890625 0.1125 0.7595703125 0.1125 0.7595703125 0.09947916666666666 0.768359375 0.08385416666666666 0.778125 0.07911931874999999 0.778125 0.07059659166666667 0.768359375 0.05954861041666667 0.756640625 0.06302083333333333
0 0.6701171875 0.09513888958333333 0.6681640625 0.07430555624999999 0.661328125 0.062152779166666665 0.6515625 0.05520833541666667 0.637890625 0.05868055625 0.6310546875 0.0673611125 0.6291015625 0.07777777916666667 0.6291015625 0.10208333333333333 0.6310546875 0.10902777916666667 0.640603296875 0.12291666666666666 0.6447265625 0.12291666666666666 0.6515625 0.10381944583333333 0.6701171875 0.09513888958333333
0 0.44453125 0.09409722083333333 0.42890625 0.09409722083333333 0.42109375 0.10104166666666667 0.4142578125 0.11666666666666667 0.4142578125 0.12708333333333333 0.4125 0.13020833125 0.4125 0.13090277708333334 0.4142578125 0.13402777916666667 0.4142578125 0.14444444583333332 0.422567471875 0.1625 0.4248046859375 0.1625 0.4259765625 0.16180555416666667 0.4298828125 0.14791666666666667 0.43671875 0.1357638875 0.446484375 0.12881944375 0.454296875 0.12881944375 0.45625 0.12534722083333333 0.45625 0.11454475208333334 0.4484375 0.09756944375000001 0.44453125 0.09409722083333333
0 0.4390625 0.06909722291666666 0.433203125 0.06909722291666666 0.43125 0.06562500208333334 0.41953125 0.07256944583333333 0.4107421875 0.09166666666666666 0.4126953125 0.10902777916666667 0.4146484375 0.1125 0.4166015625 0.1125 0.421484375 0.10034722291666666 0.429296875 0.09340277916666667 0.446875 0.09340277916666667 0.446875 0.08472222291666666 0.4458984375 0.08125 0.4390625 0.06909722291666666
0 0.2078125 0.18472222083333334 0.2 0.18472222083333334 0.19609375 0.18819444375 0.1892578125 0.20381944375 0.1892578125 0.22465277708333334 0.1970424109375 0.23541666666666666 0.203515621875 0.23541666666666666 0.2048828125 0.23506944375 0.2107421875 0.228125 0.2140625 0.21631944374999998 0.2140625 0.19479166666666667 0.2126953125 0.18993055416666668 0.2078125 0.18472222083333334
0 0.0234375 0.46006944375000003 0.0259765625 0.46458333333333335 0.0283203109375 0.46458333333333335 0.03125 0.4635416666666667 0.0361328125 0.4548611104166667 0.0439453125 0.4548611104166667 0.046875 0.44618055624999997 0.044921875 0.4322916666666667 0.0384765625 0.42083333333333334 0.0318359375 0.42083333333333334 0.025390625 0.4322916666666667 0.0234375 0.46006944375000003
1 0.009375 0.465625 0.0044921875 0.47430555625 0.0025390625 0.5020833333333333 0.0044921875 0.5125 0.0091796875 0.5208333333333334 0.010742190625 0.5208333333333334 0.0162109375 0.5194444458333334 0.0162109375 0.4881944458333333 0.01875 0.47690972291666667 0.01875 0.46840277708333333 0.0171875 0.465625 0.009375 0.465625
1 0.037890625 0.45069444583333335 0.0271484375 0.46631944583333335 0.0271484375 0.5010416666666667 0.0356670671875 0.5229166666666667 0.038671878124999996 0.5229166666666667 0.0427734375 0.521875 0.0466796875 0.5184027791666667 0.0447265625 0.48715277916666666 0.046875 0.47760416666666666 0.046875 0.45625 0.04375 0.45069444583333335 0.037890625 0.45069444583333335
1 0.0548828125 0.39756944375000003 0.0548828125 0.42881944375000003 0.06328125 0.44375 0.06640624843750001 0.44375 0.0705078125 0.4427083333333333 0.0734375 0.44097222291666666 0.0783203125 0.42881944375000003 0.0796875 0.409375 0.0796875 0.39940476249999995 0.0734375 0.38194444375000003 0.0671874984375 0.37916666666666665 0.06484375 0.37916666666666665 0.06171875 0.38194444375000003 0.0548828125 0.39756944375000003
1 0.25859375 0.13194444375 0.2478515625 0.14756944375 0.2478515625 0.16840277708333332 0.256640625 0.18055555625 0.2634765625 0.17881944375 0.2712890625 0.16840277708333332 0.271875 0.16111111041666665 0.271875 0.14166666666666666 0.26640625 0.13194444375 0.25859375 0.13194444375
1 0.3212890625 0.14930555625 0.3193359375 0.14583333333333334 0.3173828125 0.14930555625 0.3095703125 0.14930555625 0.302734375 0.15798611041666666 0.296875 0.17534722291666668 0.296875 0.19965277708333332 0.298828125 0.20659722291666668 0.3076171875 0.21875 0.322265625 0.21701388958333334 0.330078125 0.21006944375 0.3359375 0.18923611041666666 0.3359375 0.16840277708333332 0.3271484375 0.14930555625 0.3212890625 0.14930555625
1 0.478515625 0.18541666666666667 0.478515625 0.175 0.48046875 0.17152777708333333 0.478515625 0.15069444375 0.4716796875 0.13506944375 0.4638671875 0.128125 0.4462890625 0.128125 0.4404296875 0.13159722083333333 0.4365234375 0.13506944375 0.427734375 0.15416666666666667 0.42578125 0.16458333333333333 0.427734375 0.18888888750000002 0.4384765625 0.21145833333333333 0.4443359375 0.21666666666666667 0.4609375 0.21666666666666667 0.4658203125 0.21493055416666668 0.478515625 0.18541666666666667
1 0.4822265625 0.5295138895833333 0.455859375 0.4861111104166667 0.43828125 0.47569444375000003 0.41875 0.47569444375000003 0.397265625 0.4895833333333333 0.3787109375 0.5190972229166666 0.3669921875 0.5642361104166667 0.3669921875 0.6128472229166667 0.3728515625 0.6371527770833333 0.3787109375 0.6510416666666666 0.39140625 0.6736111104166667 0.405078125 0.6875 0.412890625 0.6875 0.41484375 0.6909722229166667 0.4255859375 0.6892361104166667 0.4294921875 0.6822916666666666 0.4294921875 0.671875 0.4353515625 0.6510416666666666 0.455859375 0.6111111104166667 0.47734375 0.5902777770833333 0.487109375 0.5868055562500001 0.4890625 0.5833333333333334 0.4890625 0.5677083333333334 0.4880859375 0.5538194437499999 0.4822265625 0.5295138895833333
1 0.526171875 0.11163194375 0.518359375 0.1046875 0.502734375 0.1046875 0.496875 0.10815972291666666 0.4880859375 0.12378472291666666 0.4841796875 0.13767361041666665 0.4841796875 0.15850694375 0.4880859375 0.17239583333333333 0.494921875 0.18454861041666665 0.502734375 0.19149305625000002 0.503808590625 0.19166666666666668 0.51669921875 0.19166666666666668 0.52421875 0.18802083333333333 0.5349609375 0.16892361041666665 0.5359375 0.16545138750000002 0.5359375 0.13420138750000002 0.5330078125 0.12378472291666666 0.526171875 0.11163194375
1 0.52890625 0.060763889583333335 0.52890625 0.08159722291666666 0.530859375 0.08854166666666667 0.5357421875 0.09722222291666666 0.5435546875 0.10416666666666667 0.546484375 0.10243055625 0.546484375 0.07465277708333334 0.559375 0.05500992083333334 0.559375 0.049355158333333336 0.5533203125 0.041666666666666664 0.5416015625 0.041666666666666664 0.5337890625 0.048611110416666665 0.52890625 0.060763889583333335
1 0.6271484375 0.07881944375000001 0.614453125 0.05972222083333333 0.598828125 0.05972222083333333 0.5880859375 0.071875 0.584375 0.1015625 0.584375 0.10381944375 0.5861328125 0.11006944375000001 0.598828125 0.12916666666666668 0.6011718765625 0.13125 0.6128906187500001 0.13125 0.6154296875 0.13090277708333334 0.618359375 0.12916666666666668 0.6271484375 0.11006944375000001 0.628125 0.10486111041666667 0.628125 0.09791666666666667 0.6271484375 0.09618055416666667 0.6271484375 0.07881944375000001
1 0.6732421875 0.1454861125 0.6615234375 0.13854166874999999 0.6517578125 0.13854166874999999 0.6400390625 0.1454861125 0.63125 0.1611111125 0.62734375 0.17847222291666667 0.62734375 0.20972222291666667 0.633203125 0.22708333541666667 0.6458984375 0.24618055625000002 0.6488281234375 0.24791666666666667 0.6566406265625 0.24791666666666667 0.6693359375 0.23229166874999999 0.6830078125 0.22881944583333333 0.687890625 0.21666666874999999 0.687890625 0.20625000208333333 0.6890625 0.20416666875 0.6890625 0.18564815 0.683984375 0.16458333541666667 0.6732421875 0.1454861125
1 0.697265625 0.11631944375 0.7001953125 0.11458333333333333 0.7109375 0.09201388958333333 0.708984375 0.07118055625 0.70703125 0.06423611041666667 0.6982421875 0.052083333333333336 0.6923828125 0.048611110416666665 0.6806640625 0.052083333333333336 0.671875 0.07118055625 0.673828125 0.09548611041666667 0.6884765625 0.11458333333333333 0.6923828125 0.11805555625 0.697265625 0.11631944375
0 0.1142578125 0.27847222083333334 0.10625 0.2958719125 0.10625 0.3181712958333333 0.1083984375 0.32708333333333334 0.1107421890625 0.32916666666666666 0.11933593281249999 0.32916666666666666 0.12109375 0.32881944375 0.126953125 0.321875 0.128125 0.303125 0.128125 0.28868055625 0.1240234375 0.27847222083333334 0.1142578125 0.27847222083333334
0 0.23534023906249998 0.16665184166666666 0.22808453125 0.16464205208333332 0.22242469062499998 0.16413310833333333 0.216796875 0.164549 0.215625 0.170799 0.215625 0.20035146875 0.2229042953125 0.21041666666666667 0.22759918437499999 0.21041666666666667 0.23046875 0.2096878875 0.2375 0.2003128875 0.2375 0.19278383958333334 0.236910521875 0.18788890208333334 0.23534023906249998 0.16665184166666666
0 0.2421875 0.17135416666666667 0.240234375 0.1609375 0.2353515625 0.15225694374999998 0.2275390625 0.14878472291666667 0.21875 0.1609375 0.22083491562500002 0.16409345416666668 0.2284414703125 0.163896375 0.23538640000000002 0.16591215625 0.23060570625 0.20833333333333334 0.23138020781250002 0.20833333333333334 0.23828125 0.19913194374999998 0.2421875 0.17135416666666667