1 0.0947265625 0.4895833333333333 0.0849609375 0.49652777708333334 0.078125 0.50868055625 0.072265625 0.5260416666666666 0.072265625 0.546875 0.0703125 0.5538194437499999 0.072265625 0.5572916666666666 0.072265625 0.5711805562500001 0.078125 0.5920138895833333 0.0869140625 0.6076388895833333 0.107421875 0.6059027770833333 0.1103515625 0.6041666666666666 0.119140625 0.5850694437499999 0.119140625 0.5746527770833333 0.12109375 0.5711805562500001 0.12109375 0.5364583333333334 0.115234375 0.5121527770833334 0.1064453125 0.49652777708333334 0.0947265625 0.4895833333333333
1 0.013671875 0.5399305562500001 0.01171875 0.5434027770833333 0.013671875 0.5711805562500001 0.0244140625 0.59375 0.03515625 0.5920138895833333 0.041015625 0.578125 0.041015625 0.5642361104166667 0.04296875 0.5607638895833333 0.041015625 0.5329861104166667 0.0341796875 0.5138888895833333 0.0224609375 0.5104166666666666 0.013671875 0.5295138895833333 0.013671875 0.5399305562500001
1 0.1337890625 0.37847222291666666 0.1201171875 0.37847222291666666 0.1162109375 0.38194444375000003 0.107421875 0.4010416666666667 0.10546875 0.4322916666666667 0.1162109375 0.4375 0.1220703125 0.44444444375000003 0.12890625 0.46006944375000003 0.12890625 0.4670138895833333 0.1318359375 0.47222222291666666 0.134765625 0.4704861104166667 0.142578125 0.46006944375000003 0.146484375 0.4392361104166667 0.146484375 0.42534722291666666 0.1484375 0.421875 0.146484375 0.41840277708333334 0.146484375 0.4045138895833333 0.1376953125 0.38194444375000003 0.1337890625 0.37847222291666666
1 0.14453125 0.30381944375000003 0.14453125 0.3107638895833333 0.140625 0.32118055624999997 0.140625 0.3489583333333333 0.142578125 0.35590277708333334 0.1513671875 0.36805555624999997 0.166015625 0.36631944375000003 0.173828125 0.35243055624999997 0.17578125 0.3420138895833333 0.17578125 0.33159722291666666 0.177734375 0.328125 0.17578125 0.3072916666666667 0.1689453125 0.2916666666666667 0.1533203125 0.2916666666666667 0.14453125 0.30381944375000003
1 0.8857421875 0.23958333333333334 0.873046875 0.2552083333333333 0.8671875 0.2829861104166667 0.8671875 0.30381944375000003 0.873046875 0.328125 0.8837890625 0.35069444375000003 0.8896484375 0.3541666666666667 0.8984375 0.35243055624999997 0.9052734375 0.35069444375000003 0.9140625 0.3385416666666667 0.91796875 0.32465277708333334 0.91796875 0.2864583333333333 0.9140625 0.26909722291666666 0.9052734375 0.25 0.8974609375 0.24305555625 0.8857421875 0.23958333333333334
1 0.6796875 0.078125 0.6796875 0.09548611041666667 0.6923828125 0.12152777708333334 0.703125 0.12326388958333333 0.7080078125 0.12152777708333334 0.716796875 0.10590277708333334 0.716796875 0.08506944375 0.7060546875 0.0625 0.7021484375 0.05902777708333333 0.6904296875 0.05902777708333333 0.681640625 0.07118055625 0.6796875 0.078125
1 0.7275390625 0.11805555625 0.73828125 0.11631944375 0.73828125 0.09201388958333333 0.748046875 0.07465277708333334 0.7373046875 0.05902777708333333 0.7255859375 0.05902777708333333 0.71875 0.07118055625 0.716796875 0.08159722291666666 0.71875 0.10243055625 0.7275390625 0.11805555625
1 0.83984375 0.1267361104166667 0.8359375 0.15104166666666666 0.845703125 0.15104166666666666 0.853515625 0.140625 0.853515625 0.11631944375 0.8427734375 0.09375 0.8330078125 0.09027777708333334 0.830078125 0.09548611041666667 0.837890625 0.11284722291666666 0.837890625 0.12326388958333333 0.83984375 0.1267361104166667
1 0.783203125 0.13368055625 0.7919921875 0.15625 0.7978515625 0.15972222291666668 0.80859375 0.15798611041666666 0.81640625 0.14409722291666668 0.818359375 0.1267361104166667 0.8095703125 0.09722222291666666 0.7998046875 0.09027777708333334 0.7919921875 0.09027777708333334 0.78515625 0.09895833333333333 0.78125 0.11284722291666666 0.783203125 0.13368055625
0 0.8212890625 0.20833333333333334 0.8115234375 0.21875 0.802734375 0.24131944375 0.802734375 0.2760416666666667 0.810546875 0.30381944375000003 0.8193359375 0.31944444375000003 0.8310546875 0.3263888895833333 0.8359375 0.32465277708333334 0.8486328125 0.31597222291666666 0.853515625 0.3072916666666667 0.859375 0.2864583333333333 0.859375 0.25868055625 0.85546875 0.23784722291666668 0.8408203125 0.21180555625 0.8369140625 0.20833333333333334 0.8212890625 0.20833333333333334
0 0.7626953125 0.1875 0.7568359375 0.19097222291666668 0.74609375 0.20659722291666668 0.7421875 0.22048611041666666 0.740234375 0.23090277708333332 0.7421875 0.25868055625 0.74609375 0.27256944375000003 0.7568359375 0.2951388895833333 0.7666015625 0.3020833333333333 0.783203125 0.30034722291666666 0.7900390625 0.2951388895833333 0.802734375 0.26909722291666666 0.802734375 0.23784722291666668 0.80078125 0.22743055625 0.796875 0.21354166666666666 0.7880859375 0.19791666666666666 0.7763671875 0.1875 0.7626953125 0.1875
0 0.857421875 0.19965277708333332 0.8681640625 0.22569444375 0.8720703125 0.22916666666666666 0.884765625 0.22743055625 0.892578125 0.21701388958333334 0.89453125 0.18576388958333334 0.890625 0.171875 0.8798828125 0.15277777708333332 0.8701171875 0.14930555625 0.857421875 0.16493055625 0.85546875 0.17534722291666668 0.857421875 0.19965277708333332
0 0.912109375 0.17534722291666668 0.912109375 0.19618055625 0.91796875 0.21701388958333334 0.9228515625 0.22569444375 0.9267578125 0.22916666666666666 0.93359375 0.22743055625 0.9365234375 0.22569444375 0.94140625 0.21354166666666666 0.94140625 0.18923611041666666 0.9375 0.17534722291666668 0.9306640625 0.16319444375 0.9208984375 0.15972222291666668 0.9169921875 0.16319444375 0.912109375 0.17534722291666668
0 0.9013671875 0.19097222291666668 0.9052734375 0.19444444375 0.912109375 0.19270833333333334 0.912109375 0.17534722291666668 0.91796875 0.16145833333333334 0.91796875 0.15104166666666666 0.9091796875 0.13541666666666666 0.8974609375 0.13541666666666666 0.892578125 0.14756944375 0.892578125 0.16840277708333332 0.9013671875 0.19097222291666668
0 0.8798828125 0.15277777708333332 0.8896484375 0.16666666666666666 0.890625 0.16493055625 0.896484375 0.13715277708333332 0.896484375 0.1267361104166667 0.8876953125 0.11111111041666667 0.8798828125 0.10763888958333333 0.8759765625 0.11111111041666667 0.87109375 0.12326388958333333 0.87109375 0.14756944375 0.8798828125 0.15277777708333332
0 0.81640625 0.14409722291666668 0.814453125 0.14756944375 0.8193359375 0.15625 0.83203125 0.15451388958333334 0.837890625 0.14409722291666668 0.83984375 0.11979166666666667 0.8291015625 0.09375 0.8154296875 0.09027777708333334 0.810546875 0.09895833333333333 0.8125 0.109375 0.81640625 0.11631944375 0.81640625 0.14409722291666668
0 0.64453125 0.06770833333333333 0.64453125 0.08854166666666667 0.646484375 0.09548611041666667 0.6572265625 0.11111111041666667 0.671875 0.109375 0.6796875 0.09201388958333333 0.6796875 0.07118055625 0.677734375 0.06423611041666667 0.6689453125 0.052083333333333336 0.6630859375 0.048611110416666665 0.6572265625 0.048611110416666665 0.6494140625 0.05555555625 0.64453125 0.06770833333333333
0 0.2734375 0.18576388958333334 0.2783203125 0.20138888958333334 0.2861328125 0.20833333333333334 0.296875 0.20659722291666668 0.3046875 0.19618055625 0.30859375 0.17881944375 0.30859375 0.16493055625 0.2998046875 0.14583333333333334 0.2861328125 0.14583333333333334 0.27734375 0.15798611041666666 0.2734375 0.171875 0.2734375 0.18576388958333334
0 0.3046875 0.15104166666666666 0.30859375 0.171875 0.3134765625 0.18055555625 0.322265625 0.18229166666666666 0.3291015625 0.18055555625 0.333984375 0.171875 0.337890625 0.15798611041666666 0.337890625 0.13368055625 0.3291015625 0.12152777708333334 0.3193359375 0.11805555625 0.3046875 0.140625 0.3046875 0.15104166666666666
0 0.16796875 0.2864583333333333 0.1787109375 0.3125 0.19140625 0.3107638895833333 0.19921875 0.30034722291666666 0.203125 0.2864583333333333 0.203125 0.25868055625 0.19921875 0.24826388958333334 0.1943359375 0.24305555625 0.1826171875 0.24305555625 0.171875 0.25868055625 0.16796875 0.2864583333333333
0 0.138671875 0.29340277708333334 0.1435546875 0.2986111104166667 0.1484375 0.296875 0.1552734375 0.2916666666666667 0.1650390625 0.2916666666666667 0.166015625 0.2795138895833333 0.1591796875 0.2708333333333333 0.1494140625 0.2708333333333333 0.1455078125 0.27430555624999997 0.140625 0.2829861104166667 0.138671875 0.29340277708333334
0 0.083984375 0.48784722291666666 0.0869140625 0.49305555624999997 0.0966796875 0.4895833333333333 0.1064453125 0.49652777708333334 0.115234375 0.5121527770833334 0.119140625 0.5295138895833333 0.1220703125 0.5347222229166667 0.125 0.5329861104166667 0.130859375 0.50868055625 0.130859375 0.4704861104166667 0.126953125 0.45659722291666666 0.1162109375 0.4375 0.1103515625 0.43402777708333334 0.1005859375 0.4375 0.087890625 0.46006944375000003 0.083984375 0.48784722291666666
0 0.0556640625 0.4479166666666667 0.05078125 0.45659722291666666 0.046875 0.4739583333333333 0.046875 0.50868055625 0.0517578125 0.5208333333333334 0.0546875 0.5190972229166666 0.056640625 0.515625 0.0546875 0.4982638895833333 0.05859375 0.48090277708333334 0.0712890625 0.46180555624999997 0.076171875 0.46006944375000003 0.076171875 0.45659722291666666 0.0673828125 0.44444444375000003 0.0556640625 0.4479166666666667
0 0.07421875 0.453125 0.0673828125 0.44444444375000003 0.0556640625 0.4479166666666667 0.05078125 0.45659722291666666 0.046875 0.4739583333333333 0.046875 0.50868055625 0.0537109375 0.5208333333333334 0.0546875 0.5190972229166666 0.0576171875 0.5138888895833333 0.0634765625 0.5138888895833333 0.0654296875 0.5104166666666666 0.0751953125 0.5138888895833333 0.083984375 0.49131944375000003 0.0859375 0.4704861104166667 0.0771484375 0.46180555624999997 0.07421875 0.453125
1 0.357421875 0.11284722291666666 0.353515625 0.140625 0.3623046875 0.15972222291666668 0.375 0.15798611041666666 0.380859375 0.15104166666666666 0.380859375 0.14409722291666668 0.376953125 0.13368055625 0.376953125 0.11631944375 0.380859375 0.10590277708333334 0.3740234375 0.09722222291666666 0.3681640625 0.09722222291666666 0.357421875 0.11284722291666666
1 0.3427734375 0.10416666666666667 0.337890625 0.11631944375 0.337890625 0.13715277708333332 0.3466796875 0.15277777708333332 0.3505859375 0.15625 0.35546875 0.15451388958333334 0.357421875 0.15104166666666666 0.35546875 0.14409722291666668 0.35546875 0.12326388958333333 0.357421875 0.11284722291666666 0.36328125 0.10243055625 0.3623046875 0.09722222291666666 0.3486328125 0.09722222291666666 0.3427734375 0.10416666666666667
0 0.3046875 0.14756944375 0.30859375 0.13020833333333334 0.318359375 0.11979166666666667 0.3173828125 0.11458333333333333 0.3076171875 0.11458333333333333 0.296875 0.13020833333333334 0.294921875 0.14409722291666668 0.3017578125 0.14930555625 0.3046875 0.14756944375
0 0.16796875 0.2829861104166667 0.173828125 0.2552083333333333 0.1796875 0.24826388958333334 0.1767578125 0.23958333333333334 0.1650390625 0.24652777708333332 0.158203125 0.26215277708333334 0.158203125 0.26909722291666666 0.1669921875 0.28472222291666666 0.16796875 0.2829861104166667