1 0.5771484375 0.5486111104166667 0.5439453125 0.5451388895833333 0.5185546875 0.5590277770833333 0.5029296875 0.5798611104166667 0.4921875 0.6024305562500001 0.478515625 0.6614583333333334 0.478515625 0.703125 0.484375 0.734375 0.48828125 0.7413194437499999 0.490234375 0.7517361104166667 0.5146484375 0.7916666666666666 0.5400390625 0.8125 0.564453125 0.8107638895833333 0.5791015625 0.8055555562500001 0.5947265625 0.7916666666666666 0.6005859375 0.7847222229166667 0.62109375 0.7447916666666666 0.630859375 0.6996527770833333 0.630859375 0.6614583333333334 0.62109375 0.6128472229166667 0.61328125 0.5920138895833333 0.6005859375 0.5694444437499999 0.5771484375 0.5486111104166667
1 0.6025390625 0.5729166666666666 0.609375 0.5572916666666666 0.611328125 0.5364583333333334 0.61328125 0.5329861104166667 0.61328125 0.5017361104166667 0.60546875 0.46006944375000003 0.5869140625 0.4270833333333333 0.5654296875 0.40972222291666666 0.5380859375 0.40972222291666666 0.5244140625 0.4201388895833333 0.5107421875 0.44097222291666666 0.5048828125 0.44444444375000003 0.4921875 0.47743055624999997 0.490234375 0.5295138895833333 0.498046875 0.5711805562500001 0.5009765625 0.5763888895833333 0.505859375 0.5746527770833333 0.5107421875 0.5659722229166667 0.5263671875 0.5520833333333334 0.5380859375 0.5486111104166667 0.5400390625 0.5451388895833333 0.5712890625 0.5451388895833333 0.5732421875 0.5486111104166667 0.5791015625 0.5486111104166667 0.5947265625 0.5659722229166667 0.5986328125 0.5659722229166667 0.6025390625 0.5729166666666666
1 0.3837890625 0.3125 0.3642578125 0.3333333333333333 0.353515625 0.36631944375000003 0.353515625 0.3802083333333333 0.3515625 0.38368055624999997 0.3515625 0.39756944375000003 0.359375 0.4392361104166667 0.3701171875 0.4583333333333333 0.3818359375 0.46875 0.3876953125 0.46875 0.3896484375 0.47222222291666666 0.396484375 0.4704861104166667 0.4130859375 0.46527777708333334 0.42578125 0.44618055624999997 0.427734375 0.4045138895833333 0.431640625 0.38715277708333334 0.439453125 0.3697916666666667 0.439453125 0.359375 0.435546875 0.3454861104166667 0.4208984375 0.31944444375000003 0.4072265625 0.30902777708333334 0.3837890625 0.3125
1 0.4482421875 0.21527777708333332 0.439453125 0.23090277708333332 0.43359375 0.25868055625 0.43359375 0.27256944375000003 0.439453125 0.30034722291666666 0.4541015625 0.3229166666666667 0.4580078125 0.3263888895833333 0.4765625 0.32465277708333334 0.4853515625 0.31944444375000003 0.5 0.29340277708333334 0.505859375 0.26215277708333334 0.50390625 0.25868055625 0.50390625 0.24479166666666666 0.5 0.23090277708333332 0.4873046875 0.21180555625 0.4775390625 0.20486111041666666 0.4619140625 0.20486111041666666 0.4482421875 0.21527777708333332
1 0.6884765625 0.16319444375 0.689453125 0.16145833333333334 0.6982421875 0.14236111041666666 0.7021484375 0.13888888958333334 0.7158203125 0.13888888958333334 0.716796875 0.13368055625 0.7060546875 0.11805555625 0.6884765625 0.11805555625 0.681640625 0.1267361104166667 0.6796875 0.140625 0.685546875 0.15798611041666666 0.6884765625 0.16319444375
0 0.3154296875 0.5138888895833333 0.3134765625 0.5173611104166667 0.2998046875 0.5208333333333334 0.2880859375 0.53125 0.2734375 0.5572916666666666 0.265625 0.5815972229166667 0.26171875 0.6024305562500001 0.26171875 0.6475694437499999 0.26953125 0.6892361104166667 0.2880859375 0.7222222229166667 0.3134765625 0.7395833333333334 0.333984375 0.7413194437499999 0.3466796875 0.7361111104166667 0.36328125 0.7170138895833333 0.37890625 0.6753472229166667 0.37890625 0.6684027770833333 0.3828125 0.6579861104166667 0.3828125 0.6128472229166667 0.373046875 0.5677083333333334 0.3525390625 0.53125 0.3349609375 0.5173611104166667 0.3154296875 0.5138888895833333
0 0.53125 0.4114583333333333 0.53125 0.4010416666666667 0.525390625 0.3802083333333333 0.5087890625 0.35069444375000003 0.4970703125 0.34027777708333334 0.4716796875 0.33680555624999997 0.4560546875 0.34722222291666666 0.439453125 0.3697916666666667 0.427734375 0.4079861104166667 0.427734375 0.44965277708333334 0.435546875 0.484375 0.4482421875 0.50694444375 0.4658203125 0.52430555625 0.486328125 0.52256944375 0.48828125 0.5190972229166666 0.48828125 0.5017361104166667 0.490234375 0.4982638895833333 0.490234375 0.484375 0.494140625 0.4635416666666667 0.5029296875 0.44444444375000003 0.5166015625 0.43055555624999997 0.5224609375 0.4201388895833333 0.5283203125 0.4166666666666667 0.53125 0.4114583333333333
0 0.44140625 0.19618055625 0.4375 0.21006944375 0.4375 0.23090277708333332 0.439453125 0.23090277708333332 0.4501953125 0.21180555625 0.4580078125 0.20486111041666666 0.4794921875 0.20486111041666666 0.4970703125 0.22569444375 0.5 0.22048611041666666 0.5 0.20659722291666668 0.4853515625 0.17708333333333334 0.4658203125 0.16666666666666666 0.4521484375 0.17708333333333334 0.44140625 0.19618055625
0 0.4697265625 0.16666666666666666 0.4814453125 0.17708333333333334 0.4853515625 0.17708333333333334 0.498046875 0.19965277708333332 0.498046875 0.20659722291666668 0.5009765625 0.21180555625 0.501953125 0.21006944375 0.505859375 0.18923611041666666 0.50390625 0.171875 0.4873046875 0.14583333333333334 0.4677734375 0.14583333333333334 0.4599609375 0.15277777708333332 0.451171875 0.171875 0.451171875 0.17534722291666668 0.4541015625 0.17708333333333334 0.4599609375 0.17013888958333334 0.4697265625 0.16666666666666666
0 0.58984375 0.140625 0.587890625 0.15104166666666666 0.58984375 0.17534722291666668 0.591796875 0.18229166666666666 0.6044921875 0.20138888958333334 0.6083984375 0.20486111041666666 0.62109375 0.203125 0.6279296875 0.19791666666666666 0.63671875 0.17881944375 0.634765625 0.171875 0.63671875 0.16493055625 0.63671875 0.14409722291666668 0.6279296875 0.125 0.6201171875 0.11805555625 0.6064453125 0.11805555625 0.6005859375 0.12152777708333334 0.58984375 0.140625
0 0.6513671875 0.21527777708333332 0.6572265625 0.21875 0.671875 0.21701388958333334 0.68359375 0.19965277708333332 0.6875 0.16493055625 0.68359375 0.15104166666666666 0.6728515625 0.13194444375 0.6669921875 0.12847222291666666 0.6513671875 0.12847222291666666 0.6474609375 0.13194444375 0.63671875 0.15451388958333334 0.63671875 0.18576388958333334 0.6513671875 0.21527777708333332
0 0.689453125 0.19965277708333332 0.6962890625 0.21527777708333332 0.7099609375 0.22916666666666666 0.724609375 0.22743055625 0.734375 0.21701388958333334 0.740234375 0.19270833333333334 0.736328125 0.16145833333333334 0.7275390625 0.14583333333333334 0.7158203125 0.13541666666666666 0.7060546875 0.13541666666666666 0.6982421875 0.14236111041666666 0.689453125 0.16145833333333334 0.6875 0.171875 0.689453125 0.19965277708333332
0 0.736328125 0.16145833333333334 0.740234375 0.18229166666666666 0.736328125 0.21354166666666666 0.7412109375 0.21875 0.751953125 0.21701388958333334 0.763671875 0.203125 0.767578125 0.18576388958333334 0.767578125 0.171875 0.763671875 0.15451388958333334 0.7568359375 0.14236111041666666 0.7509765625 0.13541666666666666 0.7392578125 0.13194444375 0.7265625 0.14409722291666668 0.7314453125 0.14930555625 0.736328125 0.16145833333333334
0 0.828125 0.26215277708333334 0.830078125 0.27256944375000003 0.8359375 0.28993055624999997 0.8447265625 0.3020833333333333 0.861328125 0.30034722291666666 0.8662109375 0.2986111104166667 0.875 0.2795138895833333 0.876953125 0.26909722291666666 0.875 0.23784722291666668 0.8642578125 0.20833333333333334 0.8544921875 0.20138888958333334 0.8388671875 0.20486111041666666 0.83203125 0.21354166666666666 0.828125 0.22743055625 0.828125 0.26215277708333334
0 0.826171875 0.21354166666666666 0.8291015625 0.21875 0.83203125 0.21701388958333334 0.8330078125 0.21180555625 0.8447265625 0.20138888958333334 0.8623046875 0.20486111041666666 0.86328125 0.19270833333333334 0.859375 0.17881944375 0.8544921875 0.17013888958333334 0.8447265625 0.16319444375 0.8349609375 0.16666666666666666 0.826171875 0.18229166666666666 0.826171875 0.21354166666666666
0 1 0.30381944375000003 0.9873046875 0.27777777708333334 0.9794921875 0.27777777708333334 0.9755859375 0.28125 0.96875 0.296875 0.96875 0.32465277708333334 0.974609375 0.3489583333333333 0.9814453125 0.3611111104166667 0.994140625 0.359375 1 0.3489583333333333 1 0.30381944375000003