1 0.6529296875 0.22552083333333334 0.6470703125 0.2220486125 0.6255859375 0.2220486125 0.6138671875 0.23246527916666665 0.601171875 0.25850694583333333 0.59921875 0.26545138958333336 0.59921875 0.30711805625 0.60703125 0.33489583333333334 0.6197265625 0.35399305625 0.626953125 0.36041666666666666 0.6495768234375 0.36041666666666666 0.665625 0.3453125 0.671484375 0.3314236125 0.6765625 0.30734953750000005 0.6765625 0.27609953750000005 0.671484375 0.2550347229166667 0.6529296875 0.22552083333333334
1 0.555078125 0.203125 0.551171875 0.21701388958333334 0.551171875 0.24479166666666666 0.55703125 0.265625 0.5716796875 0.28819444375000003 0.5775390625 0.2916666666666667 0.5921875 0.28993055624999997 0.598046875 0.2829861104166667 0.601953125 0.25868055625 0.6171875 0.22821180625 0.6171875 0.21927083333333333 0.609765625 0.19618055625 0.5990234375 0.18055555625 0.5931640625 0.17708333333333334 0.5736328125 0.17708333333333334 0.5599609375 0.19097222291666668 0.555078125 0.203125
1 0.5369140625 0.20694444374999998 0.528125 0.19131944374999998 0.518359375 0.18437499791666667 0.50078125 0.18437499791666667 0.494921875 0.18784722083333336 0.4861328125 0.19999999791666667 0.4822265625 0.21736111041666667 0.4783203125 0.22430555416666667 0.4783203125 0.23819444374999998 0.4802734375 0.24166666458333333 0.4802734375 0.2555555541666667 0.4841796875 0.27638888749999996 0.49296875 0.29201388749999996 0.50078125 0.2989583333333333 0.506640625 0.2989583333333333 0.5083984375 0.3020833333333333 0.509570309375 0.3020833333333333 0.5134765625 0.30069444375000004 0.528125 0.29201388749999996 0.5349609375 0.27986111041666667 0.5408203125 0.26249999791666667 0.5421875 0.23576388750000002 0.5421875 0.2232638875 0.5388671875 0.21736111041666667 0.5369140625 0.20694444374999998
1 0.43203125 0.21180555625 0.4173828125 0.234375 0.4115234375 0.2552083333333333 0.4115234375 0.2864583333333333 0.4173828125 0.3072916666666667 0.42421875 0.31944444375000003 0.43984375 0.3333333333333333 0.4505859375 0.33159722291666666 0.465234375 0.3229166666666667 0.4740234375 0.3072916666666667 0.4796875 0.2837962958333333 0.4796875 0.25439814791666665 0.4740234375 0.23090277708333332 0.4671875 0.21875 0.45546875 0.20833333333333334 0.441796875 0.20833333333333334 0.43984375 0.21180555625 0.43203125 0.21180555625
1 0.471484375 0.17743055416666667 0.465625 0.17743055416666667 0.463671875 0.17395833125000001 0.451953125 0.17743055416666667 0.4421875 0.18784722083333336 0.4333984375 0.20694444374999998 0.434375 0.21215277708333333 0.455859375 0.20868055416666667 0.465625 0.21562499791666667 0.4732421890625 0.22916666666666666 0.4740234359375 0.22916666666666666 0.4763671875 0.22777777708333333 0.484375 0.20215277708333332 0.484375 0.19340277708333334 0.479296875 0.18437499791666667 0.471484375 0.17743055416666667
1 0.5365234375 0.16302083125 0.5287109375 0.15607638750000002 0.5130859375 0.15607638750000002 0.5013671875 0.16649305416666668 0.49453125 0.17864583125 0.4955078125 0.18732638750000002 0.5013671875 0.18385416458333334 0.5208984375 0.18385416458333334 0.5287109375 0.19079861041666665 0.5375 0.20642361041666665 0.5429827015625001 0.22916666666666666 0.5458984375 0.22916666666666666 0.5484375 0.22239583125 0.5484375 0.19322916666666667 0.543359375 0.17517361041666665 0.5365234375 0.16302083125
1 0.548828125 0.20329861041666666 0.55078125 0.2102430541666667 0.552734375 0.2102430541666667 0.5595703125 0.19114583333333332 0.5732421875 0.17725694374999998 0.5927734375 0.17725694374999998 0.5986328125 0.18072916666666666 0.6015625 0.17204861041666666 0.599609375 0.16510416666666666 0.5869140625 0.14600694374999998 0.5810546875 0.14253472083333335 0.5654296875 0.14600694374999998 0.5546875 0.15815972083333335 0.546875 0.18246527708333332 0.548828125 0.20329861041666666
1 0.6396484375 0.16041666666666668 0.6279296875 0.15347222083333334 0.6240234375 0.15694444375 0.6142578125 0.15694444375 0.6015625 0.17604166666666668 0.6015625 0.18298611041666665 0.611328125 0.20034722083333334 0.6177994796874999 0.225 0.6248046875 0.225 0.6259765625 0.22291666666666668 0.654296875 0.22465277708333334 0.65625 0.22118055416666668 0.65625 0.19340277708333334 0.65234375 0.17951388750000002 0.6396484375 0.16041666666666668
1 0.6712890625 0.09340277916666667 0.6576171875 0.09340277916666667 0.646875 0.10902777916666667 0.644921875 0.13333333333333333 0.6478515625 0.13854166666666667 0.6771484375 0.1454861125 0.678515625 0.14791666666666667 0.6820312484375 0.14791666666666667 0.683984375 0.14722222083333333 0.6875 0.12847222291666666 0.6875 0.12523148125 0.6791015625 0.10034722291666666 0.6712890625 0.09340277916666667
1 0.755078125 0.10069444375 0.74140625 0.10069444375 0.7345703125 0.11284722291666666 0.7328125 0.12222222291666666 0.7328125 0.12604166666666666 0.7345703125 0.15104166666666666 0.7453125 0.17013888958333334 0.7619140625 0.16840277708333332 0.76875 0.15321180625 0.76875 0.12326388958333333 0.7677734375 0.11979166666666667 0.755078125 0.10069444375
1 0.7912109375 0.14409722291666668 0.7931640625 0.171875 0.805859375 0.19791666666666666 0.8185546875 0.19618055625 0.821484375 0.19444444375 0.828125 0.17926587291666665 0.828125 0.17569444374999998 0.8263671875 0.14756944375 0.815625 0.12847222291666666 0.81171875 0.125 0.801953125 0.125 0.798046875 0.12847222291666666 0.7912109375 0.14409722291666668