0 0.134765625 0.359375 0.1416015625 0.37152777708333334 0.150390625 0.3732638895833333 0.1572265625 0.36805555624999997 0.16796875 0.3454861104166667 0.16796875 0.32118055624999997 0.166015625 0.3142361104166667 0.1591796875 0.3020833333333333 0.1533203125 0.2986111104166667 0.1435546875 0.3020833333333333 0.13671875 0.3142361104166667 0.1328125 0.33159722291666666 0.134765625 0.359375
0 0.3359375 0.265625 0.328125 0.29340277708333334 0.328125 0.3107638895833333 0.333984375 0.33159722291666666 0.3447265625 0.35069444375000003 0.3525390625 0.3576388895833333 0.369140625 0.35590277708333334 0.3818359375 0.34722222291666666 0.384765625 0.33506944375000003 0.390625 0.32465277708333334 0.39453125 0.2864583333333333 0.390625 0.265625 0.3818359375 0.25 0.3681640625 0.23958333333333334 0.3603515625 0.23958333333333334 0.3447265625 0.25 0.3359375 0.265625
0 0.4365234375 0.2986111104166667 0.4345703125 0.2951388895833333 0.4150390625 0.2951388895833333 0.4033203125 0.30555555624999997 0.392578125 0.32118055624999997 0.384765625 0.3454861104166667 0.380859375 0.38368055624999997 0.3828125 0.38715277708333334 0.3828125 0.4045138895833333 0.384765625 0.4114583333333333 0.3955078125 0.43402777708333334 0.4111328125 0.4513888895833333 0.4169921875 0.4513888895833333 0.4189453125 0.4548611104166667 0.4296875 0.453125 0.4404296875 0.4513888895833333 0.4482421875 0.44444444375000003 0.462890625 0.41493055624999997 0.46875 0.390625 0.46875 0.35243055624999997 0.462890625 0.328125 0.4521484375 0.30902777708333334 0.4462890625 0.30555555624999997 0.4423828125 0.2986111104166667 0.4365234375 0.2986111104166667
0 0.5048828125 0.21527777708333332 0.4921875 0.24131944375 0.490234375 0.25173611041666666 0.490234375 0.2864583333333333 0.494140625 0.30034722291666666 0.5126953125 0.3298611104166667 0.5185546875 0.3298611104166667 0.5205078125 0.3333333333333333 0.525390625 0.33159722291666666 0.525390625 0.3107638895833333 0.533203125 0.2795138895833333 0.5458984375 0.25694444375 0.5576171875 0.25 0.55859375 0.24131944375 0.556640625 0.234375 0.5419921875 0.21180555625 0.5361328125 0.20833333333333334 0.5126953125 0.20833333333333334 0.5048828125 0.21527777708333332
0 0.5712890625 0.39930555624999997 0.5546875 0.42534722291666666 0.541015625 0.4670138895833333 0.541015625 0.47743055624999997 0.537109375 0.4947916666666667 0.537109375 0.515625 0.546875 0.5572916666666666 0.5595703125 0.5833333333333334 0.5869140625 0.6076388895833333 0.611328125 0.6059027770833333 0.6318359375 0.5868055562500001 0.6484375 0.5538194437499999 0.65625 0.5190972229166666 0.65625 0.4739583333333333 0.646484375 0.4322916666666667 0.6357421875 0.41319444375000003 0.6123046875 0.3923611104166667 0.5908203125 0.3888888895833333 0.5888671875 0.3923611104166667 0.5712890625 0.39930555624999997
0 0.8701171875 0.4895833333333333 0.8564453125 0.4895833333333333 0.8466796875 0.49652777708333334 0.8330078125 0.5138888895833333 0.8203125 0.5434027770833333 0.8125 0.5850694437499999 0.8125 0.6371527770833333 0.82421875 0.6788194437499999 0.8408203125 0.7048611104166667 0.8525390625 0.7118055562500001 0.87109375 0.7100694437499999 0.8837890625 0.7013888895833333 0.8955078125 0.6875 0.90625 0.6614583333333334 0.916015625 0.6197916666666666 0.916015625 0.5677083333333334 0.904296875 0.5260416666666666 0.8896484375 0.5 0.8798828125 0.49305555624999997 0.8720703125 0.49305555624999997 0.8701171875 0.4895833333333333
0 0.9462890625 0.4826388895833333 0.9384765625 0.4895833333333333 0.927734375 0.50868055625 0.923828125 0.5190972229166666 0.916015625 0.5642361104166667 0.91796875 0.5711805562500001 0.91796875 0.6024305562500001 0.919921875 0.6059027770833333 0.923828125 0.6371527770833333 0.927734375 0.6475694437499999 0.9384765625 0.6631944437499999 0.9443359375 0.6666666666666666 0.953125 0.6649305562500001 0.9619140625 0.6631944437499999 0.98046875 0.640625 0.98828125 0.6163194437499999 0.990234375 0.5885416666666666 0.9921875 0.5850694437499999 0.990234375 0.5364583333333334 0.984375 0.5121527770833334 0.9755859375 0.49305555624999997 0.9580078125 0.4791666666666667 0.9462890625 0.4826388895833333
1 0.5498046875 0.8541666666666666 0.5126953125 0.8541666666666666 0.4775390625 0.8819444437499999 0.4658203125 0.8958333333333334 0.451171875 0.921875 0.443359375 0.9461805562500001 0.439453125 0.9809027770833333 0.4375 0.984375 0.4375 0.9947916666666666 0.4404296875 1 0.6171875 0.9982638895833333 0.6318359375 0.9930555562500001 0.6328125 0.9739583333333334 0.62890625 0.9600694437499999 0.62890625 0.9461805562500001 0.623046875 0.9392361104166667 0.615234375 0.9149305562500001 0.5888671875 0.875 0.5693359375 0.8611111104166667 0.5517578125 0.8576388895833333 0.5498046875 0.8541666666666666
1 0.06640625 0.8385416666666666 0.060546875 0.8628472229166667 0.060546875 0.9010416666666666 0.0625 0.9045138895833333 0.0625 0.9184027770833333 0.072265625 0.9565972229166667 0.0849609375 0.9791666666666666 0.1005859375 1 0.150390625 0.9982638895833333 0.154296875 0.9947916666666666 0.158203125 0.9739583333333334 0.15625 0.9253472229166667 0.15234375 0.9045138895833333 0.138671875 0.8628472229166667 0.1240234375 0.8368055562500001 0.1064453125 0.8194444437499999 0.0830078125 0.8159722229166667 0.0751953125 0.8229166666666666 0.06640625 0.8385416666666666
1 0.10546875 0.5885416666666666 0.1015625 0.6024305562500001 0.099609375 0.6128472229166667 0.099609375 0.6579861104166667 0.1044921875 0.6701388895833333 0.1064453125 0.6666666666666666 0.1162109375 0.6666666666666666 0.1318359375 0.6770833333333334 0.146484375 0.6996527770833333 0.1484375 0.7100694437499999 0.1552734375 0.7222222229166667 0.162109375 0.7204861104166667 0.171875 0.6996527770833333 0.173828125 0.671875 0.17578125 0.6684027770833333 0.17578125 0.6302083333333334 0.171875 0.609375 0.16796875 0.5954861104166667 0.1533203125 0.5694444437499999 0.1357421875 0.5590277770833333 0.1220703125 0.5625 0.10546875 0.5885416666666666
0 0.154296875 0.7239583333333334 0.1484375 0.7065972229166667 0.1298828125 0.6770833333333334 0.1162109375 0.6666666666666666 0.1044921875 0.6666666666666666 0.0908203125 0.6805555562500001 0.08203125 0.6961805562500001 0.078125 0.7100694437499999 0.07421875 0.7413194437499999 0.076171875 0.7447916666666666 0.076171875 0.7690972229166667 0.078125 0.7725694437499999 0.080078125 0.7934027770833333 0.0888671875 0.8159722229166667 0.1083984375 0.8194444437499999 0.1279296875 0.8402777770833333 0.1357421875 0.8541666666666666 0.14453125 0.8524305562500001 0.1474609375 0.8506944437499999 0.15625 0.8315972229166667 0.16015625 0.8177083333333334 0.16015625 0.8003472229166667 0.162109375 0.796875 0.162109375 0.7760416666666666 0.16015625 0.7725694437499999 0.16015625 0.7586805562500001 0.158203125 0.7552083333333334 0.154296875 0.7239583333333334
0 0.2529296875 0.6736111104166667 0.2353515625 0.6597222229166667 0.2138671875 0.6597222229166667 0.2119140625 0.6631944437499999 0.2060546875 0.6631944437499999 0.1884765625 0.6805555562500001 0.177734375 0.6996527770833333 0.171875 0.7204861104166667 0.171875 0.7309027770833333 0.16796875 0.7447916666666666 0.16796875 0.7829861104166667 0.17578125 0.8246527770833333 0.1796875 0.8315972229166667 0.181640625 0.8420138895833333 0.2001953125 0.875 0.2099609375 0.8819444437499999 0.2138671875 0.8888888895833333 0.2177734375 0.8888888895833333 0.2236328125 0.8958333333333334 0.251953125 0.8940972229166667 0.2685546875 0.8784722229166667 0.275390625 0.8663194437499999 0.28515625 0.8315972229166667 0.287109375 0.8107638895833333 0.2890625 0.8072916666666666 0.2890625 0.7760416666666666 0.287109375 0.7725694437499999 0.283203125 0.7413194437499999 0.2734375 0.7100694437499999 0.2529296875 0.6736111104166667
1 0.3291015625 0.22916666666666666 0.3203125 0.24479166666666666 0.314453125 0.26909722291666666 0.314453125 0.2795138895833333 0.318359375 0.30034722291666666 0.3271484375 0.31597222291666666 0.328125 0.3142361104166667 0.330078125 0.3107638895833333 0.330078125 0.2864583333333333 0.3359375 0.265625 0.3447265625 0.25 0.36328125 0.23784722291666668 0.3564453125 0.22222222291666668 0.3505859375 0.22222222291666668 0.3486328125 0.21875 0.3369140625 0.22222222291666668 0.3291015625 0.22916666666666666
1 0.4794921875 0.19097222291666668 0.4716796875 0.19791666666666666 0.4609375 0.21701388958333334 0.45703125 0.23090277708333332 0.45703125 0.25868055625 0.4609375 0.27256944375000003 0.4716796875 0.2916666666666667 0.4833984375 0.3020833333333333 0.490234375 0.30034722291666666 0.4921875 0.28993055624999997 0.490234375 0.2864583333333333 0.48828125 0.26215277708333334 0.4921875 0.24131944375 0.498046875 0.22395833333333334 0.5048828125 0.21527777708333332 0.509765625 0.203125 0.5048828125 0.19444444375 0.4990234375 0.19097222291666668 0.4794921875 0.19097222291666668
1 0.5556640625 0.25 0.5400390625 0.26388888958333334 0.533203125 0.2795138895833333 0.525390625 0.3072916666666667 0.525390625 0.33159722291666666 0.52734375 0.3420138895833333 0.5390625 0.3767361104166667 0.5576171875 0.40277777708333334 0.56640625 0.4010416666666667 0.5908203125 0.3888888895833333 0.603515625 0.36631944375000003 0.609375 0.3489583333333333 0.609375 0.3385416666666667 0.611328125 0.33506944375000003 0.611328125 0.3107638895833333 0.60546875 0.2864583333333333 0.5908203125 0.2604166666666667 0.5791015625 0.25 0.5556640625 0.25
1 0.7529296875 0.43055555624999997 0.7392578125 0.43055555624999997 0.7177734375 0.44444444375000003 0.705078125 0.4635416666666667 0.6953125 0.48784722291666666 0.689453125 0.5190972229166666 0.689453125 0.5642361104166667 0.693359375 0.578125 0.693359375 0.5885416666666666 0.69921875 0.6059027770833333 0.7177734375 0.6388888895833333 0.7353515625 0.6493055562500001 0.755859375 0.6475694437499999 0.7763671875 0.6354166666666666 0.79296875 0.6059027770833333 0.80078125 0.5815972229166667 0.80078125 0.5711805562500001 0.8046875 0.5538194437499999 0.8046875 0.5260416666666666 0.794921875 0.48090277708333334 0.7822265625 0.4548611104166667 0.7646484375 0.4375 0.7529296875 0.43055555624999997