1 0.365625 0.2552083333333333 0.363671875 0.265625 0.363671875 0.29340277708333334 0.367578125 0.3072916666666667 0.3763671875 0.3229166666666667 0.3851562515625 0.32916666666666666 0.391992184375 0.32916666666666666 0.40078125 0.328125 0.4056640625 0.3263888895833333 0.4203125 0.30034722291666666 0.421875 0.2947916666666667 0.421875 0.25729166666666664 0.418359375 0.24479166666666666 0.4115234375 0.23263888958333334 0.4037109375 0.22569444375 0.3943359359375 0.22291666666666668 0.39108072968749996 0.22291666666666668 0.3783203125 0.23263888958333334 0.365625 0.2552083333333333
1 0.8259765625 0.30381944375000003 0.8259765625 0.328125 0.8318359375 0.35243055624999997 0.84453125 0.375 0.8550781265625 0.38125 0.8582031234375 0.38125 0.8611328125 0.3802083333333333 0.8767578125 0.36284722291666666 0.88125 0.3442129625 0.88125 0.3087673604166667 0.8748046875 0.2829861104166667 0.869921875 0.27430555624999997 0.8608072906249999 0.26458333333333334 0.8439670140625 0.26458333333333334 0.8318359375 0.2795138895833333 0.8259765625 0.30381944375000003
1 0.7794921875 0.17465277916666666 0.76875 0.15902777916666666 0.753125 0.15902777916666666 0.74921875 0.1625 0.740625 0.18117283958333333 0.740625 0.20977564166666665 0.753125 0.23541666666666666 0.7619140609375 0.24166666666666667 0.7664062546875 0.24166666666666667 0.7716796875 0.240625 0.774609375 0.23888888958333335 0.7833984375 0.21979166666666666 0.7833984375 0.20590277916666666 0.784375 0.20416666666666666 0.784375 0.19375 0.7833984375 0.18506944583333332 0.7794921875 0.17465277916666666
1 0.7634765625 0.15451388958333334 0.772265625 0.16319444375 0.7817057296875001 0.18333333333333332 0.783203125 0.18333333333333332 0.7849609375 0.18229166666666666 0.78984375 0.17361111041666666 0.7953125 0.16944444374999998 0.7953125 0.15868055625000002 0.7947265625 0.15451388958333334 0.787890625 0.14236111041666666 0.783203125 0.13958333333333334 0.771484375 0.13958333333333334 0.768359375 0.14236111041666666 0.7634765625 0.15451388958333334
1 0.6986328125 0.13559027708333332 0.691796875 0.15121527708333332 0.691796875 0.16163194374999998 0.68984375 0.16510416666666666 0.691455078125 0.17083333333333334 0.694091796875 0.17083333333333334 0.69765625 0.15815972083333335 0.7044921875 0.14947916666666666 0.7181640625 0.14600694374999998 0.7279296875 0.1529513875 0.728125 0.15190972083333334 0.728125 0.14660668958333334 0.7181640625 0.13211805416666667 0.71318359375 0.12916666666666668 0.71083984375 0.12916666666666668 0.7025390625 0.13211805416666667 0.6986328125 0.13559027708333332
0 0.7283203125 0.15277777708333332 0.7205078125 0.14583333333333334 0.7029296875 0.14930555625 0.69609375 0.16145833333333334 0.6921875 0.17534722291666668 0.694140625 0.19270833333333334 0.698046875 0.20659722291666668 0.7068359375 0.22222222291666668 0.7185546875 0.22569444375 0.7205078125 0.22916666666666666 0.7234375 0.22743055625 0.7283203125 0.22569444375 0.737109375 0.21006944375 0.7375 0.20868055416666667 0.7375 0.17326388958333333 0.73515625 0.16493055625 0.7283203125 0.15277777708333332
0 0.684375 0.14722222291666667 0.6755859375 0.13506944583333333 0.6580078125 0.13506944583333333 0.6541015625 0.13854166874999999 0.6453125 0.1611111125 0.647265625 0.18888888958333333 0.6612379796875001 0.21041666666666667 0.6718750124999999 0.21041666666666667 0.678515625 0.20972222291666667 0.6833984375 0.20451388958333333 0.690234375 0.18888888958333333 0.690625 0.18680555625 0.690625 0.16458333541666667 0.690234375 0.1611111125 0.684375 0.14722222291666667
0 0.8173828125 0.24583333333333332 0.82421875 0.23020833333333332 0.82421875 0.21979166666666666 0.826171875 0.21631944583333332 0.82421875 0.19895833333333332 0.818359375 0.18159722291666666 0.8115234375 0.17291666666666666 0.8076171875 0.16944444583333332 0.7939453125 0.16944444583333332 0.7880859375 0.17638888958333335 0.78515625 0.18506944583333332 0.783203125 0.21631944583333332 0.787109375 0.23020833333333332 0.7958984375 0.24583333333333332 0.8046874984375 0.2520833333333333 0.8076171890625 0.2520833333333333 0.810546875 0.25104166666666666 0.8173828125 0.24583333333333332
0 0.929296875 0.3170138895833333 0.9205078125 0.29444444583333335 0.9107421875 0.28402777916666666 0.8990234375 0.28402777916666666 0.884375 0.30659722291666663 0.882421875 0.3170138895833333 0.882421875 0.3482638895833333 0.88828125 0.37604166666666666 0.8990234375 0.3951388895833333 0.9037109359375 0.39791666666666664 0.9083984421875 0.39791666666666664 0.913671875 0.396875 0.9205078125 0.39166666666666666 0.929296875 0.37604166666666666 0.9328125 0.34479166875 0.9328125 0.34062500208333335 0.93125 0.33784722291666663 0.929296875 0.3170138895833333
0 0.4974609375 0.16284722291666667 0.4896484375 0.15590277916666664 0.4779296875 0.15590277916666664 0.4681640625 0.16284722291666667 0.461328125 0.17500000208333333 0.457421875 0.1923611125 0.457421875 0.20625000208333333 0.459375 0.21666666874999999 0.4662109375 0.23229166874999999 0.4767578109375 0.24166666666666667 0.485546884375 0.24166666666666667 0.490625 0.24097222291666667 0.504296875 0.22013888958333333 0.5078125 0.20763889166666666 0.5078125 0.1875 0.504296875 0.17500000208333333 0.4974609375 0.16284722291666667
0 0.3296875 0.2864583333333333 0.3228515625 0.27430555624999997 0.3130859375 0.2673611104166667 0.3013671875 0.2673611104166667 0.2916015625 0.27430555624999997 0.280859375 0.29340277708333334 0.276953125 0.3107638895833333 0.276953125 0.3385416666666667 0.280859375 0.35590277708333334 0.2916015625 0.37152777708333334 0.3033203125 0.37847222291666666 0.30625 0.3767361104166667 0.3169921875 0.37152777708333334 0.3296875 0.3489583333333333 0.334375 0.3267361125 0.334375 0.30868055624999996 0.33359375 0.30034722291666666 0.3296875 0.2864583333333333
0 1 0.7892361124999999 0.9990234375 0.5965277791666667 0.9892578125 0.6034722229166667 0.9765625 0.6225694458333333 0.96484375 0.6607638895833333 0.962890625 0.6815972229166667 0.9609375 0.6850694458333333 0.9609375 0.7545138895833333 0.96484375 0.771875 0.979041465625 0.79375 0.9861328203124999 0.79375 0.99609375 0.7927083333333333 1 0.7892361124999999