0 0.3021484375 0.28090277708333333 0.2865234375 0.28090277708333333 0.2787109375 0.2878472208333333 0.271875 0.3 0.266015625 0.3243055541666667 0.266015625 0.3451388875 0.271875 0.3659722208333333 0.278125 0.3770833333333333 0.291015615625 0.3770833333333333 0.29921875 0.3763888875 0.308984375 0.3659722208333333 0.315625 0.3453125 0.315625 0.30277777708333337 0.31484375 0.3 0.3021484375 0.28090277708333333
0 0.2236328125 0.49305555624999997 0.2392578125 0.52430555625 0.2421875 0.52256944375 0.26171875 0.4982638895833333 0.26171875 0.4704861104166667 0.2578125 0.44965277708333334 0.2451171875 0.4236111104166667 0.2373046875 0.4166666666666667 0.2236328125 0.41319444375000003 0.2080078125 0.4236111104166667 0.197265625 0.4427083333333333 0.193359375 0.45659722291666666 0.19140625 0.484375 0.1943359375 0.4895833333333333 0.1982421875 0.4861111104166667 0.2197265625 0.4895833333333333 0.2236328125 0.49305555624999997
0 0.31015625 0.5326388875 0.3013671875 0.5170138875 0.2857421875 0.503125 0.2740234375 0.503125 0.2720703125 0.49965277708333333 0.2603515625 0.503125 0.2505859375 0.5100694437500001 0.2388671875 0.5274305541666666 0.228125 0.5604166666666667 0.226171875 0.5708333333333333 0.226171875 0.6125 0.228125 0.6159722208333334 0.228125 0.6263888875 0.2359375 0.65069444375 0.2564453125 0.6836805541666667 0.26474609375 0.6895833333333333 0.278515615625 0.6895833333333333 0.28671875 0.6888888875 0.3033203125 0.6767361104166666 0.316015625 0.65069444375 0.3234375 0.61770833125 0.3234375 0.60694444375 0.321875 0.5708333333333333 0.31015625 0.5326388875
0 0.3533203125 0.4354166666666667 0.34453125 0.409375 0.330859375 0.3920138875 0.31328125 0.3885416666666667 0.311328125 0.3920138875 0.299609375 0.3954861104166667 0.2810546875 0.425 0.2751953125 0.4493055541666667 0.2751953125 0.48402777708333333 0.2771484375 0.49444444375 0.28203125 0.503125 0.299609375 0.5135416666666667 0.31328125 0.5378472208333334 0.3152343765625 0.5395833333333333 0.3220703125 0.5395833333333333 0.32890625 0.5378472208333334 0.338671875 0.5274305541666666 0.3494140625 0.5048611104166667 0.3546875 0.48298611041666667 0.3546875 0.44826388749999996 0.3533203125 0.44583333333333336 0.3533203125 0.4354166666666667
0 0.390625 0.3732638895833333 0.38671875 0.359375 0.3701171875 0.3333333333333333 0.3525390625 0.3298611104166667 0.3505859375 0.3333333333333333 0.3388671875 0.33680555624999997 0.3330078125 0.34375 0.32421875 0.359375 0.31875 0.37881944375000004 0.31875 0.38784722083333334 0.3212890625 0.3923611104166667 0.3310546875 0.3923611104166667 0.3427734375 0.40625 0.34765625 0.41493055624999997 0.353515625 0.4357638895833333 0.35546875 0.45659722291666666 0.3583984375 0.46180555624999997 0.365234375 0.46006944375000003 0.3701171875 0.4583333333333333 0.3798828125 0.44444444375000003 0.38671875 0.42881944375000003 0.3921875 0.39965277708333335 0.3921875 0.39618055416666664 0.390625 0.390625 0.390625 0.3732638895833333
0 0.405078125 0.2597222229166667 0.397265625 0.25277777916666666 0.377734375 0.25277777916666666 0.369921875 0.2597222229166667 0.3611328125 0.27534722291666663 0.3552734375 0.30659722291666663 0.3572265625 0.32395833333333335 0.36015625 0.32916666666666666 0.373828125 0.33611111250000003 0.3870442703125 0.35625 0.390234378125 0.35625 0.3943359375 0.35520833333333335 0.39921875 0.35347222291666663 0.4099609375 0.334375 0.4140625 0.31979166666666664 0.4140625 0.2795138895833333 0.4119140625 0.271875 0.405078125 0.2597222229166667
0 0.80234375 0.18784722291666667 0.78671875 0.18784722291666667 0.7759765625 0.20694444583333332 0.7759765625 0.23125 0.784765625 0.26076388958333335 0.7947265625 0.26666666666666666 0.8005859390625 0.26666666666666666 0.8033203125 0.26597222291666667 0.812109375 0.25729166666666664 0.815625 0.24604166666666666 0.815625 0.2100694458333333 0.8150390625 0.20694444583333332 0.80234375 0.18784722291666667
1 0.218359375 0.48993055625 0.20078125 0.4864583333333333 0.1890625 0.4934027791666667 0.1763671875 0.5125 0.1685546875 0.54375 0.1685546875 0.56805555625 0.1666015625 0.575 0.1685546875 0.5784722229166667 0.1705078125 0.59930555625 0.183203125 0.6288194458333333 0.2023437484375 0.6458333333333334 0.20488281718749998 0.6458333333333334 0.2134765625 0.6444444458333333 0.226171875 0.6392361125 0.2291015625 0.6340277791666666 0.2291015625 0.6201388895833334 0.2271484375 0.6166666666666667 0.2271484375 0.5715277791666666 0.2291015625 0.56805555625 0.2291015625 0.5576388895833334 0.2375 0.5337500020833333 0.2375 0.5201121791666666 0.226171875 0.496875 0.218359375 0.48993055625
1 0.5072265625 0.26666666666666666 0.5013671875 0.26319444583333335 0.4857421875 0.26319444583333335 0.4701171875 0.27708333333333335 0.459375 0.29618055625 0.45546875 0.31354166666666666 0.45546875 0.34131944583333335 0.461328125 0.36215277916666666 0.4701171875 0.37777777916666666 0.4810546859375 0.3875 0.49003907187499995 0.3875 0.50234375 0.38645833333333335 0.5091796875 0.38125 0.523828125 0.35173611250000003 0.525 0.3454861125 0.525 0.30381944583333337 0.519921875 0.2857638895833333 0.5072265625 0.26666666666666666
1 0.53203125 0.21562499791666667 0.5203125 0.20520833125000001 0.50859375 0.20520833125000001 0.498828125 0.21215277708333333 0.4861328125 0.23819444374999998 0.4861328125 0.26249999791666667 0.506640625 0.2677083333333333 0.5193359375 0.28680555416666664 0.52411024375 0.3020833333333333 0.5248046859375 0.3020833333333333 0.5271484375 0.30069444375000004 0.5388671875 0.27986111041666667 0.5421875 0.26510416458333336 0.5421875 0.2430555541666667 0.5369140625 0.22430555416666667 0.53203125 0.21562499791666667
1 0.961328125 0.22881944375 0.9525390625 0.24097222083333333 0.9505859375 0.2513888875 0.9525390625 0.27222222291666665 0.957421875 0.28784722291666665 0.9640625 0.29375 0.9681640640625 0.29375 0.9701171875 0.29305555624999996 0.9740234375 0.2861111104166667 0.9740234375 0.26527777708333333 0.9796875 0.24849537083333334 0.9796875 0.24749228333333334 0.97109375 0.22881944375 0.961328125 0.22881944375
0 0.9369140625 0.23541666666666666 0.9291015625 0.23194444583333332 0.9232421875 0.23541666666666666 0.918359375 0.24409722291666666 0.91640625 0.26840277916666666 0.922265625 0.29270833333333335 0.9305524546875 0.30416666666666664 0.9330078140625 0.30416666666666664 0.9359375 0.303125 0.9408203125 0.3013888895833333 0.94375 0.29618055625 0.946875 0.28506944375000004 0.946875 0.25868055625 0.94375 0.24756944583333332 0.9369140625 0.23541666666666666
0 0.98671875 0.2538194458333333 0.980859375 0.25034722291666667 0.976953125 0.2538194458333333 0.9740234375 0.2625 0.9740234375 0.2902777791666667 0.980859375 0.3059027791666667 0.98359375 0.30833333333333335 0.9876953140625 0.30833333333333335 0.9896484375 0.3076388895833333 0.9953125 0.29421296249999995 0.9953125 0.27534722291666663 0.9935546875 0.26597222291666667 0.98671875 0.2538194458333333