0 0.24609375 0.359375 0.244140625 0.3767361104166667 0.240234375 0.38715277708333334 0.240234375 0.421875 0.2421875 0.4322916666666667 0.2509765625 0.4513888895833333 0.2607421875 0.46180555624999997 0.275390625 0.4635416666666667 0.2861328125 0.4583333333333333 0.296875 0.4427083333333333 0.302734375 0.41840277708333334 0.3046875 0.39409722291666666 0.302734375 0.390625 0.30078125 0.3697916666666667 0.2939453125 0.3541666666666667 0.2822265625 0.34375 0.2626953125 0.34375 0.24609375 0.359375
0 0.2470703125 0.3645833333333333 0.2529296875 0.35069444375000003 0.2626953125 0.34375 0.2822265625 0.34375 0.2958984375 0.3576388895833333 0.2978515625 0.3645833333333333 0.298828125 0.36284722291666666 0.30078125 0.35590277708333334 0.296875 0.33506944375000003 0.2861328125 0.31597222291666666 0.2802734375 0.3125 0.2666015625 0.3125 0.2548828125 0.3229166666666667 0.24609375 0.3420138895833333 0.24609375 0.359375 0.244140625 0.36284722291666666 0.2470703125 0.3645833333333333
0 0.2333984375 0.30555555624999997 0.228515625 0.32118055624999997 0.2265625 0.33159722291666666 0.2265625 0.35590277708333334 0.2333984375 0.375 0.2373046875 0.37847222291666666 0.2421875 0.3767361104166667 0.244140625 0.3732638895833333 0.244140625 0.35590277708333334 0.248046875 0.33506944375000003 0.2607421875 0.31597222291666666 0.26953125 0.3107638895833333 0.267578125 0.30381944375000003 0.2607421875 0.2951388895833333 0.2548828125 0.2916666666666667 0.2431640625 0.2951388895833333 0.2333984375 0.30555555624999997
0 0.3076171875 0.2708333333333333 0.3232421875 0.2708333333333333 0.333984375 0.2795138895833333 0.337890625 0.27256944375000003 0.337890625 0.24826388958333334 0.3330078125 0.23263888958333334 0.3232421875 0.22222222291666668 0.3095703125 0.22222222291666668 0.298828125 0.23784722291666668 0.294921875 0.25173611041666666 0.294921875 0.2760416666666667 0.2978515625 0.28125 0.3076171875 0.2708333333333333
0 0.2763671875 0.27430555624999997 0.2802734375 0.27777777708333334 0.291015625 0.2760416666666667 0.294921875 0.27256944375000003 0.294921875 0.25173611041666666 0.30078125 0.22743055625 0.298828125 0.22048611041666666 0.2939453125 0.21527777708333332 0.2822265625 0.21527777708333332 0.2734375 0.22743055625 0.26953125 0.24131944375 0.26953125 0.2552083333333333 0.2763671875 0.27430555624999997
0 0.33281032499999996 0.20262112291666667 0.33281032499999996 0.1991489 0.33183376249999996 0.19741278958333333 0.32988063749999996 0.19741278958333333 0.32792751249999996 0.19394056666666665 0.31425563749999996 0.19394056666666665 0.3044226421875 0.20885537708333332 0.30351344999999996 0.21651001250000002 0.31132594999999996 0.21303778958333333 0.31425563749999996 0.20782945625 0.31816188749999996 0.20782945625 0.32011501249999996 0.20435723333333333 0.32206813749999996 0.20435723333333333 0.32402126249999996 0.20782945625 0.32792751249999996 0.20782945625 0.33378688749999996 0.21824612291666667 0.33476344999999996 0.21651001250000002 0.33476344999999996 0.20609334583333333 0.33281032499999996 0.20262112291666667
0 0.3115234375 0.21180555625 0.3095703125 0.21180555625 0.3076171875 0.21527777708333332 0.3056640625 0.21527777708333332 0.302734375 0.22048611041666666 0.302734375 0.22743055625 0.3037109375 0.22916666666666666 0.3056640625 0.22916666666666666 0.3076171875 0.22569444375 0.3134765625 0.22569444375 0.3154296875 0.22222222291666668 0.3193359375 0.22222222291666668 0.3212890625 0.22569444375 0.3271484375 0.22569444375 0.3310546875 0.23263888958333334 0.3349609375 0.23263888958333334 0.3359375 0.23090277708333332 0.3359375 0.22048611041666666 0.333984375 0.21701388958333334 0.333984375 0.21354166666666666 0.3330078125 0.21180555625 0.3310546875 0.21180555625 0.3291015625 0.20833333333333334 0.3251953125 0.20833333333333334 0.3232421875 0.20486111041666666 0.3154296875 0.20486111041666666 0.3115234375 0.21180555625
1 0.3017578125 0.27777777708333334 0.294921875 0.28993055624999997 0.2890625 0.3072916666666667 0.2890625 0.32118055624999997 0.2919921875 0.3229166666666667 0.296875 0.33506944375000003 0.30078125 0.359375 0.3037109375 0.3645833333333333 0.3076171875 0.36805555624999997 0.322265625 0.36631944375000003 0.3271484375 0.3645833333333333 0.337890625 0.3454861104166667 0.341796875 0.328125 0.341796875 0.3107638895833333 0.33984375 0.3072916666666667 0.33984375 0.296875 0.3310546875 0.27777777708333334 0.3212890625 0.2708333333333333 0.3095703125 0.2708333333333333 0.3017578125 0.27777777708333334
1 0.34765625 0.27256944375000003 0.3515625 0.2864583333333333 0.3642578125 0.3020833333333333 0.380859375 0.30034722291666666 0.392578125 0.2829861104166667 0.3984375 0.26215277708333334 0.396484375 0.24131944375 0.3857421875 0.21875 0.3701171875 0.21180555625 0.3603515625 0.21875 0.3515625 0.234375 0.3515625 0.24131944375 0.34765625 0.25173611041666666 0.34765625 0.27256944375000003
1 0.353515625 0.22743055625 0.35546875 0.22743055625 0.3642578125 0.21527777708333332 0.3740234375 0.21180555625 0.3857421875 0.21875 0.38671875 0.21354166666666666 0.3779296875 0.19444444375 0.3681640625 0.19444444375 0.3623046875 0.19791666666666666 0.35546875 0.21006944375 0.353515625 0.21701388958333334 0.353515625 0.22743055625
1 0.3359375 0.21006944375 0.337890625 0.22743055625 0.3447265625 0.23611111041666666 0.349609375 0.234375 0.353515625 0.22743055625 0.35546875 0.21006944375 0.36328125 0.19618055625 0.36328125 0.18923611041666666 0.3564453125 0.17708333333333334 0.3466796875 0.17361111041666666 0.3408203125 0.17708333333333334 0.333984375 0.18923611041666666 0.33203125 0.19965277708333332 0.3359375 0.21006944375
1 0.43359375 0.19270833333333334 0.4208984375 0.17361111041666666 0.4091796875 0.17361111041666666 0.400390625 0.18576388958333334 0.4013671875 0.19097222291666668 0.4169921875 0.19097222291666668 0.4248046875 0.19791666666666666 0.4306640625 0.21180555625 0.43359375 0.21006944375 0.43359375 0.19270833333333334
1 0.3916015625 0.16666666666666666 0.3798828125 0.16666666666666666 0.37109375 0.17881944375 0.37109375 0.18229166666666666 0.373046875 0.18229166666666666 0.3837890625 0.17361111041666666 0.3984375 0.17534722291666668 0.3916015625 0.16666666666666666
1 0.44140625 0.203125 0.4501953125 0.19097222291666668 0.4638671875 0.1875 0.470703125 0.16493055625 0.4638671875 0.15625 0.4501953125 0.15625 0.4462890625 0.15972222291666668 0.4375 0.17881944375 0.4375 0.19965277708333332 0.4404296875 0.20486111041666666 0.44140625 0.203125
1 0.49609375 0.24826388958333334 0.494140625 0.25868055625 0.494140625 0.2864583333333333 0.498046875 0.30381944375000003 0.5126953125 0.3298611104166667 0.5185546875 0.3333333333333333 0.537109375 0.33159722291666666 0.5419921875 0.3298611104166667 0.552734375 0.3107638895833333 0.556640625 0.296875 0.55859375 0.2864583333333333 0.556640625 0.25173611041666666 0.5478515625 0.23263888958333334 0.5341796875 0.21875 0.5166015625 0.21875 0.5087890625 0.22569444375 0.49609375 0.24826388958333334
1 0.537109375 0.22048611041666666 0.5478515625 0.23263888958333334 0.552734375 0.24479166666666666 0.5576171875 0.25347222291666666 0.55859375 0.25173611041666666 0.56640625 0.24131944375 0.5703125 0.22743055625 0.5703125 0.203125 0.56640625 0.18923611041666666 0.5556640625 0.17361111041666666 0.5380859375 0.17013888958333334 0.52734375 0.18576388958333334 0.52734375 0.19618055625 0.53515625 0.21006944375 0.537109375 0.22048611041666666
1 0.4892578125 0.18055555625 0.48046875 0.19965277708333332 0.482421875 0.20659722291666668 0.4873046875 0.21527777708333332 0.48828125 0.21354166666666666 0.4970703125 0.19791666666666666 0.5029296875 0.19444444375 0.5224609375 0.19444444375 0.5234375 0.18576388958333334 0.521484375 0.17881944375 0.5107421875 0.16666666666666666 0.5068359375 0.17013888958333334 0.5029296875 0.16666666666666666 0.4970703125 0.17013888958333334 0.4892578125 0.18055555625
1 0.486328125 0.19270833333333334 0.494140625 0.17534722291666668 0.498046875 0.171875 0.4970703125 0.16319444375 0.4873046875 0.15625 0.4736328125 0.16319444375 0.46484375 0.18229166666666666 0.4658203125 0.1875 0.484375 0.203125 0.486328125 0.19270833333333334
1 0.501953125 0.16145833333333334 0.501953125 0.15798611041666666 0.509765625 0.14756944375 0.509765625 0.14409722291666668 0.5048828125 0.13888888958333334 0.4951171875 0.13888888958333334 0.484375 0.15104166666666666 0.484375 0.15451388958333334 0.4892578125 0.15972222291666668 0.4951171875 0.16319444375 0.501953125 0.16145833333333334
0 0.408203125 0.25173611041666666 0.408203125 0.2760416666666667 0.412109375 0.28993055624999997 0.4208984375 0.30555555624999997 0.4287109375 0.3125 0.44140625 0.3107638895833333 0.4462890625 0.30902777708333334 0.45703125 0.296875 0.46484375 0.265625 0.462890625 0.24479166666666666 0.458984375 0.23090277708333332 0.4462890625 0.21527777708333332 0.4228515625 0.21875 0.4189453125 0.22222222291666668 0.41015625 0.24131944375 0.408203125 0.25173611041666666
0 0.439453125 0.21354166666666666 0.4462890625 0.21527777708333332 0.458984375 0.23090277708333332 0.462890625 0.24479166666666666 0.46484375 0.27256944375000003 0.470703125 0.27256944375000003 0.482421875 0.2552083333333333 0.486328125 0.22048611041666666 0.482421875 0.20659722291666668 0.4716796875 0.19097222291666668 0.4658203125 0.19097222291666668 0.4638671875 0.1875 0.4599609375 0.19097222291666668 0.4501953125 0.19097222291666668 0.44140625 0.203125 0.439453125 0.21354166666666666
0 0.5146484375 0.19097222291666668 0.4970703125 0.19791666666666666 0.48828125 0.21354166666666666 0.484375 0.22743055625 0.484375 0.25173611041666666 0.4912109375 0.2673611104166667 0.494140625 0.265625 0.498046875 0.2552083333333333 0.498046875 0.24826388958333334 0.5107421875 0.22569444375 0.5205078125 0.21875 0.5361328125 0.22222222291666668 0.537109375 0.21701388958333334 0.533203125 0.20659722291666668 0.5224609375 0.19444444375 0.5166015625 0.19444444375 0.5146484375 0.19097222291666668
0 0.388671875 0.22395833333333334 0.396484375 0.24131944375 0.3984375 0.26215277708333334 0.4013671875 0.2673611104166667 0.408203125 0.265625 0.408203125 0.25173611041666666 0.412109375 0.234375 0.4189453125 0.22222222291666668 0.431640625 0.21354166666666666 0.4228515625 0.19444444375 0.4150390625 0.1875 0.4052734375 0.1875 0.3974609375 0.19444444375 0.388671875 0.21354166666666666 0.388671875 0.22395833333333334
0 0.3798828125 0.17361111041666666 0.3779296875 0.17708333333333334 0.3759765625 0.17708333333333334 0.369140625 0.18923611041666666 0.369140625 0.19270833333333334 0.3701171875 0.19444444375 0.3759765625 0.19444444375 0.384765625 0.21006944375 0.384765625 0.21354166666666666 0.3857421875 0.21527777708333332 0.3876953125 0.21527777708333332 0.388671875 0.21354166666666666 0.390625 0.21006944375 0.390625 0.20659722291666668 0.3974609375 0.19444444375 0.3994140625 0.19444444375 0.400390625 0.19270833333333334 0.400390625 0.17881944375 0.3994140625 0.17708333333333334 0.3974609375 0.17708333333333334 0.3955078125 0.17361111041666666 0.3798828125 0.17361111041666666
0 0.4306640625 0.1875 0.4375 0.18576388958333334 0.439453125 0.16840277708333332 0.453125 0.15451388958333334 0.451171875 0.14409722291666668 0.4462890625 0.13541666666666666 0.4404296875 0.13194444375 0.4345703125 0.13194444375 0.4267578125 0.13888888958333334 0.421875 0.15104166666666666 0.421875 0.171875 0.4306640625 0.1875
0 0.5244140625 0.18402777708333332 0.52734375 0.18229166666666666 0.5390625 0.16840277708333332 0.537109375 0.15798611041666666 0.5283203125 0.14583333333333334 0.5224609375 0.14583333333333334 0.5205078125 0.14236111041666666 0.5107421875 0.14583333333333334 0.5 0.16145833333333334 0.5029296875 0.17013888958333334 0.5146484375 0.17013888958333334 0.5244140625 0.18402777708333332