0 0.3623046875 0.47222222291666666 0.3720703125 0.47222222291666666 0.376953125 0.4670138895833333 0.37890625 0.44618055624999997 0.380859375 0.4427083333333333 0.380859375 0.41840277708333334 0.37890625 0.41493055624999997 0.376953125 0.39409722291666666 0.3662109375 0.37152777708333334 0.3486328125 0.3576388895833333 0.3369140625 0.3576388895833333 0.3193359375 0.36805555624999997 0.306640625 0.38715277708333334 0.298828125 0.4114583333333333 0.296875 0.453125 0.302734375 0.48090277708333334 0.3076171875 0.4895833333333333 0.3125 0.48784722291666666 0.3232421875 0.4861111104166667 0.3251953125 0.4826388895833333 0.3369140625 0.4826388895833333 0.3388671875 0.4791666666666667 0.3486328125 0.4791666666666667 0.3505859375 0.47569444375000003 0.3603515625 0.47569444375000003 0.3623046875 0.47222222291666666
0 0.4072265625 0.20486111041666666 0.3896484375 0.20833333333333334 0.376953125 0.22743055625 0.37109375 0.24826388958333334 0.37109375 0.2795138895833333 0.373046875 0.28993055624999997 0.3818359375 0.30902777708333334 0.3955078125 0.31944444375000003 0.41015625 0.3177083333333333 0.4189453125 0.3125 0.431640625 0.2864583333333333 0.43359375 0.2795138895833333 0.43359375 0.24479166666666666 0.427734375 0.22395833333333334 0.4169921875 0.20833333333333334 0.4091796875 0.20833333333333334 0.4072265625 0.20486111041666666
1 0.564453125 0.296875 0.5556640625 0.27777777708333334 0.5380859375 0.2604166666666667 0.5166015625 0.2604166666666667 0.5048828125 0.2708333333333333 0.494140625 0.28993055624999997 0.48828125 0.3107638895833333 0.48828125 0.328125 0.486328125 0.33506944375000003 0.48828125 0.3385416666666667 0.48828125 0.35243055624999997 0.4921875 0.36284722291666666 0.4921875 0.3697916666666667 0.5048828125 0.3923611104166667 0.5087890625 0.3958333333333333 0.529296875 0.39409722291666666 0.5537109375 0.3888888895833333 0.5625 0.3732638895833333 0.568359375 0.35243055624999997 0.568359375 0.3385416666666667 0.5703125 0.33506944375000003 0.568359375 0.33159722291666666 0.568359375 0.3177083333333333 0.564453125 0.296875
0 0.6044921875 0.22916666666666666 0.5927734375 0.22916666666666666 0.572265625 0.24826388958333334 0.564453125 0.26909722291666666 0.5625 0.28993055624999997 0.568359375 0.3142361104166667 0.5703125 0.3385416666666667 0.5810546875 0.3576388895833333 0.5908203125 0.3645833333333333 0.611328125 0.36284722291666666 0.6240234375 0.3541666666666667 0.6328125 0.3385416666666667 0.640625 0.296875 0.638671875 0.29340277708333334 0.638671875 0.2795138895833333 0.6328125 0.25868055625 0.6201171875 0.23958333333333334 0.6044921875 0.22916666666666666
1 0.0703125 0.41493055624999997 0.068359375 0.42534722291666666 0.068359375 0.453125 0.0791015625 0.47569444375000003 0.091796875 0.4739583333333333 0.09765625 0.4670138895833333 0.1015625 0.453125 0.1015625 0.41493055624999997 0.0966796875 0.39930555624999997 0.0908203125 0.3923611104166667 0.0830078125 0.3923611104166667 0.0791015625 0.3958333333333333 0.0703125 0.41493055624999997
1 0.041015625 0.4947916666666667 0.0478515625 0.5208333333333334 0.0556640625 0.5277777770833334 0.0625 0.5260416666666666 0.0654296875 0.52430555625 0.072265625 0.50868055625 0.07421875 0.4739583333333333 0.068359375 0.453125 0.0634765625 0.44444444375000003 0.0517578125 0.44444444375000003 0.04296875 0.4635416666666667 0.041015625 0.4947916666666667
0 0.052734375 0.4322916666666667 0.05078125 0.4357638895833333 0.0517578125 0.44444444375000003 0.06640625 0.44618055624999997 0.068359375 0.4427083333333333 0.068359375 0.42881944375000003 0.072265625 0.4114583333333333 0.072265625 0.4079861104166667 0.0673828125 0.40277777708333334 0.0615234375 0.40625 0.052734375 0.421875 0.052734375 0.4322916666666667
0 0.119140625 0.32465277708333334 0.1298828125 0.34027777708333334 0.13671875 0.3385416666666667 0.14453125 0.328125 0.1484375 0.3142361104166667 0.1484375 0.296875 0.146484375 0.2864583333333333 0.1416015625 0.27777777708333334 0.1337890625 0.27430555624999997 0.12109375 0.29340277708333334 0.119140625 0.32465277708333334
1 0.146484375 0.29340277708333334 0.1533203125 0.30902777708333334 0.1572265625 0.3125 0.1640625 0.3107638895833333 0.173828125 0.296875 0.17578125 0.2864583333333333 0.17578125 0.26215277708333334 0.1708984375 0.25 0.1591796875 0.24652777708333332 0.1552734375 0.25 0.146484375 0.26909722291666666 0.146484375 0.29340277708333334
0 0.181640625 0.234375 0.18359375 0.24131944375 0.1943359375 0.25347222291666666 0.197265625 0.25173611041666666 0.2001953125 0.25 0.208984375 0.23090277708333332 0.208984375 0.20659722291666668 0.2041015625 0.19444444375 0.1923828125 0.19444444375 0.1884765625 0.19791666666666666 0.181640625 0.21701388958333334 0.181640625 0.234375
1 0.2880859375 0.17708333333333334 0.298828125 0.17534722291666668 0.30859375 0.15451388958333334 0.30859375 0.13715277708333332 0.3037109375 0.125 0.2919921875 0.12152777708333334 0.28125 0.13368055625 0.279296875 0.140625 0.279296875 0.16493055625 0.2880859375 0.17708333333333334
0 0.34375 0.13020833333333334 0.345703125 0.13715277708333332 0.3505859375 0.14583333333333334 0.3564453125 0.14930555625 0.361328125 0.14756944375 0.3662109375 0.14583333333333334 0.375 0.13020833333333334 0.376953125 0.11979166666666667 0.373046875 0.09895833333333333 0.3681640625 0.09375 0.3544921875 0.09375 0.34375 0.109375 0.34375 0.13020833333333334
1 0.435546875 0.06770833333333333 0.43359375 0.078125 0.435546875 0.09548611041666667 0.4404296875 0.10416666666666667 0.4482421875 0.11111111041666667 0.451171875 0.109375 0.4599609375 0.10416666666666667 0.466796875 0.08854166666666667 0.466796875 0.07118055625 0.46484375 0.06423611041666667 0.4599609375 0.05555555625 0.4541015625 0.052083333333333336 0.4404296875 0.05902777708333333 0.435546875 0.06770833333333333
1 0.537109375 0.08506944375 0.544921875 0.07118055625 0.544921875 0.046875 0.5361328125 0.03472222291666667 0.5224609375 0.03472222291666667 0.513671875 0.05034722291666667 0.515625 0.07118055625 0.5263671875 0.08680555625 0.537109375 0.08506944375
1 0.556640625 0.1267361104166667 0.556640625 0.14409722291666668 0.560546875 0.15798611041666666 0.5693359375 0.17361111041666666 0.5732421875 0.17708333333333334 0.58984375 0.17534722291666668 0.5966796875 0.17013888958333334 0.60546875 0.14756944375 0.603515625 0.11979166666666667 0.5927734375 0.10069444375 0.5869140625 0.09722222291666666 0.5732421875 0.09722222291666666 0.560546875 0.11284722291666666 0.556640625 0.1267361104166667
1 0.61328125 0.10243055625 0.6171875 0.11631944375 0.6259765625 0.13194444375 0.6298828125 0.13541666666666666 0.63671875 0.13368055625 0.634765625 0.109375 0.638671875 0.09548611041666667 0.6455078125 0.08680555625 0.6484375 0.078125 0.6396484375 0.06597222291666667 0.6279296875 0.06597222291666667 0.615234375 0.08506944375 0.61328125 0.10243055625
0 0.556640625 0.1267361104166667 0.556640625 0.14409722291666668 0.560546875 0.15798611041666666 0.5693359375 0.17361111041666666 0.5732421875 0.17708333333333334 0.58984375 0.17534722291666668 0.5966796875 0.17013888958333334 0.60546875 0.14756944375 0.603515625 0.11979166666666667 0.5927734375 0.10069444375 0.5869140625 0.09722222291666666 0.5732421875 0.09722222291666666 0.560546875 0.11284722291666666 0.556640625 0.1267361104166667
0 0.61328125 0.10243055625 0.6171875 0.11631944375 0.6259765625 0.13194444375 0.6298828125 0.13541666666666666 0.63671875 0.13368055625 0.634765625 0.109375 0.638671875 0.09548611041666667 0.6455078125 0.08680555625 0.6484375 0.078125 0.6396484375 0.06597222291666667 0.6279296875 0.06597222291666667 0.615234375 0.08506944375 0.61328125 0.10243055625
0 0.599609375 0.05381944375 0.5888671875 0.03819444375 0.5771484375 0.03819444375 0.5703125 0.046875 0.5810546875 0.0625 0.5830078125 0.05902777708333333 0.599609375 0.060763889583333335 0.599609375 0.05381944375
1 0.599609375 0.03993055625 0.603515625 0.046875 0.603515625 0.06770833333333333 0.6083984375 0.07638888958333333 0.61328125 0.07465277708333334 0.615234375 0.06770833333333333 0.626953125 0.05034722291666667 0.626953125 0.03993055625 0.6220703125 0.027777777083333333 0.6142578125 0.020833333333333332 0.6064453125 0.020833333333333332 0.599609375 0.032986110416666665 0.599609375 0.03993055625
0 0.625 0.036458333333333336 0.626953125 0.046875 0.630859375 0.046875 0.6357421875 0.03472222291666667 0.6396484375 0.03125 0.6474609375 0.03125 0.6494140625 0.03472222291666667 0.650390625 0.029513889583333335 0.6416015625 0.020833333333333332 0.6318359375 0.024305556250000002 0.625 0.036458333333333336
1 0.662109375 0.07118055625 0.6650390625 0.07638888958333333 0.677734375 0.07465277708333334 0.68359375 0.06423611041666667 0.68359375 0.04340277708333333 0.681640625 0.036458333333333336 0.6708984375 0.024305556250000002 0.6611328125 0.027777777083333333 0.65625 0.03993055625 0.66015625 0.05034722291666667 0.662109375 0.07118055625
1 0.6875 0.07118055625 0.6962890625 0.08680555625 0.708984375 0.08506944375 0.7119140625 0.08333333333333333 0.716796875 0.07118055625 0.71484375 0.05034722291666667 0.7001953125 0.027777777083333333 0.6884765625 0.027777777083333333 0.68359375 0.036458333333333336 0.68359375 0.05381944375 0.6875 0.07118055625
0 0.6787109375 0.17708333333333334 0.66796875 0.19965277708333332 0.666015625 0.21006944375 0.66796875 0.23784722291666668 0.671875 0.25173611041666666 0.6865234375 0.27430555624999997 0.6923828125 0.27777777708333334 0.70703125 0.2760416666666667 0.7138671875 0.2708333333333333 0.72265625 0.2552083333333333 0.7265625 0.24131944375 0.724609375 0.203125 0.7138671875 0.18055555625 0.7041015625 0.17013888958333334 0.6865234375 0.17013888958333334 0.6787109375 0.17708333333333334
0 0.734375 0.046875 0.7275390625 0.03472222291666667 0.7255859375 0.03472222291666667 0.7236328125 0.03125 0.7177734375 0.03125 0.7158203125 0.03472222291666667 0.7138671875 0.03472222291666667 0.7109375 0.03993055625 0.7109375 0.04340277708333333 0.712890625 0.046875 0.712890625 0.05034722291666667 0.71484375 0.05381944375 0.71484375 0.057291666666666664 0.716796875 0.060763889583333335 0.716796875 0.078125 0.7197265625 0.08333333333333333 0.7275390625 0.08333333333333333 0.728515625 0.08159722291666666 0.7314453125 0.07638888958333333 0.7333984375 0.07638888958333333 0.734375 0.07465277708333334 0.734375 0.07118055625 0.736328125 0.06770833333333333 0.736328125 0.05381944375 0.734375 0.05034722291666667 0.734375 0.046875
0 0.7431640625 0.03125 0.7392578125 0.03125 0.7373046875 0.03472222291666667 0.7353515625 0.03472222291666667 0.732421875 0.03993055625 0.732421875 0.04340277708333333 0.734375 0.046875 0.734375 0.05034722291666667 0.736328125 0.05381944375 0.736328125 0.07465277708333334 0.7373046875 0.07638888958333333 0.7392578125 0.07638888958333333 0.7412109375 0.07986111041666667 0.7470703125 0.07986111041666667 0.748046875 0.078125 0.748046875 0.060763889583333335 0.75390625 0.05034722291666667 0.75390625 0.04340277708333333 0.7509765625 0.03819444375 0.7490234375 0.03819444375 0.7470703125 0.03472222291666667 0.7451171875 0.03472222291666667 0.7431640625 0.03125
0 0.7900390625 0.10069444375 0.7880859375 0.10069444375 0.7841796875 0.09375 0.7705078125 0.09375 0.7685546875 0.09722222291666666 0.7666015625 0.09722222291666666 0.765625 0.10243055625 0.763671875 0.10590277708333334 0.763671875 0.109375 0.76171875 0.11284722291666666 0.76171875 0.13020833333333334 0.763671875 0.13368055625 0.763671875 0.140625 0.7724609375 0.15625 0.7744140625 0.15625 0.7763671875 0.15972222291666668 0.7861328125 0.15972222291666668 0.787109375 0.15798611041666666 0.7900390625 0.15625 0.794921875 0.14756944375 0.794921875 0.14409722291666668 0.796875 0.140625 0.796875 0.11631944375 0.794921875 0.11284722291666666 0.794921875 0.109375 0.7900390625 0.10069444375
0 0.7978515625 0.06944444375 0.7958984375 0.06597222291666667 0.7880859375 0.06597222291666667 0.7861328125 0.06944444375 0.7841796875 0.06944444375 0.78125 0.07465277708333334 0.78125 0.08159722291666666 0.783203125 0.08506944375 0.783203125 0.08854166666666667 0.787109375 0.09548611041666667 0.787109375 0.09895833333333333 0.7880859375 0.10069444375 0.7900390625 0.10069444375 0.79296875 0.10590277708333334 0.79296875 0.109375 0.796875 0.11631944375 0.796875 0.11979166666666667 0.7978515625 0.12152777708333334 0.8017578125 0.12152777708333334 0.802734375 0.11979166666666667 0.806640625 0.11284722291666666 0.806640625 0.109375 0.80859375 0.10590277708333334 0.80859375 0.08854166666666667 0.8046875 0.08159722291666666 0.8046875 0.078125 0.7998046875 0.06944444375 0.7978515625 0.06944444375
0 0.783203125 0.08159722291666666 0.7802734375 0.07638888958333333 0.7783203125 0.07638888958333333 0.7763671875 0.07291666666666667 0.7744140625 0.07291666666666667 0.7724609375 0.06944444375 0.7646484375 0.06944444375 0.7626953125 0.07291666666666667 0.7607421875 0.07291666666666667 0.7578125 0.078125 0.7578125 0.08159722291666666 0.75390625 0.08854166666666667 0.75390625 0.09548611041666667 0.755859375 0.09895833333333333 0.755859375 0.10590277708333334 0.7578125 0.109375 0.7578125 0.11284722291666666 0.7587890625 0.11458333333333333 0.7607421875 0.11458333333333333 0.76171875 0.11284722291666666 0.763671875 0.109375 0.763671875 0.10590277708333334 0.7705078125 0.09375 0.7841796875 0.09375 0.78515625 0.09201388958333333 0.78515625 0.08854166666666667 0.783203125 0.08506944375 0.783203125 0.08159722291666666