0 0 0.828125 0.0283203125 0.8923611104166667 0.0390625 0.890625 0.048828125 0.8697916666666666 0.048828125 0.8524305562500001 0.033203125 0.8072916666666666 0.029296875 0.7621527770833333 0.0185546875 0.7430555562500001 0.0107421875 0.7395833333333334 0 0.7517361104166667 0 0.828125
0 0.2255859375 0.4201388895833333 0.2197265625 0.4166666666666667 0.2041015625 0.4166666666666667 0.1943359375 0.4236111104166667 0.185546875 0.4392361104166667 0.1796875 0.45659722291666666 0.1796875 0.4670138895833333 0.177734375 0.4704861104166667 0.1796875 0.515625 0.18359375 0.52256944375 0.185546875 0.5329861104166667 0.1982421875 0.5520833333333334 0.2041015625 0.5520833333333334 0.2060546875 0.5555555562500001 0.224609375 0.5538194437499999 0.23828125 0.5329861104166667 0.244140625 0.5121527770833334 0.244140625 0.4982638895833333 0.24609375 0.4947916666666667 0.244140625 0.4635416666666667 0.240234375 0.44618055624999997 0.234375 0.4322916666666667 0.2255859375 0.4201388895833333
0 0.3583984375 0.3229166666666667 0.3427734375 0.3229166666666667 0.3310546875 0.3333333333333333 0.3203125 0.3489583333333333 0.3125 0.3732638895833333 0.310546875 0.39409722291666666 0.3125 0.39756944375000003 0.314453125 0.421875 0.3232421875 0.44444444375000003 0.3427734375 0.46180555624999997 0.353515625 0.46006944375000003 0.3681640625 0.4513888895833333 0.37890625 0.42881944375000003 0.384765625 0.4045138895833333 0.384765625 0.3732638895833333 0.3828125 0.3697916666666667 0.3828125 0.359375 0.3701171875 0.3333333333333333 0.3583984375 0.3229166666666667
0 0.2802734375 0.27430555624999997 0.2724609375 0.28125 0.265625 0.29340277708333334 0.26171875 0.3072916666666667 0.26171875 0.3385416666666667 0.2744140625 0.3645833333333333 0.2783203125 0.36805555624999997 0.29296875 0.36631944375000003 0.306640625 0.3454861104166667 0.306640625 0.3385416666666667 0.310546875 0.328125 0.310546875 0.3072916666666667 0.306640625 0.28993055624999997 0.3017578125 0.28125 0.2939453125 0.27430555624999997 0.2802734375 0.27430555624999997
0 0.7880859375 0.18402777708333332 0.7861328125 0.1875 0.7802734375 0.1875 0.76953125 0.20659722291666668 0.76953125 0.21701388958333334 0.767578125 0.22048611041666666 0.76953125 0.22395833333333334 0.76953125 0.24131944375 0.7724609375 0.25 0.775390625 0.24826388958333334 0.78125 0.22395833333333334 0.7861328125 0.21527777708333332 0.7900390625 0.21180555625 0.8076171875 0.21180555625 0.80859375 0.20659722291666668 0.7958984375 0.1875 0.7900390625 0.1875 0.7880859375 0.18402777708333332
0 0.873046875 0.3142361104166667 0.873046875 0.32118055624999997 0.8759765625 0.3263888895833333 0.87890625 0.32465277708333334 0.8798828125 0.31944444375000003 0.8896484375 0.30902777708333334 0.908203125 0.3107638895833333 0.90234375 0.28993055624999997 0.8876953125 0.2708333333333333 0.8720703125 0.27430555624999997 0.865234375 0.28993055624999997 0.873046875 0.3142361104166667
0 0.853515625 0.35243055624999997 0.845703125 0.328125 0.8369140625 0.3125 0.8271484375 0.30555555624999997 0.8095703125 0.30555555624999997 0.8017578125 0.3125 0.794921875 0.32465277708333334 0.7890625 0.3420138895833333 0.7890625 0.390625 0.79296875 0.4045138895833333 0.7958984375 0.40972222291666666 0.798828125 0.4079861104166667 0.8154296875 0.3888888895833333 0.8232421875 0.3888888895833333 0.8251953125 0.3854166666666667 0.8369140625 0.3888888895833333 0.8486328125 0.39930555624999997 0.853515625 0.39756944375000003 0.85546875 0.390625 0.853515625 0.35243055624999997
0 0.94140625 0.359375 0.9443359375 0.3645833333333333 0.9482421875 0.3645833333333333 0.958984375 0.38368055624999997 0.96484375 0.4045138895833333 0.96484375 0.41493055624999997 0.96875 0.41493055624999997 0.98046875 0.39756944375000003 0.98046875 0.38715277708333334 0.974609375 0.36284722291666666 0.9677734375 0.35069444375000003 0.9599609375 0.34375 0.9501953125 0.34375 0.9462890625 0.34722222291666666 0.94140625 0.359375
0 0.984375 0.7135416666666666 0.9892578125 0.7222222229166667 0.9921875 0.7204861104166667 1 0.703125 0.9990234375 0.5625 0.986328125 0.5815972229166667 0.9765625 0.6267361104166667 0.9765625 0.6788194437499999 0.978515625 0.6822916666666666 0.978515625 0.6927083333333334 0.984375 0.7135416666666666
1 0.978515625 0.8211805562500001 0.98046875 0.8454861104166667 0.986328125 0.8454861104166667 1 0.8177083333333334 0.9990234375 0.7048611104166667 0.9921875 0.7204861104166667 0.982421875 0.7552083333333334 0.98046875 0.7760416666666666 0.978515625 0.7795138895833333 0.9765625 0.8177083333333334 0.978515625 0.8211805562500001
1 1 0.4079861104166667 0.9912109375 0.39930555624999997 0.9794921875 0.39930555624999997 0.9755859375 0.40277777708333334 0.96875 0.41493055624999997 0.96875 0.42534722291666666 0.9716796875 0.43055555624999997 0.9794921875 0.43055555624999997 0.9873046875 0.4375 0.99609375 0.453125 0.998046875 0.4670138895833333 1 0.4670138895833333 1 0.4079861104166667
1 0.916015625 0.390625 0.916015625 0.4045138895833333 0.921875 0.41840277708333334 0.927734375 0.4427083333333333 0.927734375 0.48090277708333334 0.9345703125 0.4895833333333333 0.9404296875 0.49305555624999997 0.9453125 0.49131944375000003 0.955078125 0.44618055624999997 0.966796875 0.42881944375000003 0.966796875 0.41493055624999997 0.9541015625 0.37152777708333334 0.9443359375 0.3611111104166667 0.9306640625 0.3611111104166667 0.919921875 0.3767361104166667 0.916015625 0.390625
1 0.8818359375 0.3888888895833333 0.8779296875 0.3923611104166667 0.865234375 0.41840277708333334 0.865234375 0.42881944375000003 0.87109375 0.44965277708333334 0.87109375 0.4635416666666667 0.873046875 0.4670138895833333 0.869140625 0.515625 0.8779296875 0.5347222229166667 0.8896484375 0.5451388895833333 0.8984375 0.5434027770833333 0.9072265625 0.5381944437499999 0.919921875 0.5190972229166666 0.927734375 0.48784722291666666 0.927734375 0.44618055624999997 0.923828125 0.42534722291666666 0.9111328125 0.39930555624999997 0.9013671875 0.3888888895833333 0.8818359375 0.3888888895833333
1 0.8154296875 0.3888888895833333 0.8017578125 0.40277777708333334 0.79296875 0.42534722291666666 0.79296875 0.4357638895833333 0.7890625 0.44965277708333334 0.7890625 0.4670138895833333 0.787109375 0.4704861104166667 0.7890625 0.4739583333333333 0.7890625 0.4982638895833333 0.796875 0.5260416666666666 0.8134765625 0.5555555562500001 0.8232421875 0.5625 0.83203125 0.5607638895833333 0.8544921875 0.5416666666666666 0.8671875 0.515625 0.87109375 0.5017361104166667 0.87109375 0.44965277708333334 0.86328125 0.421875 0.8466796875 0.3958333333333333 0.8369140625 0.3888888895833333 0.8154296875 0.3888888895833333
1 0.80859375 0.25173611041666666 0.818359375 0.2760416666666667 0.822265625 0.30034722291666666 0.82421875 0.30034722291666666 0.8310546875 0.28472222291666666 0.8388671875 0.27777777708333334 0.8515625 0.2760416666666667 0.84765625 0.25868055625 0.8408203125 0.24652777708333332 0.8291015625 0.23611111041666666 0.8154296875 0.23958333333333334 0.80859375 0.25173611041666666
1 0.7099609375 0.27777777708333334 0.69921875 0.29340277708333334 0.693359375 0.3107638895833333 0.69140625 0.32118055624999997 0.69140625 0.35590277708333334 0.697265625 0.3802083333333333 0.7080078125 0.39930555624999997 0.7236328125 0.41319444375000003 0.734375 0.4114583333333333 0.7431640625 0.40625 0.7578125 0.38368055624999997 0.763671875 0.359375 0.76171875 0.32118055624999997 0.755859375 0.30034722291666666 0.7392578125 0.27777777708333334 0.7333984375 0.27430555624999997 0.7099609375 0.27777777708333334
1 0.5673828125 0.20486111041666666 0.5703125 0.21354166666666666 0.5703125 0.22395833333333334 0.572265625 0.22743055625 0.5703125 0.24826388958333334 0.5732421875 0.25347222291666666 0.58984375 0.25173611041666666 0.599609375 0.23784722291666668 0.603515625 0.22395833333333334 0.603515625 0.19618055625 0.5869140625 0.17013888958333334 0.5693359375 0.17013888958333334 0.55859375 0.18576388958333334 0.55859375 0.19270833333333334 0.5673828125 0.20486111041666666
1 0.5576171875 0.19097222291666668 0.5537109375 0.1875 0.5361328125 0.1875 0.5302734375 0.19097222291666668 0.521484375 0.20659722291666668 0.517578125 0.22048611041666666 0.517578125 0.24479166666666666 0.521484375 0.25868055625 0.5283203125 0.2708333333333333 0.5400390625 0.28125 0.548828125 0.2795138895833333 0.5576171875 0.27430555624999997 0.568359375 0.2552083333333333 0.5703125 0.24826388958333334 0.5703125 0.23090277708333332 0.572265625 0.22743055625 0.5703125 0.22395833333333334 0.5703125 0.21354166666666666 0.5576171875 0.19097222291666668
1 0.4384765625 0.25 0.4443359375 0.25 0.4462890625 0.24652777708333332 0.4658203125 0.24652777708333332 0.474609375 0.25173611041666666 0.48046875 0.23090277708333332 0.48046875 0.21354166666666666 0.4716796875 0.19097222291666668 0.4638671875 0.18402777708333332 0.4482421875 0.18402777708333332 0.435546875 0.203125 0.431640625 0.22395833333333334 0.4384765625 0.25
1 0.3857421875 0.25347222291666666 0.3837890625 0.25694444375 0.3759765625 0.25694444375 0.359375 0.2829861104166667 0.35546875 0.296875 0.35546875 0.32118055624999997 0.3701171875 0.3333333333333333 0.37890625 0.3489583333333333 0.380859375 0.359375 0.3857421875 0.36805555624999997 0.388671875 0.36631944375000003 0.3994140625 0.3611111104166667 0.412109375 0.3385416666666667 0.416015625 0.32465277708333334 0.416015625 0.29340277708333334 0.4140625 0.2829861104166667 0.4052734375 0.26388888958333334 0.3974609375 0.25694444375 0.3857421875 0.25347222291666666
1 0.0478515625 0.7013888895833333 0.0419921875 0.7048611104166667 0.03515625 0.7170138895833333 0.03125 0.734375 0.03125 0.7447916666666666 0.029296875 0.7482638895833333 0.03125 0.7934027770833333 0.037109375 0.8177083333333334 0.044921875 0.8385416666666666 0.0556640625 0.8576388895833333 0.0654296875 0.8645833333333334 0.0703125 0.8628472229166667 0.0830078125 0.8576388895833333 0.091796875 0.8385416666666666 0.09375 0.828125 0.09375 0.7760416666666666 0.0859375 0.7413194437499999 0.0712890625 0.7118055562500001 0.0595703125 0.7013888895833333 0.0478515625 0.7013888895833333