0 0.2771484375 0.421875 0.2732421875 0.4392361104166667 0.2732421875 0.484375 0.2810546875 0.5121527770833334 0.29375 0.53125 0.30078125 0.5375 0.31132811875 0.5375 0.3259765625 0.5364583333333334 0.330859375 0.5347222229166667 0.338671875 0.52430555625 0.3513671875 0.5017361104166667 0.35625 0.47858796249999996 0.35625 0.4282407395833333 0.3513671875 0.4079861104166667 0.340625 0.3888888895833333 0.3278645828125 0.37916666666666665 0.306640625 0.37916666666666665 0.287890625 0.3958333333333333 0.2771484375 0.421875
0 0.358984375 0.22569444375 0.3482421875 0.24826388958333334 0.3462890625 0.25868055625 0.3462890625 0.28993055624999997 0.3521484375 0.3107638895833333 0.358984375 0.3229166666666667 0.3677734390625 0.32916666666666666 0.3761718703125 0.32916666666666666 0.3873046875 0.328125 0.39609375 0.3229166666666667 0.4068359375 0.30034722291666666 0.409375 0.29131944375 0.409375 0.25034722291666667 0.4048828125 0.234375 0.398046875 0.22222222291666668 0.383463540625 0.2125 0.3796875015625 0.2125 0.36875 0.21527777708333332 0.358984375 0.22569444375
0 0.033203125 0.4704861104166667 0.0419921875 0.47222222291666666 0.0435546875 0.475 0.045898435937499996 0.475 0.048828125 0.4739583333333333 0.052734375 0.4322916666666667 0.046289059375000004 0.43125 0.0417217546875 0.43125 0.033203125 0.453125 0.033203125 0.4704861104166667
1 0.04609375 0.47152777916666666 0.032421875 0.47152777916666666 0.0255859375 0.48715277916666666 0.0255859375 0.49756944583333335 0.0236328125 0.5010416666666667 0.0255859375 0.5357638895833333 0.0275390625 0.5427083333333333 0.0358258921875 0.5541666666666667 0.0406250046875 0.5541666666666667 0.0470703125 0.553125 0.0529296875 0.5427083333333333 0.05625 0.5072916666666667 0.05625 0.4979166666666667 0.0548828125 0.490625 0.04609375 0.47152777916666666
1 0.0640625 0.4166666666666667 0.06015625 0.4201388895833333 0.0513671875 0.4392361104166667 0.0494140625 0.47743055624999997 0.06015625 0.5 0.0728515625 0.4982638895833333 0.0787109375 0.49131944375000003 0.08125 0.48003472291666666 0.08125 0.43919753125 0.073828125 0.4201388895833333 0.0640625 0.4166666666666667
1 0.0958984375 0.3701388895833333 0.091015625 0.3579861125 0.079296875 0.3545138895833333 0.06875 0.3766729791666667 0.06875 0.4087797625 0.0749348953125 0.42291666666666666 0.08300781562500001 0.42291666666666666 0.0880859375 0.42222222291666667 0.0958984375 0.4048611125 0.096875 0.3944444458333333 0.096875 0.38229166666666664 0.0958984375 0.38055555625 0.0958984375 0.3701388895833333
0 0.11875 0.29444444583333335 0.108984375 0.29444444583333335 0.1021484375 0.30659722291666663 0.0982421875 0.32048611250000003 0.0982421875 0.34131944583333335 0.1047743046875 0.35625 0.11015625625 0.35625 0.1177734375 0.35520833333333335 0.1255859375 0.33784722291666663 0.1265625 0.32743055625 0.1265625 0.31319444583333333 0.12265625 0.29791666666666666 0.11875 0.29444444583333335
1 0.124609375 0.2829861104166667 0.12265625 0.3072916666666667 0.1265625 0.32118055624999997 0.13285156250000002 0.32916666666666666 0.1369140609375 0.32916666666666666 0.1421875 0.328125 0.148046875 0.32118055624999997 0.151953125 0.3072916666666667 0.153125 0.29270833333333335 0.153125 0.28128857916666666 0.1454367890625 0.26458333333333334 0.1345703125 0.26458333333333334 0.1314453125 0.2673611104166667 0.124609375 0.2829861104166667
0 0.180859375 0.20833333333333334 0.175 0.20486111041666666 0.169140625 0.20833333333333334 0.1603515625 0.22395833333333334 0.1583984375 0.24479166666666666 0.16328125 0.2604166666666667 0.1671875 0.26388888958333334 0.1779296875 0.26215277708333334 0.1837890625 0.25173611041666666 0.1875 0.22864583333333333 0.1875 0.22638888958333334 0.1857421875 0.21701388958333334 0.180859375 0.20833333333333334
1 0.2693359375 0.128125 0.2615234375 0.13506944375 0.2546875 0.15416666666666667 0.256640625 0.175 0.2658482140625 0.18541666666666667 0.272265625 0.18541666666666667 0.2771484375 0.18368055416666668 0.284375 0.16512345625 0.284375 0.14382715833333334 0.2771484375 0.128125 0.2693359375 0.128125
0 0.3181640625 0.13368055625 0.3201171875 0.140625 0.32840401875 0.15208333333333332 0.333203121875 0.15208333333333332 0.3396484375 0.15104166666666666 0.346484375 0.14583333333333334 0.35 0.13708333333333333 0.35 0.10798611041666667 0.3494140625 0.10590277708333334 0.343125 0.09791666666666667 0.3303819453125 0.09791666666666667 0.3201171875 0.11284722291666666 0.3181640625 0.13368055625
1 0.434765625 0.1079861125 0.4435546875 0.08888888958333332 0.4435546875 0.07152777916666667 0.43671875 0.055902779166666666 0.425 0.05243055625 0.419140625 0.055902779166666666 0.4123046875 0.06805555625 0.4103515625 0.075 0.4103515625 0.0923611125 0.415234375 0.10451388958333332 0.421875 0.11041666666666666 0.4271484390625 0.11041666666666666 0.4298828125 0.10972222291666665 0.434765625 0.1079861125
1 0.4919921875 0.04340277708333333 0.4900390625 0.05381944375 0.4919921875 0.06770833333333333 0.50078125 0.08333333333333333 0.5134765625 0.08159722291666666 0.51640625 0.07986111041666667 0.521875 0.06736111041666668 0.521875 0.049652777083333335 0.5212890625 0.04340277708333333 0.514453125 0.03125 0.50078125 0.03125 0.496875 0.03472222291666667 0.4919921875 0.04340277708333333
0 0.5353515625 0.12326388958333333 0.5353515625 0.14409722291666668 0.5392578125 0.15798611041666666 0.54609375 0.17013888958333334 0.55390625 0.17708333333333334 0.5666015625 0.17534722291666668 0.57734375 0.16666666666666666 0.5841796875 0.15104166666666666 0.5841796875 0.11979166666666667 0.5802734375 0.109375 0.571484375 0.09722222291666666 0.565625 0.09375 0.551953125 0.09375 0.5392578125 0.109375 0.5353515625 0.12326388958333333
0 0.606640625 0.05902777708333333 0.5939453125 0.07465277708333334 0.5921875 0.09027777916666667 0.5921875 0.0923611125 0.5939453125 0.09548611041666667 0.5939453125 0.10590277708333334 0.598828125 0.11805555625 0.606640625 0.12847222291666666 0.6154296875 0.1267361104166667 0.6154296875 0.10243055625 0.6193359375 0.08854166666666667 0.628125 0.07604166666666666 0.628125 0.06674382708333333 0.6203125 0.05902777708333333 0.606640625 0.05902777708333333
0 0.553125 0.03305555416666667 0.5578125 0.03472222291666667 0.563671875 0.03125 0.571484375 0.03819444375 0.5763671875 0.046875 0.5791294640625 0.058333333333333334 0.58046875 0.058333333333333334 0.58125 0.05787037083333334 0.58125 0.046875 0.5802734375 0.036458333333333336 0.5719866062500001 0.025 0.55921875 0.025 0.553125 0.03273809375 0.553125 0.03305555416666667
0 0.5923828125 0.018229164583333336 0.5845703125 0.018229164583333336 0.577734375 0.02690972083333333 0.577734375 0.03385416458333333 0.581640625 0.040798610416666665 0.581640625 0.06163194375 0.583056640625 0.06666666666666667 0.592346190625 0.06666666666666667 0.6046875 0.041592260416666665 0.6046875 0.039548610416666664 0.6001953125 0.025173610416666665 0.5923828125 0.018229164583333336
1 0.5923828125 0.018229164583333336 0.5845703125 0.018229164583333336 0.577734375 0.02690972083333333 0.577734375 0.03385416458333333 0.581640625 0.040798610416666665 0.581640625 0.06163194375 0.583056640625 0.06666666666666667 0.592346190625 0.06666666666666667 0.6046875 0.041592260416666665 0.6046875 0.039548610416666664 0.6001953125 0.025173610416666665 0.5923828125 0.018229164583333336
0 0.6529296875 0.018055554166666665 0.6431640625 0.018055554166666665 0.6392578125 0.02152777708333333 0.636328125 0.026736110416666667 0.636328125 0.03715277708333333 0.640234375 0.04756944375 0.640234375 0.06145833333333333 0.6443359375 0.06875 0.6537109328125 0.06875 0.655859375 0.06840277708333334 0.6625 0.05364583333333333 0.6625 0.03854166666666667 0.66171875 0.030208333333333334 0.6529296875 0.018055554166666665
1 0.6529296875 0.018055554166666665 0.6431640625 0.018055554166666665 0.6392578125 0.02152777708333333 0.636328125 0.026736110416666667 0.636328125 0.03715277708333333 0.640234375 0.04756944375 0.640234375 0.06145833333333333 0.6443359375 0.06875 0.6537109328125 0.06875 0.655859375 0.06840277708333334 0.6625 0.05364583333333333 0.6625 0.03854166666666667 0.66171875 0.030208333333333334 0.6529296875 0.018055554166666665
1 0.6783203125 0.03159722291666667 0.6744140625 0.03506944583333334 0.667578125 0.05069444583333334 0.667578125 0.0611111125 0.6744140625 0.07673611041666667 0.6771484375 0.07916666666666666 0.6835937515625 0.07916666666666666 0.687109375 0.07847222291666665 0.69375 0.06961805624999999 0.69375 0.041666666666666664 0.6880859375 0.03159722291666667 0.6783203125 0.03159722291666667
1 0.668359375 0.01788194375 0.6625 0.024826389583333334 0.6615234375 0.04045138958333334 0.6633138015625 0.05 0.6658094625000001 0.05 0.672265625 0.03524305625 0.68203125 0.03177083333333333 0.6828125 0.024826387499999998 0.6828125 0.02288194375 0.678125 0.01788194375 0.668359375 0.01788194375
0 0.7169921875 0.03958333541666667 0.70625 0.023958335416666664 0.69453125 0.023958335416666664 0.6916015625 0.02916666875 0.6916015625 0.0361111125 0.6955078125 0.046527779166666665 0.6955078125 0.0673611125 0.69876301875 0.07083333333333333 0.7111328125 0.07083333333333333 0.7169921875 0.056944445833333336 0.7169921875 0.03958333541666667
0 0.7169921875 0.03993055625 0.7169921875 0.06423611041666667 0.721223959375 0.06875 0.7246093734375 0.06875 0.7287109375 0.06770833333333333 0.7306640625 0.06423611041666667 0.7287109375 0.05381944375 0.734375 0.040393518749999996 0.734375 0.0326388875 0.730078125 0.025 0.71578125 0.025 0.7130859375 0.032986110416666665 0.7169921875 0.03993055625
1 0.54296875 0.29756944375 0.5361328125 0.28541666666666665 0.5224609375 0.27152777708333337 0.5166015625 0.26805555416666665 0.4970703125 0.26805555416666665 0.4912109375 0.27152777708333337 0.4794921875 0.28541666666666665 0.46875 0.31145833333333334 0.466796875 0.33229166666666665 0.465625 0.334375 0.465625 0.34340277708333333 0.46875 0.37395833333333334 0.4833984375 0.40347222083333334 0.4912109375 0.41041666666666665 0.4947265640625 0.4125 0.5166015500000001 0.4125 0.521484375 0.41215277708333337 0.5322265625 0.40347222083333334 0.544921875 0.38090277708333337 0.548828125 0.36701388749999997 0.55 0.34618055416666665 0.55 0.328125 0.546875 0.31145833333333334 0.54296875 0.29756944375
0 0.5462890625 0.265625 0.5462890625 0.27256944375000003 0.5423828125 0.2829861104166667 0.5423828125 0.296875 0.5501953125 0.328125 0.5501953125 0.3420138895833333 0.555078125 0.3541666666666667 0.566796875 0.36805555624999997 0.571484375 0.37083333333333335 0.5816406203125 0.37083333333333335 0.5951171875 0.3697916666666667 0.605859375 0.3611111104166667 0.6166015625 0.3420138895833333 0.621875 0.31388888958333333 0.621875 0.284375 0.6166015625 0.265625 0.605859375 0.24652777708333332 0.6 0.24305555625 0.59609375 0.23611111041666666 0.590234375 0.23611111041666666 0.588671875 0.23333333333333334 0.569921875 0.23333333333333334 0.558984375 0.24305555625 0.5462890625 0.265625
0 0.6962890625 0.17361111041666666 0.6884765625 0.16666666666666666 0.6826171875 0.16666666666666666 0.6806640625 0.16319444375 0.6669921875 0.16666666666666666 0.6591796875 0.17361111041666666 0.65234375 0.18923611041666666 0.6484375 0.203125 0.6484375 0.22743055625 0.654296875 0.24826388958333334 0.6650390625 0.2673611104166667 0.6728515625 0.27430555624999997 0.69140625 0.27256944375000003 0.6982421875 0.2673611104166667 0.705078125 0.2552083333333333 0.7109375 0.234375 0.7109375 0.21354166666666666 0.70703125 0.19270833333333334 0.6962890625 0.17361111041666666
0 0.766796875 0.08385416666666666 0.755078125 0.08385416666666666 0.751171875 0.08732638958333333 0.7443359375 0.10295138958333333 0.7443359375 0.12378472291666666 0.75703125 0.14982638958333333 0.757910153125 0.15 0.76845703125 0.15 0.774609375 0.14635416666666667 0.7794921875 0.13767361041666665 0.78125 0.13142361041666667 0.78125 0.10948547916666666 0.770703125 0.08732638958333333 0.766796875 0.08385416666666666
0 0.7640625 0.06597222083333333 0.767578125 0.08159722291666666 0.78188189375 0.11041666666666666 0.7833984375 0.11041666666666666 0.78515625 0.109375 0.790625 0.09641203541666667 0.790625 0.07673611041666667 0.7890625 0.07118055625 0.7787977421875001 0.05625 0.7681640625 0.05625 0.7640625 0.06354166666666666 0.7640625 0.06597222083333333
0 0.7435546875 0.06267361041666666 0.73671875 0.07829861041666668 0.73671875 0.0921875 0.740625 0.1060763875 0.74453125 0.1060763875 0.746484375 0.09565972083333334 0.7513671875 0.08697916666666666 0.7552734375 0.08350694375 0.7669921875 0.08350694375 0.7671875 0.08177083333333333 0.7671875 0.07386485000000001 0.7552734375 0.0592013875 0.7435546875 0.06267361041666666
1 0.6126953125 0.01770833125 0.6087890625 0.021180554166666664 0.60390625 0.03333333125 0.60671875 0.041666666666666664 0.6074218734375 0.041666666666666664 0.609765625 0.040277779166666666 0.6126953125 0.031597220833333335 0.6265625 0.023379627083333333 0.6265625 0.021527775000000002 0.6244140625 0.01770833125 0.6126953125 0.01770833125