1 0.3095703125 0.59375 0.3076171875 0.5902777770833333 0.2939453125 0.5902777770833333 0.2919921875 0.59375 0.2763671875 0.5972222229166667 0.2548828125 0.6215277770833333 0.2421875 0.6545138895833333 0.23828125 0.6753472229166667 0.23828125 0.7204861104166667 0.240234375 0.7239583333333334 0.2421875 0.7447916666666666 0.24609375 0.7552083333333334 0.24609375 0.7621527770833333 0.251953125 0.7725694437499999 0.255859375 0.7864583333333334 0.2724609375 0.8159722229166667 0.2939453125 0.8298611104166667 0.32421875 0.828125 0.3447265625 0.8090277770833333 0.357421875 0.7829861104166667 0.36328125 0.7621527770833333 0.365234375 0.7309027770833333 0.3671875 0.7274305562500001 0.36328125 0.6788194437499999 0.353515625 0.6440972229166667 0.3408203125 0.6180555562500001 0.3271484375 0.6006944437499999 0.3095703125 0.59375
1 0.01953125 0.5677083333333334 0.0234375 0.5885416666666666 0.0322265625 0.6076388895833333 0.0361328125 0.6111111104166667 0.044921875 0.609375 0.0546875 0.5954861104166667 0.056640625 0.5746527770833333 0.05859375 0.5711805562500001 0.052734375 0.546875 0.05078125 0.5190972229166666 0.0439453125 0.50694444375 0.0341796875 0.50694444375 0.0302734375 0.5104166666666666 0.021484375 0.5295138895833333 0.01953125 0.5677083333333334
1 0.3984375 0.3454861104166667 0.392578125 0.328125 0.3798828125 0.30902777708333334 0.3681640625 0.30555555624999997 0.3662109375 0.3020833333333333 0.3505859375 0.30555555624999997 0.3388671875 0.31597222291666666 0.326171875 0.3385416666666667 0.3203125 0.3697916666666667 0.3203125 0.39409722291666666 0.326171875 0.421875 0.3349609375 0.44097222291666666 0.337890625 0.4392361104166667 0.341796875 0.4079861104166667 0.3544921875 0.37847222291666666 0.3623046875 0.36805555624999997 0.3759765625 0.3576388895833333 0.3837890625 0.3576388895833333 0.3857421875 0.3541666666666667 0.3916015625 0.3541666666666667 0.3935546875 0.3576388895833333 0.3984375 0.35590277708333334 0.3984375 0.3454861104166667
1 0.30859375 0.22048611041666666 0.30859375 0.25173611041666666 0.3115234375 0.26388888958333334 0.3232421875 0.2673611104166667 0.337890625 0.2795138895833333 0.3447265625 0.27430555624999997 0.35546875 0.25173611041666666 0.357421875 0.24479166666666666 0.357421875 0.21701388958333334 0.3466796875 0.19444444375 0.3408203125 0.19097222291666668 0.3271484375 0.19097222291666668 0.3193359375 0.19791666666666666 0.310546875 0.21354166666666666 0.30859375 0.22048611041666666
1 0.466796875 0.140625 0.46484375 0.16145833333333334 0.462890625 0.16493055625 0.4794921875 0.20486111041666666 0.486328125 0.203125 0.484375 0.19270833333333334 0.484375 0.16493055625 0.4931640625 0.14236111041666666 0.5009765625 0.13888888958333334 0.50390625 0.13368055625 0.5029296875 0.12847222291666666 0.4931640625 0.12152777708333334 0.4853515625 0.12152777708333334 0.4736328125 0.12847222291666666 0.466796875 0.140625
0 0.5068359375 0.375 0.4951171875 0.36805555624999997 0.4794921875 0.3645833333333333 0.4775390625 0.36805555624999997 0.4677734375 0.36805555624999997 0.4580078125 0.375 0.4375 0.4045138895833333 0.427734375 0.4392361104166667 0.42578125 0.4739583333333333 0.427734375 0.47743055624999997 0.4296875 0.5017361104166667 0.4375 0.5295138895833333 0.4462890625 0.5451388895833333 0.4677734375 0.5659722229166667 0.4736328125 0.5659722229166667 0.4755859375 0.5694444437499999 0.490234375 0.5677083333333334 0.5107421875 0.5555555562500001 0.525390625 0.5329861104166667 0.53515625 0.50868055625 0.5390625 0.45659722291666666 0.537109375 0.453125 0.53515625 0.42881944375000003 0.53125 0.421875 0.529296875 0.4114583333333333 0.5166015625 0.3888888895833333 0.5068359375 0.375
0 0.3857421875 0.3541666666666667 0.3837890625 0.3576388895833333 0.3662109375 0.3645833333333333 0.34765625 0.390625 0.33984375 0.41840277708333334 0.337890625 0.453125 0.345703125 0.4947916666666667 0.3603515625 0.52430555625 0.3779296875 0.5381944437499999 0.396484375 0.5364583333333334 0.4150390625 0.52430555625 0.42578125 0.5052083333333334 0.427734375 0.4982638895833333 0.42578125 0.48784722291666666 0.42578125 0.44618055624999997 0.43359375 0.4114583333333333 0.4296875 0.39409722291666666 0.4169921875 0.37152777708333334 0.3974609375 0.3541666666666667 0.3857421875 0.3541666666666667
0 0.3056640625 0.2673611104166667 0.2939453125 0.27777777708333334 0.28515625 0.29340277708333334 0.279296875 0.32118055624999997 0.279296875 0.3489583333333333 0.283203125 0.36631944375000003 0.2939453125 0.3854166666666667 0.3037109375 0.3923611104166667 0.318359375 0.390625 0.3203125 0.38715277708333334 0.3203125 0.36284722291666666 0.322265625 0.35243055624999997 0.330078125 0.328125 0.34375 0.3072916666666667 0.34375 0.30034722291666666 0.341796875 0.29340277708333334 0.3271484375 0.2708333333333333 0.3212890625 0.2673611104166667 0.3056640625 0.2673611104166667
0 0.2294921875 0.3125 0.2333984375 0.31597222291666666 0.24609375 0.3142361104166667 0.259765625 0.29340277708333334 0.26171875 0.2829861104166667 0.26171875 0.2552083333333333 0.2509765625 0.23263888958333334 0.2353515625 0.23263888958333334 0.22265625 0.25173611041666666 0.21875 0.26909722291666666 0.21875 0.2864583333333333 0.220703125 0.296875 0.2294921875 0.3125
0 0.35546875 0.20659722291666668 0.3662109375 0.22222222291666668 0.380859375 0.22048611041666666 0.39453125 0.19965277708333332 0.396484375 0.19270833333333334 0.396484375 0.171875 0.3896484375 0.15277777708333332 0.3818359375 0.14583333333333334 0.3701171875 0.14583333333333334 0.35546875 0.16493055625 0.353515625 0.171875 0.353515625 0.19965277708333332 0.35546875 0.20659722291666668
0 0.416015625 0.16493055625 0.412109375 0.18229166666666666 0.4140625 0.20659722291666668 0.4169921875 0.21180555625 0.41796875 0.21006944375 0.419921875 0.19618055625 0.42578125 0.18229166666666666 0.4326171875 0.17361111041666666 0.4423828125 0.16666666666666666 0.4619140625 0.17013888958333334 0.462890625 0.16493055625 0.4541015625 0.14930555625 0.4443359375 0.14236111041666666 0.4287109375 0.14583333333333334 0.416015625 0.16493055625
0 0.5205078125 0.13541666666666666 0.5283203125 0.14236111041666666 0.537109375 0.16493055625 0.537109375 0.18229166666666666 0.5400390625 0.1875 0.54296875 0.18576388958333334 0.5546875 0.16145833333333334 0.5546875 0.13715277708333332 0.552734375 0.13020833333333334 0.5400390625 0.11111111041666667 0.5341796875 0.10763888958333333 0.5205078125 0.11111111041666667 0.5146484375 0.11805555625 0.509765625 0.13020833333333334 0.5126953125 0.13541666666666666 0.5205078125 0.13541666666666666
0 0.62890625 0.171875 0.62890625 0.19618055625 0.630859375 0.20659722291666668 0.6396484375 0.22569444375 0.6494140625 0.23611111041666666 0.6640625 0.234375 0.6728515625 0.22916666666666666 0.681640625 0.21006944375 0.68359375 0.19965277708333332 0.681640625 0.16840277708333332 0.6728515625 0.14930555625 0.6650390625 0.14236111041666666 0.6591796875 0.13888888958333334 0.6416015625 0.14236111041666666 0.630859375 0.16145833333333334 0.62890625 0.171875
0 0.74609375 0.21006944375 0.748046875 0.22048611041666666 0.7587890625 0.24305555625 0.7666015625 0.25 0.77734375 0.24826388958333334 0.7880859375 0.23958333333333334 0.794921875 0.22048611041666666 0.794921875 0.19618055625 0.79296875 0.18576388958333334 0.7841796875 0.16666666666666666 0.7744140625 0.15625 0.7587890625 0.15625 0.75 0.16840277708333332 0.74609375 0.18229166666666666 0.74609375 0.21006944375
0 0.79296875 0.18229166666666666 0.794921875 0.19270833333333334 0.794921875 0.22743055625 0.8037109375 0.24652777708333332 0.8115234375 0.25347222291666666 0.8203125 0.25173611041666666 0.8251953125 0.25 0.833984375 0.234375 0.837890625 0.21701388958333334 0.8359375 0.19965277708333332 0.83203125 0.18576388958333334 0.8232421875 0.17013888958333334 0.8154296875 0.16319444375 0.8056640625 0.16319444375 0.7978515625 0.17013888958333334 0.79296875 0.18229166666666666
0 1 0.30381944375000003 0.9873046875 0.27777777708333334 0.9775390625 0.27777777708333334 0.96875 0.296875 0.96875 0.32465277708333334 0.970703125 0.33506944375000003 0.9794921875 0.3576388895833333 0.9833984375 0.3611111104166667 0.994140625 0.359375 1 0.3489583333333333 1 0.30381944375000003