1 0.10546875 0.52256944375 0.109375 0.5364583333333334 0.1181640625 0.5520833333333334 0.1220703125 0.5555555562500001 0.13671875 0.5538194437499999 0.14453125 0.5434027770833333 0.1484375 0.5260416666666666 0.1484375 0.48784722291666666 0.14453125 0.4739583333333333 0.1376953125 0.46180555624999997 0.1337890625 0.4583333333333333 0.1201171875 0.4583333333333333 0.1162109375 0.46180555624999997 0.107421875 0.48090277708333334 0.10546875 0.52256944375
1 0.119140625 0.44965277708333334 0.1220703125 0.4583333333333333 0.1337890625 0.4583333333333333 0.1435546875 0.47222222291666666 0.1484375 0.4704861104166667 0.15234375 0.46006944375000003 0.154296875 0.4392361104166667 0.15625 0.4357638895833333 0.154296875 0.41840277708333334 0.1474609375 0.39930555624999997 0.1435546875 0.3958333333333333 0.1318359375 0.3958333333333333 0.123046875 0.4079861104166667 0.119140625 0.421875 0.119140625 0.44965277708333334
1 0.0322265625 0.5972222229166667 0.0361328125 0.6006944437499999 0.041015625 0.5989583333333334 0.05078125 0.5850694437499999 0.052734375 0.5538194437499999 0.048828125 0.5329861104166667 0.0419921875 0.5208333333333334 0.0361328125 0.5173611104166667 0.0283203125 0.52430555625 0.0234375 0.5399305562500001 0.0234375 0.5711805562500001 0.02734375 0.5885416666666666 0.0322265625 0.5972222229166667
0 0.0673828125 0.5381944437499999 0.072265625 0.5364583333333334 0.078125 0.5052083333333334 0.087890625 0.48784722291666666 0.0859375 0.47743055624999997 0.0771484375 0.46180555624999997 0.0673828125 0.46180555624999997 0.060546875 0.4739583333333333 0.056640625 0.49131944375000003 0.056640625 0.5121527770833334 0.060546875 0.5260416666666666 0.0673828125 0.5381944437499999
0 0.1533203125 0.375 0.166015625 0.3732638895833333 0.169921875 0.36631944375000003 0.173828125 0.33506944375000003 0.1689453125 0.31944444375000003 0.1591796875 0.3125 0.1533203125 0.31597222291666666 0.146484375 0.328125 0.14453125 0.33506944375000003 0.14453125 0.359375 0.146484375 0.36631944375000003 0.1533203125 0.375
0 0.2431640625 0.27777777708333334 0.251953125 0.2795138895833333 0.2568359375 0.27777777708333334 0.263671875 0.265625 0.265625 0.2552083333333333 0.263671875 0.23784722291666668 0.2568359375 0.22569444375 0.2470703125 0.22569444375 0.2431640625 0.22916666666666666 0.236328125 0.24479166666666666 0.236328125 0.265625 0.2431640625 0.27777777708333334
0 0.279296875 0.25868055625 0.287109375 0.24826388958333334 0.291015625 0.234375 0.291015625 0.21701388958333334 0.2822265625 0.20486111041666666 0.2724609375 0.20486111041666666 0.265625 0.21354166666666666 0.26171875 0.23090277708333332 0.2666015625 0.25347222291666666 0.2724609375 0.2604166666666667 0.279296875 0.25868055625
0 0.2685546875 0.20486111041666666 0.2568359375 0.20486111041666666 0.25 0.21701388958333334 0.2509765625 0.22569444375 0.2568359375 0.22569444375 0.2607421875 0.23263888958333334 0.26171875 0.23090277708333332 0.26953125 0.21006944375 0.2685546875 0.20486111041666666
1 0.306640625 0.23090277708333332 0.3115234375 0.22916666666666666 0.318359375 0.21354166666666666 0.318359375 0.19618055625 0.3134765625 0.18402777708333332 0.3017578125 0.18055555625 0.29296875 0.19270833333333334 0.291015625 0.21354166666666666 0.2978515625 0.22916666666666666 0.3017578125 0.23263888958333334 0.306640625 0.23090277708333332
1 0.4384765625 0.23263888958333334 0.4443359375 0.23611111041666666 0.453125 0.234375 0.462890625 0.22395833333333334 0.466796875 0.21006944375 0.466796875 0.18576388958333334 0.4541015625 0.16666666666666666 0.4443359375 0.16666666666666666 0.4365234375 0.17361111041666666 0.4296875 0.18576388958333334 0.427734375 0.20659722291666668 0.4296875 0.21701388958333334 0.4384765625 0.23263888958333334
0 0.51171875 0.17534722291666668 0.521484375 0.16145833333333334 0.5234375 0.140625 0.5146484375 0.12152777708333334 0.5009765625 0.12152777708333334 0.494140625 0.13020833333333334 0.494140625 0.13715277708333332 0.5 0.15798611041666666 0.498046875 0.16840277708333332 0.5029296875 0.17708333333333334 0.51171875 0.17534722291666668
0 0.5419921875 0.19791666666666666 0.552734375 0.19618055625 0.564453125 0.17881944375 0.564453125 0.15451388958333334 0.5625 0.14756944375 0.5537109375 0.13541666666666666 0.5400390625 0.13541666666666666 0.529296875 0.15104166666666666 0.52734375 0.16840277708333332 0.53125 0.18229166666666666 0.5380859375 0.19444444375 0.5419921875 0.19791666666666666
1 0.6083984375 0.15277777708333332 0.61328125 0.140625 0.61328125 0.11979166666666667 0.6025390625 0.10416666666666667 0.5908203125 0.10763888958333333 0.583984375 0.12326388958333333 0.5859375 0.140625 0.5908203125 0.15277777708333332 0.595703125 0.15451388958333334 0.6083984375 0.15277777708333332
1 0.5966796875 0.22569444375 0.611328125 0.22395833333333334 0.6142578125 0.22222222291666668 0.623046875 0.203125 0.623046875 0.17881944375 0.6142578125 0.15972222291666668 0.6064453125 0.15277777708333332 0.5947265625 0.15625 0.5859375 0.16840277708333332 0.58203125 0.18229166666666666 0.583984375 0.19965277708333332 0.5966796875 0.22569444375
1 0.623046875 0.203125 0.6298828125 0.21180555625 0.640625 0.21006944375 0.65234375 0.19270833333333334 0.654296875 0.17534722291666668 0.650390625 0.15798611041666666 0.6435546875 0.14583333333333334 0.6396484375 0.14236111041666666 0.6279296875 0.14236111041666666 0.6171875 0.15451388958333334 0.6171875 0.16493055625 0.623046875 0.17881944375 0.623046875 0.203125
1 0.6611328125 0.17361111041666666 0.66796875 0.171875 0.67578125 0.16145833333333334 0.677734375 0.15451388958333334 0.677734375 0.13715277708333332 0.6748046875 0.125 0.6689453125 0.11805555625 0.6591796875 0.11458333333333333 0.6484375 0.13020833333333334 0.646484375 0.15104166666666666 0.6572265625 0.17013888958333334 0.6611328125 0.17361111041666666
1 0.703125 0.15451388958333334 0.7060546875 0.15972222291666668 0.712890625 0.15798611041666666 0.720703125 0.14409722291666668 0.720703125 0.1267361104166667 0.7158203125 0.11458333333333333 0.7080078125 0.10763888958333333 0.7021484375 0.10763888958333333 0.697265625 0.11284722291666666 0.697265625 0.11979166666666667 0.703125 0.13020833333333334 0.705078125 0.140625 0.703125 0.15451388958333334
0 0.703125 0.15798611041666666 0.705078125 0.14756944375 0.703125 0.13020833333333334 0.6923828125 0.11458333333333333 0.6826171875 0.11458333333333333 0.67578125 0.1267361104166667 0.677734375 0.15451388958333334 0.6845703125 0.17013888958333334 0.6953125 0.16840277708333332 0.703125 0.15798611041666666
0 0.759765625 0.15798611041666666 0.759765625 0.13368055625 0.763671875 0.1267361104166667 0.763671875 0.11979166666666667 0.7568359375 0.11111111041666667 0.7470703125 0.11111111041666667 0.740234375 0.12326388958333333 0.73828125 0.13715277708333332 0.7451171875 0.15277777708333332 0.7529296875 0.15972222291666668 0.759765625 0.15798611041666666
0 0.77734375 0.17534722291666668 0.78515625 0.16493055625 0.787109375 0.15104166666666666 0.7783203125 0.12847222291666666 0.7744140625 0.125 0.7646484375 0.125 0.759765625 0.13368055625 0.759765625 0.15798611041666666 0.7666015625 0.17361111041666666 0.7724609375 0.17708333333333334 0.77734375 0.17534722291666668
0 0.73828125 0.18229166666666666 0.75 0.16493055625 0.748046875 0.15798611041666666 0.7373046875 0.14236111041666666 0.7275390625 0.14236111041666666 0.7236328125 0.14583333333333334 0.716796875 0.16145833333333334 0.716796875 0.171875 0.7236328125 0.17361111041666666 0.7333984375 0.18402777708333332 0.73828125 0.18229166666666666
0 0.94140625 0.38715277708333334 0.947265625 0.4114583333333333 0.9541015625 0.4236111104166667 0.9580078125 0.4270833333333333 0.9609375 0.42534722291666666 0.9697265625 0.4201388895833333 0.974609375 0.4114583333333333 0.978515625 0.390625 0.978515625 0.3732638895833333 0.970703125 0.3420138895833333 0.9599609375 0.3298611104166667 0.9541015625 0.3298611104166667 0.943359375 0.3454861104166667 0.94140625 0.35590277708333334 0.94140625 0.38715277708333334
0 0.8359375 0.2552083333333333 0.8359375 0.265625 0.833984375 0.26909722291666666 0.8359375 0.28993055624999997 0.8427734375 0.30555555624999997 0.845703125 0.30381944375000003 0.8525390625 0.2951388895833333 0.8662109375 0.2951388895833333 0.8720703125 0.2986111104166667 0.875 0.28993055624999997 0.873046875 0.26215277708333334 0.869140625 0.25173611041666666 0.8583984375 0.23611111041666666 0.8486328125 0.23611111041666666 0.8408203125 0.24305555625 0.8359375 0.2552083333333333
0 0.798828125 0.2864583333333333 0.8056640625 0.2951388895833333 0.81640625 0.29340277708333334 0.8232421875 0.28819444375000003 0.828125 0.2795138895833333 0.830078125 0.24826388958333334 0.828125 0.23784722291666668 0.8173828125 0.21875 0.8037109375 0.21180555625 0.79296875 0.22395833333333334 0.7890625 0.24479166666666666 0.796875 0.26215277708333334 0.798828125 0.2864583333333333
0 0.7392578125 0.2604166666666667 0.7275390625 0.2708333333333333 0.720703125 0.2829861104166667 0.716796875 0.30034722291666666 0.716796875 0.32118055624999997 0.720703125 0.3420138895833333 0.7333984375 0.3645833333333333 0.7392578125 0.3645833333333333 0.7412109375 0.36805555624999997 0.751953125 0.36631944375000003 0.7568359375 0.3645833333333333 0.76171875 0.35590277708333334 0.763671875 0.33159722291666666 0.767578125 0.3177083333333333 0.7734375 0.3072916666666667 0.7734375 0.30034722291666666 0.771484375 0.28993055624999997 0.7626953125 0.2708333333333333 0.7509765625 0.2604166666666667 0.7392578125 0.2604166666666667
1 0.76953125 0.3142361104166667 0.763671875 0.33159722291666666 0.763671875 0.3732638895833333 0.76953125 0.39409722291666666 0.7763671875 0.40625 0.7841796875 0.41319444375000003 0.802734375 0.4114583333333333 0.8056640625 0.40972222291666666 0.818359375 0.38368055624999997 0.8203125 0.3732638895833333 0.8203125 0.3420138895833333 0.818359375 0.33159722291666666 0.8037109375 0.3020833333333333 0.7978515625 0.2986111104166667 0.7841796875 0.2986111104166667 0.7783203125 0.3020833333333333 0.76953125 0.3142361104166667
1 0.888671875 0.30381944375000003 0.8955078125 0.31597222291666666 0.8994140625 0.31944444375000003 0.904296875 0.3177083333333333 0.9091796875 0.31597222291666666 0.916015625 0.30381944375000003 0.91796875 0.2760416666666667 0.912109375 0.2552083333333333 0.9072265625 0.24652777708333332 0.8974609375 0.23958333333333334 0.8916015625 0.24305555625 0.884765625 0.2552083333333333 0.8828125 0.2760416666666667 0.888671875 0.30381944375000003
1 0.7421875 0.21006944375 0.7421875 0.22743055625 0.7490234375 0.23958333333333334 0.7578125 0.23784722291666668 0.7607421875 0.23263888958333334 0.7646484375 0.23263888958333334 0.76953125 0.22395833333333334 0.771484375 0.21701388958333334 0.771484375 0.19270833333333334 0.7626953125 0.17361111041666666 0.7490234375 0.16666666666666666 0.7451171875 0.17013888958333334 0.736328125 0.18923611041666666 0.7421875 0.21006944375