0 0.3005859375 0.3703125 0.29375 0.3546875 0.28203125 0.34427083333333336 0.2625 0.34427083333333336 0.2458984375 0.35989583333333336 0.2439453125 0.37725694375 0.2400390625 0.3876736104166667 0.2400390625 0.42239583333333336 0.2419921875 0.4328125 0.25078125 0.45190972291666665 0.260546875 0.46232638958333333 0.2620117140625 0.4625 0.27841796875 0.4625 0.2859375 0.4588541666666667 0.2966796875 0.4432291666666667 0.3025390625 0.4189236104166667 0.303125 0.41163194375 0.303125 0.3921875 0.3025390625 0.39114583333333336 0.3005859375 0.3703125
0 0.2466796875 0.3420138895833333 0.2466796875 0.359375 0.2447265625 0.36284722291666666 0.24765625 0.3645833333333333 0.253515625 0.35069444375000003 0.26328125 0.34375 0.2828125 0.34375 0.296484375 0.3576388895833333 0.2984375 0.3645833333333333 0.2994140625 0.36284722291666666 0.3 0.36076388958333333 0.3 0.3486111104166667 0.2974609375 0.33506944375000003 0.28671875 0.31597222291666666 0.280859375 0.3125 0.2671875 0.3125 0.25546875 0.3229166666666667 0.2466796875 0.3420138895833333
0 0.2611328125 0.2947916666666667 0.2552734375 0.29131944375 0.2435546875 0.2947916666666667 0.2337890625 0.30520833333333336 0.22890625 0.32083333333333336 0.226953125 0.33125 0.226953125 0.3555555541666667 0.2337890625 0.37465277708333333 0.2365234375 0.3770833333333333 0.24062499843750002 0.3770833333333333 0.242578125 0.3763888875 0.24453125 0.3729166666666667 0.24453125 0.3555555541666667 0.2484375 0.3347222208333333 0.2611328125 0.315625 0.26875 0.31111111041666667 0.26875 0.30625 0.26796875 0.3034722208333333 0.2611328125 0.2947916666666667
0 0.3232421875 0.22187500208333333 0.3095703125 0.22187500208333333 0.298828125 0.23750000208333333 0.2953125 0.25 0.2953125 0.2763888895833333 0.296875 0.2791666666666667 0.29947916874999997 0.2791666666666667 0.3076171875 0.27048611250000004 0.3232421875 0.27048611250000004 0.333984375 0.2791666666666667 0.3375 0.27291666666666664 0.3375 0.24666666875 0.3330078125 0.23229166874999999 0.3232421875 0.22187500208333333
0 0.2947265625 0.21597222083333334 0.2830078125 0.21597222083333334 0.27421875 0.228125 0.2703125 0.24201388750000002 0.2703125 0.2559027770833333 0.2771484375 0.275 0.2794921890625 0.27708333333333335 0.2896484328125 0.27708333333333335 0.291796875 0.2767361104166667 0.295703125 0.27326388749999997 0.295703125 0.25243055416666665 0.3 0.23460648125 0.3 0.22256944374999998 0.299609375 0.22118055416666668 0.2947265625 0.21597222083333334
0 0.333198775 0.20246446666666668 0.333198775 0.19899224375 0.3322222125 0.19725613333333333 0.3302690875 0.19725613333333333 0.3283159625 0.19378391041666668 0.3146440875 0.19378391041666668 0.3048110921875 0.20869872083333335 0.3039019 0.21635335625 0.3117144 0.21288113333333333 0.3146440875 0.20767280000000002 0.3185503375 0.20767280000000002 0.3205034625 0.20420057708333333 0.3224565875 0.20420057708333333 0.3244097125 0.20767280000000002 0.3283159625 0.20767280000000002 0.3333750125 0.21666666666666667 0.334375 0.21666666666666667 0.334375 0.20455553333333334 0.333198775 0.20246446666666668
0 0.3337890625 0.21354166666666666 0.3328125 0.21180555625 0.330859375 0.21180555625 0.32890625 0.20833333333333334 0.325 0.20833333333333334 0.323046875 0.20486111041666666 0.315234375 0.20486111041666666 0.311328125 0.21180555625 0.309375 0.21180555625 0.307421875 0.21527777708333332 0.30546875 0.21527777708333332 0.3025390625 0.22048611041666666 0.3025390625 0.22743055625 0.303515625 0.22916666666666666 0.30546875 0.22916666666666666 0.307421875 0.22569444375 0.31328125 0.22569444375 0.315234375 0.22222222291666668 0.319140625 0.22222222291666668 0.32109375 0.22569444375 0.326953125 0.22569444375 0.330859375 0.23263888958333334 0.334375 0.23263888958333334 0.334375 0.21805555625 0.3337890625 0.21701388958333334 0.3337890625 0.21354166666666666
1 0.3396484375 0.29652777708333333 0.330859375 0.2774305541666667 0.32109375 0.2704861104166667 0.309375 0.2704861104166667 0.3015625 0.2774305541666667 0.2947265625 0.28958333333333336 0.2888671875 0.30694444375 0.2888671875 0.32083333333333336 0.291796875 0.32256944375 0.2966796875 0.3347222208333333 0.3005859375 0.35902777708333333 0.303515625 0.3642361104166667 0.30625 0.36666666666666664 0.31621093125 0.36666666666666664 0.3220703125 0.3659722208333333 0.326953125 0.3642361104166667 0.3376953125 0.3451388875 0.340625 0.3321180541666667 0.340625 0.30868055624999996 0.3396484375 0.30694444375 0.3396484375 0.29652777708333333
1 0.3861328125 0.21840277916666664 0.3705078125 0.21145833541666667 0.3607421875 0.21840277916666664 0.351953125 0.23402777916666664 0.351953125 0.24097222291666667 0.348046875 0.25138888958333333 0.348046875 0.27222222291666665 0.351953125 0.28611111250000004 0.3632378453125 0.3 0.38125 0.3 0.39296875 0.28263888958333333 0.3984375 0.26319444583333335 0.3984375 0.25763888958333336 0.396875 0.24097222291666667 0.3861328125 0.21840277916666664
1 0.36796875 0.19496527708333333 0.362109375 0.1984375 0.3552734375 0.21059027708333333 0.3533203125 0.21753472291666667 0.3533203125 0.22708333333333333 0.35590122812499997 0.22708333333333333 0.3640625 0.21579861041666665 0.373828125 0.21232638958333333 0.385546875 0.21927083333333333 0.3859375 0.2171875 0.3859375 0.21278935208333336 0.377734375 0.19496527708333333 0.36796875 0.19496527708333333
1 0.3474609375 0.17430555416666668 0.3416015625 0.17777777708333334 0.334765625 0.18993055416666668 0.3328125 0.20034722083333334 0.33671875 0.21076388750000002 0.338671875 0.228125 0.3444140640625 0.23541666666666666 0.34941405937500003 0.23541666666666666 0.350390625 0.23506944375 0.354296875 0.228125 0.35625 0.21076388750000002 0.3625 0.19965277708333332 0.3625 0.18715277708333333 0.3572265625 0.17777777708333334 0.3474609375 0.17430555416666668
1 0.408984375 0.17361111041666666 0.4001953125 0.18576388958333334 0.401171875 0.19097222291666668 0.416796875 0.19097222291666668 0.424609375 0.19791666666666666 0.43046875 0.21180555625 0.4328125 0.21041666666666667 0.4328125 0.19182692291666664 0.420703125 0.17361111041666666 0.408984375 0.17361111041666666
1 0.3794921875 0.16614583333333333 0.370703125 0.17829861041666667 0.370703125 0.18125 0.37330078125 0.18125 0.3833984375 0.17309027708333333 0.396875 0.1746875 0.396875 0.17333829375 0.3912109375 0.16614583333333333 0.3794921875 0.16614583333333333
1 0.450390625 0.15659722083333336 0.446484375 0.16006944374999998 0.4376953125 0.17916666458333333 0.4376953125 0.19999999791666667 0.4400390640625 0.20416666666666666 0.4412109359375 0.20416666666666666 0.4416015625 0.20347222083333336 0.450390625 0.19131944374999998 0.4640625 0.18784722083333336 0.4703125 0.1672123 0.4703125 0.16453372916666667 0.4640625 0.15659722083333336 0.450390625 0.15659722083333336
1 0.4958984375 0.24826388958333334 0.4939453125 0.25868055625 0.4939453125 0.2864583333333333 0.4978515625 0.30381944375000003 0.5125 0.3298611104166667 0.518359375 0.3333333333333333 0.5369140625 0.33159722291666666 0.541796875 0.3298611104166667 0.5525390625 0.3107638895833333 0.5564453125 0.296875 0.5578125 0.28958333333333336 0.5578125 0.2760416666666667 0.5564453125 0.25173611041666666 0.54765625 0.23263888958333334 0.533984375 0.21875 0.51640625 0.21875 0.50859375 0.22569444375 0.4958984375 0.24826388958333334
1 0.5552734375 0.17291666666666666 0.5376953125 0.16944444583333332 0.526953125 0.18506944583333332 0.526953125 0.19548611249999998 0.534765625 0.209375 0.53671875 0.21979166666666666 0.5474609375 0.23194444583333332 0.55234375 0.24409722291666666 0.5568359375 0.2520833333333333 0.5576171875 0.2520833333333333 0.558203125 0.25104166666666666 0.566015625 0.240625 0.56875 0.23090277916666666 0.56875 0.19826388958333335 0.566015625 0.18854166666666666 0.5552734375 0.17291666666666666
1 0.5103515625 0.1670138875 0.5064453125 0.17048611041666667 0.5025390625 0.1670138875 0.4966796875 0.17048611041666667 0.4888671875 0.18090277708333333 0.480078125 0.19999999791666667 0.48203125 0.20694444374999998 0.4863281265625 0.21458333333333332 0.4874999984375 0.21458333333333332 0.487890625 0.2138888875 0.4966796875 0.1982638875 0.5025390625 0.19479166458333333 0.521875 0.19479166458333333 0.521875 0.18194444375 0.52109375 0.17916666458333333 0.5103515625 0.1670138875
1 0.48671875 0.15572916666666667 0.473046875 0.16267361041666667 0.4642578125 0.18177083333333333 0.465234375 0.18697916666666667 0.48317057343750003 0.20208333333333334 0.48388671875 0.20208333333333334 0.4857421875 0.1921875 0.4935546875 0.17482638958333335 0.496875 0.171875 0.496875 0.16614583333333333 0.496484375 0.16267361041666667 0.48671875 0.15572916666666667
1 0.4845703125 0.15451388958333334 0.489453125 0.15972222291666668 0.494140625 0.1625 0.4980468734375 0.1625 0.5021484375 0.16145833333333334 0.5021484375 0.15798611041666666 0.509375 0.14835069374999998 0.509375 0.14347222291666667 0.505729165625 0.13958333333333334 0.49469866093750003 0.13958333333333334 0.4845703125 0.15104166666666666 0.4845703125 0.15451388958333334
0 0.4587890625 0.23124999791666667 0.44609375 0.21562499791666667 0.42265625 0.21909722083333336 0.41875 0.22256944374999998 0.4099609375 0.24166666458333333 0.4080078125 0.25208333125 0.4080078125 0.27638888749999996 0.4119140625 0.29027777708333335 0.420703125 0.30590277708333335 0.4281250015625 0.3125 0.43105467812500003 0.3125 0.4412109375 0.31111111041666667 0.44609375 0.309375 0.4568359375 0.29722222083333333 0.4640625 0.2683159708333333 0.4640625 0.25972222083333335 0.4626953125 0.2451388875 0.4587890625 0.23124999791666667
0 0.4720703125 0.1907986125 0.4662109375 0.1907986125 0.4642578125 0.18732638958333334 0.4603515625 0.1907986125 0.4505859375 0.1907986125 0.441796875 0.20295138958333334 0.43984375 0.21336805625000002 0.4466796875 0.21510416666666668 0.459375 0.23072916666666668 0.46328125 0.24461805625000002 0.4651245109375 0.2708333333333333 0.4721484375 0.2708333333333333 0.4828125 0.2550347229166667 0.4859375 0.22725694375 0.4859375 0.21753472291666667 0.4828125 0.2064236125 0.4720703125 0.1907986125
0 0.4880859375 0.21354166666666666 0.4841796875 0.22743055625 0.4841796875 0.25173611041666666 0.49071180625000005 0.26666666666666666 0.4921875 0.26666666666666666 0.4939453125 0.265625 0.4978515625 0.2552083333333333 0.4978515625 0.24826388958333334 0.510546875 0.22569444375 0.5203125 0.21875 0.5359375 0.22222222291666668 0.5359375 0.21440972291666668 0.5330078125 0.20659722291666668 0.522265625 0.19444444375 0.51640625 0.19444444375 0.51484375 0.19166666666666668 0.5126953140625 0.19166666666666668 0.496875 0.19791666666666666 0.4880859375 0.21354166666666666
0 0.4150390625 0.18784722291666667 0.4052734375 0.18784722291666667 0.3974609375 0.19479166666666667 0.3890625 0.213040125 0.3890625 0.22517361249999998 0.396484375 0.24166666666666667 0.3984375 0.2625 0.40078125 0.26666666666666666 0.4054687515625 0.26666666666666666 0.408203125 0.26597222291666667 0.408203125 0.2520833333333333 0.412109375 0.23472222291666667 0.4189453125 0.22256944583333332 0.43125 0.21415598333333333 0.43125 0.213040125 0.4228515625 0.19479166666666667 0.4150390625 0.18784722291666667
0 0.3978515625 0.17777777708333334 0.3958984375 0.17430555416666668 0.3802734375 0.17430555416666668 0.3783203125 0.17777777708333334 0.3763671875 0.17777777708333334 0.36953125 0.18993055416666668 0.36953125 0.19340277708333334 0.3705078125 0.19513888750000002 0.3763671875 0.19513888750000002 0.38515625 0.21076388750000002 0.38515625 0.21423611041666665 0.3853515625 0.21458333333333332 0.3888671875 0.21458333333333332 0.3890625 0.21423611041666665 0.391015625 0.21076388750000002 0.391015625 0.20729166666666668 0.3978515625 0.19513888750000002 0.3998046875 0.19513888750000002 0.4 0.19479166458333333 0.4 0.178125 0.3998046875 0.17777777708333334 0.3978515625 0.17777777708333334
0 0.439453125 0.16875 0.453125 0.15486111249999998 0.451171875 0.14444444583333332 0.4462890625 0.13576388958333335 0.4404296875 0.13229166666666667 0.4345703125 0.13229166666666667 0.4267578125 0.13923611249999998 0.421875 0.15138888958333335 0.421875 0.17222222291666667 0.43046875 0.1875 0.432031253125 0.1875 0.4375 0.18611111249999998 0.439453125 0.16875
0 0.5390625 0.16909722083333334 0.537109375 0.15868055416666668 0.5283203125 0.14652777708333334 0.5224609375 0.14652777708333334 0.5205078125 0.14305555416666668 0.5107421875 0.14652777708333334 0.5 0.16215277708333334 0.5029296875 0.17083333333333334 0.5146484375 0.17083333333333334 0.5234375015625 0.18333333333333332 0.5267578109375 0.18333333333333332 0.52734375 0.18298611041666665 0.5390625 0.16909722083333334