1 0.4802734375 0.52256944375 0.4763671875 0.5017361104166667 0.4724609375 0.4947916666666667 0.4705078125 0.484375 0.46171875 0.46875 0.440234375 0.4479166666666667 0.416796875 0.44444444375000003 0.39140625 0.46180555624999997 0.3767578125 0.48784722291666666 0.3689453125 0.5190972229166666 0.3669921875 0.5607638895833333 0.3767578125 0.6024305562500001 0.385546875 0.6180555562500001 0.397265625 0.6319444437499999 0.41484375 0.6458333333333334 0.424609375 0.6458333333333334 0.4265625 0.6493055562500001 0.4373046875 0.6475694437499999 0.45390625 0.6354166666666666 0.4705078125 0.609375 0.4802734375 0.5746527770833333 0.48125 0.5572916666666666 0.48125 0.5381944437499999 0.4802734375 0.5364583333333334 0.4802734375 0.52256944375
1 0.2931640625 0.21006944375 0.2892578125 0.22395833333333334 0.2892578125 0.2552083333333333 0.298046875 0.27430555624999997 0.305859375 0.28125 0.3166015625 0.2795138895833333 0.325390625 0.27430555624999997 0.3322265625 0.26215277708333334 0.3375 0.24027777916666665 0.3375 0.2185515875 0.33125 0.19791666666666666 0.31953125 0.1875 0.31171875 0.1875 0.301953125 0.19444444375 0.2931640625 0.21006944375
1 0.24921875 0.19375 0.243359375 0.19027777916666666 0.231640625 0.19375 0.2208984375 0.21631944583333332 0.221875 0.22152777916666666 0.2296875 0.21111111249999998 0.247265625 0.21111111249999998 0.2521484375 0.21979166666666666 0.2521484375 0.22673611249999998 0.2546875 0.23125 0.2562500015625 0.23125 0.2578125 0.230324075 0.2578125 0.21215277916666667 0.2560546875 0.20590277916666666 0.24921875 0.19375
1 0.298828125 0.19965277708333332 0.3115234375 0.1875 0.3193359375 0.1875 0.3212890625 0.19097222291666668 0.326171875 0.18576388958333334 0.328125 0.16493055625 0.3232421875 0.14930555625 0.3173828125 0.14236111041666666 0.3037109375 0.14236111041666666 0.291015625 0.16145833333333334 0.2890625 0.16840277708333332 0.2890625 0.18576388958333334 0.2939453125 0.20138888958333334 0.298828125 0.19965277708333332
1 0.321875 0.13020833333333334 0.319921875 0.14409722291666668 0.32578125 0.15451388958333334 0.327734375 0.171875 0.3306640625 0.17708333333333334 0.343359375 0.17534722291666668 0.3546875 0.15520833333333334 0.3546875 0.14895833333333333 0.353125 0.1267361104166667 0.3443359375 0.11458333333333333 0.3306640625 0.11458333333333333 0.3296875 0.11979166666666667 0.321875 0.13020833333333334
1 0.4271484375 0.090625 0.4134765625 0.090625 0.4046875 0.10277777916666667 0.40078125 0.13402777916666667 0.4076171875 0.14965277916666667 0.4150390609375 0.15625 0.41757812968749997 0.15625 0.426171875 0.15486111249999998 0.4291015625 0.153125 0.4359375 0.1375 0.4390625 0.12638888958333333 0.4390625 0.11041666666666666 0.437890625 0.10625 0.4271484375 0.090625
1 0.3876953125 0.08368055416666667 0.376953125 0.09930555416666667 0.375 0.10625 0.375 0.12708333333333333 0.3795572921875 0.14166666666666666 0.391015615625 0.14166666666666666 0.3984375 0.14097222083333336 0.40234375 0.13402777916666667 0.40234375 0.11319444375000001 0.40625 0.10277777708333334 0.40625 0.09236111041666667 0.3994140625 0.08368055416666667 0.3876953125 0.08368055416666667
1 0.4951171875 0.08368055416666667 0.4833984375 0.09409722083333333 0.4765625 0.11666666666666667 0.478515625 0.1375 0.480859375 0.14166666666666666 0.48203125 0.14166666666666666 0.482421875 0.14097222083333336 0.486328125 0.12708333333333333 0.4931640625 0.11493055416666667 0.5126953125 0.10798611041666667 0.515625 0.10277777708333334 0.515625 0.09583333333333334 0.5048828125 0.08368055416666667 0.4951171875 0.08368055416666667
1 0.5072265625 0.05503472291666667 0.4955078125 0.05503472291666667 0.4916015625 0.05850694375 0.484765625 0.07413194375000001 0.4857421875 0.08975694375000001 0.4955078125 0.0828125 0.5033203125 0.0828125 0.51650390625 0.09375 0.51865234375 0.09375 0.51875 0.09357638958333332 0.51875 0.0734375 0.51796875 0.07065972291666665 0.5072265625 0.05503472291666667
1 0.674609375 0.10034722291666666 0.666796875 0.09340277916666667 0.655078125 0.09340277916666667 0.6423828125 0.1125 0.6404296875 0.12986111250000001 0.647265625 0.15590277916666664 0.65810546875 0.16875 0.6642578078125 0.16875 0.6677734375 0.16805555416666668 0.674609375 0.16284722083333333 0.6833984375 0.14722222083333333 0.684375 0.14201388750000002 0.684375 0.128125 0.6833984375 0.11944444583333333 0.674609375 0.10034722291666666
1 0.57890625 0.05173611041666667 0.573046875 0.05173611041666667 0.565234375 0.05868055416666666 0.5583984375 0.07777777708333335 0.5611683234375 0.09583333333333334 0.56611328125 0.09583333333333334 0.57109375 0.08993055416666666 0.57890625 0.08993055416666666 0.585546875 0.09583333333333334 0.5896484359375 0.09583333333333334 0.5916015625 0.0951388875 0.59375 0.08940972083333333 0.59375 0.07690972083333333 0.5916015625 0.06736111041666668 0.57890625 0.05173611041666667
1 0.784375 0.12465277916666667 0.7765625 0.12465277916666667 0.76875 0.13159722291666667 0.7640625 0.14326389166666667 0.7640625 0.17202932291666664 0.77265625 0.19409722291666667 0.7792968734375 0.2 0.78574219375 0.2 0.7892578125 0.19930555625000002 0.7912109375 0.17500000208333333 0.8 0.159375 0.8 0.14857253125 0.7921875 0.13159722291666667 0.784375 0.12465277916666667
0 0.342578125 0.5170138875 0.33671875 0.5135416666666667 0.3328125 0.5065972208333334 0.326953125 0.5065972208333334 0.319140625 0.49965277708333333 0.29765625 0.49965277708333333 0.28203125 0.5135416666666667 0.2654296875 0.5395833333333333 0.2576171875 0.5743055541666667 0.2576171875 0.6125 0.2595703125 0.6159722208333334 0.2634765625 0.6472222208333334 0.2673828125 0.6611111104166666 0.27421875 0.6732638875 0.28203125 0.6836805541666667 0.299609375 0.69756944375 0.30546875 0.69756944375 0.3068359375 0.7 0.31621093125 0.7 0.3220703125 0.6993055541666667 0.340625 0.6871527770833333 0.3572265625 0.6576388875 0.3611328125 0.6472222208333334 0.3630859375 0.6263888875 0.3640625 0.6246527770833333 0.3640625 0.5800925916666666 0.3591796875 0.55694444375 0.342578125 0.5170138875
0 0.3630859375 0.33541666666666664 0.35625 0.3267361125 0.346484375 0.31979166666666664 0.326953125 0.31979166666666664 0.32109375 0.3232638895833333 0.3044921875 0.3458333333333333 0.2966796875 0.3701388895833333 0.2947265625 0.39791666666666664 0.3025390625 0.4395833333333333 0.311328125 0.4552083333333333 0.32109375 0.4621527791666667 0.3248046875 0.46875 0.32832032031249997 0.46875 0.3416015625 0.4673611125 0.350390625 0.4621527791666667 0.358203125 0.4517361125 0.3689453125 0.42916666666666664 0.3734375 0.41319444375000003 0.3734375 0.3640625 0.3708984375 0.3527777791666667 0.3630859375 0.33541666666666664
0 0.2841796875 0.440625 0.2705078125 0.43020833333333336 0.2529296875 0.43020833333333336 0.2412109375 0.440625 0.22265625 0.47708333333333336 0.220703125 0.4979166666666667 0.21875 0.5013888875 0.21875 0.5326388875 0.220703125 0.5361111104166666 0.220703125 0.5465277770833333 0.2265625 0.5638888875 0.2392578125 0.5864583333333333 0.2451171875 0.5916666666666667 0.255859375 0.5916666666666667 0.2578125 0.58819444375 0.259765625 0.55694444375 0.265625 0.5395833333333333 0.2861328125 0.5065972208333334 0.2958984375 0.49965277708333333 0.3017578125 0.49965277708333333 0.3046875 0.49444444375 0.3046875 0.4875 0.296875 0.4597222208333333 0.2841796875 0.440625
0 0.1611328125 0.43402777708333334 0.1552734375 0.4270833333333333 0.1435546875 0.4236111104166667 0.1318359375 0.43055555624999997 0.12109375 0.44965277708333334 0.115625 0.4755787041666667 0.115625 0.5072916666666667 0.119140625 0.5260416666666666 0.1259765625 0.5451388895833333 0.1376953125 0.5555555562500001 0.15234375 0.5538194437499999 0.1591796875 0.5486111104166667 0.169921875 0.5295138895833333 0.171875 0.50868055625 0.1734375 0.5059027770833333 0.1734375 0.46886573958333333 0.16796875 0.44618055624999997 0.1611328125 0.43402777708333334
0 0.24453125 0.20798611041666665 0.22890625 0.21145833333333333 0.2181640625 0.22708333333333333 0.2181640625 0.23402777708333333 0.2142578125 0.24097222083333333 0.2142578125 0.26875 0.2181640625 0.28263888958333333 0.225 0.29131944375 0.2291015625 0.29375 0.2337890640625 0.29375 0.2357421875 0.29305555624999996 0.246484375 0.284375 0.2546875 0.26006944375 0.2546875 0.23194444374999998 0.2494140625 0.21319444375 0.24453125 0.20798611041666665
0 0.2171875 0.18576388958333334 0.21328125 0.19965277708333332 0.21328125 0.21354166666666666 0.2178850453125 0.225 0.2193359375 0.225 0.22109375 0.22395833333333334 0.223046875 0.21354166666666666 0.2298828125 0.19791666666666666 0.24375 0.19298611041666666 0.24375 0.18090277708333333 0.2416015625 0.17708333333333334 0.23281249843750002 0.17083333333333334 0.2308593765625 0.17083333333333334 0.2220703125 0.17708333333333334 0.2171875 0.18576388958333334
0 0.3158203125 0.11527777708333334 0.30703125 0.13090277708333334 0.3078962046875 0.14166666666666666 0.31816405625 0.14166666666666666 0.320703125 0.14131944375 0.3296875 0.12215277708333333 0.3296875 0.11817129583333334 0.3275390625 0.11180555416666667 0.3158203125 0.11527777708333334
0 0.375 0.11961805625 0.3642578125 0.0970486125 0.3505859375 0.0970486125 0.34375 0.1126736125 0.353515625 0.1265625 0.35546875 0.1335069458333333 0.35546875 0.15208333333333332 0.3634440109375 0.15208333333333332 0.37109375 0.1439236125 0.375 0.11961805625
0 0.51640625 0.11180555416666667 0.496875 0.11180555416666667 0.4861328125 0.12743055416666665 0.4822265625 0.14131944375 0.4822265625 0.16215277708333334 0.4880859375 0.17951388750000002 0.494921875 0.18819444375 0.5011718765625 0.19375 0.5097656203125001 0.19375 0.5115234375 0.19340277708333334 0.5203125 0.18819444375 0.5291015625 0.17256944375 0.5296875 0.17048611041666667 0.5296875 0.13298611041666666 0.5291015625 0.13090277708333334 0.51640625 0.11180555416666667
0 0.53984375 0.09079861041666668 0.52421875 0.09079861041666668 0.5134765625 0.10642361041666668 0.5291015625 0.13072916666666667 0.5310546875 0.13767361041666665 0.5310546875 0.16458333333333333 0.53943685 0.16458333333333333 0.5525390625 0.14461805625000002 0.553125 0.13628472291666668 0.553125 0.11197916666666667 0.5525390625 0.10989583333333333 0.53984375 0.09079861041666668
0 0.57890625 0.09027777708333334 0.573046875 0.09027777708333334 0.56328125 0.09722222291666666 0.5583984375 0.10590277708333334 0.5544921875 0.11979166666666667 0.5544921875 0.140625 0.5671875 0.16666666666666666 0.57109375 0.17013888958333334 0.5837890625 0.16840277708333332 0.5955078125 0.15451388958333334 0.5984375 0.14409722291666668 0.5984375 0.1177399 0.588671875 0.09722222291666666 0.57890625 0.09027777708333334
0 0.6791015625 0.05520833333333333 0.67421875 0.06736111041666668 0.67421875 0.08472222083333333 0.6830078125 0.10381944375 0.687109375 0.10625 0.6941406203125 0.10625 0.69765625 0.10555555416666666 0.7005859375 0.10381944375 0.7046875 0.09361111041666666 0.7046875 0.06965811875 0.6927734375 0.05173611041666667 0.6791015625 0.05520833333333333
0 0.6830078125 0.05173611041666667 0.6791015625 0.05520833333333333 0.67421875 0.06736111041666668 0.67421875 0.08472222083333333 0.676171875 0.09166666666666666 0.6830078125 0.10381944375 0.687109375 0.10625 0.6941406203125 0.10625 0.69765625 0.10555555416666666 0.703515625 0.09861111041666668 0.7046875 0.08194444375000001 0.7046875 0.06944444375 0.6947265625 0.05173611041666667 0.6830078125 0.05173611041666667
0 0.907421875 0.23940972083333334 0.903515625 0.23593749791666668 0.891796875 0.23593749791666668 0.8849609375 0.2515624979166667 0.8966796875 0.27239583333333334 0.9005859375 0.28628472083333334 0.9025390625 0.29670138749999997 0.900640190625 0.32708333333333334 0.9090087875 0.32708333333333334 0.9181640625 0.3140625 0.921875 0.3008680541666667 0.921875 0.2717013895833333 0.9181640625 0.25850694375 0.907421875 0.23940972083333334
0 0.92734375 0.3385416666666667 0.9361328125 0.3645833333333333 0.9458984375 0.375 0.95078125 0.3732638895833333 0.960546875 0.359375 0.960546875 0.3489583333333333 0.965625 0.32789351875 0.965625 0.3204861104166667 0.9625 0.30381944375000003 0.9556640625 0.28819444375000003 0.9498046875 0.28125 0.9361328125 0.28125 0.92734375 0.30381944375000003 0.92734375 0.3385416666666667
1 1 0.4493055541666667 0.986328125 0.43194444375 0.984375 0.41458333333333336 0.9814453125 0.409375 0.9755859375 0.409375 0.9638671875 0.4197916666666667 0.95703125 0.4354166666666667 0.953125 0.45277777708333333 0.953125 0.5048611104166667 0.958984375 0.5222222208333334 0.958984375 0.5291666666666667 0.96484375 0.5395833333333333 0.96875 0.5395833333333333 0.978515625 0.5118055541666666 0.9921875 0.48402777708333333 0.99609375 0.4666666666666667 1 0.4597222208333333 1 0.4493055541666667
0 0.9880859375 0.35625 0.98125 0.3232638895833333 0.971484375 0.3232638895833333 0.9646484375 0.33541666666666664 0.9607421875 0.34930555625 0.9607421875 0.3770833333333333 0.9646484375 0.39097222291666667 0.9646484375 0.4048611125 0.9689453125 0.4125 0.9712890625 0.4125 0.9724609375 0.41180555625 0.983203125 0.4100694458333333 0.9890625 0.39667658958333335 0.9890625 0.3927083333333333 0.9880859375 0.39097222291666667 0.9880859375 0.35625