0 0.265625 0.3454861104166667 0.271484375 0.36631944375000003 0.2783203125 0.37847222291666666 0.298828125 0.3767361104166667 0.30859375 0.36631944375000003 0.31640625 0.3420138895833333 0.31640625 0.3072916666666667 0.314453125 0.30034722291666666 0.3017578125 0.28125 0.2861328125 0.28125 0.2783203125 0.28819444375000003 0.271484375 0.30034722291666666 0.265625 0.32465277708333334 0.265625 0.3454861104166667
0 0.19140625 0.484375 0.1943359375 0.4895833333333333 0.1982421875 0.4861111104166667 0.2197265625 0.4895833333333333 0.2236328125 0.49305555624999997 0.2392578125 0.52430555625 0.2421875 0.52256944375 0.26171875 0.4982638895833333 0.26171875 0.4704861104166667 0.2578125 0.44965277708333334 0.2451171875 0.4236111104166667 0.2373046875 0.4166666666666667 0.2236328125 0.41319444375000003 0.2080078125 0.4236111104166667 0.197265625 0.4427083333333333 0.193359375 0.45659722291666666 0.19140625 0.484375
0 0.2607421875 0.5034722229166666 0.2509765625 0.5104166666666666 0.2392578125 0.5277777770833334 0.228515625 0.5607638895833333 0.2265625 0.5711805562500001 0.2265625 0.6128472229166667 0.228515625 0.6163194437499999 0.228515625 0.6267361104166667 0.236328125 0.6510416666666666 0.2568359375 0.6840277770833333 0.2666015625 0.6909722229166667 0.287109375 0.6892361104166667 0.3037109375 0.6770833333333334 0.31640625 0.6510416666666666 0.32421875 0.6163194437499999 0.322265625 0.5711805562500001 0.310546875 0.5329861104166667 0.3017578125 0.5173611104166667 0.2861328125 0.5034722229166666 0.2744140625 0.5034722229166666 0.2724609375 0.5 0.2607421875 0.5034722229166666
0 0.3134765625 0.3888888895833333 0.3115234375 0.3923611104166667 0.2998046875 0.3958333333333333 0.28125 0.42534722291666666 0.275390625 0.44965277708333334 0.275390625 0.484375 0.27734375 0.4947916666666667 0.2822265625 0.5034722229166666 0.2998046875 0.5138888895833333 0.3134765625 0.5381944437499999 0.3173828125 0.5416666666666666 0.322265625 0.5399305562500001 0.3291015625 0.5381944437499999 0.3388671875 0.5277777770833334 0.349609375 0.5052083333333334 0.35546875 0.48090277708333334 0.35546875 0.44965277708333334 0.353515625 0.44618055624999997 0.353515625 0.4357638895833333 0.3447265625 0.40972222291666666 0.3310546875 0.3923611104166667 0.3134765625 0.3888888895833333
0 0.3505859375 0.3333333333333333 0.3388671875 0.33680555624999997 0.3330078125 0.34375 0.32421875 0.359375 0.318359375 0.3802083333333333 0.318359375 0.38715277708333334 0.3212890625 0.3923611104166667 0.3310546875 0.3923611104166667 0.3427734375 0.40625 0.34765625 0.41493055624999997 0.353515625 0.4357638895833333 0.35546875 0.45659722291666666 0.3583984375 0.46180555624999997 0.365234375 0.46006944375000003 0.3701171875 0.4583333333333333 0.3798828125 0.44444444375000003 0.38671875 0.42881944375000003 0.392578125 0.39756944375000003 0.390625 0.390625 0.390625 0.3732638895833333 0.38671875 0.359375 0.3701171875 0.3333333333333333 0.3525390625 0.3298611104166667 0.3505859375 0.3333333333333333
0 0.361328125 0.2760416666666667 0.35546875 0.3072916666666667 0.357421875 0.32465277708333334 0.3603515625 0.3298611104166667 0.3740234375 0.33680555624999997 0.3876953125 0.3576388895833333 0.39453125 0.35590277708333334 0.3994140625 0.3541666666666667 0.41015625 0.33506944375000003 0.416015625 0.3142361104166667 0.416015625 0.2864583333333333 0.412109375 0.27256944375000003 0.4052734375 0.2604166666666667 0.3974609375 0.25347222291666666 0.3779296875 0.25347222291666666 0.3701171875 0.2604166666666667 0.361328125 0.2760416666666667
0 0.7958984375 0.2673611104166667 0.802734375 0.265625 0.8115234375 0.25694444375 0.81640625 0.24131944375 0.81640625 0.21701388958333334 0.814453125 0.20659722291666668 0.8017578125 0.1875 0.7861328125 0.1875 0.775390625 0.20659722291666668 0.775390625 0.23090277708333332 0.7841796875 0.2604166666666667 0.7958984375 0.2673611104166667
1 0.2255859375 0.49652777708333334 0.2177734375 0.4895833333333333 0.2001953125 0.4861111104166667 0.1884765625 0.49305555624999997 0.17578125 0.5121527770833334 0.16796875 0.5434027770833333 0.16796875 0.5677083333333334 0.166015625 0.5746527770833333 0.16796875 0.578125 0.169921875 0.5989583333333334 0.1826171875 0.6284722229166667 0.2021484375 0.6458333333333334 0.212890625 0.6440972229166667 0.2255859375 0.6388888895833333 0.228515625 0.6336805562500001 0.228515625 0.6197916666666666 0.2265625 0.6163194437499999 0.2265625 0.5711805562500001 0.228515625 0.5677083333333334 0.228515625 0.5572916666666666 0.23828125 0.5295138895833333 0.23828125 0.52256944375 0.2255859375 0.49652777708333334
1 0.458984375 0.296875 0.455078125 0.3142361104166667 0.455078125 0.3420138895833333 0.4609375 0.36284722291666666 0.4697265625 0.37847222291666666 0.4814453125 0.3888888895833333 0.501953125 0.38715277708333334 0.5087890625 0.38194444375000003 0.5234375 0.35243055624999997 0.525390625 0.3420138895833333 0.525390625 0.3072916666666667 0.51953125 0.2864583333333333 0.5068359375 0.2673611104166667 0.5009765625 0.26388888958333334 0.4853515625 0.26388888958333334 0.4697265625 0.27777777708333334 0.458984375 0.296875
1 0.486328125 0.26215277708333334 0.5068359375 0.2673611104166667 0.51953125 0.2864583333333333 0.5244140625 0.3020833333333333 0.52734375 0.30034722291666666 0.5390625 0.2795138895833333 0.54296875 0.26215277708333334 0.54296875 0.24479166666666666 0.537109375 0.22395833333333334 0.5322265625 0.21527777708333332 0.5205078125 0.20486111041666666 0.5087890625 0.20486111041666666 0.4990234375 0.21180555625 0.486328125 0.23784722291666668 0.486328125 0.26215277708333334
1 0.9658203125 0.2951388895833333 0.970703125 0.29340277708333334 0.974609375 0.2864583333333333 0.974609375 0.265625 0.98046875 0.24826388958333334 0.9716796875 0.22916666666666666 0.9619140625 0.22916666666666666 0.953125 0.24131944375 0.951171875 0.25173611041666666 0.953125 0.27256944375000003 0.9580078125 0.28819444375000003 0.9658203125 0.2951388895833333
0 0.916015625 0.26909722291666666 0.921875 0.29340277708333334 0.9306640625 0.30555555624999997 0.935546875 0.30381944375000003 0.9404296875 0.3020833333333333 0.943359375 0.296875 0.947265625 0.2829861104166667 0.947265625 0.26215277708333334 0.943359375 0.24826388958333334 0.9365234375 0.23611111041666666 0.9287109375 0.23263888958333334 0.9228515625 0.23611111041666666 0.91796875 0.24479166666666666 0.916015625 0.26909722291666666
0 0.9853515625 0.30902777708333334 0.990234375 0.3072916666666667 0.99609375 0.29340277708333334 0.99609375 0.2760416666666667 0.994140625 0.265625 0.9873046875 0.25347222291666666 0.9814453125 0.25 0.9775390625 0.25347222291666666 0.974609375 0.26215277708333334 0.974609375 0.28993055624999997 0.9814453125 0.30555555624999997 0.9853515625 0.30902777708333334