1 0.92578125 0.7239583333333334 0.9072265625 0.6944444437499999 0.8974609375 0.6875 0.8896484375 0.6875 0.8876953125 0.6840277770833333 0.8642578125 0.6909722229166667 0.8466796875 0.7083333333333334 0.8359375 0.7274305562500001 0.826171875 0.7517361104166667 0.8203125 0.7760416666666666 0.81640625 0.8072916666666666 0.814453125 0.8107638895833333 0.814453125 0.8315972229166667 0.8125 0.8350694437499999 0.814453125 0.8802083333333334 0.822265625 0.9079861104166667 0.8369140625 0.9340277770833333 0.8447265625 0.9409722229166667 0.8505859375 0.9444444437499999 0.8671875 0.9427083333333334 0.8857421875 0.9340277770833333 0.91015625 0.9010416666666666 0.919921875 0.8802083333333334 0.927734375 0.8559027770833333 0.931640625 0.8246527770833333 0.93359375 0.8211805562500001 0.93359375 0.8072916666666666 0.935546875 0.8038194437499999 0.93359375 0.7552083333333334 0.92578125 0.7239583333333334
1 0.0888671875 0.6145833333333334 0.080078125 0.6302083333333334 0.07421875 0.6545138895833333 0.07421875 0.6927083333333334 0.076171875 0.6961805562500001 0.076171875 0.7065972229166667 0.08203125 0.7309027770833333 0.0908203125 0.7534722229166667 0.1083984375 0.7708333333333334 0.125 0.7690972229166667 0.1318359375 0.7638888895833333 0.138671875 0.7517361104166667 0.142578125 0.7378472229166667 0.146484375 0.7170138895833333 0.14453125 0.6684027770833333 0.134765625 0.6336805562500001 0.1220703125 0.6111111104166667 0.1142578125 0.6041666666666666 0.0986328125 0.6041666666666666 0.0888671875 0.6145833333333334
1 0.0224609375 0.6597222229166667 0.0263671875 0.6631944437499999 0.0400390625 0.6909722229166667 0.04296875 0.6892361104166667 0.04296875 0.671875 0.03515625 0.6336805562500001 0.0205078125 0.6111111104166667 0.0107421875 0.6145833333333334 0.005859375 0.6232638895833333 0.001953125 0.640625 0.001953125 0.6684027770833333 0.0048828125 0.6736111104166667 0.0146484375 0.6597222229166667 0.0224609375 0.6597222229166667
1 0.064453125 0.515625 0.0625 0.5538194437499999 0.06640625 0.5711805562500001 0.0751953125 0.5902777770833333 0.0830078125 0.5972222229166667 0.09375 0.5954861104166667 0.0966796875 0.59375 0.10546875 0.5746527770833333 0.107421875 0.546875 0.109375 0.5434027770833333 0.107421875 0.52256944375 0.103515625 0.5052083333333334 0.0927734375 0.4861111104166667 0.0791015625 0.4861111104166667 0.068359375 0.5017361104166667 0.064453125 0.515625
1 0.09375 0.48090277708333334 0.1064453125 0.5138888895833333 0.1123046875 0.5173611104166667 0.12109375 0.515625 0.1240234375 0.5138888895833333 0.1328125 0.4947916666666667 0.134765625 0.44965277708333334 0.1328125 0.4392361104166667 0.1240234375 0.4236111104166667 0.1201171875 0.4201388895833333 0.1064453125 0.4201388895833333 0.09765625 0.4357638895833333 0.09375 0.44965277708333334 0.09375 0.48090277708333334
1 0.154296875 0.4114583333333333 0.1650390625 0.4270833333333333 0.181640625 0.42534722291666666 0.1875 0.41493055624999997 0.1875 0.3732638895833333 0.19140625 0.35590277708333334 0.1826171875 0.34027777708333334 0.1708984375 0.33680555624999997 0.1630859375 0.34375 0.154296875 0.36284722291666666 0.15234375 0.3732638895833333 0.15234375 0.4045138895833333 0.154296875 0.4114583333333333
1 0.1875 0.4010416666666667 0.19140625 0.41840277708333334 0.1982421875 0.43055555624999997 0.2060546875 0.4375 0.21875 0.4357638895833333 0.232421875 0.41493055624999997 0.236328125 0.4010416666666667 0.236328125 0.36284722291666666 0.2255859375 0.34027777708333334 0.2177734375 0.3333333333333333 0.2080078125 0.3333333333333333 0.2021484375 0.33680555624999997 0.19140625 0.35590277708333334 0.1875 0.3732638895833333 0.1875 0.4010416666666667
1 0.298828125 0.3072916666666667 0.294921875 0.328125 0.294921875 0.3489583333333333 0.298828125 0.3697916666666667 0.3056640625 0.38194444375000003 0.3173828125 0.3923611104166667 0.32421875 0.390625 0.326171875 0.36631944375000003 0.33203125 0.3454861104166667 0.349609375 0.3177083333333333 0.34765625 0.296875 0.3408203125 0.28472222291666666 0.3291015625 0.28125 0.3271484375 0.27777777708333334 0.3154296875 0.28125 0.3056640625 0.2916666666666667 0.298828125 0.3072916666666667
1 0.28515625 0.2552083333333333 0.28125 0.26909722291666666 0.28125 0.28993055624999997 0.28515625 0.3072916666666667 0.2900390625 0.31597222291666666 0.296875 0.3142361104166667 0.3056640625 0.2916666666666667 0.3154296875 0.28125 0.3232421875 0.28125 0.328125 0.2760416666666667 0.326171875 0.25868055625 0.322265625 0.24826388958333334 0.3115234375 0.23611111041666666 0.3017578125 0.23611111041666666 0.2919921875 0.24305555625 0.28515625 0.2552083333333333
1 0.37890625 0.22743055625 0.37890625 0.24131944375 0.3828125 0.2552083333333333 0.3896484375 0.2673611104166667 0.3974609375 0.27430555624999997 0.41015625 0.27256944375000003 0.4130859375 0.2708333333333333 0.423828125 0.24826388958333334 0.42578125 0.22048611041666666 0.423828125 0.21006944375 0.4169921875 0.19791666666666666 0.4091796875 0.19097222291666668 0.3974609375 0.19097222291666668 0.3896484375 0.19791666666666666 0.3828125 0.21006944375 0.37890625 0.22743055625
1 0.525390625 0.25868055625 0.529296875 0.2760416666666667 0.5400390625 0.2951388895833333 0.5537109375 0.30555555624999997 0.560546875 0.30381944375000003 0.5712890625 0.2951388895833333 0.583984375 0.26909722291666666 0.583984375 0.23090277708333332 0.5712890625 0.20486111041666666 0.5595703125 0.19791666666666666 0.5478515625 0.19791666666666666 0.5380859375 0.20486111041666666 0.53125 0.21701388958333334 0.525390625 0.24131944375 0.525390625 0.25868055625
1 0.677734375 0.19270833333333334 0.677734375 0.19965277708333332 0.673828125 0.21006944375 0.673828125 0.23090277708333332 0.6796875 0.24826388958333334 0.6923828125 0.2673611104166667 0.6982421875 0.2708333333333333 0.70703125 0.26909722291666666 0.7177734375 0.25694444375 0.724609375 0.24131944375 0.7265625 0.23090277708333332 0.724609375 0.22743055625 0.724609375 0.21354166666666666 0.71875 0.19270833333333334 0.7099609375 0.18055555625 0.7060546875 0.17708333333333334 0.6865234375 0.17708333333333334 0.677734375 0.19270833333333334
0 0.509765625 0.14756944375 0.5078125 0.17534722291666668 0.5185546875 0.19444444375 0.5244140625 0.19791666666666666 0.533203125 0.19618055625 0.5380859375 0.19444444375 0.544921875 0.18229166666666666 0.546875 0.16145833333333334 0.548828125 0.15798611041666666 0.546875 0.14756944375 0.5400390625 0.13541666666666666 0.5322265625 0.12847222291666666 0.5244140625 0.12847222291666666 0.5146484375 0.13541666666666666 0.509765625 0.14756944375
0 0.1142578125 0.4201388895833333 0.1201171875 0.4201388895833333 0.1298828125 0.43055555624999997 0.134765625 0.44618055624999997 0.134765625 0.4635416666666667 0.1376953125 0.46875 0.140625 0.4670138895833333 0.1484375 0.453125 0.15234375 0.4322916666666667 0.15234375 0.4079861104166667 0.150390625 0.39756944375000003 0.1435546875 0.3854166666666667 0.1357421875 0.37847222291666666 0.1279296875 0.37847222291666666 0.115234375 0.39756944375000003 0.111328125 0.41493055624999997 0.1142578125 0.4201388895833333
0 0.0791015625 0.4861111104166667 0.09375 0.484375 0.09375 0.453125 0.09765625 0.4357638895833333 0.1015625 0.42881944375000003 0.1015625 0.42534722291666666 0.0966796875 0.4201388895833333 0.0927734375 0.4201388895833333 0.0830078125 0.43055555624999997 0.076171875 0.453125 0.076171875 0.48090277708333334 0.0791015625 0.4861111104166667
0 0 0.6302083333333334 0.00390625 0.6302083333333334 0.005859375 0.6232638895833333 0.0146484375 0.6111111104166667 0.0205078125 0.6145833333333334 0.02734375 0.6128472229166667 0.025390625 0.5850694437499999 0.021484375 0.5711805562500001 0.0126953125 0.5590277770833333 0.0068359375 0.5590277770833333 0 0.5711805562500001 0 0.6302083333333334
0 0 0.703125 0.001953125 0.7413194437499999 0.0078125 0.765625 0.0205078125 0.7916666666666666 0.0244140625 0.7951388895833333 0.037109375 0.7934027770833333 0.044921875 0.7795138895833333 0.048828125 0.7621527770833333 0.046875 0.7204861104166667 0.037109375 0.6822916666666666 0.0263671875 0.6631944437499999 0.0146484375 0.6597222229166667 0.0107421875 0.6631944437499999 0.001953125 0.6822916666666666 0.001953125 0.6996527770833333 0 0.703125
0 0.361328125 0.7517361104166667 0.3447265625 0.7222222229166667 0.3271484375 0.7013888895833333 0.3232421875 0.7013888895833333 0.3173828125 0.6944444437499999 0.3115234375 0.6944444437499999 0.3095703125 0.6909722229166667 0.2822265625 0.6909722229166667 0.2646484375 0.7048611104166667 0.2568359375 0.7152777770833333 0.244140625 0.7413194437499999 0.236328125 0.7795138895833333 0.234375 0.8142361104166667 0.236328125 0.8177083333333334 0.23828125 0.8489583333333334 0.251953125 0.8940972229166667 0.2646484375 0.9166666666666666 0.2763671875 0.9305555562500001 0.2880859375 0.9409722229166667 0.298828125 0.9392361104166667 0.30859375 0.9045138895833333 0.3232421875 0.875 0.3486328125 0.8506944437499999 0.3623046875 0.8472222229166667 0.3720703125 0.8402777770833333 0.375 0.828125 0.375 0.8072916666666666 0.373046875 0.8038194437499999 0.369140625 0.7725694437499999 0.361328125 0.7517361104166667
0 0.3291015625 1 0.3310546875 0.9965277770833333 0.3330078125 1 0.474609375 0.9982638895833333 0.4873046875 0.9965277770833333 0.48828125 0.9913194437499999 0.474609375 0.9739583333333334 0.474609375 0.9600694437499999 0.470703125 0.953125 0.46484375 0.9288194437499999 0.45703125 0.9079861104166667 0.4423828125 0.8819444437499999 0.4306640625 0.8680555562500001 0.4013671875 0.8472222229166667 0.3681640625 0.84375 0.3662109375 0.8472222229166667 0.3564453125 0.8472222229166667 0.3505859375 0.8541666666666666 0.3447265625 0.8541666666666666 0.3251953125 0.875 0.3125 0.8975694437499999 0.30078125 0.9322916666666666 0.30078125 0.9947916666666666 0.3056640625 1 0.3291015625 1
0 0.4287109375 0.25347222291666666 0.419921875 0.26909722291666666 0.4140625 0.29340277708333334 0.4140625 0.32118055624999997 0.41796875 0.328125 0.419921875 0.3385416666666667 0.4287109375 0.3541666666666667 0.4404296875 0.3645833333333333 0.45703125 0.36284722291666666 0.4677734375 0.35069444375000003 0.4765625 0.33159722291666666 0.48046875 0.3142361104166667 0.48046875 0.2864583333333333 0.478515625 0.2760416666666667 0.4697265625 0.25694444375 0.4599609375 0.24652777708333332 0.4462890625 0.24652777708333332 0.4443359375 0.24305555625 0.4287109375 0.25347222291666666
0 0.3466796875 0.3229166666666667 0.333984375 0.3420138895833333 0.326171875 0.36631944375000003 0.326171875 0.4010416666666667 0.330078125 0.421875 0.3447265625 0.4479166666666667 0.3623046875 0.4583333333333333 0.369140625 0.45659722291666666 0.3818359375 0.4479166666666667 0.396484375 0.421875 0.40234375 0.39756944375000003 0.40234375 0.36284722291666666 0.39453125 0.3420138895833333 0.3818359375 0.3229166666666667 0.3701171875 0.31597222291666666 0.3603515625 0.31597222291666666 0.3583984375 0.31944444375000003 0.3466796875 0.3229166666666667
0 0.3505859375 0.31944444375000003 0.3564453125 0.31944444375000003 0.3583984375 0.31597222291666666 0.3779296875 0.31944444375000003 0.3857421875 0.3263888895833333 0.396484375 0.3454861104166667 0.40234375 0.36631944375000003 0.404296875 0.36631944375000003 0.412109375 0.3454861104166667 0.4140625 0.3177083333333333 0.408203125 0.29340277708333334 0.3974609375 0.27430555624999997 0.3935546875 0.2708333333333333 0.3720703125 0.2708333333333333 0.3662109375 0.27430555624999997 0.3515625 0.30034722291666666 0.349609375 0.3072916666666667 0.3505859375 0.31944444375000003
0 0.8564453125 0.25694444375 0.8515625 0.265625 0.845703125 0.28993055624999997 0.845703125 0.30034722291666666 0.8515625 0.32465277708333334 0.85546875 0.32465277708333334 0.859375 0.3107638895833333 0.8720703125 0.2951388895833333 0.8857421875 0.2951388895833333 0.89453125 0.30034722291666666 0.89453125 0.28993055624999997 0.890625 0.27256944375000003 0.8818359375 0.25694444375 0.8720703125 0.25 0.8662109375 0.25 0.8564453125 0.25694444375
0 0.9150390625 0.27430555624999997 0.9091796875 0.27430555624999997 0.90234375 0.2864583333333333 0.8984375 0.3072916666666667 0.908203125 0.33506944375000003 0.91015625 0.359375 0.9150390625 0.36805555624999997 0.92578125 0.3697916666666667 0.9306640625 0.36805555624999997 0.9375 0.35590277708333334 0.94140625 0.3420138895833333 0.94140625 0.3177083333333333 0.939453125 0.3142361104166667 0.939453125 0.30381944375000003 0.931640625 0.2829861104166667 0.9208984375 0.2708333333333333 0.9169921875 0.2708333333333333 0.9150390625 0.27430555624999997
0 0.943359375 0.36284722291666666 0.947265625 0.38368055624999997 0.9560546875 0.39930555624999997 0.9619140625 0.40277777708333334 0.970703125 0.4010416666666667 0.9765625 0.390625 0.98046875 0.3767361104166667 0.98046875 0.3385416666666667 0.974609375 0.3142361104166667 0.9677734375 0.3020833333333333 0.9560546875 0.2986111104166667 0.9521484375 0.3020833333333333 0.943359375 0.32118055624999997 0.94140625 0.33159722291666666 0.943359375 0.36284722291666666