0 0.30859375 0.29340277708333334 0.322265625 0.27256944375000003 0.32421875 0.24131944375 0.3134765625 0.21875 0.2978515625 0.21875 0.287109375 0.234375 0.283203125 0.24826388958333334 0.283203125 0.26909722291666666 0.2900390625 0.28819444375000003 0.2978515625 0.2951388895833333 0.30859375 0.29340277708333334
1 0.341796875 0.24131944375 0.3525390625 0.2604166666666667 0.3583984375 0.2604166666666667 0.3603515625 0.26388888958333334 0.3671875 0.26215277708333334 0.3740234375 0.25694444375 0.380859375 0.24131944375 0.3828125 0.234375 0.3828125 0.21354166666666666 0.3740234375 0.19097222291666668 0.3603515625 0.1875 0.3505859375 0.19444444375 0.34375 0.20659722291666668 0.341796875 0.21354166666666666 0.341796875 0.24131944375
0 0.4267578125 0.19791666666666666 0.4345703125 0.20486111041666666 0.443359375 0.203125 0.455078125 0.18576388958333334 0.45703125 0.17881944375 0.45703125 0.16145833333333334 0.4482421875 0.14236111041666666 0.4443359375 0.13888888958333334 0.4326171875 0.13888888958333334 0.4287109375 0.14236111041666666 0.419921875 0.16145833333333334 0.419921875 0.18576388958333334 0.4267578125 0.19791666666666666
0 0.572265625 0.16145833333333334 0.5791015625 0.17013888958333334 0.5830078125 0.17361111041666666 0.591796875 0.171875 0.5986328125 0.16666666666666666 0.603515625 0.15451388958333334 0.60546875 0.13368055625 0.603515625 0.1267361104166667 0.5927734375 0.11111111041666667 0.5791015625 0.11111111041666667 0.5751953125 0.11458333333333333 0.568359375 0.13020833333333334 0.568359375 0.15104166666666666 0.572265625 0.16145833333333334
0 0.6162109375 0.17708333333333334 0.634765625 0.17534722291666668 0.642578125 0.15798611041666666 0.642578125 0.13368055625 0.640625 0.1267361104166667 0.6279296875 0.11111111041666667 0.6181640625 0.11111111041666667 0.6142578125 0.11458333333333333 0.60546875 0.13368055625 0.60546875 0.15451388958333334 0.607421875 0.16145833333333334 0.6162109375 0.17708333333333334
0 0.68359375 0.16840277708333332 0.6884765625 0.17708333333333334 0.693359375 0.17534722291666668 0.6982421875 0.17013888958333334 0.71875 0.16840277708333332 0.71875 0.14409722291666668 0.7099609375 0.125 0.7060546875 0.12152777708333334 0.6923828125 0.12152777708333334 0.6884765625 0.125 0.681640625 0.140625 0.681640625 0.16145833333333334 0.68359375 0.16840277708333332
0 0.7509765625 0.2673611104166667 0.7548828125 0.2708333333333333 0.7734375 0.26909722291666666 0.78515625 0.24479166666666666 0.787109375 0.234375 0.78515625 0.21354166666666666 0.78125 0.19965277708333332 0.7744140625 0.1875 0.7666015625 0.18055555625 0.7529296875 0.18055555625 0.73828125 0.203125 0.73828125 0.23784722291666668 0.7509765625 0.2673611104166667
0 0.7705078125 0.31944444375000003 0.7509765625 0.31944444375000003 0.7392578125 0.3298611104166667 0.724609375 0.359375 0.720703125 0.3767361104166667 0.720703125 0.41840277708333334 0.7265625 0.4427083333333333 0.7373046875 0.46527777708333334 0.7607421875 0.4861111104166667 0.775390625 0.484375 0.7880859375 0.47222222291666666 0.798828125 0.453125 0.80078125 0.4427083333333333 0.8046875 0.4357638895833333 0.8046875 0.42534722291666666 0.806640625 0.421875 0.8046875 0.3802083333333333 0.794921875 0.3489583333333333 0.7861328125 0.3333333333333333 0.7705078125 0.31944444375000003
1 0.68359375 0.20659722291666668 0.681640625 0.21006944375 0.68359375 0.22743055625 0.685546875 0.234375 0.7001953125 0.25694444375 0.7060546875 0.2604166666666667 0.720703125 0.25868055625 0.728515625 0.24479166666666666 0.732421875 0.23090277708333332 0.732421875 0.203125 0.728515625 0.18923611041666666 0.7177734375 0.17361111041666666 0.7138671875 0.17013888958333334 0.6982421875 0.17013888958333334 0.6943359375 0.17361111041666666 0.68359375 0.19618055625 0.68359375 0.20659722291666668
1 0.642578125 0.14756944375 0.64453125 0.16493055625 0.6552734375 0.18402777708333332 0.666015625 0.18576388958333334 0.6708984375 0.18402777708333332 0.6796875 0.16840277708333332 0.681640625 0.16145833333333334 0.6796875 0.13715277708333332 0.6748046875 0.125 0.6669921875 0.11805555625 0.6494140625 0.12152777708333334 0.64453125 0.13368055625 0.64453125 0.14409722291666668 0.642578125 0.14756944375
1 0.6884765625 0.125 0.6923828125 0.12152777708333334 0.7041015625 0.12152777708333334 0.705078125 0.11631944375 0.6962890625 0.10416666666666667 0.6845703125 0.10416666666666667 0.67578125 0.12326388958333333 0.6796875 0.140625 0.681640625 0.140625 0.6884765625 0.125
0 0.85546875 0.28993055624999997 0.85546875 0.328125 0.859375 0.3454861104166667 0.8662109375 0.3611111104166667 0.8818359375 0.375 0.888671875 0.3732638895833333 0.9013671875 0.3576388895833333 0.904296875 0.3489583333333333 0.90625 0.3385416666666667 0.90625 0.3072916666666667 0.900390625 0.2829861104166667 0.8935546875 0.2708333333333333 0.8818359375 0.2604166666666667 0.8740234375 0.2604166666666667 0.8662109375 0.2673611104166667 0.85546875 0.28993055624999997
0 0.904296875 0.296875 0.904296875 0.3072916666666667 0.90625 0.3107638895833333 0.904296875 0.35243055624999997 0.9150390625 0.3645833333333333 0.927734375 0.36284722291666666 0.931640625 0.359375 0.93359375 0.33159722291666666 0.9375 0.32118055624999997 0.9375 0.296875 0.93359375 0.2829861104166667 0.9208984375 0.26388888958333334 0.9072265625 0.26388888958333334 0.9013671875 0.2708333333333333 0.8984375 0.2795138895833333 0.904296875 0.296875
0 0.93359375 0.3732638895833333 0.9375 0.38368055624999997 0.9375 0.390625 0.9443359375 0.40625 0.9521484375 0.41319444375000003 0.962890625 0.4114583333333333 0.97265625 0.39409722291666666 0.9765625 0.3732638895833333 0.9765625 0.3454861104166667 0.9677734375 0.31944444375000003 0.9599609375 0.30902777708333334 0.9521484375 0.30555555624999997 0.9501953125 0.30902777708333334 0.9443359375 0.30902777708333334 0.93359375 0.33159722291666666 0.93359375 0.3732638895833333
1 0.9921875 0.4947916666666667 0.986328125 0.5190972229166666 0.984375 0.5677083333333334 0.986328125 0.5711805562500001 0.98828125 0.5989583333333334 0.9970703125 0.6180555562500001 1 0.6163194437499999 0.9990234375 0.4826388895833333 0.9921875 0.4947916666666667
1 0.6201171875 0.10416666666666667 0.615234375 0.11284722291666666 0.6318359375 0.11458333333333333 0.6435546875 0.13541666666666666 0.64453125 0.13368055625 0.642578125 0.11631944375 0.6318359375 0.10416666666666667 0.6201171875 0.10416666666666667