1 0.65703125 0.16354166458333333 0.64921875 0.15659722083333336 0.63359375 0.15659722083333336 0.62578125 0.16354166458333333 0.6169921875 0.17916666458333333 0.6150390625 0.18958333125000001 0.6169921875 0.22777777708333333 0.623828125 0.24340277708333333 0.6346679703125 0.25625 0.645507796875 0.25625 0.6521484375 0.2555555541666667 0.658984375 0.25034722083333333 0.6677734375 0.23472222083333336 0.6703125 0.2234375 0.6703125 0.19392360833333333 0.6677734375 0.1826388875 0.65703125 0.16354166458333333
1 0.60390625 0.13576388958333335 0.601953125 0.13229166666666667 0.586328125 0.13576388958333335 0.5775390625 0.15138888958333335 0.5736328125 0.16527777916666667 0.5755859375 0.18958333333333333 0.5775390625 0.19652777916666667 0.5919621390625001 0.21875 0.5955078203124999 0.21875 0.6087890625 0.21736111249999998 0.6146484375 0.21041666666666667 0.6146484375 0.18611111249999998 0.621875 0.17005208333333333 0.621875 0.15397970208333334 0.609765625 0.13576388958333335 0.60390625 0.13576388958333335
1 0.553515625 0.13923611041666667 0.54765625 0.1357638875 0.533984375 0.13923611041666667 0.530078125 0.14270833125000001 0.5212890625 0.16180555416666667 0.5232421875 0.20694444374999998 0.5352450296875 0.225 0.5447265484375 0.225 0.5505859375 0.22430555416666667 0.55546875 0.22256944374999998 0.5642578125 0.20694444374999998 0.5681640625 0.19305555416666667 0.56875 0.1857638875 0.56875 0.16388888750000002 0.5681640625 0.16180555416666667 0.553515625 0.13923611041666667
1 0.512890625 0.16041666666666668 0.505078125 0.15347222083333334 0.489453125 0.15347222083333334 0.48359375 0.15694444375 0.4708984375 0.18298611041666665 0.4708984375 0.21770833333333334 0.4885799640625 0.24583333333333332 0.5011718671875001 0.24583333333333332 0.5041015625 0.24548611041666665 0.5109375 0.24375 0.5177734375 0.23159722083333334 0.5177734375 0.22465277708333334 0.5234375 0.21122685 0.5234375 0.2076388875 0.5216796875 0.17951388750000002 0.512890625 0.16041666666666668
1 0.506640625 0.13194444375 0.498828125 0.13194444375 0.491015625 0.13888888958333334 0.48515625 0.14583333333333334 0.4822265625 0.15451388958333334 0.491015625 0.15625 0.49296875 0.15277777708333332 0.502734375 0.15277777708333332 0.518359375 0.17013888958333334 0.5212890625 0.16840277708333332 0.521875 0.16319444375 0.521875 0.14861111041666666 0.51640625 0.13888888958333334 0.506640625 0.13194444375
1 0.541796875 0.121875 0.5359375 0.12534722291666667 0.5291015625 0.1375 0.530078125 0.14270833333333333 0.5359375 0.13923611249999998 0.5515625 0.13923611249999998 0.559375 0.14618055625 0.5642578125 0.15833333333333333 0.56875 0.16631944583333333 0.56875 0.1423379645833333 0.55546875 0.121875 0.541796875 0.121875
1 0.5927734375 0.11145833333333334 0.5791015625 0.11840277916666667 0.572265625 0.13055555624999998 0.56875 0.14305555625000002 0.56875 0.14513888958333335 0.5703125 0.14791666666666667 0.5703125 0.16180555625 0.573046875 0.16666666666666666 0.5734375 0.16666666666666666 0.57421875 0.16527777916666667 0.5849609375 0.13923611249999998 0.5947265625 0.13229166666666667 0.6103515625 0.13576388958333335 0.6109375 0.13263888958333334 0.6109375 0.12986111250000001 0.6044921875 0.11840277916666667 0.5927734375 0.11145833333333334
1 0.6134765625 0.13715277708333332 0.625833334375 0.1625 0.62734375 0.1625 0.6291015625 0.16145833333333334 0.633984375 0.15625 0.649609375 0.15625 0.653515625 0.15972222291666668 0.6544921875 0.14409722291666668 0.64375 0.125 0.63671875 0.11875 0.6328125015625 0.11875 0.6203125 0.12152777708333334 0.6134765625 0.13715277708333332
1 0.6654296875 0.08020833333333334 0.6537109375 0.08020833333333334 0.644921875 0.09930555625 0.644921875 0.10625 0.6517578125 0.11145833333333334 0.6654296875 0.11145833333333334 0.6671875 0.11458333333333333 0.66992188125 0.11458333333333333 0.6796875 0.11324786458333333 0.6796875 0.1111111125 0.676171875 0.0923611125 0.6654296875 0.08020833333333334
1 0.7166015625 0.11284722291666666 0.71953125 0.125 0.73125 0.12847222291666666 0.733203125 0.13194444375 0.741015625 0.13194444375 0.74296875 0.13541666666666666 0.7458984375 0.13368055625 0.7484375 0.12013888958333332 0.7484375 0.10555555624999999 0.7478515625 0.10243055625 0.741015625 0.09027777708333334 0.733203125 0.08333333333333333 0.72734375 0.08333333333333333 0.7185546875 0.09548611041666667 0.7166015625 0.11284722291666666
1 0.7806640625 0.1013888875 0.7787109375 0.10486111041666667 0.7728515625 0.10486111041666667 0.769921875 0.11006944375000001 0.76796875 0.1170138875 0.76796875 0.13784722083333334 0.7728515625 0.14652777708333334 0.7787109375 0.14652777708333334 0.7865234390625 0.15208333333333332 0.7955078078125 0.15208333333333332 0.797265625 0.15173611041666665 0.7984375 0.14756944375 0.7984375 0.1257330229166667 0.7904296875 0.10833333333333334 0.7806640625 0.1013888875