1 0.7861328125 0.3888888895833333 0.7626953125 0.3888888895833333 0.7529296875 0.3958333333333333 0.73046875 0.4392361104166667 0.724609375 0.4670138895833333 0.724609375 0.515625 0.73828125 0.5607638895833333 0.7470703125 0.5763888895833333 0.7548828125 0.5833333333333334 0.7646484375 0.5833333333333334 0.7666015625 0.5868055562500001 0.779296875 0.5850694437499999 0.7900390625 0.5833333333333334 0.8017578125 0.5729166666666666 0.81640625 0.5434027770833333 0.82421875 0.50868055625 0.82421875 0.4635416666666667 0.822265625 0.46006944375000003 0.822265625 0.44965277708333334 0.8125 0.41840277708333334 0.7998046875 0.39930555624999997 0.7861328125 0.3888888895833333
1 0.6953125 0.3767361104166667 0.693359375 0.36631944375000003 0.6884765625 0.3611111104166667 0.6845703125 0.35069444375000003 0.6767578125 0.34027777708333334 0.6650390625 0.3333333333333333 0.6435546875 0.3333333333333333 0.6220703125 0.34722222291666666 0.611328125 0.36631944375000003 0.603515625 0.390625 0.599609375 0.42881944375000003 0.6015625 0.4322916666666667 0.6015625 0.44618055624999997 0.60546875 0.45659722291666666 0.60546875 0.4635416666666667 0.6201171875 0.49652777708333334 0.6396484375 0.5138888895833333 0.6455078125 0.5138888895833333 0.6474609375 0.5173611104166667 0.662109375 0.515625 0.6708984375 0.5138888895833333 0.69140625 0.49131944375000003 0.69921875 0.4670138895833333 0.701171875 0.44618055624999997 0.705078125 0.4322916666666667 0.705078125 0.421875 0.703125 0.41840277708333334 0.703125 0.4045138895833333 0.69921875 0.38368055624999997 0.6953125 0.3767361104166667
1 0.517578125 0.15798611041666666 0.517578125 0.17534722291666668 0.5244140625 0.19097222291666668 0.5361328125 0.19791666666666666 0.5419921875 0.20833333333333334 0.5458984375 0.21180555625 0.552734375 0.21006944375 0.56640625 0.18923611041666666 0.5703125 0.171875 0.568359375 0.15451388958333334 0.56640625 0.14756944375 0.5517578125 0.125 0.5458984375 0.125 0.5439453125 0.12152777708333334 0.5341796875 0.125 0.521484375 0.14409722291666668 0.517578125 0.15798611041666666
1 0.0859375 0.4670138895833333 0.08203125 0.484375 0.08203125 0.52256944375 0.087890625 0.546875 0.0927734375 0.5555555562500001 0.09375 0.5538194437499999 0.095703125 0.5503472229166667 0.09375 0.5434027770833333 0.09375 0.515625 0.1015625 0.48090277708333334 0.1083984375 0.46875 0.123046875 0.46006944375000003 0.1181640625 0.4479166666666667 0.1083984375 0.44097222291666666 0.0986328125 0.44444444375000003 0.0859375 0.4670138895833333
1 0.1611328125 0.34375 0.1650390625 0.34722222291666666 0.171875 0.3454861104166667 0.181640625 0.33506944375000003 0.1875 0.3107638895833333 0.1875 0.296875 0.185546875 0.2864583333333333 0.1787109375 0.27430555624999997 0.1669921875 0.2708333333333333 0.1630859375 0.27430555624999997 0.15234375 0.296875 0.15234375 0.32465277708333334 0.1611328125 0.34375
0 0.1064453125 0.47222222291666666 0.1015625 0.48090277708333334 0.09375 0.515625 0.09375 0.5434027770833333 0.099609375 0.5711805562500001 0.1103515625 0.5902777770833333 0.1162109375 0.5972222229166667 0.134765625 0.5954861104166667 0.1396484375 0.59375 0.15234375 0.5677083333333334 0.15234375 0.5572916666666666 0.154296875 0.5538194437499999 0.154296875 0.515625 0.1484375 0.48784722291666666 0.1357421875 0.46527777708333334 0.1318359375 0.46180555624999997 0.1181640625 0.46180555624999997 0.1064453125 0.47222222291666666
0 0.5166015625 0.3923611104166667 0.4912109375 0.375 0.4716796875 0.37847222291666666 0.4521484375 0.3958333333333333 0.439453125 0.41840277708333334 0.4375 0.42881944375000003 0.43359375 0.4357638895833333 0.427734375 0.46006944375000003 0.4296875 0.515625 0.4375 0.5434027770833333 0.4501953125 0.5659722229166667 0.4560546875 0.5694444437499999 0.4599609375 0.5763888895833333 0.4697265625 0.5833333333333334 0.5 0.5815972229166667 0.5107421875 0.5763888895833333 0.5166015625 0.5694444437499999 0.533203125 0.5399305562500001 0.54296875 0.5017361104166667 0.54296875 0.44965277708333334 0.5390625 0.4427083333333333 0.5390625 0.4357638895833333 0.53515625 0.42881944375000003 0.533203125 0.41840277708333334 0.5166015625 0.3923611104166667
0 0.46484375 0.35590277708333334 0.46484375 0.3697916666666667 0.462890625 0.3732638895833333 0.4658203125 0.38194444375000003 0.4697265625 0.37847222291666666 0.4833984375 0.37847222291666666 0.4853515625 0.375 0.5048828125 0.38194444375000003 0.5205078125 0.3958333333333333 0.53515625 0.421875 0.541015625 0.44618055624999997 0.546875 0.44618055624999997 0.55859375 0.41493055624999997 0.5625 0.3732638895833333 0.552734375 0.33159722291666666 0.5400390625 0.30902777708333334 0.5283203125 0.2986111104166667 0.5107421875 0.2951388895833333 0.5087890625 0.2986111104166667 0.4951171875 0.3020833333333333 0.4765625 0.32465277708333334 0.46484375 0.35590277708333334
0 0.482421875 0.23784722291666668 0.482421875 0.265625 0.486328125 0.2795138895833333 0.4970703125 0.2986111104166667 0.5224609375 0.2951388895833333 0.5322265625 0.3020833333333333 0.537109375 0.30034722291666666 0.546875 0.2864583333333333 0.552734375 0.26215277708333334 0.552734375 0.24131944375 0.546875 0.21701388958333334 0.5361328125 0.19791666666666666 0.5205078125 0.1875 0.5068359375 0.19097222291666668 0.4990234375 0.19791666666666666 0.48828125 0.21701388958333334 0.482421875 0.23784722291666668
0 0.568359375 0.15104166666666666 0.5703125 0.16145833333333334 0.568359375 0.18576388958333334 0.5859375 0.18576388958333334 0.59765625 0.16840277708333332 0.599609375 0.13715277708333332 0.595703125 0.12326388958333333 0.5869140625 0.11111111041666667 0.5830078125 0.10763888958333333 0.5673828125 0.10763888958333333 0.556640625 0.12326388958333333 0.556640625 0.13020833333333334 0.5634765625 0.13888888958333334 0.568359375 0.15104166666666666
0 0.720703125 0.26215277708333334 0.720703125 0.296875 0.7265625 0.3177083333333333 0.7392578125 0.34375 0.7509765625 0.34722222291666666 0.7529296875 0.35069444375000003 0.7578125 0.3489583333333333 0.7724609375 0.34375 0.783203125 0.32465277708333334 0.7890625 0.30381944375000003 0.7890625 0.2760416666666667 0.78125 0.24826388958333334 0.7685546875 0.22569444375 0.7529296875 0.21875 0.7353515625 0.22916666666666666 0.724609375 0.24826388958333334 0.720703125 0.26215277708333334
0 0.380859375 0.16145833333333334 0.380859375 0.18576388958333334 0.3828125 0.19270833333333334 0.3955078125 0.21180555625 0.40625 0.21006944375 0.4150390625 0.20486111041666666 0.419921875 0.19618055625 0.42578125 0.16493055625 0.421875 0.14756944375 0.4169921875 0.13888888958333334 0.4130859375 0.13541666666666666 0.3974609375 0.13541666666666666 0.3916015625 0.13888888958333334 0.3828125 0.15451388958333334 0.380859375 0.16145833333333334
0 0.017578125 0.6684027770833333 0.021484375 0.6510416666666666 0.021484375 0.6163194437499999 0.013671875 0.5850694437499999 0.0087890625 0.5763888895833333 0.0009765625 0.5729166666666666 0 0.6684027770833333 0.0029296875 0.6736111104166667 0.013671875 0.671875 0.017578125 0.6684027770833333
0 0.083984375 0.39756944375000003 0.0927734375 0.41319444375000003 0.099609375 0.4114583333333333 0.109375 0.39756944375000003 0.11328125 0.3767361104166667 0.111328125 0.35590277708333334 0.1044921875 0.34027777708333334 0.0947265625 0.34027777708333334 0.0908203125 0.34375 0.083984375 0.359375 0.083984375 0.3697916666666667 0.08203125 0.3732638895833333 0.083984375 0.39756944375000003
0 0.15234375 0.296875 0.1640625 0.27256944375000003 0.1572265625 0.26388888958333334 0.1455078125 0.2708333333333333 0.138671875 0.28993055624999997 0.138671875 0.3142361104166667 0.140625 0.32118055624999997 0.1455078125 0.3298611104166667 0.15234375 0.328125 0.15234375 0.296875
0 0.224609375 0.2552083333333333 0.220703125 0.24479166666666666 0.21875 0.22395833333333334 0.22265625 0.21006944375 0.232421875 0.19618055625 0.2275390625 0.19097222291666668 0.2197265625 0.19444444375 0.208984375 0.21701388958333334 0.2109375 0.24479166666666666 0.2197265625 0.25694444375 0.224609375 0.2552083333333333