0 0.6162109375 0.28472222291666666 0.5966796875 0.28472222291666666 0.5771484375 0.30555555624999997 0.5703125 0.3177083333333333 0.564453125 0.3385416666666667 0.564453125 0.3802083333333333 0.56640625 0.38368055624999997 0.56640625 0.39409722291666666 0.572265625 0.4079861104166667 0.57421875 0.421875 0.5869140625 0.44444444375000003 0.6025390625 0.4548611104166667 0.62109375 0.453125 0.6279296875 0.4513888895833333 0.6416015625 0.4375 0.654296875 0.4114583333333333 0.658203125 0.390625 0.658203125 0.359375 0.65625 0.35590277708333334 0.65625 0.3454861104166667 0.650390625 0.32465277708333334 0.6318359375 0.2951388895833333 0.6162109375 0.28472222291666666
0 0.470703125 0.33506944375000003 0.46484375 0.36631944375000003 0.4677734375 0.37152777708333334 0.4814453125 0.375 0.4951171875 0.3888888895833333 0.509765625 0.41840277708333334 0.517578125 0.44965277708333334 0.517578125 0.46006944375000003 0.529296875 0.46006944375000003 0.5400390625 0.4513888895833333 0.552734375 0.42881944375000003 0.560546875 0.39756944375000003 0.560546875 0.35590277708333334 0.5546875 0.33159722291666666 0.5400390625 0.30555555624999997 0.5166015625 0.2916666666666667 0.5009765625 0.2951388895833333 0.4853515625 0.30902777708333334 0.470703125 0.33506944375000003
0 0.50390625 0.4045138895833333 0.4853515625 0.37847222291666666 0.4736328125 0.37152777708333334 0.4521484375 0.37152777708333334 0.4501953125 0.375 0.4423828125 0.375 0.4306640625 0.3854166666666667 0.4189453125 0.40277777708333334 0.41015625 0.421875 0.404296875 0.453125 0.40625 0.5017361104166667 0.4140625 0.5295138895833333 0.4423828125 0.5659722229166667 0.4482421875 0.5694444437499999 0.47265625 0.5677083333333334 0.4794921875 0.5659722229166667 0.4931640625 0.5520833333333334 0.5009765625 0.5416666666666666 0.51171875 0.5190972229166666 0.515625 0.5017361104166667 0.515625 0.48090277708333334 0.517578125 0.47743055624999997 0.515625 0.4427083333333333 0.509765625 0.41840277708333334 0.50390625 0.4045138895833333
0 0.3349609375 0.46180555624999997 0.3154296875 0.4583333333333333 0.2900390625 0.47569444375000003 0.27734375 0.4982638895833333 0.267578125 0.5399305562500001 0.267578125 0.5920138895833333 0.2734375 0.6128472229166667 0.2734375 0.6197916666666666 0.2861328125 0.6458333333333334 0.3115234375 0.6666666666666666 0.33203125 0.6649305562500001 0.3466796875 0.6527777770833333 0.3505859375 0.6527777770833333 0.36328125 0.6336805562500001 0.375 0.5989583333333334 0.376953125 0.546875 0.375 0.5434027770833333 0.373046875 0.52256944375 0.36328125 0.4947916666666667 0.3544921875 0.4791666666666667 0.3349609375 0.46180555624999997
0 0.28125 0.42534722291666666 0.279296875 0.4357638895833333 0.279296875 0.48090277708333334 0.2822265625 0.4861111104166667 0.2958984375 0.46875 0.3134765625 0.46180555624999997 0.3154296875 0.4583333333333333 0.3291015625 0.4583333333333333 0.3486328125 0.47222222291666666 0.3642578125 0.49652777708333334 0.3671875 0.4947916666666667 0.37109375 0.47743055624999997 0.37109375 0.4357638895833333 0.369140625 0.42534722291666666 0.36328125 0.4045138895833333 0.3447265625 0.37847222291666666 0.3330078125 0.375 0.3310546875 0.37152777708333334 0.3095703125 0.375 0.2998046875 0.3854166666666667 0.28125 0.42534722291666666
0 0.298828125 0.328125 0.2890625 0.36284722291666666 0.2900390625 0.3958333333333333 0.3095703125 0.375 0.3154296875 0.375 0.3173828125 0.37152777708333334 0.3349609375 0.37152777708333334 0.3505859375 0.38194444375000003 0.3623046875 0.40277777708333334 0.365234375 0.4010416666666667 0.369140625 0.38715277708333334 0.369140625 0.35590277708333334 0.3671875 0.3454861104166667 0.36328125 0.33159722291666666 0.3525390625 0.3125 0.3408203125 0.3020833333333333 0.3212890625 0.3020833333333333 0.3154296875 0.30902777708333334 0.3115234375 0.30902777708333334 0.298828125 0.328125
0 0.32572996718749997 0.2987922416666667 0.35086019375 0.3122989479166666 0.370474253125 0.35113384166666667 0.3719545359375 0.35639958541666666 0.3789859921875 0.34126056666666665 0.37553465468749997 0.28663946458333334 0.36283934218749997 0.26059779791666665 0.35502684218749997 0.25365335208333334 0.33744871718749997 0.25365335208333334 0.32963621718749997 0.26059779791666665 0.31694090468749997 0.27969501875 0.31108152968749997 0.30052835208333334 0.31205809218749997 0.31268113124999997 0.32572996718749997 0.2987922416666667
0 0.38823790156250004 0.28070446875 0.42524553750000005 0.259641475 0.4423828125 0.28472222291666666 0.443359375 0.2829861104166667 0.443359375 0.26909722291666666 0.451171875 0.24131944375 0.451171875 0.23090277708333332 0.4423828125 0.21527777708333332 0.4306640625 0.20486111041666666 0.4169921875 0.20486111041666666 0.4033203125 0.21527777708333332 0.390625 0.24131944375 0.3871276890625 0.26688189375 0.38823790156250004 0.28070446875
0 0.4912109375 0.21527777708333332 0.4736328125 0.21527777708333332 0.4677734375 0.22222222291666668 0.4638671875 0.22222222291666668 0.4541015625 0.23611111041666666 0.4453125 0.25868055625 0.443359375 0.2829861104166667 0.451171875 0.3177083333333333 0.4580078125 0.3333333333333333 0.4638671875 0.34027777708333334 0.46875 0.3385416666666667 0.4755859375 0.3229166666666667 0.4912109375 0.3020833333333333 0.5009765625 0.2951388895833333 0.5146484375 0.2916666666666667 0.517578125 0.2829861104166667 0.51953125 0.26215277708333334 0.513671875 0.24131944375 0.5009765625 0.22222222291666668 0.4970703125 0.22222222291666668 0.4912109375 0.21527777708333332
0 0.5302734375 0.25694444375 0.521484375 0.27256944375000003 0.51953125 0.29340277708333334 0.5341796875 0.2986111104166667 0.5400390625 0.30555555624999997 0.5595703125 0.34375 0.5625 0.3420138895833333 0.56640625 0.33506944375000003 0.56640625 0.328125 0.5703125 0.3177083333333333 0.5771484375 0.30555555624999997 0.59765625 0.2829861104166667 0.59375 0.26909722291666666 0.5771484375 0.24652777708333332 0.5654296875 0.23958333333333334 0.5458984375 0.23958333333333334 0.5302734375 0.25694444375
1 0.3963716359375 0.2768721270833333 0.3875825734375 0.2924971270833333 0.3797700734375 0.3237471270833333 0.3797700734375 0.3445804604166666 0.3856294484375 0.3688860166666667 0.3983247609375 0.3914554604166666 0.40809038593749997 0.39839990416666665 0.42664507343749997 0.39666379375 0.43543413593749997 0.3914554604166666 0.45203569843749997 0.35846935 0.45398882343749997 0.33416379375 0.45594194843749997 0.33069157083333334 0.45594194843749997 0.3133304604166666 0.45203569843749997 0.29596935 0.43738726093749997 0.26992768333333333 0.42762163593749997 0.2629832375 0.41394976093749997 0.2629832375 0.3963716359375 0.2768721270833333
1 0.677734375 0.16493055625 0.681640625 0.17881944375 0.6904296875 0.19444444375 0.6943359375 0.19791666666666666 0.70703125 0.19618055625 0.7119140625 0.19444444375 0.720703125 0.17881944375 0.72265625 0.15104166666666666 0.71875 0.13715277708333332 0.7099609375 0.12152777708333334 0.7060546875 0.11805555625 0.6904296875 0.11805555625 0.6865234375 0.12152777708333334 0.677734375 0.140625 0.677734375 0.16493055625
1 0.888671875 0.25868055625 0.8974609375 0.27777777708333334 0.9013671875 0.28125 0.9140625 0.2795138895833333 0.916015625 0.2760416666666667 0.91796875 0.25173611041666666 0.921875 0.24131944375 0.921875 0.22743055625 0.9111328125 0.20486111041666666 0.8994140625 0.19791666666666666 0.8955078125 0.20138888958333334 0.88671875 0.22048611041666666 0.88671875 0.24826388958333334 0.888671875 0.25868055625
1 0.9267578125 0.2604166666666667 0.921875 0.27256944375000003 0.919921875 0.3072916666666667 0.927734375 0.33506944375000003 0.9345703125 0.34722222291666666 0.943359375 0.3489583333333333 0.9482421875 0.34722222291666666 0.955078125 0.3385416666666667 0.958984375 0.32465277708333334 0.9609375 0.296875 0.955078125 0.2795138895833333 0.955078125 0.27256944375000003 0.9501953125 0.26388888958333334 0.9384765625 0.25347222291666666 0.9345703125 0.25347222291666666 0.9267578125 0.2604166666666667