0 0.45390625 0.7126736104166667 0.45390625 0.7022569437499999 0.4421875 0.6675347208333334 0.4197265625 0.6345486104166667 0.4001953125 0.6206597208333334 0.3708984375 0.6171875 0.3591796875 0.6241319437499999 0.3416015625 0.6414930541666667 0.330859375 0.6605902770833333 0.3171875 0.7057291666666666 0.3171875 0.7543402770833333 0.319140625 0.7578125 0.32109375 0.7855902770833333 0.3376953125 0.8324652770833333 0.3611328125 0.8602430541666667 0.3728515625 0.8637152770833333 0.3748046875 0.8671875 0.3879882859375 0.86875 0.3907226515625 0.86875 0.4021484375 0.8671875 0.4275390625 0.8498263875000001 0.44609375 0.8168402770833333 0.455859375 0.7821180541666667 0.455859375 0.7612847208333334 0.45625 0.7605902770833333 0.45625 0.7244791666666667 0.455859375 0.7161458333333334 0.45390625 0.7126736104166667
0 0.310546875 0.7649305562500001 0.2880859375 0.7354166666666667 0.2646484375 0.7215277791666667 0.2490234375 0.7215277791666667 0.2470703125 0.725 0.2333984375 0.7284722229166667 0.2236328125 0.7388888895833333 0.20703125 0.771875 0.20703125 0.7788194458333333 0.2 0.8069444458333332 0.2 0.8583333333333333 0.20703125 0.8864583333333333 0.20703125 0.8934027791666667 0.2109375 0.9003472229166667 0.212890625 0.9107638895833333 0.2265625 0.9385416666666667 0.2353515625 0.9506944458333333 0.2392578125 0.9506944458333333 0.2470703125 0.9611111124999999 0.2509765625 0.9611111124999999 0.2619140609375 0.9708333333333333 0.2740234515625 0.9708333333333333 0.291015625 0.9697916666666667 0.2978515625 0.9680555562500001 0.3154296875 0.9506944458333333 0.32421875 0.928125 0.330078125 0.896875 0.330078125 0.8829861124999999 0.33125 0.8809027791666666 0.33125 0.8302083333333333 0.328125 0.8135416666666667 0.310546875 0.7649305562500001
0 0.119140625 0.9774305562500001 0.115625 0.9899305541666668 0.115625 0.9947916666666666 0.1162109375 1 0.2125 0.9982709041666666 0.2125 0.9973710333333333 0.2060546875 0.9826388895833333 0.1923828125 0.9652777770833333 0.1630859375 0.9479166666666666 0.1416015625 0.9479166666666666 0.1298828125 0.9583333333333334 0.119140625 0.9774305562500001
0 0.2337890625 0.4010416666666667 0.2298828125 0.4045138895833333 0.2240234375 0.42534722291666666 0.2240234375 0.46006944375000003 0.2279296875 0.47743055624999997 0.238671875 0.5 0.25625 0.5104166666666666 0.2650390625 0.50868055625 0.2796875 0.49652777708333334 0.2884765625 0.47743055624999997 0.2921875 0.4576388895833333 0.2921875 0.42465277916666666 0.2845703125 0.39756944375000003 0.273828125 0.38194444375000003 0.269921875 0.38194444375000003 0.2640625 0.375 0.254296875 0.375 0.238671875 0.3888888895833333 0.2337890625 0.4010416666666667
0 0.321875 0.20520833125000001 0.30625 0.21909722083333336 0.3033203125 0.22430555416666667 0.3013671875 0.24166666458333333 0.3052734375 0.2590277770833333 0.31015625 0.2677083333333333 0.3136718765625 0.2708333333333333 0.316601553125 0.2708333333333333 0.3267578125 0.26944444375000004 0.33359375 0.26423611041666667 0.3375 0.25451388750000004 0.3375 0.22218363958333331 0.3296875 0.20520833125000001 0.321875 0.20520833125000001
0 0.2736328125 0.22743055625 0.2697265625 0.24131944375 0.2697265625 0.25868055625 0.2736328125 0.26909722291666666 0.279921875 0.27708333333333335 0.284765621875 0.27708333333333335 0.2912109375 0.2760416666666667 0.3009765625 0.26215277708333334 0.3029296875 0.24826388958333334 0.3009765625 0.24479166666666666 0.3009765625 0.22395833333333334 0.2890066953125 0.2125 0.2873046890625 0.2125 0.278515625 0.21875 0.2736328125 0.22743055625
0 0.313671875 0.1946180541666667 0.3048828125 0.20677083333333332 0.303125 0.21302083333333333 0.303125 0.22065972083333335 0.3048828125 0.22065972083333335 0.317578125 0.20503472083333335 0.33125 0.20341435208333333 0.33125 0.20205853125 0.325390625 0.1946180541666667 0.313671875 0.1946180541666667
0 0.4427734375 0.14184027708333333 0.4408203125 0.13836805625 0.4291015625 0.14878472291666667 0.42421875 0.15746527708333333 0.42421875 0.16788194374999998 0.422265625 0.17135416666666667 0.42421875 0.17482638958333335 0.42421875 0.18524305625 0.4310546875 0.19739583333333333 0.4336914078125 0.19791666666666666 0.4459960921875 0.19791666666666666 0.4486328125 0.19739583333333333 0.45625 0.18084490625 0.45625 0.15538194375 0.4486328125 0.14184027708333333 0.4427734375 0.14184027708333333
0 0.421875 0.17152777916666664 0.423828125 0.16805555625000002 0.423828125 0.15763888958333333 0.4375 0.14027777916666664 0.4345703125 0.13506944583333333 0.4228515625 0.13506944583333333 0.4140625 0.15416666874999999 0.4140625 0.17500000208333333 0.416015625 0.18194444583333333 0.42203124843750006 0.18958333333333333 0.4246093765625 0.18958333333333333 0.42578125 0.18888888958333333 0.421875 0.17152777916666664
0 0.4904296875 0.18836805625 0.4884765625 0.17795138958333334 0.4904296875 0.1501736125 0.485546875 0.14149305625 0.471875 0.13802083541666665 0.466015625 0.14149305625 0.4591796875 0.15364583541666665 0.4572265625 0.16059027916666666 0.4572265625 0.17795138958333334 0.46796875 0.20052083541666665 0.47587889843750003 0.20208333333333334 0.4774414125 0.20208333333333334 0.48359375 0.20052083541666665 0.4904296875 0.18836805625
0 0.7669921875 0.18090277916666667 0.7591796875 0.18090277916666667 0.7572265625 0.17743055625 0.7552734375 0.18090277916666667 0.7494140625 0.18090277916666667 0.740625 0.19305555625 0.73671875 0.20694444583333332 0.738671875 0.23472222291666667 0.7494140625 0.26076388958333335 0.759375 0.26666666666666666 0.7664062515625 0.26666666666666666 0.769921875 0.26597222291666667 0.781640625 0.24513888958333335 0.7828125 0.22847222291666666 0.7828125 0.21458333541666666 0.777734375 0.19652777916666667 0.7669921875 0.18090277916666667
0 1 0.6951388895833334 0.9994140625 0.58368055625 0.9916015625 0.58368055625 0.9837890625 0.590625 0.973046875 0.6097222229166667 0.96328125 0.6375 0.959375 0.6583333333333333 0.959375 0.6722222229166667 0.957421875 0.6756944458333333 0.957421875 0.7173611125 0.965234375 0.7590277791666666 0.9779296875 0.7746527791666666 0.9837890625 0.7746527791666666 0.98515625 0.7770833333333333 0.9910156265625 0.7770833333333333 0.99453125 0.7763888895833334 1 0.7699074083333334 1 0.6951388895833334
1 0.935546875 0.41840277708333334 0.935546875 0.42881944375000003 0.934375 0.43090277708333335 0.934375 0.4732638875 0.94140625 0.4982638895833333 0.94140625 0.5052083333333334 0.9482421875 0.5173611104166667 0.9521484375 0.5208333333333334 0.96875 0.5190972229166666 0.9755859375 0.5138888895833333 0.98046875 0.5052083333333334 0.986328125 0.484375 0.986328125 0.4670138895833333 0.9875 0.46493055624999996 0.9875 0.44965277708333334 0.986328125 0.42881944375000003 0.982421875 0.4114583333333333 0.9765625 0.39756944375000003 0.9677734375 0.3854166666666667 0.9521484375 0.3854166666666667 0.943359375 0.39756944375000003 0.935546875 0.41840277708333334
1 0.9240234375 0.3072916666666667 0.9240234375 0.32118055624999997 0.9220703125 0.32465277708333334 0.9240234375 0.3489583333333333 0.9298828125 0.3697916666666667 0.934765625 0.37847222291666666 0.937890625 0.38125 0.943749996875 0.38125 0.9513671875 0.3802083333333333 0.95625 0.37847222291666666 0.9625 0.3610119041666667 0.9625 0.32569444375 0.9572265625 0.30381944375000003 0.9484375 0.28819444375000003 0.9390624984375 0.28541666666666665 0.9359375 0.28541666666666665 0.9328125 0.28819444375000003 0.9240234375 0.3072916666666667
1 0.8234375 0.2079861125 0.813671875 0.20104166874999999 0.8078125 0.20104166874999999 0.7951171875 0.21666666874999999 0.7912109375 0.23055555625000002 0.7912109375 0.24791666874999999 0.7951171875 0.26527777916666667 0.805859375 0.28784722291666665 0.8087890609375 0.28958333333333336 0.8224609375 0.28958333333333336 0.825390625 0.28784722291666665 0.8359375 0.26568813333333335 0.8359375 0.23680555833333333 0.8322265625 0.2236111125 0.8234375 0.2079861125
1 0.5453125 0.17326388958333333 0.5453125 0.17951388958333334 0.546875 0.19618055625 0.5517578125 0.20833333333333334 0.5615234375 0.21875 0.576171875 0.21701388958333334 0.5810546875 0.21180555625 0.5875 0.1970734125 0.5875 0.17105429375 0.5771484375 0.14930555625 0.5732421875 0.14583333333333334 0.5595703125 0.14583333333333334 0.546875 0.16493055625 0.5453125 0.17326388958333333
1 0.5140625 0.26388888958333334 0.50234375 0.25347222291666666 0.492578125 0.25347222291666666 0.490625 0.25 0.473046875 0.2604166666666667 0.4603515625 0.2829861104166667 0.4583984375 0.29340277708333334 0.4583984375 0.32118055624999997 0.4642578125 0.3454861104166667 0.475 0.3645833333333333 0.48671875 0.375 0.4994140625 0.3732638895833333 0.51015625 0.3645833333333333 0.5208984375 0.3454861104166667 0.5248046875 0.33159722291666666 0.5265625 0.3065972208333333 0.5265625 0.30277777708333337 0.5228515625 0.2829861104166667 0.5140625 0.26388888958333334
1 0.48828125 0.16145833333333334 0.48828125 0.17881944375 0.4990234375 0.20138888958333334 0.5021484375 0.20416666666666666 0.507226559375 0.20416666666666666 0.513671875 0.203125 0.525390625 0.18576388958333334 0.52734375 0.16493055625 0.5185546875 0.14236111041666666 0.5154296875 0.13958333333333334 0.5004991328124999 0.13958333333333334 0.490234375 0.15451388958333334 0.48828125 0.16145833333333334
1 0.3587890625 0.17986111249999998 0.35 0.19548611249999998 0.34609375 0.209375 0.34609375 0.23020833333333332 0.3525390625 0.24166666666666667 0.35878906875 0.24166666666666667 0.367578125 0.240625 0.3765625 0.22465277916666665 0.3765625 0.19434974791666668 0.3666015625 0.17986111249999998 0.3587890625 0.17986111249999998
1 0.3458984375 0.20277777916666664 0.3576171875 0.18194444583333333 0.356640625 0.1767361125 0.344921875 0.1767361125 0.341015625 0.18020833541666667 0.3322265625 0.19930555625000002 0.3380859375 0.22708333541666667 0.3404296859375 0.23125 0.3427734390625 0.23125 0.3439453125 0.23055555625000002 0.3458984375 0.20277777916666664