1 0.43515625 0.8902777770833333 0.433203125 0.8798611104166666 0.4126953125 0.8434027770833333 0.3873046875 0.815625 0.3755859375 0.8086805541666667 0.3658203125 0.8086805541666667 0.3638671875 0.8052083333333333 0.3423828125 0.8052083333333333 0.3404296875 0.8086805541666667 0.3248046875 0.8121527770833333 0.3052734375 0.8295138875 0.2935546875 0.846875 0.276953125 0.89375 0.275 0.925 0.273046875 0.9284722208333334 0.273046875 0.9493055541666667 0.275 0.9527777770833333 0.276953125 0.9875 0.2818359375 0.9961805541666667 0.2847656265625 0.9979166666666667 0.44296875 0.9979166666666667 0.4484375 0.9914351833333334 0.4484375 0.9438888895833333 0.4390625 0.8972222208333334 0.43515625 0.8902777770833333
1 0.25339016875000003 0.2873720979166666 0.24362454375000003 0.2804276541666667 0.23581204375000003 0.2804276541666667 0.22409329375000003 0.29084432083333334 0.21530423125000003 0.30646932083333334 0.21139798125000003 0.3203582104166667 0.21139798125000003 0.35508043125 0.21530423125000003 0.36896932083333334 0.22409329375000003 0.38459432083333334 0.23251225312499998 0.38958333333333334 0.244888965625 0.38958333333333334 0.25143704375000003 0.38459432083333334 0.26022610625000003 0.36896932083333334 0.2640625 0.35532880833333336 0.2640625 0.3131653875 0.26022610625000003 0.2995248770833333 0.25339016875000003 0.2873720979166666
1 0.621484375 0.23611111041666666 0.609765625 0.22569444375 0.586328125 0.22569444375 0.5765625 0.23263888958333334 0.5638671875 0.25173611041666666 0.5580078125 0.2760416666666667 0.5580078125 0.3142361104166667 0.5697265625 0.3454861104166667 0.5765625 0.3541666666666667 0.598046875 0.36805555624999997 0.6048828125 0.36631944375000003 0.61171875 0.3645833333333333 0.6234375 0.3541666666666667 0.6322265625 0.3385416666666667 0.6375 0.31666666666666665 0.6375 0.27743055624999996 0.6302734375 0.25173611041666666 0.621484375 0.23611111041666666
1 0.666796875 0.18125 0.662890625 0.18125 0.65703125 0.17430555416666668 0.643359375 0.17430555416666668 0.631640625 0.18472222083333334 0.6228515625 0.20034722083333334 0.6189453125 0.21770833333333334 0.6189453125 0.23159722083333334 0.6306640625 0.25243055416666665 0.6409970234375 0.2875 0.656249990625 0.2875 0.6599609375 0.28715277708333337 0.66875 0.28194444375 0.6775390625 0.26979166666666665 0.6828125 0.25104166666666666 0.6828125 0.215625 0.6794921875 0.20381944375 0.666796875 0.18125
1 0.61796875 0.1357638875 0.60625 0.12534722083333333 0.592578125 0.12534722083333333 0.58671875 0.12881944375 0.5759765625 0.14791666458333333 0.5740234375 0.15486111041666667 0.5740234375 0.17916666458333333 0.5779296875 0.19305555416666667 0.590625 0.21215277708333333 0.5933593765625 0.21458333333333332 0.6009765515625001 0.21458333333333332 0.6052734375 0.2138888875 0.6140625 0.20868055416666667 0.6228515625 0.19305555416666667 0.625 0.18350694374999998 0.625 0.15243055416666668 0.6248046875 0.1513888875 0.61796875 0.1357638875
1 0.6310546875 0.18055555625 0.633984375 0.17881944375 0.6408203125 0.17361111041666666 0.6564453125 0.17361111041666666 0.6603515625 0.17708333333333334 0.665234375 0.16840277708333332 0.6671875 0.14756944375 0.66328125 0.13020833333333334 0.6564453125 0.11805555625 0.6486328125 0.11111111041666667 0.6330078125 0.11111111041666667 0.622265625 0.1267361104166667 0.6203125 0.140625 0.62421875 0.15104166666666666 0.626171875 0.171875 0.6310546875 0.18055555625
1 0.51025390625 0.11180555416666667 0.49755859375 0.13090277708333334 0.49560546875 0.15173611041666665 0.49951171875 0.16909722083333334 0.50166015625 0.17291666666666666 0.5047851546875 0.17291666666666666 0.50537109375 0.17256944375 0.50732421875 0.14479166666666668 0.51611328125 0.12916666666666668 0.52587890625 0.12222222083333333 0.5328125 0.12222222083333333 0.5328125 0.11796875 0.52587890625 0.11180555416666667 0.51025390625 0.11180555416666667
1 0.1487046625 0.3056730166666667 0.1389390375 0.3056730166666667 0.126243725 0.33171468333333337 0.126243725 0.36296468333333337 0.12819685 0.369909125 0.1330796625 0.37858968333333337 0.1375689484375 0.38125 0.141222515625 0.38125 0.14382185 0.38032579166666663 0.153587475 0.369909125 0.1578125 0.3548868145833334 0.1578125 0.32292619166666664 0.157493725 0.31782579166666663 0.1487046625 0.3056730166666667
1 0.1248046875 0.3074652770833334 0.1248046875 0.31666666666666665 0.12893880156249998 0.31666666666666665 0.1296875 0.3126736104166667 0.1375 0.30572916666666666 0.143359375 0.30572916666666666 0.14921875 0.3126736104166667 0.153125 0.3126736104166667 0.153125 0.2970486104166667 0.1521484375 0.2935763875 0.14572265625 0.28541666666666665 0.13513671875 0.28541666666666665 0.1287109375 0.2935763875 0.1248046875 0.3074652770833334
0 0.0767578125 0.4048611125 0.069921875 0.3927083333333333 0.0640625 0.3927083333333333 0.0533203125 0.4083333333333333 0.0513671875 0.41875 0.0513671875 0.45 0.0599964484375 0.46875 0.0619140671875 0.46875 0.0689453125 0.4673611125 0.0767578125 0.45347222291666667 0.0796875 0.43524305625 0.0796875 0.42743055625 0.0787109375 0.4256944458333333 0.0767578125 0.4048611125
0 0.0224609375 0.46840277916666667 0.017578125 0.47708333333333336 0.0140625 0.49270833541666664 0.0140625 0.5204861104166667 0.017578125 0.5361111104166666 0.0218749984375 0.54375 0.028906257812500002 0.54375 0.033203125 0.54305555625 0.040625 0.5265625020833333 0.040625 0.48640873125 0.0341796875 0.46840277916666667 0.0224609375 0.46840277916666667
0 0.112109375 0.315625 0.1013671875 0.33819444375 0.0994140625 0.3625 0.10625 0.3815972208333333 0.1082031265625 0.38333333333333336 0.1189453125 0.38333333333333336 0.1234375 0.3780092583333333 0.1234375 0.3690972208333333 0.1228515625 0.3659722208333333 0.1228515625 0.33125 0.1234375 0.328125 0.1234375 0.31840277708333337 0.121875 0.315625 0.112109375 0.315625
0 0.5458984375 0.12864583333333332 0.5361328125 0.1217013875 0.5244140625 0.1217013875 0.5185546875 0.12517361041666666 0.5078125 0.14427083333333332 0.50625 0.14982638750000002 0.50625 0.17978009166666667 0.5205078125 0.20850694374999998 0.533203125 0.2102430541666667 0.5419921875 0.19809027708333332 0.552734375 0.18940972083333335 0.55625 0.17690972291666668 0.55625 0.15607638750000002 0.5546875 0.1477430541666667 0.5458984375 0.12864583333333332
0 0.57265625 0.19097222291666668 0.56484375 0.19097222291666668 0.562890625 0.1875 0.551171875 0.19097222291666668 0.539453125 0.20138888958333334 0.5306640625 0.21701388958333334 0.5267578125 0.234375 0.5267578125 0.26909722291666666 0.5345703125 0.29340277708333334 0.539453125 0.3020833333333333 0.551171875 0.3125 0.5580078125 0.3107638895833333 0.5580078125 0.27256944375000003 0.5638671875 0.25173611041666666 0.578515625 0.22916666666666666 0.590625 0.22419871875 0.590625 0.21555555625 0.586328125 0.20486111041666666 0.57265625 0.19097222291666668
1 0.4673828125 0.12534722083333333 0.4517578125 0.12534722083333333 0.437109375 0.14791666458333333 0.43515625 0.15833333125000001 0.437109375 0.1826388875 0.4458984375 0.1982638875 0.4525390640625 0.20416666666666666 0.4624999859375 0.20416666666666666 0.468359375 0.20347222083333336 0.4712890625 0.20173611041666667 0.48125 0.1808080791666667 0.48125 0.14621913333333333 0.4732421875 0.12881944375 0.4673828125 0.12534722083333333
1 0.315234375 0.20104166874999999 0.299609375 0.20104166874999999 0.2869140625 0.21666666874999999 0.2810546875 0.23402777916666664 0.2791015625 0.2548611125 0.2830078125 0.27222222291666665 0.287890625 0.28090277916666667 0.29375 0.284375 0.2966796875 0.28958333333333336 0.3103515625 0.28958333333333336 0.315234375 0.28784722291666665 0.3240234375 0.27222222291666665 0.3265625 0.26093750208333333 0.3265625 0.22357253333333332 0.319140625 0.20451388958333333 0.315234375 0.20104166874999999
1 0.31796875 0.18003472291666667 0.30234375 0.18350694374999998 0.296484375 0.19045138958333335 0.2916015625 0.20260416666666667 0.2916015625 0.20607638958333335 0.29453125 0.2078125 0.300390625 0.20086805625 0.316015625 0.20086805625 0.3248046875 0.21302083333333333 0.3287109375 0.2234375 0.3287109375 0.22916666666666666 0.3308919265625 0.22916666666666666 0.33125 0.22725694375 0.33125 0.20538194375 0.3306640625 0.19913194374999998 0.31796875 0.18003472291666667
0 0.2666015625 0.21111111249999998 0.2587890625 0.21805555625 0.25 0.23368055625 0.246875 0.25034722291666667 0.246875 0.26145833333333335 0.248046875 0.271875 0.2587890625 0.29097222291666663 0.2634765609375 0.29375 0.267382815625 0.29375 0.271484375 0.29270833333333335 0.2802734375 0.2875 0.284375 0.27729166666666666 0.284375 0.27210648125 0.279296875 0.25104166666666666 0.284375 0.22395833333333334 0.284375 0.2190200625 0.2763671875 0.21111111249999998 0.2666015625 0.21111111249999998
0 0.2373046875 0.20833333333333334 0.22265625 0.22048611041666666 0.2171875 0.23993055416666667 0.2171875 0.263125 0.2216796875 0.27430555624999997 0.2294921875 0.28125 0.240234375 0.2795138895833333 0.24609375 0.27256944375000003 0.24609375 0.25173611041666666 0.2515625 0.23229166666666667 0.2515625 0.22326388958333335 0.2451171875 0.21180555625 0.2373046875 0.20833333333333334
0 0.1328125 0.4079861104166667 0.12890625 0.42534722291666666 0.12890625 0.45659722291666666 0.1318359375 0.46875 0.1494140625 0.47569444375000003 0.1607421875 0.49583333333333335 0.1638671859375 0.49583333333333335 0.16796875 0.4947916666666667 0.1708984375 0.49305555624999997 0.181640625 0.4704861104166667 0.181640625 0.46006944375000003 0.18359375 0.45659722291666666 0.18359375 0.421875 0.1796875 0.4045138895833333 0.1689453125 0.3854166666666667 0.1583984359375 0.37916666666666665 0.1560546890625 0.37916666666666665 0.1455078125 0.3854166666666667 0.1328125 0.4079861104166667
0 0.1490234375 0.47569444375000003 0.1314453125 0.46875 0.1177734375 0.4791666666666667 0.10703125 0.4982638895833333 0.101171875 0.5295138895833333 0.101171875 0.5572916666666666 0.105078125 0.578125 0.1138671875 0.6006944437499999 0.1275390625 0.6145833333333334 0.144140625 0.6128472229166667 0.1490234375 0.6111111104166667 0.163671875 0.5850694437499999 0.165625 0.5572916666666666 0.1671875 0.5545138875000001 0.1671875 0.534375 0.159765625 0.4947916666666667 0.1490234375 0.47569444375000003