1 0.50390625 0.18229166666666666 0.5087890625 0.19444444375 0.5205078125 0.20833333333333334 0.53515625 0.20659722291666668 0.548828125 0.18576388958333334 0.55078125 0.17881944375 0.55078125 0.15104166666666666 0.5400390625 0.12847222291666666 0.5361328125 0.125 0.5224609375 0.125 0.5146484375 0.13194444375 0.5078125 0.14409722291666668 0.50390625 0.15798611041666666 0.50390625 0.18229166666666666
1 0.486328125 0.13715277708333332 0.486328125 0.16493055625 0.4921875 0.17881944375 0.5009765625 0.19097222291666668 0.505859375 0.18923611041666666 0.50390625 0.18229166666666666 0.50390625 0.15798611041666666 0.505859375 0.14756944375 0.5166015625 0.12847222291666666 0.521484375 0.1267361104166667 0.521484375 0.11979166666666667 0.5146484375 0.11458333333333333 0.4970703125 0.11805555625 0.4931640625 0.12152777708333334 0.486328125 0.13715277708333332
1 0.5419921875 0.13194444375 0.544921875 0.13020833333333334 0.544921875 0.12326388958333333 0.541015625 0.11284722291666666 0.5302734375 0.10069444375 0.5205078125 0.10069444375 0.513671875 0.109375 0.5166015625 0.11805555625 0.5205078125 0.11805555625 0.5244140625 0.125 0.5361328125 0.125 0.5419921875 0.13194444375
1 0.4755859375 0.125 0.48046875 0.13715277708333332 0.48046875 0.16145833333333334 0.486328125 0.16493055625 0.486328125 0.140625 0.48828125 0.13368055625 0.4970703125 0.11805555625 0.5009765625 0.11805555625 0.50390625 0.11284722291666666 0.4931640625 0.10069444375 0.4794921875 0.10416666666666667 0.47265625 0.11631944375 0.47265625 0.12326388958333333 0.4755859375 0.125
1 0.443359375 0.171875 0.4541015625 0.1875 0.466796875 0.18576388958333334 0.4697265625 0.18402777708333332 0.48046875 0.16145833333333334 0.48046875 0.13715277708333332 0.4765625 0.1267361104166667 0.4697265625 0.11805555625 0.4560546875 0.11458333333333333 0.4453125 0.1267361104166667 0.44140625 0.140625 0.44140625 0.16493055625 0.443359375 0.171875
1 0.4091796875 0.20138888958333334 0.4130859375 0.20486111041666666 0.423828125 0.203125 0.435546875 0.18576388958333334 0.439453125 0.171875 0.439453125 0.15451388958333334 0.4326171875 0.13541666666666666 0.4169921875 0.12847222291666666 0.4111328125 0.13194444375 0.400390625 0.14756944375 0.396484375 0.16145833333333334 0.396484375 0.17534722291666668 0.4091796875 0.20138888958333334
1 0.443359375 0.13020833333333334 0.455078125 0.11631944375 0.4482421875 0.10763888958333333 0.4365234375 0.10763888958333333 0.42578125 0.12326388958333333 0.4267578125 0.13194444375 0.4326171875 0.13541666666666666 0.4404296875 0.14930555625 0.44140625 0.14756944375 0.443359375 0.13020833333333334
1 0.396484375 0.17881944375 0.3984375 0.15451388958333334 0.40234375 0.14409722291666668 0.4111328125 0.13194444375 0.41796875 0.13020833333333334 0.4150390625 0.12152777708333334 0.3994140625 0.12152777708333334 0.388671875 0.140625 0.38671875 0.16493055625 0.3916015625 0.17708333333333334 0.396484375 0.17881944375
1 0.5439453125 0.0625 0.5380859375 0.0625 0.52734375 0.07465277708333334 0.5283203125 0.09027777708333334 0.5546875 0.08854166666666667 0.556640625 0.08506944375 0.5546875 0.078125 0.5439453125 0.0625
1 0.625 0.078125 0.6162109375 0.05902777708333333 0.6025390625 0.05902777708333333 0.595703125 0.07118055625 0.595703125 0.08854166666666667 0.5986328125 0.09375 0.62109375 0.09548611041666667 0.625 0.08854166666666667 0.625 0.078125
1 0.669921875 0.09895833333333333 0.669921875 0.08506944375 0.66796875 0.07465277708333334 0.6630859375 0.06597222291666667 0.6513671875 0.0625 0.640625 0.07465277708333334 0.640625 0.09548611041666667 0.6435546875 0.10069444375 0.66796875 0.10243055625 0.669921875 0.09895833333333333
0 0.904296875 0.19618055625 0.9091796875 0.1875 0.9169921875 0.1875 0.91796875 0.18229166666666666 0.9130859375 0.16666666666666666 0.9033203125 0.15625 0.8994140625 0.15625 0.892578125 0.16493055625 0.892578125 0.18229166666666666 0.8974609375 0.19791666666666666 0.904296875 0.19618055625
0 0.9296875 0.203125 0.9228515625 0.19097222291666668 0.9111328125 0.18402777708333332 0.904296875 0.19270833333333334 0.904296875 0.19965277708333332 0.9072265625 0.20486111041666666 0.9208984375 0.21180555625 0.9267578125 0.21875 0.931640625 0.21701388958333334 0.9296875 0.203125
0 0.962890625 0.24479166666666666 0.9638671875 0.24652777708333332 0.9658203125 0.24652777708333332 0.9677734375 0.25 0.9697265625 0.25 0.9716796875 0.25347222291666666 0.9755859375 0.25347222291666666 0.9765625 0.25173611041666666 0.978515625 0.24826388958333334 0.978515625 0.23090277708333332 0.9775390625 0.22916666666666666 0.9755859375 0.22916666666666666 0.9736328125 0.22569444375 0.9716796875 0.22569444375 0.9697265625 0.22916666666666666 0.9677734375 0.22916666666666666 0.962890625 0.23784722291666668 0.962890625 0.24479166666666666