1 0.3642578125 0.8055555562500001 0.3427734375 0.8055555562500001 0.3408203125 0.8090277770833333 0.3251953125 0.8125 0.3056640625 0.8298611104166667 0.2939453125 0.8472222229166667 0.27734375 0.8940972229166667 0.275390625 0.9253472229166667 0.2734375 0.9288194437499999 0.2734375 0.9496527770833333 0.275390625 0.953125 0.27734375 0.9878472229166667 0.2822265625 0.9965277770833333 0.2880859375 1 0.443359375 0.9982638895833333 0.44921875 0.9913194437499999 0.44921875 0.9461805562500001 0.439453125 0.8975694437499999 0.435546875 0.890625 0.43359375 0.8802083333333334 0.4130859375 0.84375 0.3876953125 0.8159722229166667 0.3759765625 0.8090277770833333 0.3662109375 0.8090277770833333 0.3642578125 0.8055555562500001
1 0.215171646875 0.30670688333333335 0.211265396875 0.3205957729166667 0.211265396875 0.35531799375 0.215171646875 0.36920688333333335 0.223960709375 0.38483188333333335 0.235679459375 0.3917763270833333 0.244468521875 0.39004021666666666 0.251304459375 0.38483188333333335 0.260093521875 0.36920688333333335 0.263999771875 0.35531799375 0.263999771875 0.3136513270833333 0.260093521875 0.2997624395833334 0.253257584375 0.2876096604166667 0.243491959375 0.28066521666666666 0.235679459375 0.28066521666666666 0.223960709375 0.29108188333333335 0.215171646875 0.30670688333333335
1 0.5771484375 0.23263888958333334 0.564453125 0.25173611041666666 0.55859375 0.2760416666666667 0.55859375 0.3142361104166667 0.5703125 0.3454861104166667 0.5771484375 0.3541666666666667 0.5986328125 0.36805555624999997 0.60546875 0.36631944375000003 0.6123046875 0.3645833333333333 0.6240234375 0.3541666666666667 0.6328125 0.3385416666666667 0.638671875 0.3142361104166667 0.638671875 0.2795138895833333 0.630859375 0.25173611041666666 0.6220703125 0.23611111041666666 0.6103515625 0.22569444375 0.5869140625 0.22569444375 0.5771484375 0.23263888958333334
1 0.6318359375 0.18402777708333332 0.623046875 0.19965277708333332 0.619140625 0.21701388958333334 0.619140625 0.23090277708333332 0.630859375 0.25173611041666666 0.6416015625 0.28819444375000003 0.66015625 0.2864583333333333 0.6689453125 0.28125 0.677734375 0.26909722291666666 0.68359375 0.24826388958333334 0.68359375 0.21701388958333334 0.6796875 0.203125 0.6669921875 0.18055555625 0.6630859375 0.18055555625 0.6572265625 0.17361111041666666 0.6435546875 0.17361111041666666 0.6318359375 0.18402777708333332
1 0.576171875 0.14756944375 0.57421875 0.15451388958333334 0.57421875 0.17881944375 0.578125 0.19270833333333334 0.5908203125 0.21180555625 0.5947265625 0.21527777708333332 0.60546875 0.21354166666666666 0.6142578125 0.20833333333333334 0.623046875 0.19270833333333334 0.626953125 0.17534722291666668 0.626953125 0.16145833333333334 0.625 0.15104166666666666 0.6181640625 0.13541666666666666 0.6064453125 0.125 0.5927734375 0.125 0.5869140625 0.12847222291666666 0.576171875 0.14756944375
1 0.623046875 0.1267361104166667 0.62109375 0.140625 0.625 0.15104166666666666 0.626953125 0.171875 0.6318359375 0.18055555625 0.634765625 0.17881944375 0.6416015625 0.17361111041666666 0.6572265625 0.17361111041666666 0.6611328125 0.17708333333333334 0.666015625 0.16840277708333332 0.66796875 0.14756944375 0.6640625 0.13020833333333334 0.6572265625 0.11805555625 0.6494140625 0.11111111041666667 0.6337890625 0.11111111041666667 0.623046875 0.1267361104166667
1 0.5 0.16840277708333332 0.5029296875 0.17361111041666666 0.505859375 0.171875 0.5078125 0.14409722291666668 0.5166015625 0.12847222291666666 0.5263671875 0.12152777708333334 0.5341796875 0.12152777708333334 0.5341796875 0.11805555625 0.5263671875 0.11111111041666667 0.5107421875 0.11111111041666667 0.498046875 0.13020833333333334 0.49609375 0.15104166666666666 0.5 0.16840277708333332
1 0.13900076875 0.38252400833333333 0.14388358125 0.38078789583333333 0.15364920625 0.37037122916666665 0.15950858125 0.34953789583333333 0.15755545625 0.31828789583333333 0.14876639375 0.30613511875000005 0.13900076875 0.30613511875000005 0.12630545625 0.3321767854166667 0.12630545625 0.3634267854166667 0.12825858125 0.37037122916666665 0.13314139375 0.3790517854166667 0.13900076875 0.38252400833333333
1 0.12890625 0.29340277708333334 0.125 0.3072916666666667 0.125 0.3177083333333333 0.12890625 0.3177083333333333 0.1298828125 0.3125 0.1376953125 0.30555555624999997 0.1435546875 0.30555555624999997 0.1494140625 0.3125 0.1533203125 0.3125 0.154296875 0.30034722291666666 0.15234375 0.29340277708333334 0.1455078125 0.28472222291666666 0.1357421875 0.28472222291666666 0.12890625 0.29340277708333334
0 0.0595703125 0.46875 0.068359375 0.4670138895833333 0.076171875 0.453125 0.080078125 0.42881944375000003 0.078125 0.42534722291666666 0.076171875 0.4045138895833333 0.0693359375 0.3923611104166667 0.0634765625 0.3923611104166667 0.052734375 0.4079861104166667 0.05078125 0.41840277708333334 0.05078125 0.44965277708333334 0.0595703125 0.46875
0 0.033203125 0.5434027770833333 0.041015625 0.5260416666666666 0.041015625 0.48784722291666666 0.0341796875 0.46875 0.0224609375 0.46875 0.017578125 0.47743055624999997 0.013671875 0.4947916666666667 0.013671875 0.5190972229166666 0.017578125 0.5364583333333334 0.0224609375 0.5451388895833333 0.033203125 0.5434027770833333
0 0.1103515625 0.3854166666666667 0.119140625 0.38368055624999997 0.125 0.3767361104166667 0.123046875 0.36631944375000003 0.123046875 0.33159722291666666 0.125 0.32118055624999997 0.1220703125 0.31597222291666666 0.1123046875 0.31597222291666666 0.1015625 0.3385416666666667 0.099609375 0.36284722291666666 0.1064453125 0.38194444375000003 0.1103515625 0.3854166666666667
0 0.5078125 0.14409722291666668 0.505859375 0.15104166666666666 0.505859375 0.17881944375 0.5205078125 0.20833333333333334 0.533203125 0.21006944375 0.5419921875 0.19791666666666666 0.552734375 0.18923611041666666 0.556640625 0.17534722291666668 0.556640625 0.15798611041666666 0.5546875 0.14756944375 0.5458984375 0.12847222291666666 0.5361328125 0.12152777708333334 0.5244140625 0.12152777708333334 0.5185546875 0.125 0.5078125 0.14409722291666668
0 0.5517578125 0.19097222291666668 0.5400390625 0.20138888958333334 0.53125 0.21701388958333334 0.52734375 0.234375 0.52734375 0.26909722291666666 0.53515625 0.29340277708333334 0.5400390625 0.3020833333333333 0.5517578125 0.3125 0.55859375 0.3107638895833333 0.55859375 0.27256944375000003 0.564453125 0.25173611041666666 0.5791015625 0.22916666666666666 0.591796875 0.22395833333333334 0.591796875 0.21701388958333334 0.5869140625 0.20486111041666666 0.5732421875 0.19097222291666668 0.5654296875 0.19097222291666668 0.5634765625 0.1875 0.5517578125 0.19097222291666668
1 0.4462890625 0.19791666666666666 0.4541015625 0.20486111041666666 0.46875 0.203125 0.4716796875 0.20138888958333334 0.482421875 0.17881944375 0.482421875 0.14756944375 0.4736328125 0.12847222291666666 0.4677734375 0.125 0.4521484375 0.125 0.4375 0.14756944375 0.435546875 0.15798611041666666 0.4375 0.18229166666666666 0.4462890625 0.19791666666666666
1 0.279296875 0.2552083333333333 0.283203125 0.27256944375000003 0.2880859375 0.28125 0.2939453125 0.28472222291666666 0.2978515625 0.2916666666666667 0.310546875 0.28993055624999997 0.3154296875 0.28819444375000003 0.32421875 0.27256944375000003 0.328125 0.2552083333333333 0.328125 0.22743055625 0.3193359375 0.20486111041666666 0.3154296875 0.20138888958333334 0.2998046875 0.20138888958333334 0.287109375 0.21701388958333334 0.28125 0.234375 0.279296875 0.2552083333333333
1 0.3154296875 0.20138888958333334 0.32421875 0.21354166666666666 0.328125 0.22395833333333334 0.328125 0.23090277708333332 0.330078125 0.23090277708333332 0.33203125 0.22048611041666666 0.330078125 0.19965277708333332 0.3173828125 0.18055555625 0.3017578125 0.18402777708333332 0.2958984375 0.19097222291666668 0.291015625 0.203125 0.291015625 0.20659722291666668 0.2939453125 0.20833333333333334 0.2998046875 0.20138888958333334 0.3154296875 0.20138888958333334
0 0.248046875 0.27256944375000003 0.2587890625 0.2916666666666667 0.2646484375 0.2951388895833333 0.271484375 0.29340277708333334 0.2802734375 0.28819444375000003 0.28515625 0.2760416666666667 0.279296875 0.25173611041666666 0.28515625 0.22048611041666666 0.2763671875 0.21180555625 0.2666015625 0.21180555625 0.2587890625 0.21875 0.25 0.234375 0.24609375 0.2552083333333333 0.248046875 0.27256944375000003
0 0.2216796875 0.27430555624999997 0.2294921875 0.28125 0.240234375 0.2795138895833333 0.24609375 0.27256944375000003 0.24609375 0.25173611041666666 0.251953125 0.23090277708333332 0.251953125 0.22395833333333334 0.2451171875 0.21180555625 0.2373046875 0.20833333333333334 0.22265625 0.22048611041666666 0.216796875 0.24131944375 0.216796875 0.26215277708333334 0.2216796875 0.27430555624999997
0 0.1328125 0.4079861104166667 0.12890625 0.42534722291666666 0.12890625 0.45659722291666666 0.1318359375 0.46875 0.1494140625 0.47569444375000003 0.1611328125 0.49652777708333334 0.16796875 0.4947916666666667 0.1708984375 0.49305555624999997 0.181640625 0.4704861104166667 0.181640625 0.46006944375000003 0.18359375 0.45659722291666666 0.18359375 0.421875 0.1796875 0.4045138895833333 0.1689453125 0.3854166666666667 0.1572265625 0.37847222291666666 0.1455078125 0.3854166666666667 0.1328125 0.4079861104166667
0 0.107421875 0.4982638895833333 0.1015625 0.5295138895833333 0.1015625 0.5572916666666666 0.10546875 0.578125 0.1142578125 0.6006944437499999 0.1279296875 0.6145833333333334 0.14453125 0.6128472229166667 0.1494140625 0.6111111104166667 0.1640625 0.5850694437499999 0.166015625 0.5572916666666666 0.16796875 0.5538194437499999 0.16796875 0.5364583333333334 0.16015625 0.4947916666666667 0.1494140625 0.47569444375000003 0.1318359375 0.46875 0.1181640625 0.4791666666666667 0.107421875 0.4982638895833333