1 0.2841796875 1 0.2861328125 0.9965277770833333 0.2900390625 1 0.34765625 0.9982638895833333 0.3515625 0.9947916666666666 0.353515625 0.9739583333333334 0.35546875 0.9704861104166667 0.35546875 0.9357638895833333 0.353515625 0.9322916666666666 0.3515625 0.9114583333333334 0.337890625 0.8697916666666666 0.3193359375 0.8368055562500001 0.3056640625 0.8194444437499999 0.2861328125 0.8055555562500001 0.2548828125 0.8020833333333334 0.2529296875 0.8055555562500001 0.2392578125 0.8090277770833333 0.2275390625 0.8194444437499999 0.2109375 0.8454861104166667 0.203125 0.8767361104166667 0.201171875 0.921875 0.203125 0.9253472229166667 0.203125 0.9496527770833333 0.20703125 0.9704861104166667 0.2109375 0.9809027770833333 0.2109375 0.9878472229166667 0.2158203125 0.9965277770833333 0.2216796875 0.9965277770833333 0.2236328125 1 0.2841796875 1
1 0.75390625 0.7100694437499999 0.751953125 0.7065972229166667 0.751953125 0.6892361104166667 0.748046875 0.6684027770833333 0.7314453125 0.625 0.7060546875 0.5972222229166667 0.6982421875 0.5972222229166667 0.6865234375 0.5902777770833333 0.6708984375 0.5902777770833333 0.6689453125 0.59375 0.6611328125 0.59375 0.6435546875 0.6041666666666666 0.619140625 0.640625 0.6015625 0.6857638895833333 0.595703125 0.7170138895833333 0.595703125 0.7378472229166667 0.59375 0.7447916666666666 0.595703125 0.7482638895833333 0.59765625 0.7795138895833333 0.60546875 0.8107638895833333 0.6240234375 0.8472222229166667 0.6455078125 0.8680555562500001 0.6591796875 0.8680555562500001 0.6611328125 0.8715277770833333 0.68359375 0.8697916666666666 0.6923828125 0.8680555562500001 0.6962890625 0.8611111104166667 0.7021484375 0.8611111104166667 0.7099609375 0.8541666666666666 0.7138671875 0.8472222229166667 0.7197265625 0.84375 0.736328125 0.8142361104166667 0.7421875 0.8003472229166667 0.751953125 0.7586805562500001 0.75390625 0.7100694437499999
1 0.5322265625 0.3923611104166667 0.51953125 0.41493055624999997 0.5078125 0.46006944375000003 0.5078125 0.49131944375000003 0.515625 0.5295138895833333 0.5341796875 0.5659722229166667 0.5498046875 0.5798611104166667 0.580078125 0.578125 0.5966796875 0.5694444437499999 0.6064453125 0.5555555562500001 0.6171875 0.5329861104166667 0.625 0.4982638895833333 0.625 0.44965277708333334 0.61328125 0.4114583333333333 0.5986328125 0.3888888895833333 0.5849609375 0.37847222291666666 0.5595703125 0.375 0.5322265625 0.3923611104166667
1 0.8037109375 0.3576388895833333 0.7939453125 0.3576388895833333 0.7841796875 0.3645833333333333 0.7763671875 0.375 0.767578125 0.39409722291666666 0.76171875 0.41840277708333334 0.76171875 0.46006944375000003 0.767578125 0.48784722291666666 0.7822265625 0.5277777770833334 0.7958984375 0.5416666666666666 0.8125 0.5399305562500001 0.8212890625 0.5381944437499999 0.8330078125 0.5277777770833334 0.845703125 0.5017361104166667 0.853515625 0.4704861104166667 0.853515625 0.42881944375000003 0.845703125 0.39756944375000003 0.8310546875 0.36805555624999997 0.8173828125 0.3576388895833333 0.8056640625 0.3541666666666667 0.8037109375 0.3576388895833333
1 0.7470703125 0.2916666666666667 0.736328125 0.3107638895833333 0.73046875 0.33506944375000003 0.73046875 0.3767361104166667 0.734375 0.39756944375000003 0.7529296875 0.43402777708333334 0.759765625 0.4322916666666667 0.767578125 0.39409722291666666 0.7763671875 0.375 0.7880859375 0.3611111104166667 0.810546875 0.35243055624999997 0.810546875 0.33506944375000003 0.8046875 0.3142361104166667 0.7919921875 0.2916666666666667 0.7802734375 0.28125 0.7587890625 0.28125 0.7470703125 0.2916666666666667
1 0.6884765625 0.17013888958333334 0.69140625 0.16840277708333332 0.705078125 0.16145833333333334 0.705078125 0.14409722291666668 0.6962890625 0.12152777708333334 0.6787109375 0.11111111041666667 0.6669921875 0.11805555625 0.66015625 0.13020833333333334 0.6611328125 0.13888888958333334 0.6748046875 0.14236111041666666 0.685546875 0.15798611041666666 0.6884765625 0.17013888958333334
1 0.6240234375 0.17013888958333334 0.62890625 0.16840277708333332 0.6357421875 0.16319444375 0.642578125 0.14756944375 0.6337890625 0.12847222291666666 0.6240234375 0.12152777708333334 0.6142578125 0.12152777708333334 0.6044921875 0.12847222291666666 0.599609375 0.13715277708333332 0.6005859375 0.14236111041666666 0.6142578125 0.14930555625 0.6240234375 0.17013888958333334
1 0.5791015625 0.17361111041666666 0.5947265625 0.17361111041666666 0.6044921875 0.18055555625 0.6142578125 0.19444444375 0.6171875 0.19270833333333334 0.6171875 0.18576388958333334 0.623046875 0.16840277708333332 0.62109375 0.16145833333333334 0.6103515625 0.14583333333333334 0.6044921875 0.14583333333333334 0.6025390625 0.14236111041666666 0.5869140625 0.14583333333333334 0.576171875 0.16145833333333334 0.576171875 0.16840277708333332 0.5791015625 0.17361111041666666
1 0.6552734375 0.19444444375 0.67578125 0.21006944375 0.67578125 0.19965277708333332 0.669921875 0.18229166666666666 0.6533203125 0.16319444375 0.6337890625 0.16319444375 0.6259765625 0.17013888958333334 0.619140625 0.18229166666666666 0.615234375 0.19618055625 0.6201171875 0.21180555625 0.6396484375 0.19444444375 0.6552734375 0.19444444375
1 0.5107421875 0.22222222291666668 0.4931640625 0.22222222291666668 0.4775390625 0.23611111041666666 0.470703125 0.24826388958333334 0.462890625 0.27256944375000003 0.4609375 0.296875 0.4736328125 0.3263888895833333 0.48046875 0.32465277708333334 0.4853515625 0.31597222291666666 0.5029296875 0.3020833333333333 0.5244140625 0.3020833333333333 0.5322265625 0.30902777708333334 0.5380859375 0.30902777708333334 0.541015625 0.30381944375000003 0.541015625 0.26909722291666666 0.537109375 0.2552083333333333 0.5244140625 0.23263888958333334 0.5107421875 0.22222222291666668
1 0.4404296875 0.20833333333333334 0.427734375 0.23090277708333332 0.42578125 0.25173611041666666 0.423828125 0.2552083333333333 0.423828125 0.26909722291666666 0.4267578125 0.28472222291666666 0.4443359375 0.28819444375000003 0.4560546875 0.2986111104166667 0.4609375 0.296875 0.462890625 0.29340277708333334 0.462890625 0.27256944375000003 0.466796875 0.25868055625 0.470703125 0.24826388958333334 0.486328125 0.22395833333333334 0.486328125 0.22048611041666666 0.4775390625 0.20486111041666666 0.4658203125 0.19791666666666666 0.4541015625 0.19791666666666666 0.4404296875 0.20833333333333334
1 0.375 0.22743055625 0.375 0.23784722291666668 0.3935546875 0.24652777708333332 0.404296875 0.265625 0.408203125 0.2864583333333333 0.4111328125 0.2916666666666667 0.41796875 0.28993055624999997 0.4228515625 0.28819444375000003 0.42578125 0.2795138895833333 0.423828125 0.2760416666666667 0.423828125 0.25173611041666666 0.4296875 0.22048611041666666 0.4208984375 0.20486111041666666 0.4130859375 0.19791666666666666 0.3955078125 0.19791666666666666 0.3876953125 0.20486111041666666 0.375 0.22743055625
0 0.7314453125 0.4479166666666667 0.7060546875 0.4479166666666667 0.6923828125 0.4583333333333333 0.6806640625 0.47222222291666666 0.66796875 0.4947916666666667 0.658203125 0.5260416666666666 0.65625 0.5364583333333334 0.65625 0.5815972229166667 0.658203125 0.5885416666666666 0.6787109375 0.5902777770833333 0.6826171875 0.5868055562500001 0.6845703125 0.5902777770833333 0.6943359375 0.5902777770833333 0.6962890625 0.59375 0.7099609375 0.5972222229166667 0.7333984375 0.625 0.7421875 0.6475694437499999 0.7470703125 0.65625 0.751953125 0.6579861104166667 0.7568359375 0.6527777770833333 0.771484375 0.6232638895833333 0.779296875 0.5885416666666666 0.779296875 0.5399305562500001 0.77734375 0.5364583333333334 0.77734375 0.52256944375 0.76953125 0.4947916666666667 0.763671875 0.48090277708333334 0.7529296875 0.46527777708333334 0.7314453125 0.4479166666666667
0 0.72265625 0.421875 0.720703125 0.4010416666666667 0.7109375 0.3697916666666667 0.6904296875 0.34027777708333334 0.6787109375 0.33680555624999997 0.6767578125 0.3333333333333333 0.6611328125 0.3333333333333333 0.6435546875 0.34375 0.62890625 0.36631944375000003 0.619140625 0.4114583333333333 0.62109375 0.4322916666666667 0.626953125 0.45659722291666666 0.626953125 0.47743055624999997 0.62890625 0.484375 0.6435546875 0.5138888895833333 0.6494140625 0.5208333333333334 0.658203125 0.5190972229166666 0.6640625 0.50868055625 0.671875 0.484375 0.6845703125 0.46527777708333334 0.6904296875 0.4583333333333333 0.6943359375 0.4583333333333333 0.6982421875 0.4513888895833333 0.7216796875 0.44444444375000003 0.724609375 0.4392361104166667 0.724609375 0.42534722291666666 0.72265625 0.421875
0 0.6494140625 0.23611111041666666 0.6474609375 0.23958333333333334 0.6337890625 0.24305555625 0.615234375 0.27256944375000003 0.611328125 0.29340277708333334 0.611328125 0.328125 0.6171875 0.35243055624999997 0.6259765625 0.36805555624999997 0.62890625 0.36631944375000003 0.6396484375 0.34722222291666666 0.6611328125 0.3333333333333333 0.6767578125 0.3333333333333333 0.6865234375 0.34027777708333334 0.693359375 0.3385416666666667 0.6953125 0.328125 0.6953125 0.296875 0.6845703125 0.2604166666666667 0.6689453125 0.24305555625 0.6494140625 0.23611111041666666
0 0.5712890625 0.21180555625 0.5654296875 0.21527777708333332 0.5556640625 0.22569444375 0.544921875 0.25173611041666666 0.544921875 0.26215277708333334 0.54296875 0.265625 0.54296875 0.296875 0.546875 0.3072916666666667 0.546875 0.3142361104166667 0.5556640625 0.3333333333333333 0.5673828125 0.34722222291666666 0.5732421875 0.35069444375000003 0.59765625 0.3489583333333333 0.6025390625 0.34722222291666666 0.611328125 0.32465277708333334 0.611328125 0.29340277708333334 0.61328125 0.28993055624999997 0.615234375 0.26909722291666666 0.619140625 0.26215277708333334 0.619140625 0.25173611041666666 0.6083984375 0.22569444375 0.5927734375 0.21180555625 0.5712890625 0.21180555625
0 0.5244140625 0.3020833333333333 0.5048828125 0.3020833333333333 0.4853515625 0.31597222291666666 0.47265625 0.3385416666666667 0.46484375 0.36631944375000003 0.462890625 0.39409722291666666 0.46484375 0.39756944375000003 0.46484375 0.41493055624999997 0.46875 0.42881944375000003 0.4833984375 0.4583333333333333 0.4931640625 0.46875 0.4990234375 0.47222222291666666 0.50390625 0.4704861104166667 0.515625 0.421875 0.5283203125 0.3958333333333333 0.5419921875 0.38194444375000003 0.5625 0.3732638895833333 0.5625 0.359375 0.556640625 0.3385416666666667 0.5458984375 0.31944444375000003 0.5322265625 0.30555555624999997 0.5263671875 0.30555555624999997 0.5244140625 0.3020833333333333
0 0.4423828125 0.16666666666666666 0.4345703125 0.17361111041666666 0.421875 0.19965277708333332 0.421875 0.20659722291666668 0.4306640625 0.22222222291666668 0.431640625 0.22048611041666666 0.4404296875 0.20833333333333334 0.4541015625 0.19791666666666666 0.4658203125 0.19791666666666666 0.4775390625 0.20833333333333334 0.48046875 0.20659722291666668 0.48046875 0.19965277708333332 0.474609375 0.18229166666666666 0.4658203125 0.17013888958333334 0.4599609375 0.16666666666666666 0.4423828125 0.16666666666666666
0 0.3369140625 0.22569444375 0.3388671875 0.22222222291666668 0.3505859375 0.22569444375 0.3603515625 0.23958333333333334 0.373046875 0.23784722291666668 0.376953125 0.22048611041666666 0.380859375 0.21354166666666666 0.3740234375 0.19791666666666666 0.3662109375 0.19097222291666668 0.3505859375 0.19097222291666668 0.3447265625 0.19444444375 0.3388671875 0.20138888958333334 0.330078125 0.22048611041666666 0.3310546875 0.22569444375 0.3369140625 0.22569444375
0 0.3388671875 0.2916666666666667 0.3642578125 0.2916666666666667 0.3759765625 0.3020833333333333 0.3896484375 0.3298611104166667 0.392578125 0.328125 0.3984375 0.3107638895833333 0.408203125 0.296875 0.408203125 0.2795138895833333 0.404296875 0.265625 0.3935546875 0.24652777708333332 0.3837890625 0.23958333333333334 0.3603515625 0.24305555625 0.341796875 0.27256944375000003 0.337890625 0.2864583333333333 0.3388671875 0.2916666666666667
0 0.3330078125 0.2986111104166667 0.3271484375 0.30555555624999997 0.318359375 0.32118055624999997 0.314453125 0.33506944375000003 0.3125 0.35590277708333334 0.310546875 0.359375 0.3125 0.39409722291666666 0.31640625 0.4079861104166667 0.3349609375 0.4375 0.3408203125 0.44097222291666666 0.359375 0.4392361104166667 0.3779296875 0.4236111104166667 0.38671875 0.4010416666666667 0.388671875 0.390625 0.38671875 0.38715277708333334 0.388671875 0.328125 0.3759765625 0.3020833333333333 0.3642578125 0.2916666666666667 0.3408203125 0.2916666666666667 0.3369140625 0.2986111104166667 0.3330078125 0.2986111104166667
0 0.23828125 0.3420138895833333 0.236328125 0.35243055624999997 0.236328125 0.39409722291666666 0.240234375 0.4114583333333333 0.2490234375 0.4270833333333333 0.2587890625 0.43402777708333334 0.27734375 0.4322916666666667 0.2900390625 0.4236111104166667 0.294921875 0.41493055624999997 0.302734375 0.3802083333333333 0.302734375 0.3489583333333333 0.296875 0.328125 0.2861328125 0.30902777708333334 0.2822265625 0.30555555624999997 0.2607421875 0.30555555624999997 0.2470703125 0.31944444375000003 0.23828125 0.3420138895833333
0 0.77734375 0.2552083333333333 0.7802734375 0.26388888958333334 0.7841796875 0.25694444375 0.7939453125 0.25 0.8095703125 0.25 0.8212890625 0.2604166666666667 0.8291015625 0.27430555624999997 0.83203125 0.27256944375000003 0.833984375 0.265625 0.833984375 0.24131944375 0.830078125 0.22048611041666666 0.8173828125 0.19791666666666666 0.8076171875 0.19097222291666668 0.7958984375 0.19097222291666668 0.7880859375 0.19791666666666666 0.78125 0.21006944375 0.77734375 0.22395833333333334 0.77734375 0.2552083333333333
0 0.71484375 0.16145833333333334 0.7236328125 0.17013888958333334 0.732421875 0.18576388958333334 0.734375 0.19618055625 0.73828125 0.203125 0.73828125 0.23784722291666668 0.736328125 0.24479166666666666 0.748046875 0.24479166666666666 0.7509765625 0.24305555625 0.76171875 0.22048611041666666 0.76171875 0.20659722291666668 0.763671875 0.203125 0.76171875 0.18576388958333334 0.7578125 0.171875 0.7490234375 0.15625 0.7412109375 0.14930555625 0.7236328125 0.14930555625 0.71484375 0.16145833333333334
0 0.6669921875 0.17708333333333334 0.671875 0.18923611041666666 0.6767578125 0.19791666666666666 0.677734375 0.19618055625 0.6875 0.171875 0.6875 0.16493055625 0.685546875 0.15798611041666666 0.6748046875 0.14236111041666666 0.6689453125 0.13888888958333334 0.6513671875 0.13888888958333334 0.638671875 0.15451388958333334 0.6396484375 0.15972222291666668 0.6552734375 0.16319444375 0.6669921875 0.17708333333333334
0 0.556640625 0.16145833333333334 0.5615234375 0.18055555625 0.568359375 0.17881944375 0.5732421875 0.17361111041666666 0.576171875 0.16840277708333332 0.576171875 0.16145833333333334 0.587890625 0.14409722291666668 0.5791015625 0.12847222291666666 0.5615234375 0.12152777708333334 0.5517578125 0.12847222291666666 0.54296875 0.140625 0.5458984375 0.14930555625 0.556640625 0.16145833333333334