1 0.57890625 0.403125 0.559375 0.3857638895833333 0.53984375 0.38229166666666664 0.514453125 0.3996527791666667 0.5037109375 0.41875 0.4939453125 0.45347222291666667 0.4919921875 0.48472222291666667 0.4998046875 0.5229166666666667 0.5037109375 0.5333333333333333 0.514453125 0.5489583333333333 0.526171875 0.5628472229166667 0.5393880203125 0.5729166666666666 0.5431640703125 0.5729166666666666 0.5564453125 0.5715277791666666 0.573046875 0.5628472229166667 0.584765625 0.5454861125 0.5916015625 0.5298611125 0.5935546875 0.5194444458333334 0.5974609375 0.5125 0.5974609375 0.4986111125 0.5984375 0.496875 0.5984375 0.4530381958333333 0.5916015625 0.4256944458333333 0.57890625 0.403125
1 0.4509765625 0.14756944375 0.4470703125 0.16145833333333334 0.4470703125 0.18576388958333334 0.4529296875 0.203125 0.4630580359375 0.21458333333333332 0.4703124953125 0.21458333333333332 0.4802734375 0.21354166666666666 0.483203125 0.21180555625 0.4953125 0.1869658125 0.4953125 0.15324074166666665 0.487109375 0.13541666666666666 0.4765624984375 0.12916666666666668 0.4730468765625 0.12916666666666668 0.463671875 0.13194444375 0.4509765625 0.14756944375
1 0.4427734375 0.12118055416666666 0.4291015625 0.11770833333333333 0.4193359375 0.12465277708333335 0.410546875 0.14375 0.410546875 0.17152777708333333 0.4193359375 0.190625 0.4251953125 0.19583333333333333 0.433984375 0.19583333333333333 0.4427734375 0.190625 0.44765625 0.18194444375 0.44765625 0.15763888750000002 0.4515625 0.15069444375 0.453125 0.14236111041666666 0.453125 0.1388888875 0.4515625 0.13333333333333333 0.4427734375 0.12118055416666666
1 0.49609375 0.12291666666666666 0.49609375 0.10902777916666667 0.494140625 0.0986111125 0.4892578125 0.08993055624999999 0.4814453125 0.0829861125 0.4716796875 0.0829861125 0.458984375 0.0986111125 0.45703125 0.10555555624999999 0.45703125 0.12638888958333333 0.4599609375 0.13159722291666667 0.4716796875 0.13159722291666667 0.4755859375 0.128125 0.4861328125 0.1375 0.4890624984375 0.1375 0.490234375 0.13680555416666668 0.49609375 0.12291666666666666
1 0.509375 0.06545138958333334 0.49765625 0.06545138958333334 0.49375 0.06892361041666667 0.4869140625 0.08454861041666667 0.4947265625 0.0984375 0.4965942390625 0.125 0.50986328125 0.125 0.511328125 0.12447916666666667 0.5181640625 0.11232638958333332 0.51875 0.10607638958333333 0.51875 0.08697916666666666 0.51328125 0.06892361041666667 0.509375 0.06545138958333334
1 0.5521484375 0.05173611041666667 0.543359375 0.0638888875 0.54140625 0.08472222083333333 0.5482421875 0.10381944375 0.5509765625 0.10625 0.55976561875 0.10625 0.56484375 0.10555555416666666 0.566796875 0.10208333333333333 0.566796875 0.08125 0.571875 0.06620370208333333 0.571875 0.06249999791666667 0.5658203125 0.05173611041666667 0.5521484375 0.05173611041666667
1 0.591015625 0.065625 0.58515625 0.06215277708333333 0.5734375 0.065625 0.5666015625 0.07777777708333335 0.5646484375 0.09861111041666668 0.5685546875 0.1125 0.575390625 0.12465277708333335 0.578125 0.12708333333333333 0.5857421828125 0.12708333333333333 0.5900390625 0.1263888875 0.5998046875 0.1125 0.6015625 0.10624999791666667 0.6015625 0.08402777708333334 0.5998046875 0.07777777708333335 0.591015625 0.065625
1 0.6515625 0.07986111041666667 0.64765625 0.08333333333333333 0.6390625 0.10200617291666667 0.6390625 0.1236111125 0.641796875 0.12847222291666666 0.6447265625 0.1267361104166667 0.6447265625 0.12326388958333333 0.65546875 0.10763888958333333 0.661328125 0.10763888958333333 0.66328125 0.10416666666666667 0.673046875 0.10763888958333333 0.675 0.10416666666666667 0.675 0.09406565625 0.665234375 0.07986111041666667 0.6515625 0.07986111041666667
1 0.6671875 0.05173611041666667 0.657421875 0.05173611041666667 0.6505859375 0.06041666666666667 0.6486328125 0.06736111041666668 0.649609375 0.0795138875 0.665234375 0.0795138875 0.67625 0.09583333333333334 0.6775390625 0.09583333333333334 0.6779296875 0.0951388875 0.68125 0.0921875 0.68125 0.07931547708333334 0.675 0.05868055416666666 0.6671875 0.05173611041666667
1 0.731640625 0.0701388875 0.72578125 0.07361111041666667 0.7208984375 0.08229166666666667 0.7189453125 0.103125 0.721875 0.10833333333333334 0.7375 0.10833333333333334 0.7462890640625 0.12083333333333333 0.748046875 0.12083333333333333 0.7482421875 0.12048611041666667 0.7515625 0.11163194375 0.7515625 0.09494949375 0.74140625 0.07361111041666667 0.731640625 0.0701388875
1 0.8197265625 0.13576388958333335 0.8158203125 0.13229166666666667 0.8021484375 0.13229166666666667 0.7953125 0.14097222291666667 0.79140625 0.15486111249999998 0.793359375 0.17916666666666667 0.8060546875 0.20520833333333333 0.8095703125 0.20833333333333334 0.8117187546875 0.20833333333333334 0.81875 0.20694444583333332 0.8296875 0.19074074166666666 0.8296875 0.15902777916666666 0.8265625 0.14791666666666667 0.8197265625 0.13576388958333335
1 0.92265625 0.19791666666666666 0.9109375 0.19444444375 0.9041015625 0.203125 0.9001953125 0.21701388958333334 0.9001953125 0.24131944375 0.9041015625 0.2552083333333333 0.912890625 0.2708333333333333 0.916796875 0.27430555624999997 0.9197265625 0.27256944375000003 0.9216796875 0.25173611041666666 0.9236328125 0.24479166666666666 0.9328125 0.23173611041666667 0.9328125 0.221875 0.9294921875 0.21006944375 0.92265625 0.19791666666666666
0 0.4513671875 0.2829861104166667 0.4474609375 0.30034722291666666 0.4474609375 0.3385416666666667 0.4533203125 0.359375 0.4640625 0.375 0.47578125 0.3854166666666667 0.4962890625 0.38368055624999997 0.512890625 0.3645833333333333 0.5216796875 0.3454861104166667 0.5234375 0.3361111104166667 0.5234375 0.29288194375000004 0.5158203125 0.27256944375000003 0.505078125 0.25694444375 0.4953125 0.25 0.477734375 0.25 0.458203125 0.2673611104166667 0.4513671875 0.2829861104166667
0 0.4703125 0.4197916666666667 0.45078125 0.4024305541666667 0.43125 0.39895833333333336 0.409765625 0.4128472208333333 0.3931640625 0.4388888875 0.3853515625 0.4736111104166667 0.3853515625 0.5083333333333333 0.3931640625 0.5430555541666667 0.40390625 0.5621527770833333 0.415625 0.5760416666666667 0.4244140640625 0.58125 0.4478515625 0.58125 0.45859375 0.5760416666666667 0.4810546875 0.5430555541666667 0.4875 0.5144097229166666 0.4875 0.4732638875 0.4830078125 0.4493055541666667 0.4703125 0.4197916666666667
0 0.4203125 0.34097222083333334 0.406640625 0.33055555416666665 0.39296875 0.33055555416666665 0.375390625 0.34444444375 0.3626953125 0.36701388749999997 0.3548828125 0.39826388749999997 0.3548828125 0.42256944375 0.3626953125 0.45381944375 0.371484375 0.46944444375 0.3777343765625 0.475 0.383203121875 0.475 0.3841796875 0.47465277708333337 0.3919921875 0.43993055416666665 0.410546875 0.41041666666666665 0.428125 0.4 0.4421875 0.39833333125 0.4421875 0.39565972083333334 0.4349609375 0.36354166666666665 0.4203125 0.34097222083333334
0 0.3021484375 0.3059027791666667 0.2923828125 0.2989583333333333 0.2806640625 0.2989583333333333 0.2708984375 0.3059027791666667 0.26015625 0.3215277791666667 0.25234375 0.35625 0.254296875 0.3631944458333333 0.254296875 0.3840277791666667 0.26015625 0.4013888895833333 0.2689453125 0.41354166666666664 0.2742187484375 0.4166666666666667 0.2781250078125 0.4166666666666667 0.29140625 0.4152777791666667 0.3041015625 0.40659722291666667 0.308984375 0.3944444458333333 0.3140625 0.37337963125 0.3140625 0.3326388895833333 0.3109375 0.3215277791666667 0.3021484375 0.3059027791666667
0 0.384375 0.1013888875 0.374609375 0.1013888875 0.366796875 0.10833333333333334 0.3619140625 0.12048611041666667 0.3619140625 0.14479166666666668 0.366015625 0.15208333333333332 0.370703121875 0.15208333333333332 0.3716796875 0.15173611041666665 0.38046875 0.13611111041666665 0.39375 0.1313888875 0.39375 0.11458333125 0.38828125 0.10486111041666667 0.384375 0.1013888875
0 0.40859375 0.14791666666666667 0.4017578125 0.13576388958333335 0.3861328125 0.13229166666666667 0.3802734375 0.13576388958333335 0.36953125 0.15486111249999998 0.367578125 0.17916666666666667 0.371484375 0.19305555625 0.3783203125 0.20520833333333333 0.3818359375 0.20833333333333334 0.38476563124999996 0.20833333333333334 0.394921875 0.20694444583333332 0.3998046875 0.20520833333333333 0.409375 0.18510101041666666 0.409375 0.15972222291666668 0.40859375 0.15833333333333333 0.40859375 0.14791666666666667
0 0.4890625 0.059374997916666665 0.479296875 0.06284722083333333 0.4705078125 0.07847222083333333 0.47141927031249997 0.08333333333333333 0.47441405156250005 0.08333333333333333 0.4861328125 0.08194444375000001 0.4953125 0.0688888875 0.4953125 0.06493055416666667 0.494921875 0.06284722083333333 0.4890625 0.059374997916666665
0 0.51484375 0.07309027916666667 0.5177734375 0.08177083333333333 0.5196411125 0.10833333333333334 0.5319921875 0.10833333333333334 0.5390625 0.09262152708333334 0.5390625 0.07413194583333334 0.5373046875 0.06788194583333333 0.528892296875 0.05625 0.5146344875 0.05625 0.5099609375 0.06788194583333333 0.51484375 0.07309027916666667
0 0.683984375 0.11979166666666667 0.6751953125 0.10763888958333333 0.6615234375 0.10416666666666667 0.6517578125 0.11111111041666667 0.64296875 0.13020833333333334 0.64296875 0.15104166666666666 0.646875 0.16840277708333332 0.6595703125 0.1875 0.676171875 0.18576388958333334 0.6890625 0.16612103333333333 0.6890625 0.134375 0.687890625 0.13020833333333334 0.683984375 0.11979166666666667
0 0.69453125 0.09340277916666667 0.6828125 0.09340277916666667 0.6740234375 0.10555555624999999 0.680859375 0.1142361125 0.6876953125 0.12986111250000001 0.6896484375 0.13680555416666668 0.6896484375 0.16458333333333333 0.6919921875 0.16875 0.6931640625 0.16875 0.6935546875 0.16805555416666668 0.70234375 0.16284722083333333 0.7091796875 0.15069444583333333 0.7109375 0.14444444374999998 0.7109375 0.1190200625 0.70234375 0.10034722291666666 0.69453125 0.09340277916666667
0 0.711328125 0.15451388958333334 0.7256318937499999 0.18333333333333332 0.731835934375 0.18333333333333332 0.740625 0.18229166666666666 0.75234375 0.16493055625 0.753125 0.16215277708333334 0.753125 0.13645833333333332 0.750390625 0.1267361104166667 0.7435546875 0.11458333333333333 0.7365234375 0.10833333333333334 0.7216796875 0.10833333333333334 0.71328125 0.12326388958333333 0.711328125 0.15451388958333334
0 0.840234375 0.096875 0.83046875 0.10034722083333333 0.8255859375 0.11597222083333333 0.8255859375 0.12986111041666668 0.8294921875 0.14375 0.8386997765625 0.15416666666666667 0.8490234375 0.15416666666666667 0.8546875 0.14074073958333333 0.8546875 0.12222222291666666 0.8529296875 0.11597222083333333 0.840234375 0.096875