1 0.349609375 0.6440972229166667 0.3310546875 0.6111111104166667 0.3173828125 0.5972222229166667 0.3056640625 0.5902777770833333 0.2880859375 0.5902777770833333 0.2861328125 0.59375 0.2724609375 0.5972222229166667 0.2587890625 0.6111111104166667 0.2421875 0.640625 0.234375 0.6753472229166667 0.234375 0.7204861104166667 0.2421875 0.7621527770833333 0.2666015625 0.8125 0.2724609375 0.8194444437499999 0.2900390625 0.8263888895833333 0.2919921875 0.8298611104166667 0.3125 0.828125 0.3271484375 0.8229166666666666 0.3408203125 0.8055555562500001 0.353515625 0.7829861104166667 0.361328125 0.7447916666666666 0.361328125 0.6996527770833333 0.359375 0.6961805562500001 0.359375 0.6788194437499999 0.349609375 0.6440972229166667
1 0.2470703125 0.25694444375 0.2392578125 0.26388888958333334 0.2265625 0.28993055624999997 0.224609375 0.3177083333333333 0.2333984375 0.34722222291666666 0.2470703125 0.3576388895833333 0.2578125 0.35590277708333334 0.2646484375 0.35069444375000003 0.26953125 0.3420138895833333 0.26953125 0.3107638895833333 0.275390625 0.2864583333333333 0.2734375 0.2760416666666667 0.2666015625 0.26388888958333334 0.2587890625 0.25694444375 0.2470703125 0.25694444375
1 0.6689453125 0.33680555624999997 0.6669921875 0.3333333333333333 0.6435546875 0.3333333333333333 0.6279296875 0.34375 0.611328125 0.3732638895833333 0.603515625 0.41840277708333334 0.603515625 0.4322916666666667 0.611328125 0.4704861104166667 0.6201171875 0.4895833333333333 0.6337890625 0.50694444375 0.6435546875 0.5138888895833333 0.6513671875 0.5138888895833333 0.6533203125 0.5173611104166667 0.666015625 0.515625 0.6826171875 0.50694444375 0.697265625 0.484375 0.703125 0.4635416666666667 0.708984375 0.421875 0.701171875 0.3767361104166667 0.6884765625 0.35069444375000003 0.6748046875 0.33680555624999997 0.6689453125 0.33680555624999997
0 0.537109375 0.4635416666666667 0.53515625 0.4357638895833333 0.525390625 0.4010416666666667 0.5107421875 0.375 0.4912109375 0.3611111104166667 0.4697265625 0.3611111104166667 0.4521484375 0.37152777708333334 0.439453125 0.390625 0.4375 0.4010416666666667 0.431640625 0.4114583333333333 0.42578125 0.4392361104166667 0.42578125 0.4739583333333333 0.43359375 0.515625 0.4482421875 0.5416666666666666 0.4716796875 0.5590277770833333 0.490234375 0.5572916666666666 0.4970703125 0.5520833333333334 0.5029296875 0.5520833333333334 0.5068359375 0.5451388895833333 0.5126953125 0.5416666666666666 0.52734375 0.515625 0.53515625 0.484375 0.53515625 0.4670138895833333 0.537109375 0.4635416666666667
0 0.47440353281250003 0.28950846458333335 0.4604706 0.32858641875 0.435546875 0.36284722291666666 0.4375 0.3732638895833333 0.4423828125 0.38194444375000003 0.4599609375 0.3645833333333333 0.4677734375 0.3645833333333333 0.4697265625 0.3611111104166667 0.4912109375 0.3611111104166667 0.4931640625 0.3645833333333333 0.4990234375 0.3645833333333333 0.5146484375 0.38194444375000003 0.51953125 0.3802083333333333 0.5234375 0.36631944375000003 0.5234375 0.33506944375000003 0.521484375 0.33159722291666666 0.51953125 0.3107638895833333 0.5068359375 0.28472222291666666 0.4951171875 0.27430555624999997 0.4892578125 0.2708333333333333 0.47440353281250003 0.28950846458333335
0 0.2939453125 0.26388888958333334 0.2841796875 0.27430555624999997 0.275390625 0.28993055624999997 0.26953125 0.3142361104166667 0.26953125 0.3420138895833333 0.275390625 0.36284722291666666 0.2822265625 0.375 0.2958984375 0.3854166666666667 0.3046875 0.38368055624999997 0.3193359375 0.375 0.326171875 0.36284722291666666 0.333984375 0.328125 0.333984375 0.3107638895833333 0.330078125 0.28993055624999997 0.3193359375 0.2708333333333333 0.3115234375 0.26388888958333334 0.2939453125 0.26388888958333334
0 0.19140625 0.296875 0.185546875 0.32465277708333334 0.185546875 0.3385416666666667 0.189453125 0.35590277708333334 0.1982421875 0.37152777708333334 0.21875 0.3697916666666667 0.2265625 0.359375 0.23046875 0.3420138895833333 0.224609375 0.32118055624999997 0.2265625 0.28993055624999997 0.2216796875 0.28125 0.2080078125 0.27777777708333334 0.1982421875 0.28472222291666666 0.19140625 0.296875
0 0.267578125 0.19618055625 0.263671875 0.22048611041666666 0.2685546875 0.22916666666666666 0.2744140625 0.22916666666666666 0.2802734375 0.23611111041666666 0.2861328125 0.25 0.2890625 0.24826388958333334 0.2939453125 0.24652777708333332 0.30078125 0.23090277708333332 0.302734375 0.22395833333333334 0.302734375 0.19965277708333332 0.2939453125 0.18055555625 0.2861328125 0.17708333333333334 0.2744140625 0.18402777708333332 0.267578125 0.19618055625
0 0.3974609375 0.13541666666666666 0.3916015625 0.13888888958333334 0.3828125 0.15451388958333334 0.37890625 0.17534722291666668 0.380859375 0.17881944375 0.380859375 0.18923611041666666 0.3896484375 0.20486111041666666 0.392578125 0.203125 0.392578125 0.19270833333333334 0.3984375 0.171875 0.4052734375 0.15972222291666668 0.4189453125 0.15625 0.421875 0.15104166666666666 0.419921875 0.14409722291666668 0.4130859375 0.13541666666666666 0.3974609375 0.13541666666666666
0 0.4287109375 0.15625 0.4111328125 0.15625 0.4052734375 0.15972222291666668 0.3984375 0.171875 0.392578125 0.19270833333333334 0.392578125 0.20659722291666668 0.396484375 0.22743055625 0.4033203125 0.23958333333333334 0.412109375 0.24479166666666666 0.4140625 0.24131944375 0.412109375 0.23784722291666668 0.412109375 0.22048611041666666 0.41796875 0.19618055625 0.4267578125 0.18055555625 0.4375 0.171875 0.4375 0.16840277708333332 0.4287109375 0.15625
0 0.7646484375 0.22222222291666668 0.7587890625 0.21875 0.7412109375 0.22222222291666668 0.728515625 0.23784722291666668 0.720703125 0.26215277708333334 0.720703125 0.296875 0.7265625 0.3177083333333333 0.7412109375 0.34375 0.7451171875 0.34722222291666666 0.765625 0.3454861104166667 0.7744140625 0.34027777708333334 0.783203125 0.32465277708333334 0.7890625 0.30381944375000003 0.7890625 0.27256944375000003 0.787109375 0.26215277708333334 0.78125 0.24479166666666666 0.7724609375 0.22916666666666666 0.7646484375 0.22222222291666668
0 0.5087890625 0.19097222291666668 0.4970703125 0.20138888958333334 0.490234375 0.21354166666666666 0.486328125 0.22743055625 0.486328125 0.23784722291666668 0.49609375 0.25868055625 0.498046875 0.27256944375000003 0.5048828125 0.28125 0.5205078125 0.3125 0.525390625 0.3107638895833333 0.5380859375 0.3020833333333333 0.55078125 0.2795138895833333 0.5546875 0.24826388958333334 0.548828125 0.22048611041666666 0.544921875 0.21006944375 0.5361328125 0.19791666666666666 0.5283203125 0.19097222291666668 0.5087890625 0.19097222291666668