0 0.447265625 0.6857638895833333 0.4306640625 0.6527777770833333 0.4228515625 0.6423611104166667 0.3994140625 0.625 0.3759765625 0.6215277770833333 0.3740234375 0.625 0.3662109375 0.625 0.3544921875 0.6319444437499999 0.3505859375 0.6388888895833333 0.3408203125 0.6458333333333334 0.33203125 0.6614583333333334 0.31640625 0.7100694437499999 0.31640625 0.7621527770833333 0.318359375 0.765625 0.3203125 0.7899305562500001 0.328125 0.8107638895833333 0.328125 0.8177083333333334 0.3427734375 0.8472222229166667 0.3603515625 0.8645833333333334 0.3720703125 0.8715277770833333 0.3818359375 0.8715277770833333 0.3837890625 0.875 0.3984375 0.8732638895833333 0.4072265625 0.8715277770833333 0.4130859375 0.8680555562500001 0.4169921875 0.8611111104166667 0.4248046875 0.8576388895833333 0.443359375 0.828125 0.451171875 0.8072916666666666 0.451171875 0.8003472229166667 0.45703125 0.7795138895833333 0.45703125 0.7309027770833333 0.447265625 0.6857638895833333
0 0.32421875 0.8107638895833333 0.32421875 0.8038194437499999 0.3203125 0.796875 0.318359375 0.7864583333333334 0.3017578125 0.7569444437499999 0.2841796875 0.7361111104166667 0.2802734375 0.7361111104166667 0.2744140625 0.7291666666666666 0.2666015625 0.7291666666666666 0.2646484375 0.7256944437499999 0.2509765625 0.7256944437499999 0.2490234375 0.7291666666666666 0.2412109375 0.7291666666666666 0.2294921875 0.7361111104166667 0.212890625 0.7621527770833333 0.203125 0.7934027770833333 0.19921875 0.8142361104166667 0.19921875 0.859375 0.201171875 0.8628472229166667 0.201171875 0.8732638895833333 0.212890625 0.9149305562500001 0.2265625 0.9427083333333334 0.2353515625 0.9548611104166667 0.2392578125 0.9548611104166667 0.2431640625 0.9618055562500001 0.2626953125 0.9756944437499999 0.2705078125 0.9756944437499999 0.2724609375 0.9791666666666666 0.283203125 0.9774305562500001 0.3037109375 0.96875 0.3115234375 0.9583333333333334 0.32421875 0.9322916666666666 0.330078125 0.9010416666666666 0.330078125 0.8836805562500001 0.33203125 0.8802083333333334 0.33203125 0.8420138895833333 0.330078125 0.8385416666666666 0.328125 0.8177083333333334 0.32421875 0.8107638895833333
0 0.099609375 0.8732638895833333 0.091796875 0.9079861104166667 0.091796875 0.9322916666666666 0.09375 0.9357638895833333 0.09375 0.9496527770833333 0.095703125 0.953125 0.09765625 0.9739583333333334 0.1044921875 0.9965277770833333 0.1083984375 1 0.203125 0.9982638895833333 0.205078125 0.9947916666666666 0.205078125 0.9739583333333334 0.1953125 0.9288194437499999 0.1796875 0.890625 0.1650390625 0.8680555562500001 0.1513671875 0.8541666666666666 0.1396484375 0.8472222229166667 0.1240234375 0.8472222229166667 0.1083984375 0.8576388895833333 0.099609375 0.8732638895833333
0 0.2265625 0.41493055624999997 0.2265625 0.4357638895833333 0.224609375 0.4392361104166667 0.2265625 0.4670138895833333 0.23046875 0.48090277708333334 0.2412109375 0.5 0.2490234375 0.50694444375 0.26953125 0.5052083333333334 0.2763671875 0.5 0.287109375 0.484375 0.29296875 0.45659722291666666 0.29296875 0.421875 0.2890625 0.4045138895833333 0.2763671875 0.38194444375000003 0.2666015625 0.375 0.2529296875 0.375 0.2431640625 0.38194444375000003 0.2265625 0.41493055624999997
0 0.302734375 0.2552083333333333 0.30078125 0.22395833333333334 0.2939453125 0.21527777708333332 0.2822265625 0.21527777708333332 0.2734375 0.22743055625 0.26953125 0.24131944375 0.26953125 0.25868055625 0.2783203125 0.27777777708333334 0.29296875 0.2760416666666667 0.302734375 0.2552083333333333
0 0.318359375 0.2760416666666667 0.322265625 0.27256944375000003 0.32421875 0.26215277708333334 0.32421875 0.23090277708333332 0.326171875 0.22743055625 0.3251953125 0.20486111041666666 0.3076171875 0.21527777708333332 0.30078125 0.23090277708333332 0.302734375 0.2552083333333333 0.3134765625 0.27430555624999997 0.318359375 0.2760416666666667
0 0.3134765625 0.19444444375 0.3095703125 0.19791666666666666 0.302734375 0.21006944375 0.30078125 0.22048611041666666 0.3046875 0.22048611041666666 0.3251953125 0.20486111041666666 0.326171875 0.19618055625 0.3134765625 0.19444444375
0 0.458984375 0.18576388958333334 0.4677734375 0.20138888958333334 0.474609375 0.203125 0.4833984375 0.20138888958333334 0.490234375 0.18923611041666666 0.48828125 0.17881944375 0.490234375 0.15104166666666666 0.4853515625 0.14236111041666666 0.4794921875 0.13888888958333334 0.4658203125 0.14236111041666666 0.45703125 0.15798611041666666 0.45703125 0.17881944375 0.458984375 0.18576388958333334
0 0.4482421875 0.19791666666666666 0.45703125 0.17881944375 0.45703125 0.15798611041666666 0.4482421875 0.14236111041666666 0.4326171875 0.13888888958333334 0.431640625 0.16145833333333334 0.43359375 0.16493055625 0.43359375 0.19965277708333332 0.443359375 0.19965277708333332 0.4482421875 0.19791666666666666
0 0.73828125 0.234375 0.7490234375 0.2604166666666667 0.7587890625 0.2673611104166667 0.76953125 0.265625 0.779296875 0.24826388958333334 0.783203125 0.234375 0.78125 0.21006944375 0.77734375 0.19618055625 0.7685546875 0.18402777708333332 0.7646484375 0.18055555625 0.7490234375 0.18055555625 0.740234375 0.19270833333333334 0.736328125 0.20659722291666668 0.73828125 0.234375
0 0.9765625 0.4739583333333333 0.9677734375 0.4583333333333333 0.9599609375 0.4513888895833333 0.9482421875 0.4513888895833333 0.9384765625 0.4583333333333333 0.92578125 0.48090277708333334 0.919921875 0.5017361104166667 0.91796875 0.5121527770833334 0.91796875 0.5642361104166667 0.92578125 0.5954861104166667 0.9384765625 0.6180555562500001 0.9423828125 0.6215277770833333 0.95703125 0.6197916666666666 0.9658203125 0.6145833333333334 0.9765625 0.5954861104166667 0.978515625 0.5850694437499999 0.982421875 0.578125 0.984375 0.5538194437499999 0.986328125 0.5503472229166667 0.986328125 0.5190972229166666 0.984375 0.515625 0.982421875 0.49131944375000003 0.9765625 0.4739583333333333
1 0.8984375 0.38368055624999997 0.896484375 0.38715277708333334 0.8984375 0.41493055624999997 0.9091796875 0.4513888895833333 0.9150390625 0.4583333333333333 0.93359375 0.45659722291666666 0.9365234375 0.4548611104166667 0.94921875 0.42881944375000003 0.951171875 0.41840277708333334 0.951171875 0.3767361104166667 0.9384765625 0.34375 0.9267578125 0.3333333333333333 0.9169921875 0.3333333333333333 0.904296875 0.3489583333333333 0.8984375 0.3697916666666667 0.8984375 0.38368055624999997
1 0.9501953125 0.375 0.955078125 0.3732638895833333 0.962890625 0.35590277708333334 0.962890625 0.33159722291666666 0.958984375 0.3107638895833333 0.9482421875 0.28819444375000003 0.9365234375 0.28472222291666666 0.92578125 0.30034722291666666 0.921875 0.328125 0.9384765625 0.34375 0.943359375 0.35243055624999997 0.9501953125 0.375
1 0.8076171875 0.22569444375 0.8232421875 0.23958333333333334 0.830078125 0.2552083333333333 0.830078125 0.27256944375000003 0.83203125 0.27256944375000003 0.8359375 0.265625 0.8359375 0.23784722291666668 0.833984375 0.22743055625 0.8232421875 0.20833333333333334 0.8154296875 0.20138888958333334 0.8056640625 0.20138888958333334 0.8017578125 0.20486111041666666 0.794921875 0.21701388958333334 0.794921875 0.22395833333333334 0.8076171875 0.22569444375
1 0.787109375 0.23090277708333332 0.779296875 0.25173611041666666 0.78125 0.2795138895833333 0.7939453125 0.3125 0.8037109375 0.31944444375000003 0.814453125 0.3177083333333333 0.8173828125 0.31597222291666666 0.830078125 0.28993055624999997 0.830078125 0.26215277708333334 0.828125 0.25173611041666666 0.8232421875 0.24652777708333332 0.8212890625 0.23958333333333334 0.8134765625 0.23611111041666666 0.8056640625 0.22569444375 0.7919921875 0.22569444375 0.787109375 0.23090277708333332
1 0.513671875 0.203125 0.525390625 0.18576388958333334 0.52734375 0.16493055625 0.5185546875 0.14236111041666666 0.5146484375 0.13888888958333334 0.5009765625 0.13888888958333334 0.490234375 0.15451388958333334 0.48828125 0.16493055625 0.490234375 0.18923611041666666 0.5029296875 0.20486111041666666 0.513671875 0.203125
1 0.5517578125 0.20833333333333334 0.5615234375 0.21875 0.576171875 0.21701388958333334 0.5830078125 0.20833333333333334 0.587890625 0.19618055625 0.587890625 0.171875 0.5771484375 0.14930555625 0.5732421875 0.14583333333333334 0.5595703125 0.14583333333333334 0.546875 0.16493055625 0.544921875 0.17534722291666668 0.546875 0.19618055625 0.5517578125 0.20833333333333334
1 0.359375 0.24479166666666666 0.3662109375 0.24305555625 0.3720703125 0.23611111041666666 0.376953125 0.22395833333333334 0.376953125 0.19618055625 0.3701171875 0.18402777708333332 0.3642578125 0.18402777708333332 0.35546875 0.20659722291666668 0.3515625 0.24131944375 0.3544921875 0.24652777708333332 0.359375 0.24479166666666666