0 1 0.42534722291666666 0.9853515625 0.3958333333333333 0.9755859375 0.3923611104166667 0.9638671875 0.40277777708333334 0.95703125 0.41840277708333334 0.951171875 0.44965277708333334 0.951171875 0.4739583333333333 0.958984375 0.5121527770833334 0.9658203125 0.52430555625 0.9775390625 0.5347222229166667 0.986328125 0.5329861104166667 1 0.5052083333333334 1 0.42534722291666666
0 0.7578125 0.3489583333333333 0.759765625 0.35243055624999997 0.759765625 0.36284722291666666 0.765625 0.3802083333333333 0.7802734375 0.40277777708333334 0.7841796875 0.40277777708333334 0.7900390625 0.40972222291666666 0.8046875 0.4079861104166667 0.8203125 0.38368055624999997 0.826171875 0.36284722291666666 0.826171875 0.32465277708333334 0.818359375 0.296875 0.8056640625 0.27777777708333334 0.7958984375 0.2708333333333333 0.7783203125 0.27430555624999997 0.76171875 0.30034722291666666 0.7578125 0.3142361104166667 0.7578125 0.3489583333333333
0 0.529296875 0.26215277708333334 0.533203125 0.2760416666666667 0.5458984375 0.2951388895833333 0.5556640625 0.3020833333333333 0.576171875 0.30034722291666666 0.58984375 0.27256944375000003 0.591796875 0.26215277708333334 0.591796875 0.22743055625 0.5791015625 0.20138888958333334 0.5673828125 0.19097222291666668 0.5537109375 0.19097222291666668 0.5400390625 0.20138888958333334 0.533203125 0.21354166666666666 0.529296875 0.22743055625 0.529296875 0.26215277708333334
0 0.779296875 0.24826388958333334 0.783203125 0.26215277708333334 0.7880859375 0.2708333333333333 0.7958984375 0.2708333333333333 0.8115234375 0.28472222291666666 0.818359375 0.2829861104166667 0.82421875 0.27256944375000003 0.828125 0.25868055625 0.828125 0.234375 0.822265625 0.21006944375 0.8115234375 0.19444444375 0.8056640625 0.19097222291666668 0.7919921875 0.19097222291666668 0.7880859375 0.19444444375 0.779296875 0.21701388958333334 0.779296875 0.24826388958333334
0 0.755859375 0.234375 0.7626953125 0.24652777708333332 0.7724609375 0.25347222291666666 0.77734375 0.25173611041666666 0.779296875 0.24826388958333334 0.779296875 0.21701388958333334 0.783203125 0.203125 0.791015625 0.18923611041666666 0.7890625 0.18229166666666666 0.7802734375 0.17013888958333334 0.7646484375 0.16666666666666666 0.751953125 0.18576388958333334 0.75 0.21354166666666666 0.755859375 0.234375
0 0.701171875 0.23090277708333332 0.7138671875 0.25 0.7197265625 0.25347222291666666 0.732421875 0.25173611041666666 0.7421875 0.23784722291666668 0.74609375 0.22395833333333334 0.74609375 0.19965277708333332 0.7421875 0.18576388958333334 0.7275390625 0.16319444375 0.7119140625 0.16319444375 0.7041015625 0.17013888958333334 0.697265625 0.18576388958333334 0.697265625 0.21701388958333334 0.701171875 0.23090277708333332
0 0.623046875 0.16493055625 0.62890625 0.18229166666666666 0.6376953125 0.19444444375 0.65625 0.19270833333333334 0.6640625 0.17534722291666668 0.6640625 0.16493055625 0.666015625 0.16145833333333334 0.6640625 0.15798611041666666 0.6640625 0.14409722291666668 0.6494140625 0.12152777708333334 0.6376953125 0.12152777708333334 0.6298828125 0.12847222291666666 0.623046875 0.14756944375 0.623046875 0.16493055625
0 0.619140625 0.140625 0.6220703125 0.14583333333333334 0.623046875 0.14409722291666668 0.6298828125 0.12847222291666666 0.6416015625 0.12152777708333334 0.64453125 0.11631944375 0.640625 0.09895833333333333 0.6357421875 0.09027777708333334 0.6298828125 0.08680555625 0.6220703125 0.08680555625 0.611328125 0.10243055625 0.611328125 0.12326388958333333 0.619140625 0.140625
0 0.564453125 0.140625 0.5712890625 0.13888888958333334 0.576171875 0.13020833333333334 0.578125 0.11979166666666667 0.578125 0.09895833333333333 0.5712890625 0.08680555625 0.5595703125 0.08680555625 0.55078125 0.09895833333333333 0.55078125 0.12326388958333333 0.5595703125 0.13888888958333334 0.564453125 0.140625
0 0.5390625 0.13715277708333332 0.5439453125 0.13541666666666666 0.55078125 0.12326388958333333 0.55078125 0.09895833333333333 0.5439453125 0.08680555625 0.5302734375 0.08680555625 0.5234375 0.09895833333333333 0.521484375 0.11284722291666666 0.5234375 0.12326388958333333 0.5283203125 0.13194444375 0.5390625 0.13715277708333332
0 0.431640625 0.14756944375 0.43359375 0.1267361104166667 0.431640625 0.11979166666666667 0.4248046875 0.11111111041666667 0.4130859375 0.11111111041666667 0.404296875 0.1267361104166667 0.404296875 0.14756944375 0.4150390625 0.16319444375 0.421875 0.16145833333333334 0.431640625 0.14756944375
0 0.3076171875 0.22569444375 0.3125 0.22395833333333334 0.3193359375 0.21875 0.326171875 0.19965277708333332 0.32421875 0.17881944375 0.3154296875 0.16666666666666666 0.3037109375 0.17013888958333334 0.294921875 0.18923611041666666 0.294921875 0.20659722291666668 0.296875 0.21354166666666666 0.3017578125 0.22222222291666668 0.3076171875 0.22569444375
1 0.37109375 0.18576388958333334 0.373046875 0.16493055625 0.3642578125 0.14583333333333334 0.3544921875 0.14583333333333334 0.3466796875 0.15277777708333332 0.341796875 0.16493055625 0.341796875 0.18576388958333334 0.3505859375 0.20138888958333334 0.361328125 0.19965277708333332 0.37109375 0.18576388958333334
1 0.607421875 0.18923611041666666 0.619140625 0.171875 0.62109375 0.14409722291666668 0.6103515625 0.12152777708333334 0.6044921875 0.11805555625 0.5888671875 0.12152777708333334 0.580078125 0.140625 0.580078125 0.16493055625 0.5869140625 0.18055555625 0.5986328125 0.19097222291666668 0.607421875 0.18923611041666666
1 0.5810546875 0.12847222291666666 0.5859375 0.1267361104166667 0.5947265625 0.11805555625 0.6044921875 0.11805555625 0.6083984375 0.12152777708333334 0.609375 0.10243055625 0.5966796875 0.08680555625 0.5908203125 0.08680555625 0.5810546875 0.09375 0.578125 0.10243055625 0.578125 0.12326388958333333 0.5810546875 0.12847222291666666
1 0.6298828125 0.07638888958333333 0.6279296875 0.07986111041666667 0.6259765625 0.07986111041666667 0.623046875 0.08506944375 0.6240234375 0.08680555625 0.6298828125 0.08680555625 0.6318359375 0.09027777708333334 0.6337890625 0.09027777708333334 0.640625 0.10243055625 0.640625 0.10590277708333334 0.642578125 0.109375 0.642578125 0.11631944375 0.6455078125 0.12152777708333334 0.6513671875 0.12152777708333334 0.65234375 0.11979166666666667 0.650390625 0.11631944375 0.650390625 0.10590277708333334 0.6484375 0.10243055625 0.6484375 0.09895833333333333 0.646484375 0.09548611041666667 0.646484375 0.09201388958333333 0.6396484375 0.07986111041666667 0.6357421875 0.07986111041666667 0.6337890625 0.07638888958333333 0.6298828125 0.07638888958333333
1 0.5712890625 0.07986111041666667 0.56640625 0.08506944375 0.580078125 0.09548611041666667 0.5830078125 0.09375 0.583984375 0.08854166666666667 0.5791015625 0.07986111041666667 0.5712890625 0.07986111041666667