1 0.775390625 0.3177083333333333 0.76953125 0.3385416666666667 0.76953125 0.3802083333333333 0.771484375 0.38368055624999997 0.771484375 0.39409722291666666 0.779296875 0.41493055624999997 0.7900390625 0.43402777708333334 0.8037109375 0.44444444375000003 0.81640625 0.4427083333333333 0.8271484375 0.4375 0.837890625 0.421875 0.845703125 0.39409722291666666 0.84765625 0.359375 0.841796875 0.328125 0.8271484375 0.2986111104166667 0.8134765625 0.28819444375000003 0.7998046875 0.28819444375000003 0.7861328125 0.2986111104166667 0.775390625 0.3177083333333333
1 0.7314453125 0.22222222291666668 0.7275390625 0.21875 0.7080078125 0.21875 0.6943359375 0.23263888958333334 0.6875 0.24479166666666666 0.68359375 0.265625 0.685546875 0.30034722291666666 0.689453125 0.3177083333333333 0.7060546875 0.34722222291666666 0.7119140625 0.35069444375000003 0.73046875 0.3489583333333333 0.7392578125 0.34375 0.751953125 0.32118055624999997 0.755859375 0.3072916666666667 0.755859375 0.2760416666666667 0.75390625 0.27256944375000003 0.75390625 0.26215277708333334 0.75 0.24826388958333334 0.7412109375 0.23263888958333334 0.7353515625 0.22916666666666666 0.7314453125 0.22222222291666668
1 0.6357421875 0.22222222291666668 0.6240234375 0.22569444375 0.6162109375 0.23263888958333334 0.60546875 0.25173611041666666 0.60546875 0.26215277708333334 0.619140625 0.28993055624999997 0.62109375 0.30034722291666666 0.623046875 0.35243055624999997 0.6337890625 0.3611111104166667 0.65625 0.359375 0.673828125 0.33159722291666666 0.677734375 0.3177083333333333 0.6796875 0.3072916666666667 0.6796875 0.27256944375000003 0.673828125 0.25173611041666666 0.6611328125 0.22916666666666666 0.6533203125 0.22222222291666668 0.6416015625 0.22222222291666668 0.6376953125 0.21875 0.6357421875 0.22222222291666668
1 0.541015625 0.2795138895833333 0.53515625 0.30034722291666666 0.533203125 0.328125 0.54296875 0.3732638895833333 0.5595703125 0.39930555624999997 0.5693359375 0.40625 0.587890625 0.4045138895833333 0.6025390625 0.3923611104166667 0.619140625 0.359375 0.62109375 0.3489583333333333 0.62109375 0.30381944375000003 0.615234375 0.2829861104166667 0.6025390625 0.2604166666666667 0.5849609375 0.24652777708333332 0.5712890625 0.24652777708333332 0.5517578125 0.2604166666666667 0.541015625 0.2795138895833333
1 0.5849609375 0.20833333333333334 0.5791015625 0.20486111041666666 0.5576171875 0.20486111041666666 0.5478515625 0.21527777708333332 0.5390625 0.23090277708333332 0.533203125 0.24826388958333334 0.53125 0.27256944375000003 0.53515625 0.2864583333333333 0.5390625 0.2864583333333333 0.5517578125 0.2604166666666667 0.5595703125 0.25347222291666666 0.5712890625 0.25 0.5732421875 0.24652777708333332 0.5849609375 0.24652777708333332 0.6005859375 0.2604166666666667 0.603515625 0.2552083333333333 0.603515625 0.24131944375 0.6015625 0.234375 0.5849609375 0.20833333333333334
1 0.59765625 0.22743055625 0.6015625 0.234375 0.603515625 0.24479166666666666 0.6064453125 0.25 0.607421875 0.24826388958333334 0.6162109375 0.23263888958333334 0.6298828125 0.22222222291666668 0.66015625 0.22395833333333334 0.654296875 0.203125 0.6435546875 0.1875 0.6376953125 0.18402777708333332 0.6201171875 0.18402777708333332 0.6064453125 0.19444444375 0.59765625 0.21354166666666666 0.59765625 0.22743055625
1 0.6611328125 0.1875 0.65625 0.19965277708333332 0.65625 0.21354166666666666 0.66015625 0.22743055625 0.669921875 0.24131944375 0.677734375 0.265625 0.6806640625 0.2708333333333333 0.68359375 0.26909722291666666 0.6875 0.24479166666666666 0.7001953125 0.22569444375 0.7119140625 0.21875 0.71484375 0.21354166666666666 0.708984375 0.19270833333333334 0.7041015625 0.18402777708333332 0.6923828125 0.17361111041666666 0.6748046875 0.17361111041666666 0.6689453125 0.17708333333333334 0.6611328125 0.1875
1 0.72265625 0.20659722291666668 0.720703125 0.21701388958333334 0.7275390625 0.21875 0.7392578125 0.22916666666666666 0.75 0.24826388958333334 0.755859375 0.27256944375000003 0.755859375 0.30034722291666666 0.763671875 0.30034722291666666 0.7734375 0.2864583333333333 0.77734375 0.26909722291666666 0.77734375 0.23784722291666668 0.7734375 0.22395833333333334 0.7646484375 0.20486111041666666 0.7548828125 0.19444444375 0.7412109375 0.19097222291666668 0.7392578125 0.19444444375 0.7275390625 0.19791666666666666 0.72265625 0.20659722291666668
1 0.7236328125 0.16319444375 0.7314453125 0.16319444375 0.7431640625 0.17013888958333334 0.751953125 0.16840277708333332 0.75390625 0.16145833333333334 0.75390625 0.140625 0.7431640625 0.11805555625 0.7333984375 0.11111111041666667 0.7236328125 0.11111111041666667 0.712890625 0.1267361104166667 0.7109375 0.15451388958333334 0.7138671875 0.15972222291666668 0.7216796875 0.15972222291666668 0.7236328125 0.16319444375
1 0.79296875 0.17534722291666668 0.7998046875 0.19097222291666668 0.8056640625 0.19444444375 0.81640625 0.19270833333333334 0.8193359375 0.19097222291666668 0.826171875 0.17534722291666668 0.826171875 0.15104166666666666 0.82421875 0.14409722291666668 0.8173828125 0.12847222291666666 0.8095703125 0.12152777708333334 0.7958984375 0.125 0.791015625 0.13715277708333332 0.791015625 0.16840277708333332 0.79296875 0.17534722291666668
1 0.849609375 0.19270833333333334 0.8603515625 0.22222222291666668 0.8662109375 0.22569444375 0.87109375 0.22395833333333334 0.8779296875 0.21875 0.8828125 0.20659722291666668 0.884765625 0.19618055625 0.8828125 0.19270833333333334 0.8828125 0.17881944375 0.8720703125 0.15625 0.8642578125 0.14930555625 0.8583984375 0.14930555625 0.849609375 0.16493055625 0.849609375 0.19270833333333334