1 0.28125 0.22395833333333334 0.27734375 0.23784722291666668 0.27734375 0.25868055625 0.2880859375 0.28125 0.2919921875 0.28472222291666666 0.3046875 0.2829861104166667 0.314453125 0.27256944375000003 0.3203125 0.24479166666666666 0.3203125 0.22743055625 0.318359375 0.22048611041666666 0.3095703125 0.20833333333333334 0.2978515625 0.20486111041666666 0.2880859375 0.21180555625 0.28125 0.22395833333333334
1 0.5283203125 0.17708333333333334 0.5224609375 0.18055555625 0.513671875 0.19270833333333334 0.505859375 0.22048611041666666 0.505859375 0.24479166666666666 0.509765625 0.25868055625 0.5146484375 0.2673611104166667 0.517578125 0.265625 0.517578125 0.25173611041666666 0.521484375 0.234375 0.5322265625 0.21527777708333332 0.5439453125 0.20486111041666666 0.5625 0.203125 0.5576171875 0.1875 0.5458984375 0.17708333333333334 0.5283203125 0.17708333333333334
1 0.50390625 0.16145833333333334 0.50390625 0.16840277708333332 0.5146484375 0.1875 0.517578125 0.18576388958333334 0.5283203125 0.17708333333333334 0.5478515625 0.17708333333333334 0.548828125 0.16840277708333332 0.5400390625 0.14930555625 0.5322265625 0.14236111041666666 0.5205078125 0.14236111041666666 0.5107421875 0.14930555625 0.50390625 0.16145833333333334
1 0.4453125 0.171875 0.447265625 0.17881944375 0.4541015625 0.19097222291666668 0.4580078125 0.19444444375 0.4609375 0.19270833333333334 0.4697265625 0.17361111041666666 0.482421875 0.15798611041666666 0.484375 0.14756944375 0.484375 0.13715277708333332 0.4716796875 0.12152777708333334 0.4541015625 0.125 0.4453125 0.14409722291666668 0.4453125 0.171875
1 0.416015625 0.13715277708333332 0.4189453125 0.14236111041666666 0.4267578125 0.14236111041666666 0.4345703125 0.14930555625 0.439453125 0.16493055625 0.439453125 0.18576388958333334 0.443359375 0.18576388958333334 0.447265625 0.17534722291666668 0.4453125 0.171875 0.4453125 0.14409722291666668 0.447265625 0.140625 0.4423828125 0.13194444375 0.4326171875 0.125 0.4208984375 0.12847222291666666 0.416015625 0.13715277708333332
1 0.607421875 0.16840277708333332 0.615234375 0.18229166666666666 0.62109375 0.203125 0.6220703125 0.22222222291666668 0.6279296875 0.22569444375 0.642578125 0.22395833333333334 0.654296875 0.171875 0.65234375 0.16145833333333334 0.6474609375 0.14930555625 0.6416015625 0.14583333333333334 0.6357421875 0.13541666666666666 0.6220703125 0.13541666666666666 0.607421875 0.15798611041666666 0.607421875 0.16840277708333332
1 0.748046875 0.18923611041666666 0.7333984375 0.16666666666666666 0.7216796875 0.16319444375 0.7197265625 0.16666666666666666 0.7138671875 0.16666666666666666 0.703125 0.18229166666666666 0.701171875 0.19270833333333334 0.703125 0.203125 0.7060546875 0.20833333333333334 0.708984375 0.20659722291666668 0.7138671875 0.19791666666666666 0.7255859375 0.19444444375 0.7275390625 0.19097222291666668 0.7412109375 0.19444444375 0.7470703125 0.20138888958333334 0.7490234375 0.20138888958333334 0.75 0.19618055625 0.748046875 0.18923611041666666
1 0.6552734375 0.18055555625 0.6689453125 0.17013888958333334 0.6806640625 0.17013888958333334 0.6904296875 0.17708333333333334 0.6982421875 0.19097222291666668 0.701171875 0.18923611041666666 0.703125 0.18576388958333334 0.701171875 0.171875 0.6904296875 0.15277777708333332 0.6787109375 0.14583333333333334 0.6708984375 0.14583333333333334 0.6630859375 0.15277777708333332 0.654296875 0.171875 0.6552734375 0.18055555625
1 0.8505859375 0.35069444375000003 0.8466796875 0.35069444375000003 0.8408203125 0.34375 0.8271484375 0.34375 0.8115234375 0.3576388895833333 0.802734375 0.3732638895833333 0.80078125 0.38368055624999997 0.806640625 0.39756944375000003 0.810546875 0.41840277708333334 0.810546875 0.453125 0.82421875 0.4739583333333333 0.833984375 0.5017361104166667 0.837890625 0.5017361104166667 0.8564453125 0.46875 0.8642578125 0.46180555624999997 0.8701171875 0.46180555624999997 0.873046875 0.45659722291666666 0.875 0.41493055624999997 0.8671875 0.3802083333333333 0.8583984375 0.3611111104166667 0.8505859375 0.35069444375000003
1 0.810546875 0.421875 0.802734375 0.38715277708333334 0.7841796875 0.3576388895833333 0.7744140625 0.35069444375000003 0.7548828125 0.35069444375000003 0.7353515625 0.36805555624999997 0.724609375 0.390625 0.71875 0.41493055624999997 0.716796875 0.4427083333333333 0.71875 0.44618055624999997 0.71875 0.4635416666666667 0.72265625 0.484375 0.724609375 0.49131944375000003 0.7333984375 0.50694444375 0.734375 0.5052083333333334 0.7509765625 0.46875 0.7666015625 0.4513888895833333 0.7783203125 0.4479166666666667 0.7802734375 0.44444444375000003 0.7958984375 0.44444444375000003 0.8056640625 0.4513888895833333 0.810546875 0.44965277708333334 0.810546875 0.421875
1 0.9130859375 0.38194444375000003 0.8974609375 0.38194444375000003 0.8916015625 0.3854166666666667 0.875 0.41840277708333334 0.873046875 0.45659722291666666 0.8916015625 0.46180555624999997 0.9052734375 0.47569444375000003 0.916015625 0.4982638895833333 0.921875 0.5260416666666666 0.9248046875 0.53125 0.92578125 0.5295138895833333 0.9306640625 0.52430555625 0.9375 0.50868055625 0.943359375 0.47743055624999997 0.94140625 0.4392361104166667 0.9375 0.41840277708333334 0.935546875 0.4114583333333333 0.9189453125 0.3854166666666667 0.9130859375 0.38194444375000003
1 0.759765625 0.22743055625 0.7626953125 0.23611111041666666 0.7666015625 0.23611111041666666 0.7705078125 0.22916666666666666 0.7900390625 0.22916666666666666 0.8017578125 0.23958333333333334 0.8076171875 0.25 0.810546875 0.24826388958333334 0.810546875 0.23784722291666668 0.806640625 0.22395833333333334 0.7978515625 0.20833333333333334 0.7861328125 0.19791666666666666 0.7744140625 0.19791666666666666 0.7666015625 0.20486111041666666 0.759765625 0.21701388958333334 0.759765625 0.22743055625
1 0.716796875 0.32118055624999997 0.7080078125 0.30902777708333334 0.6943359375 0.2986111104166667 0.6728515625 0.2986111104166667 0.6552734375 0.3125 0.64453125 0.33159722291666666 0.638671875 0.35590277708333334 0.638671875 0.39409722291666666 0.646484375 0.42534722291666666 0.65234375 0.4392361104166667 0.6650390625 0.4583333333333333 0.6767578125 0.46527777708333334 0.69140625 0.4635416666666667 0.7060546875 0.4548611104166667 0.716796875 0.4357638895833333 0.71875 0.4114583333333333 0.728515625 0.3802083333333333 0.728515625 0.36284722291666666 0.7265625 0.359375 0.7265625 0.3489583333333333 0.716796875 0.32118055624999997
0 0.4033203125 0.14930555625 0.396484375 0.16493055625 0.39453125 0.17534722291666668 0.396484375 0.19618055625 0.4052734375 0.21180555625 0.4130859375 0.21875 0.421875 0.21701388958333334 0.4306640625 0.21180555625 0.4375 0.19618055625 0.439453125 0.18923611041666666 0.439453125 0.16145833333333334 0.4345703125 0.14930555625 0.4267578125 0.14236111041666666 0.4111328125 0.14236111041666666 0.4033203125 0.14930555625
0 0.4716796875 0.12152777708333334 0.4794921875 0.12847222291666666 0.4853515625 0.13888888958333334 0.48828125 0.13715277708333332 0.490234375 0.13020833333333334 0.4814453125 0.11458333333333333 0.4736328125 0.10763888958333333 0.4638671875 0.10763888958333333 0.453125 0.11979166666666667 0.4541015625 0.12847222291666666 0.4619140625 0.12152777708333334 0.4716796875 0.12152777708333334
0 0.52734375 0.13715277708333332 0.529296875 0.13368055625 0.525390625 0.12326388958333333 0.5126953125 0.11111111041666667 0.4990234375 0.11458333333333333 0.490234375 0.13020833333333334 0.5146484375 0.12847222291666666 0.5224609375 0.13888888958333334 0.52734375 0.13715277708333332
0 0.4931640625 0.16319444375 0.4951171875 0.16666666666666666 0.501953125 0.16493055625 0.5107421875 0.14930555625 0.5234375 0.140625 0.5107421875 0.125 0.5029296875 0.125 0.4912109375 0.13194444375 0.484375 0.14409722291666668 0.482421875 0.16145833333333334 0.4931640625 0.16319444375
0 0.6904296875 0.17708333333333334 0.6865234375 0.17708333333333334 0.6806640625 0.17013888958333334 0.6689453125 0.17013888958333334 0.6552734375 0.18055555625 0.6484375 0.19618055625 0.646484375 0.20659722291666668 0.646484375 0.234375 0.6494140625 0.24305555625 0.666015625 0.24131944375 0.6728515625 0.22916666666666666 0.6865234375 0.21875 0.6923828125 0.21527777708333332 0.6982421875 0.21527777708333332 0.7001953125 0.21875 0.7041015625 0.21527777708333332 0.703125 0.19965277708333332 0.6904296875 0.17708333333333334
0 0.5322265625 0.21527777708333332 0.521484375 0.234375 0.517578125 0.25173611041666666 0.517578125 0.27256944375000003 0.521484375 0.29340277708333334 0.5302734375 0.3125 0.5439453125 0.3263888895833333 0.556640625 0.328125 0.5712890625 0.31944444375000003 0.5859375 0.29340277708333334 0.58984375 0.26215277708333334 0.583984375 0.234375 0.5712890625 0.21180555625 0.5634765625 0.20486111041666666 0.5439453125 0.20486111041666666 0.5322265625 0.21527777708333332
0 0.703125 0.28993055624999997 0.697265625 0.27256944375000003 0.6806640625 0.24652777708333332 0.6748046875 0.24652777708333332 0.6728515625 0.24305555625 0.6533203125 0.24305555625 0.6416015625 0.25347222291666666 0.630859375 0.27256944375000003 0.625 0.30034722291666666 0.626953125 0.33159722291666666 0.630859375 0.3454861104166667 0.6376953125 0.3576388895833333 0.638671875 0.35590277708333334 0.64453125 0.33159722291666666 0.6552734375 0.3125 0.6650390625 0.3020833333333333 0.6708984375 0.2986111104166667 0.6943359375 0.2986111104166667 0.7001953125 0.30555555624999997 0.7041015625 0.30555555624999997 0.703125 0.28993055624999997
0 0.7177734375 0.19444444375 0.7138671875 0.19791666666666666 0.705078125 0.21701388958333334 0.720703125 0.23784722291666668 0.73046875 0.2795138895833333 0.728515625 0.2829861104166667 0.728515625 0.30034722291666666 0.7421875 0.30034722291666666 0.751953125 0.2864583333333333 0.751953125 0.27256944375000003 0.759765625 0.24479166666666666 0.759765625 0.22743055625 0.75390625 0.21006944375 0.7412109375 0.19444444375 0.7353515625 0.19097222291666668 0.7177734375 0.19444444375
0 0.7705078125 0.22916666666666666 0.7578125 0.24826388958333334 0.75390625 0.26215277708333334 0.75390625 0.27256944375000003 0.751953125 0.2760416666666667 0.75390625 0.30381944375000003 0.7666015625 0.33680555624999997 0.7802734375 0.35069444375000003 0.791015625 0.3489583333333333 0.8037109375 0.34027777708333334 0.810546875 0.328125 0.81640625 0.30034722291666666 0.814453125 0.27256944375000003 0.80859375 0.25173611041666666 0.7958984375 0.23263888958333334 0.7919921875 0.22916666666666666 0.7705078125 0.22916666666666666
0 0.810546875 0.25173611041666666 0.81640625 0.2829861104166667 0.814453125 0.32465277708333334 0.8232421875 0.34375 0.841796875 0.3420138895833333 0.8525390625 0.31944444375000003 0.861328125 0.3107638895833333 0.861328125 0.2760416666666667 0.8505859375 0.24652777708333332 0.8349609375 0.23263888958333334 0.8251953125 0.23263888958333334 0.8173828125 0.23958333333333334 0.810546875 0.25173611041666666
0 0.8486328125 0.3263888895833333 0.84375 0.3385416666666667 0.84375 0.3454861104166667 0.8564453125 0.3576388895833333 0.865234375 0.3732638895833333 0.873046875 0.39756944375000003 0.873046875 0.4079861104166667 0.8759765625 0.41319444375000003 0.876953125 0.4114583333333333 0.8876953125 0.3888888895833333 0.9033203125 0.37847222291666666 0.904296875 0.36284722291666666 0.8984375 0.3420138895833333 0.8876953125 0.3229166666666667 0.8759765625 0.3125 0.8623046875 0.3125 0.8486328125 0.3263888895833333
0 0.884765625 0.3177083333333333 0.89453125 0.33159722291666666 0.90234375 0.35243055624999997 0.904296875 0.3767361104166667 0.9091796875 0.38194444375000003 0.923828125 0.38715277708333334 0.935546875 0.3697916666666667 0.93359375 0.36631944375000003 0.931640625 0.3420138895833333 0.923828125 0.3177083333333333 0.9091796875 0.3020833333333333 0.8955078125 0.3020833333333333 0.8916015625 0.30555555624999997 0.884765625 0.3177083333333333
0 0.93359375 0.3489583333333333 0.93359375 0.36284722291666666 0.9365234375 0.37152777708333334 0.939453125 0.3697916666666667 0.9521484375 0.34375 0.962890625 0.3385416666666667 0.962890625 0.33159722291666666 0.95703125 0.3142361104166667 0.9423828125 0.2986111104166667 0.9306640625 0.3020833333333333 0.923828125 0.3142361104166667 0.93359375 0.3489583333333333
0 0.94140625 0.36284722291666666 0.94140625 0.3697916666666667 0.9560546875 0.375 0.966796875 0.39409722291666666 0.97265625 0.4114583333333333 0.97265625 0.421875 0.974609375 0.42534722291666666 0.974609375 0.45659722291666666 0.978515625 0.45659722291666666 0.984375 0.44618055624999997 0.98828125 0.42534722291666666 0.98828125 0.39409722291666666 0.984375 0.3732638895833333 0.9716796875 0.34722222291666666 0.9619140625 0.34027777708333334 0.9521484375 0.34375 0.94140625 0.36284722291666666