0 0.92890625 0.4427083333333333 0.9171875 0.4114583333333333 0.9044921875 0.3958333333333333 0.8947265625 0.3958333333333333 0.8927734375 0.3923611104166667 0.8751953125 0.40277777708333334 0.86640625 0.41840277708333334 0.85859375 0.4427083333333333 0.856640625 0.4739583333333333 0.8546875 0.47743055624999997 0.856640625 0.48090277708333334 0.85859375 0.50868055625 0.8625 0.52256944375 0.868359375 0.5329861104166667 0.8703125 0.5434027770833333 0.8849609375 0.5625 0.8908203125 0.5659722229166667 0.899609375 0.5642361104166667 0.9123046875 0.5555555562500001 0.9201171875 0.5451388895833333 0.925 0.5329861104166667 0.9328125 0.4982638895833333 0.9328125 0.4670138895833333 0.930859375 0.4635416666666667 0.92890625 0.4427083333333333
0 0.8576171875 0.22534722083333333 0.8400390625 0.21840277708333333 0.825390625 0.24097222083333333 0.825390625 0.2513888875 0.8234375 0.25486111041666665 0.825390625 0.2791666666666667 0.829296875 0.2930555541666667 0.8380859375 0.3086805541666667 0.8447265625 0.3145833333333333 0.8523437453125 0.3145833333333333 0.856640625 0.3138888875 0.86640625 0.3 0.8703125 0.2861111104166667 0.8703125 0.25833333333333336 0.864453125 0.2375 0.8576171875 0.22534722083333333
0 0.6595703125 0.121875 0.6458984375 0.121875 0.6419921875 0.12534722291666667 0.63515625 0.14444444583333332 0.63515625 0.15833333333333333 0.6390625 0.17222222291666667 0.649565971875 0.1875 0.65234375625 0.1875 0.6625 0.18611111249999998 0.6654296875 0.184375 0.6734375 0.16697531041666666 0.6734375 0.14513888958333335 0.672265625 0.14097222291666667 0.6595703125 0.121875
0 0.7025390625 0.12847222291666666 0.6888671875 0.125 0.678125 0.13715277708333332 0.676171875 0.15798611041666666 0.67421875 0.16145833333333334 0.678125 0.17881944375 0.6869140625 0.19444444375 0.6927734375 0.19444444375 0.6947265625 0.19791666666666666 0.7015625 0.19618055625 0.7064453125 0.19444444375 0.7125 0.18060515833333335 0.7125 0.14479166666666668 0.711328125 0.140625 0.7025390625 0.12847222291666666
0 0.780859375 0.14965277708333333 0.776953125 0.14618055416666667 0.761328125 0.14618055416666667 0.7544921875 0.16180555416666667 0.7544921875 0.18958333125000001 0.7666796890625001 0.21458333333333332 0.774804675 0.21458333333333332 0.7798828125 0.2138888875 0.7896484375 0.19999999791666667 0.790625 0.19652777708333333 0.790625 0.17222222083333336 0.7876953125 0.16180555416666667 0.780859375 0.14965277708333333
1 0.8185546875 0.228125 0.80390625 0.20555555416666668 0.786328125 0.20555555416666668 0.7794921875 0.21423611041666665 0.7736328125 0.23159722083333334 0.7736328125 0.26284722083333334 0.7775390625 0.2767361104166667 0.790234375 0.29583333333333334 0.7925781265625 0.29791666666666666 0.8058593671875001 0.29791666666666666 0.8087890625 0.29756944375 0.813671875 0.2923611104166667 0.8205078125 0.2767361104166667 0.8205078125 0.26631944375 0.821875 0.2638888875 0.821875 0.25451388750000004 0.8205078125 0.23506944375 0.8185546875 0.228125
1 0.7412109375 0.13888888958333334 0.7353515625 0.13888888958333334 0.7333984375 0.13541666666666666 0.7236328125 0.13888888958333334 0.715625 0.15628857916666666 0.715625 0.18071338333333334 0.7255859375 0.20486111041666666 0.7294921875 0.20833333333333334 0.7421875 0.20659722291666668 0.75 0.19618055625 0.753125 0.18506944374999998 0.753125 0.17118055625 0.751953125 0.15451388958333334 0.7412109375 0.13888888958333334
1 0.756640625 0.12152777708333334 0.744921875 0.12847222291666666 0.7419921875 0.13715277708333332 0.7419921875 0.140625 0.752734375 0.15972222291666668 0.7537109375 0.15798611041666666 0.760546875 0.14583333333333334 0.768359375 0.14583333333333334 0.7703125 0.14236111041666666 0.7703125 0.13888888958333334 0.7625 0.125 0.756640625 0.12152777708333334
0 0.5052734375 0.13854166874999999 0.4916015625 0.13854166874999999 0.47890625 0.15763888958333333 0.47890625 0.16805555625000002 0.476953125 0.17152777916666664 0.47890625 0.18541666874999999 0.49242788437499996 0.20625 0.5062500015625 0.20625 0.516015625 0.1923611125 0.51875 0.18020833541666667 0.51875 0.16212121458333334 0.5091796875 0.14201388958333333 0.5052734375 0.13854166874999999
1 0.4263671875 0.18472222083333334 0.4185546875 0.18472222083333334 0.4048828125 0.19513888750000002 0.4 0.20381944375 0.39609375 0.21770833333333334 0.39609375 0.23854166666666668 0.4 0.25243055416666665 0.4087890625 0.26458333333333334 0.4123046890625 0.26666666666666666 0.42636717968750004 0.26666666666666666 0.429296875 0.26631944375 0.437109375 0.2559027770833333 0.4421875 0.24085648124999998 0.4421875 0.2122299375 0.4341796875 0.19166666666666668 0.4263671875 0.18472222083333334
0 0.3646484375 0.21579861041666665 0.3470703125 0.21579861041666665 0.3431640625 0.21927083333333333 0.334375 0.23489583333333333 0.33046875 0.25225694375 0.33046875 0.26961805624999996 0.334375 0.28350694375 0.3412109375 0.29565972291666665 0.3517903625 0.3 0.355696615625 0.3 0.3646484375 0.29565972291666665 0.3765625 0.27122062083333337 0.3765625 0.23559027708333333 0.375390625 0.23142361041666665 0.3646484375 0.21579861041666665
0 0.9849609375 0.35972222291666667 0.97421875 0.3302083333333333 0.96640625 0.3232638895833333 0.956640625 0.3232638895833333 0.952734375 0.3267361125 0.9419921875 0.34930555625 0.9419921875 0.3875 0.9439453125 0.39097222291666667 0.9458984375 0.41180555625 0.952734375 0.42743055625 0.959375 0.43333333333333335 0.966992190625 0.43333333333333335 0.9712890625 0.4326388895833333 0.9810546875 0.41875 0.9849609375 0.4048611125 0.9849609375 0.3944444458333333 0.9859375 0.3927083333333333 0.9859375 0.38923611041666667 0.9849609375 0.3875 0.9849609375 0.35972222291666667
0 1 0.3314484145833333 0.9935546875 0.3232638895833333 0.9818359375 0.3232638895833333 0.9759765625 0.3302083333333333 0.9701171875 0.3302083333333333 0.9662109375 0.3232638895833333 0.9564453125 0.3232638895833333 0.9525390625 0.3267361125 0.941796875 0.34930555625 0.941796875 0.39097222291666667 0.94765625 0.41875 0.9595052078125 0.43333333333333335 0.9656250015625 0.43333333333333335 0.969140625 0.4326388895833333 0.9759765625 0.42743055625 0.9818359375 0.4170138895833333 0.9935546875 0.4239583333333333 1 0.4125 1 0.3314484145833333
1 0.6998046875 0.1173611125 0.6861328125 0.1173611125 0.67734375 0.12951388958333332 0.6782421875 0.1375 0.678841146875 0.1375 0.6861328125 0.12777777916666666 0.6998046875 0.12777777916666666 0.7070963531250001 0.1375 0.7078125 0.1375 0.7078125 0.12843364375 0.6998046875 0.1173611125