0 0.7490234375 0.37152777708333334 0.7314453125 0.3854166666666667 0.716796875 0.4114583333333333 0.708984375 0.44965277708333334 0.708984375 0.48090277708333334 0.71484375 0.50868055625 0.7294921875 0.5416666666666666 0.7509765625 0.5625 0.7568359375 0.5625 0.7587890625 0.5659722229166667 0.767578125 0.5642361104166667 0.7880859375 0.5451388895833333 0.798828125 0.5260416666666666 0.80859375 0.48784722291666666 0.80859375 0.453125 0.80078125 0.41840277708333334 0.7861328125 0.3888888895833333 0.7724609375 0.375 0.7490234375 0.37152777708333334
0 0.9560546875 0.31597222291666666 0.9423828125 0.31597222291666666 0.9384765625 0.31944444375000003 0.9296875 0.3385416666666667 0.927734375 0.3489583333333333 0.927734375 0.38368055624999997 0.93359375 0.4079861104166667 0.9423828125 0.4236111104166667 0.9501953125 0.43055555624999997 0.95703125 0.42881944375000003 0.9599609375 0.4270833333333333 0.970703125 0.4045138895833333 0.974609375 0.38715277708333334 0.974609375 0.36631944375000003 0.97265625 0.36284722291666666 0.970703125 0.3420138895833333 0.9599609375 0.31944444375000003 0.9560546875 0.31597222291666666
0 0.8955078125 0.27430555624999997 0.890625 0.2864583333333333 0.900390625 0.3177083333333333 0.900390625 0.328125 0.90234375 0.33159722291666666 0.90234375 0.35243055624999997 0.8984375 0.3697916666666667 0.9052734375 0.37847222291666666 0.91796875 0.3767361104166667 0.923828125 0.36631944375000003 0.931640625 0.33506944375000003 0.931640625 0.3072916666666667 0.927734375 0.29340277708333334 0.9169921875 0.27430555624999997 0.9130859375 0.2708333333333333 0.8994140625 0.2708333333333333 0.8955078125 0.27430555624999997
0 0.8583984375 0.28125 0.845703125 0.3072916666666667 0.845703125 0.3454861104166667 0.84765625 0.35590277708333334 0.85546875 0.3802083333333333 0.8623046875 0.3888888895833333 0.8701171875 0.3958333333333333 0.884765625 0.39409722291666666 0.89453125 0.3802083333333333 0.900390625 0.36284722291666666 0.90234375 0.35243055624999997 0.900390625 0.3177083333333333 0.8876953125 0.28472222291666666 0.8759765625 0.27430555624999997 0.8623046875 0.27777777708333334 0.8583984375 0.28125
0 0.71484375 0.21006944375 0.7109375 0.22395833333333334 0.7109375 0.24479166666666666 0.716796875 0.265625 0.7314453125 0.28819444375000003 0.75 0.2864583333333333 0.759765625 0.27256944375000003 0.765625 0.25173611041666666 0.765625 0.234375 0.759765625 0.21006944375 0.7529296875 0.19791666666666666 0.7392578125 0.1875 0.7236328125 0.19444444375 0.71484375 0.21006944375
1 0.65625 0.19965277708333332 0.65234375 0.21354166666666666 0.650390625 0.22395833333333334 0.65234375 0.24826388958333334 0.6630859375 0.2708333333333333 0.6748046875 0.28125 0.69140625 0.2795138895833333 0.6943359375 0.27777777708333334 0.705078125 0.2552083333333333 0.70703125 0.22048611041666666 0.703125 0.20659722291666668 0.6943359375 0.19097222291666668 0.6806640625 0.18055555625 0.6669921875 0.18402777708333332 0.65625 0.19965277708333332
1 0.2978515625 0.23611111041666666 0.2890625 0.25173611041666666 0.28515625 0.2795138895833333 0.291015625 0.30034722291666666 0.2978515625 0.30902777708333334 0.3037109375 0.3125 0.3125 0.3107638895833333 0.3173828125 0.30902777708333334 0.326171875 0.29340277708333334 0.330078125 0.2795138895833333 0.330078125 0.2552083333333333 0.3193359375 0.23263888958333334 0.3154296875 0.22916666666666666 0.3056640625 0.22916666666666666 0.2978515625 0.23611111041666666
0 0.2265625 0.28993055624999997 0.22265625 0.3072916666666667 0.22265625 0.32465277708333334 0.2294921875 0.34722222291666666 0.2392578125 0.3541666666666667 0.25 0.35243055624999997 0.2529296875 0.35069444375000003 0.263671875 0.328125 0.265625 0.296875 0.2568359375 0.27430555624999997 0.2529296875 0.2708333333333333 0.2392578125 0.2708333333333333 0.2314453125 0.27777777708333334 0.2265625 0.28993055624999997
0 0.3671875 0.18576388958333334 0.365234375 0.19270833333333334 0.365234375 0.21701388958333334 0.3759765625 0.23611111041666666 0.3818359375 0.23958333333333334 0.388671875 0.23784722291666668 0.3935546875 0.23611111041666666 0.40234375 0.22048611041666666 0.404296875 0.21354166666666666 0.404296875 0.18923611041666666 0.3955078125 0.17013888958333334 0.3837890625 0.16666666666666666 0.3740234375 0.17361111041666666 0.3671875 0.18576388958333334
0 0.521484375 0.15798611041666666 0.5283203125 0.18055555625 0.5400390625 0.19097222291666668 0.548828125 0.18923611041666666 0.560546875 0.171875 0.5625 0.16493055625 0.5625 0.14756944375 0.5537109375 0.12847222291666666 0.5458984375 0.12152777708333334 0.5380859375 0.12152777708333334 0.525390625 0.13715277708333332 0.521484375 0.15798611041666666
0 0.5625 0.14409722291666668 0.5625 0.16840277708333332 0.5712890625 0.1875 0.5810546875 0.19444444375 0.587890625 0.19270833333333334 0.5927734375 0.19097222291666668 0.599609375 0.18229166666666666 0.603515625 0.16840277708333332 0.603515625 0.14756944375 0.5927734375 0.125 0.5791015625 0.12152777708333334 0.5693359375 0.12847222291666666 0.5625 0.14409722291666668
1 0.603515625 0.16840277708333332 0.6142578125 0.19097222291666668 0.6220703125 0.19791666666666666 0.6328125 0.19618055625 0.6357421875 0.19444444375 0.64453125 0.17534722291666668 0.64453125 0.14756944375 0.6298828125 0.125 0.6181640625 0.125 0.60546875 0.140625 0.603515625 0.14756944375 0.603515625 0.16840277708333332
0 0.6572265625 0.125 0.64453125 0.15104166666666666 0.646484375 0.15798611041666666 0.646484375 0.17534722291666668 0.6572265625 0.19444444375 0.66015625 0.19270833333333334 0.6669921875 0.18402777708333332 0.6826171875 0.18055555625 0.685546875 0.17534722291666668 0.685546875 0.15104166666666666 0.68359375 0.14409722291666668 0.6748046875 0.12847222291666666 0.6689453125 0.125 0.6572265625 0.125
1 0.638671875 0.13368055625 0.6435546875 0.14583333333333334 0.646484375 0.14409722291666668 0.6533203125 0.12847222291666666 0.6572265625 0.125 0.6689453125 0.125 0.669921875 0.11979166666666667 0.6611328125 0.10763888958333333 0.6455078125 0.10763888958333333 0.638671875 0.12326388958333333 0.638671875 0.13368055625
1 0.6025390625 0.14583333333333334 0.60546875 0.14409722291666668 0.603515625 0.13020833333333334 0.5947265625 0.11458333333333333 0.5810546875 0.11111111041666667 0.572265625 0.11979166666666667 0.5732421875 0.125 0.5908203125 0.125 0.5966796875 0.13194444375 0.6025390625 0.14583333333333334