0 0.578125 0.29340277708333334 0.572265625 0.32118055624999997 0.572265625 0.3385416666666667 0.578125 0.36631944375000003 0.5927734375 0.3958333333333333 0.6044921875 0.40625 0.62109375 0.4079861104166667 0.6337890625 0.40625 0.650390625 0.36631944375000003 0.654296875 0.3454861104166667 0.65234375 0.3072916666666667 0.6484375 0.29340277708333334 0.6357421875 0.2708333333333333 0.6181640625 0.2604166666666667 0.6064453125 0.2604166666666667 0.5888671875 0.27430555624999997 0.578125 0.29340277708333334
0 0.828125 0.38368055624999997 0.8203125 0.4079861104166667 0.8203125 0.41840277708333334 0.818359375 0.421875 0.818359375 0.4635416666666667 0.826171875 0.49131944375000003 0.8447265625 0.5208333333333334 0.8505859375 0.52430555625 0.869140625 0.52256944375 0.8759765625 0.5173611104166667 0.888671875 0.49131944375000003 0.896484375 0.4635416666666667 0.896484375 0.42534722291666666 0.88671875 0.390625 0.8740234375 0.36805555624999997 0.8564453125 0.3576388895833333 0.8544921875 0.3611111104166667 0.8447265625 0.3611111104166667 0.828125 0.38368055624999997
0 0.65234375 0.19270833333333334 0.6484375 0.21006944375 0.6484375 0.22743055625 0.65234375 0.24479166666666666 0.6650390625 0.2673611104166667 0.6708984375 0.2708333333333333 0.693359375 0.26909722291666666 0.69921875 0.26215277708333334 0.705078125 0.234375 0.705078125 0.21354166666666666 0.701171875 0.19618055625 0.6845703125 0.17361111041666666 0.6787109375 0.17361111041666666 0.6767578125 0.17013888958333334 0.6669921875 0.17013888958333334 0.6630859375 0.17361111041666666 0.65234375 0.19270833333333334
0 0.5625 0.19270833333333334 0.564453125 0.22048611041666666 0.5732421875 0.23958333333333334 0.5810546875 0.24652777708333332 0.5869140625 0.25 0.6015625 0.24826388958333334 0.607421875 0.24131944375 0.615234375 0.22048611041666666 0.615234375 0.19270833333333334 0.61328125 0.18229166666666666 0.6025390625 0.16319444375 0.5927734375 0.15625 0.5849609375 0.15625 0.5712890625 0.16666666666666666 0.56640625 0.17534722291666668 0.5625 0.19270833333333334
0 0.376953125 0.26909722291666666 0.37890625 0.28993055624999997 0.3828125 0.30381944375000003 0.3896484375 0.31597222291666666 0.3974609375 0.3229166666666667 0.4033203125 0.3263888895833333 0.421875 0.32465277708333334 0.4296875 0.3142361104166667 0.4375 0.2864583333333333 0.439453125 0.26215277708333334 0.431640625 0.234375 0.4248046875 0.22569444375 0.4150390625 0.21875 0.4013671875 0.21875 0.3896484375 0.22916666666666666 0.3828125 0.24131944375 0.376953125 0.26909722291666666
0 0.626953125 0.18576388958333334 0.625 0.18923611041666666 0.62890625 0.21701388958333334 0.6416015625 0.23958333333333334 0.650390625 0.23784722291666668 0.6484375 0.22743055625 0.650390625 0.19965277708333332 0.65234375 0.19270833333333334 0.66796875 0.16840277708333332 0.66796875 0.16493055625 0.6591796875 0.15277777708333332 0.6416015625 0.15277777708333332 0.6376953125 0.15625 0.626953125 0.17534722291666668 0.626953125 0.18576388958333334
0 0.51171875 0.18229166666666666 0.5244140625 0.20138888958333334 0.541015625 0.19965277708333332 0.544921875 0.19618055625 0.55078125 0.17534722291666668 0.55078125 0.15104166666666666 0.548828125 0.14409722291666668 0.5380859375 0.12847222291666666 0.5244140625 0.12847222291666666 0.5185546875 0.13194444375 0.51171875 0.14409722291666668 0.5078125 0.15798611041666666 0.51171875 0.18229166666666666
0 0.548828125 0.11284722291666666 0.546875 0.10590277708333334 0.5380859375 0.09375 0.5244140625 0.09722222291666666 0.515625 0.11631944375 0.5185546875 0.13194444375 0.5361328125 0.12847222291666666 0.5439453125 0.13541666666666666 0.548828125 0.13368055625 0.548828125 0.11284722291666666
0 0.34375 0.18923611041666666 0.349609375 0.18229166666666666 0.353515625 0.16145833333333334 0.3486328125 0.14583333333333334 0.3447265625 0.14236111041666666 0.3349609375 0.14236111041666666 0.3310546875 0.14583333333333334 0.326171875 0.15798611041666666 0.32421875 0.171875 0.3330078125 0.19097222291666668 0.34375 0.18923611041666666
0 0.240234375 0.26215277708333334 0.248046875 0.25173611041666666 0.251953125 0.22743055625 0.2431640625 0.20833333333333334 0.2353515625 0.20833333333333334 0.2265625 0.22048611041666666 0.22265625 0.24131944375 0.224609375 0.25173611041666666 0.2294921875 0.2604166666666667 0.2333984375 0.26388888958333334 0.240234375 0.26215277708333334
1 0.27734375 0.23784722291666668 0.2822265625 0.23611111041666666 0.287109375 0.22743055625 0.291015625 0.21006944375 0.2890625 0.19618055625 0.2802734375 0.18402777708333332 0.2705078125 0.1875 0.26171875 0.20659722291666668 0.263671875 0.22743055625 0.2685546875 0.23611111041666666 0.27734375 0.23784722291666668
1 0.498046875 0.19965277708333332 0.5078125 0.17881944375 0.5078125 0.15104166666666666 0.4951171875 0.13194444375 0.4775390625 0.13541666666666666 0.46875 0.15104166666666666 0.46875 0.16145833333333334 0.466796875 0.16493055625 0.46875 0.18229166666666666 0.4814453125 0.20138888958333334 0.498046875 0.19965277708333332
1 0.5556640625 0.12847222291666666 0.560546875 0.11631944375 0.560546875 0.09895833333333333 0.5517578125 0.08333333333333333 0.5400390625 0.08333333333333333 0.53515625 0.09201388958333333 0.548828125 0.11284722291666666 0.548828125 0.13020833333333334 0.552734375 0.13020833333333334 0.5556640625 0.12847222291666666
1 0.509765625 0.14756944375 0.515625 0.13715277708333332 0.515625 0.11284722291666666 0.5087890625 0.10069444375 0.5029296875 0.09722222291666666 0.4912109375 0.10069444375 0.484375 0.11631944375 0.486328125 0.13020833333333334 0.4951171875 0.13194444375 0.5068359375 0.14930555625 0.509765625 0.14756944375
1 0.478515625 0.09895833333333333 0.4794921875 0.10416666666666667 0.490234375 0.10243055625 0.494140625 0.09895833333333333 0.4931640625 0.09375 0.4814453125 0.09375 0.478515625 0.09895833333333333
0 0.4775390625 0.13541666666666666 0.484375 0.13020833333333334 0.484375 0.109375 0.4794921875 0.10069444375 0.4716796875 0.10069444375 0.4609375 0.11284722291666666 0.458984375 0.13368055625 0.4658203125 0.14930555625 0.470703125 0.14756944375 0.4775390625 0.13541666666666666
0 0.453125 0.15451388958333334 0.4609375 0.14409722291666668 0.458984375 0.13368055625 0.4609375 0.109375 0.4560546875 0.10416666666666667 0.4462890625 0.10416666666666667 0.435546875 0.11979166666666667 0.435546875 0.13715277708333332 0.4404296875 0.14930555625 0.4501953125 0.15625 0.453125 0.15451388958333334