0 0.961328125 0.3736111125 0.9486328125 0.3545138895833333 0.9388671875 0.3545138895833333 0.9291015625 0.3614583333333333 0.918359375 0.3840277791666667 0.918359375 0.4256944458333333 0.91640625 0.4326388895833333 0.9203125 0.45347222291666667 0.9271484375 0.4725694458333333 0.939794921875 0.48541666666666666 0.9449218765625 0.48541666666666666 0.94765625 0.48472222291666667 0.9525390625 0.4829861125 0.96328125 0.4708333333333333 0.9703125 0.4427083333333333 0.9703125 0.41111111250000004 0.965234375 0.3840277791666667 0.961328125 0.3736111125
0 0.875 0.3107638895833333 0.871875 0.321875 0.871875 0.3352361104166667 0.8955078125 0.34027777708333334 0.904296875 0.35243055624999997 0.912109375 0.3697916666666667 0.912109375 0.3767361104166667 0.9169921875 0.3854166666666667 0.91796875 0.38368055624999997 0.925 0.36493055625 0.925 0.34178240625 0.919921875 0.3177083333333333 0.9072265625 0.2951388895833333 0.9013671875 0.2916666666666667 0.8896484375 0.2916666666666667 0.8818359375 0.2986111104166667 0.875 0.3107638895833333
0 0.9029296875 0.35 0.8892578125 0.33611111250000003 0.8755859375 0.33611111250000003 0.8697265625 0.33958333333333335 0.855078125 0.365625 0.853125 0.37604166666666666 0.853125 0.40381944583333335 0.851171875 0.4107638895833333 0.853125 0.41423611250000003 0.855078125 0.43854166666666666 0.862890625 0.459375 0.8808743984375 0.48125 0.8849609421875 0.48125 0.890234375 0.48020833333333335 0.9048828125 0.46805555625 0.909765625 0.459375 0.915625 0.43854166666666666 0.915625 0.42465277916666666 0.9171875 0.421875 0.9171875 0.41423611250000003 0.915625 0.38645833333333335 0.9029296875 0.35
0 0.8734375 0.24652777708333332 0.865625 0.23958333333333334 0.851953125 0.23611111041666666 0.844140625 0.24305555625 0.8373046875 0.2552083333333333 0.8333984375 0.2760416666666667 0.8333984375 0.30034722291666666 0.8431640625 0.33159722291666666 0.85 0.34375 0.855859375 0.34375 0.8578125 0.34722222291666666 0.8626953125 0.3454861104166667 0.8685546875 0.3385416666666667 0.8724609375 0.3142361104166667 0.8859375 0.29370039583333335 0.8859375 0.28211805416666663 0.8822265625 0.265625 0.8734375 0.24652777708333332
0 0.871484375 0.20729166666666668 0.8626953125 0.19166666666666668 0.8509765625 0.18472222083333334 0.83828125 0.19340277708333334 0.83828125 0.196875 0.85 0.21423611041666665 0.8568359375 0.23680555416666668 0.8666015625 0.24027777708333334 0.8712890640625 0.24583333333333332 0.876367184375 0.24583333333333332 0.8765625 0.2457638875 0.8765625 0.23576388750000002 0.875390625 0.22118055416666668 0.871484375 0.20729166666666668
0 0.83671875 0.19444444375 0.82109375 0.19444444375 0.8103515625 0.21006944375 0.8064453125 0.24131944375 0.8171875 0.25347222291666666 0.8259765625 0.27256944375000003 0.8328125 0.28472222291666666 0.8337890625 0.2829861104166667 0.8337890625 0.27256944375000003 0.8376953125 0.2552083333333333 0.84453125 0.24305555625 0.854296875 0.23611111041666666 0.8546875 0.23402777708333333 0.8546875 0.22881944375 0.8513671875 0.21701388958333334 0.83671875 0.19444444375
0 0.84921875 0.35625 0.847265625 0.3458333333333333 0.8345703125 0.3163194458333333 0.8189453125 0.30243055625 0.8052734375 0.30243055625 0.7955078125 0.309375 0.784765625 0.325 0.77890625 0.3423611125 0.77890625 0.3527777791666667 0.776953125 0.35625 0.776953125 0.3840277791666667 0.77890625 0.3875 0.77890625 0.39791666666666664 0.7818359375 0.403125 0.7994140625 0.3857638895833333 0.8248046875 0.3857638895833333 0.8423828125 0.403125 0.8458984375 0.4125 0.848046875 0.4125 0.84921875 0.41180555625 0.85 0.41041666666666665 0.85 0.36805555624999997 0.84921875 0.36666666666666664 0.84921875 0.35625
0 0.78125 0.4079861104166667 0.775390625 0.42881944375000003 0.779296875 0.4427083333333333 0.791015625 0.4670138895833333 0.798828125 0.4947916666666667 0.80078125 0.5052083333333334 0.80078125 0.5572916666666666 0.8095703125 0.5625 0.822265625 0.5607638895833333 0.8330078125 0.5555555562500001 0.8515625 0.5190972229166666 0.857421875 0.49131944375000003 0.857421875 0.453125 0.849609375 0.41840277708333334 0.8369140625 0.3958333333333333 0.8251953125 0.3854166666666667 0.7998046875 0.3854166666666667 0.7880859375 0.3958333333333333 0.78125 0.4079861104166667
0 0.74921875 0.3399305541666667 0.727734375 0.3260416666666667 0.712109375 0.3260416666666667 0.696484375 0.33645833333333336 0.6818359375 0.3659722208333333 0.678125 0.38246527708333333 0.678125 0.39424603124999996 0.6916015625 0.4284722208333333 0.6955078125 0.46319444375 0.6974609375 0.4666666666666667 0.7033203125 0.4666666666666667 0.71796875 0.4440972208333333 0.731640625 0.43020833333333336 0.743359375 0.4232638875 0.766796875 0.4267361104166667 0.76875 0.4232638875 0.76875 0.4102430541666667 0.7658203125 0.3763888875 0.74921875 0.3399305541666667
1 0.786328125 0.24670138958333335 0.7716796875 0.27274305625 0.7697265625 0.31440972291666663 0.77529296875 0.3375 0.7816731765625 0.3375 0.7833984375 0.32829861250000003 0.7921875 0.31267361250000003 0.80390625 0.30225694583333335 0.81953125 0.30225694583333335 0.829296875 0.31267361250000003 0.8341796875 0.30746527916666666 0.8302734375 0.2796875 0.81953125 0.25711805625 0.80637206875 0.24375 0.7938476578125 0.24375 0.7921875 0.24670138958333335 0.786328125 0.24670138958333335
1 0.7359375 0.26371527916666665 0.718359375 0.24982638958333334 0.7046875 0.24982638958333334 0.698828125 0.25329861249999996 0.68515625 0.2706597229166666 0.6763671875 0.2967013895833333 0.6763671875 0.33836805625 0.679921875 0.3541666666666667 0.68701171875 0.3541666666666667 0.696875 0.33663194583333333 0.710546875 0.3262152791666667 0.730078125 0.3262152791666667 0.749609375 0.34010416666666665 0.7515625 0.33663194375 0.7515625 0.30711805625 0.7427734375 0.27586805625 0.7359375 0.26371527916666665
1 0.6189453125 0.26909722291666666 0.61015625 0.25694444375 0.59453125 0.24652777708333332 0.57890625 0.24652777708333332 0.565234375 0.25694444375 0.5525390625 0.2795138895833333 0.5466796875 0.3107638895833333 0.5544921875 0.33506944375000003 0.5564453125 0.36631944375000003 0.56328125 0.38194444375000003 0.57109375 0.3923611104166667 0.580859375 0.39930555624999997 0.5974609375 0.39756944375000003 0.616015625 0.37847222291666666 0.6248046875 0.36284722291666666 0.6296875 0.34259259375 0.6296875 0.3032407395833333 0.6248046875 0.2829861104166667 0.6189453125 0.26909722291666666
1 0.7806640625 0.44479166666666664 0.7630859375 0.42743055625 0.7533203125 0.42743055625 0.7513671875 0.4239583333333333 0.7494140625 0.42743055625 0.7318359375 0.4309027791666667 0.7162109375 0.4482638895833333 0.715234375 0.45347222291666667 0.709375 0.46041666666666664 0.703515625 0.4777777791666667 0.703515625 0.48472222291666667 0.699609375 0.49166666666666664 0.695703125 0.5402777791666666 0.699609375 0.5611111125 0.7240234375 0.6184027791666666 0.7314453109375 0.625 0.7371093875 0.625 0.758203125 0.6236111125 0.7806640625 0.6079861125 0.7953125 0.5784722229166667 0.797265625 0.5611111125 0.8 0.5538194458333333 0.8 0.5009722229166667 0.79140625 0.4673611125 0.7806640625 0.44479166666666664
1 0.552734375 0.32743055625 0.546875 0.31006944583333335 0.5322265625 0.29097222291666663 0.5283203125 0.29097222291666663 0.5224609375 0.28402777916666666 0.5009765625 0.28402777916666666 0.4873046875 0.29444444583333335 0.474609375 0.3170138895833333 0.46875 0.334375 0.46875 0.34479166666666666 0.4671875 0.3475694458333333 0.4671875 0.3885416666666667 0.46875 0.396875 0.47335379375000003 0.4083333333333333 0.476367190625 0.4083333333333333 0.48046875 0.40729166666666666 0.4931640625 0.39166666666666666 0.5087890625 0.38125 0.5302734375 0.38125 0.5322265625 0.38472222291666663 0.5380859375 0.38472222291666663 0.5458984375 0.3951388895833333 0.5517578125 0.3951388895833333 0.5546875 0.38645833333333335 0.55625 0.3614583333333333 0.55625 0.3545138895833333 0.5546875 0.35173611250000003 0.552734375 0.32743055625
1 0.56171875 0.41909722083333334 0.5470703125 0.39652777708333337 0.5275390625 0.38263888749999997 0.5099609375 0.38263888749999997 0.4923828125 0.39305555416666665 0.47578125 0.415625 0.4640625 0.45381944375 0.4640625 0.5024305541666666 0.469921875 0.5302083333333333 0.4806640625 0.5493055541666667 0.5060546875 0.5597222208333333 0.5236328125 0.5736111104166667 0.5267578125 0.5791666666666667 0.531445309375 0.5791666666666667 0.532421875 0.5788194437499999 0.536328125 0.5510416666666667 0.544140625 0.5232638875 0.5587890625 0.49375 0.5734375 0.478125 0.5734375 0.4642361104166667 0.56953125 0.44340277708333337 0.56171875 0.41909722083333334
0 0.660546875 0.5402777791666666 0.648828125 0.5090277791666666 0.6341796875 0.4864583333333333 0.6263671875 0.4795138895833333 0.6224609375 0.4795138895833333 0.6166015625 0.4725694458333333 0.6068359375 0.4725694458333333 0.6048828125 0.46909722291666667 0.5912109375 0.46909722291666667 0.5853515625 0.47604166666666664 0.5736328125 0.4795138895833333 0.5697265625 0.4864583333333333 0.5638671875 0.48993055625 0.547265625 0.5194444458333334 0.543359375 0.5298611125 0.543359375 0.53680555625 0.539453125 0.54375 0.535546875 0.5645833333333333 0.535546875 0.5923611125 0.547265625 0.6201388895833334 0.547265625 0.6270833333333333 0.551171875 0.6340277791666666 0.55703125 0.6652777791666666 0.5658203125 0.6809027791666666 0.5685546875 0.6833333333333333 0.5726562515625 0.6833333333333333 0.574609375 0.6826388895833334 0.5775390625 0.6809027791666666 0.5873046875 0.6600694458333333 0.6126953125 0.6322916666666667 0.6244140625 0.6253472229166667 0.6322265625 0.6253472229166667 0.6341796875 0.621875 0.6439453125 0.621875 0.6458984375 0.6253472229166667 0.660546875 0.6236111125 0.6625 0.6027777791666666 0.6640625 0.6 0.6640625 0.5673611125 0.6625 0.5645833333333333 0.660546875 0.5402777791666666
0 0.71015625 0.7138888895833334 0.704296875 0.69305555625 0.696484375 0.6722222229166667 0.6837890625 0.6496527791666666 0.6662109375 0.6322916666666667 0.6603515625 0.6322916666666667 0.6525390625 0.6253472229166667 0.6251953125 0.6253472229166667 0.6017578125 0.6427083333333333 0.5880859375 0.6600694458333333 0.57734375 0.6791666666666667 0.56953125 0.7 0.56171875 0.73125 0.559765625 0.7625 0.5578125 0.7659722229166667 0.559765625 0.7729166666666667 0.559765625 0.79375 0.56171875 0.7972222229166667 0.563671875 0.8215277791666666 0.56953125 0.8423611125 0.5861328125 0.8788194458333333 0.5919921875 0.8857638895833334 0.5958984375 0.8857638895833334 0.6037109375 0.89618055625 0.613671875 0.9020833333333333 0.6359375078125 0.9020833333333333 0.649609375 0.9013888895833334 0.6564453125 0.8996527791666666 0.6759765625 0.8822916666666667 0.6984375 0.8458333333333333 0.708203125 0.81805555625 0.712109375 0.7972222229166667 0.712109375 0.78680555625 0.7140625 0.7833333333333333 0.7140625 0.7416666666666667 0.712109375 0.7381944458333333 0.71015625 0.7138888895833334
0 0.555078125 0.6583333333333333 0.539453125 0.6027777791666666 0.5228515625 0.5732638895833334 0.4916015625 0.55243055625 0.4701171875 0.55243055625 0.4583984375 0.559375 0.4388671875 0.5802083333333333 0.4271484375 0.5975694458333333 0.418359375 0.6166666666666667 0.410546875 0.6513888895833334 0.40859375 0.7034722229166667 0.410546875 0.7069444458333333 0.410546875 0.7208333333333333 0.422265625 0.75555555625 0.430078125 0.7729166666666667 0.4427734375 0.7920138895833334 0.466640625 0.8083333333333333 0.4863281328125 0.8083333333333333 0.4984375 0.8076388895833334 0.5091796875 0.80243055625 0.5189453125 0.7920138895833334 0.527734375 0.7729166666666667 0.547265625 0.7416666666666667 0.555078125 0.7069444458333333 0.555078125 0.6895833333333333 0.55625 0.6875 0.55625 0.6847222229166667 0.555078125 0.6826388895833334 0.555078125 0.6583333333333333
0 0.46875 0.18888888750000002 0.474609375 0.16805555416666668 0.474609375 0.15069444375 0.4658203125 0.128125 0.4501953125 0.11770833333333333 0.4482421875 0.12118055416666666 0.4365234375 0.12465277708333335 0.42578125 0.14375 0.423828125 0.175 0.4326171875 0.19756944375 0.4423828125 0.20625 0.451171875 0.20625 0.4599609375 0.20451388750000002 0.46875 0.18888888750000002
1 0.540625 0.057291666666666664 0.538671875 0.078125 0.5435546875 0.08680555625 0.5474609375 0.08680555625 0.5548828125 0.1 0.5587890609375 0.1 0.5640625 0.09895833333333333 0.5669921875 0.09722222291666666 0.5734375 0.08249007916666667 0.5734375 0.06284722083333333 0.571875 0.057291666666666664 0.5635881687500001 0.04583333333333333 0.5486328125 0.04583333333333333 0.5455078125 0.048611110416666665 0.540625 0.057291666666666664
1 0.47578125 0.090625 0.466015625 0.090625 0.4533203125 0.10972222291666665 0.4533203125 0.12013888958333332 0.466015625 0.12881944583333332 0.4708984375 0.1375 0.4748046875 0.15138888958333335 0.4757595484375 0.16666666666666666 0.477148440625 0.16666666666666666 0.4826171875 0.16527777916666667 0.485546875 0.16354166666666667 0.49375 0.14571759375 0.49375 0.11539351875 0.485546875 0.09756944583333334 0.47578125 0.090625
1 0.46953125 0.06284722291666667 0.455859375 0.06284722291666667 0.4470703125 0.075 0.448046875 0.08020833333333334 0.45390625 0.08020833333333334 0.4591796875 0.08958333333333333 0.4708984421875 0.08958333333333333 0.4783203125 0.08888888958333332 0.4796875 0.08402777916666666 0.4796875 0.0798611125 0.4783203125 0.075 0.46953125 0.06284722291666667
1 0.4384765625 0.08402777708333334 0.428125 0.10577651458333334 0.428125 0.12511573958333333 0.4301953125 0.13125 0.4330078109375 0.13125 0.43359375 0.13090277708333334 0.4404296875 0.12222222083333333 0.4521484375 0.11875 0.455078125 0.10659722083333333 0.4625 0.09340277708333335 0.4625 0.09216821041666666 0.4541015625 0.08055555416666667 0.4384765625 0.08402777708333334
1 0.3822265625 0.29131944375 0.3744140625 0.284375 0.3548828125 0.284375 0.3412109375 0.2947916666666667 0.33046875 0.3138888875 0.324609375 0.3347222208333333 0.32265625 0.3659722208333333 0.3265625 0.3868055541666667 0.3392578125 0.4128472208333333 0.3529296890625 0.425 0.36953125 0.425 0.3763671875 0.4197916666666667 0.394921875 0.3868055541666667 0.398828125 0.36944444375 0.4 0.3548611104166667 0.4 0.34097222083333334 0.394921875 0.3138888875 0.3822265625 0.29131944375
1 0.308984375 0.25347222291666666 0.297265625 0.24652777708333332 0.285546875 0.25 0.27578125 0.2604166666666667 0.2650390625 0.2864583333333333 0.2650390625 0.296875 0.2630859375 0.30034722291666666 0.2650390625 0.328125 0.29140625 0.3263888895833333 0.301171875 0.3333333333333333 0.308984375 0.34722222291666666 0.3138671875 0.3454861104166667 0.3234375 0.31486111041666665 0.3234375 0.2923611104166667 0.3197265625 0.27256944375000003 0.308984375 0.25347222291666666
0 0.2181640625 0.45902777708333337 0.2083984375 0.4486111104166667 0.2025390625 0.4486111104166667 0.2005859375 0.44513888749999997 0.1986328125 0.4486111104166667 0.1888671875 0.4486111104166667 0.1771484375 0.45902777708333337 0.16640625 0.48159722083333334 0.160546875 0.509375 0.160546875 0.5440972208333333 0.164453125 0.5649305541666667 0.1791015625 0.5944444437499999 0.1853515640625 0.6 0.2048828015625 0.6 0.209375 0.5996527770833333 0.2220703125 0.5875 0.230859375 0.5649305541666667 0.234375 0.5461805541666667 0.234375 0.50381944375 0.230859375 0.48506944375 0.2181640625 0.45902777708333337
0 0.330859375 0.18090277708333333 0.323046875 0.17395833125000001 0.315234375 0.17395833125000001 0.30546875 0.18090277708333333 0.2966796875 0.19305555416666667 0.2908203125 0.22083333125000001 0.295703125 0.24687499791666667 0.30546875 0.25034722083333333 0.31490885468749996 0.2604166666666667 0.31699218125 0.2604166666666667 0.3240234375 0.2590277770833333 0.3357421875 0.24166666458333333 0.3390625 0.22986111041666665 0.3390625 0.20034722083333334 0.3376953125 0.19305555416666667 0.330859375 0.18090277708333333
0 0.2525390625 0.35243055624999997 0.2466796875 0.3732638895833333 0.2447265625 0.4010416666666667 0.2466796875 0.4045138895833333 0.2486328125 0.42881944375000003 0.261328125 0.4548611104166667 0.272265625 0.46458333333333335 0.278906246875 0.46458333333333335 0.2876953125 0.4635416666666667 0.2984375 0.4548611104166667 0.3111328125 0.4322916666666667 0.315625 0.41365740624999997 0.315625 0.36759259375000003 0.3111328125 0.3489583333333333 0.30234375 0.3333333333333333 0.2917968734375 0.32708333333333334 0.272265625 0.32708333333333334 0.261328125 0.33680555624999997 0.2525390625 0.35243055624999997