0 0.7333984375 0.19097222291666668 0.72265625 0.21354166666666666 0.72265625 0.23784722291666668 0.724609375 0.24826388958333334 0.73046875 0.26215277708333334 0.7392578125 0.27430555624999997 0.75390625 0.27256944375000003 0.7607421875 0.2673611104166667 0.767578125 0.2552083333333333 0.76953125 0.24826388958333334 0.76953125 0.22395833333333334 0.765625 0.21006944375 0.7548828125 0.19097222291666668 0.7490234375 0.1875 0.7333984375 0.19097222291666668
0 0.76953125 0.22743055625 0.76953125 0.24826388958333334 0.7734375 0.265625 0.7841796875 0.28472222291666666 0.7900390625 0.28819444375000003 0.80078125 0.2864583333333333 0.8037109375 0.28472222291666666 0.814453125 0.26215277708333334 0.814453125 0.23090277708333332 0.8056640625 0.20833333333333334 0.7998046875 0.20138888958333334 0.7900390625 0.19791666666666666 0.7734375 0.21354166666666666 0.76953125 0.22743055625
0 0.8330078125 0.16666666666666666 0.826171875 0.18229166666666666 0.826171875 0.19618055625 0.830078125 0.21354166666666666 0.8369140625 0.22569444375 0.841796875 0.22395833333333334 0.84375 0.20659722291666668 0.8486328125 0.19791666666666666 0.857421875 0.19270833333333334 0.857421875 0.18229166666666666 0.853515625 0.171875 0.8466796875 0.16319444375 0.8369140625 0.16319444375 0.8330078125 0.16666666666666666
0 0.8603515625 0.18402777708333332 0.8671875 0.18229166666666666 0.8671875 0.16840277708333332 0.87109375 0.15451388958333334 0.87109375 0.14409722291666668 0.8662109375 0.13541666666666666 0.8564453125 0.13541666666666666 0.849609375 0.14756944375 0.84765625 0.16145833333333334 0.8603515625 0.18402777708333332
0 0.8759765625 0.20486111041666666 0.8828125 0.203125 0.8828125 0.18923611041666666 0.88671875 0.17534722291666668 0.890625 0.171875 0.8818359375 0.15277777708333332 0.8701171875 0.15277777708333332 0.8671875 0.16145833333333334 0.8671875 0.18576388958333334 0.8759765625 0.20486111041666666
0 0.8935546875 0.22916666666666666 0.90234375 0.22743055625 0.908203125 0.21701388958333334 0.908203125 0.19270833333333334 0.8994140625 0.17361111041666666 0.8896484375 0.17013888958333334 0.8828125 0.18229166666666666 0.8828125 0.20659722291666668 0.8896484375 0.22569444375 0.8935546875 0.22916666666666666
0 0.9609375 0.32465277708333334 0.9609375 0.3454861104166667 0.966796875 0.3697916666666667 0.9716796875 0.37847222291666666 0.9755859375 0.38194444375000003 0.984375 0.3802083333333333 0.9873046875 0.37847222291666666 0.9921875 0.36631944375000003 0.994140625 0.3385416666666667 0.990234375 0.3177083333333333 0.9794921875 0.2986111104166667 0.9755859375 0.2986111104166667 0.96484375 0.3072916666666667 0.9609375 0.32465277708333334
1 0.841796875 0.234375 0.8505859375 0.2604166666666667 0.8603515625 0.2673611104166667 0.865234375 0.265625 0.875 0.25173611041666666 0.876953125 0.22395833333333334 0.8701171875 0.20138888958333334 0.8623046875 0.19444444375 0.8525390625 0.19444444375 0.8486328125 0.19791666666666666 0.841796875 0.21354166666666666 0.841796875 0.234375
1 0.814453125 0.14409722291666668 0.814453125 0.171875 0.8193359375 0.17708333333333334 0.822265625 0.17534722291666668 0.830078125 0.16493055625 0.83203125 0.14756944375 0.830078125 0.13715277708333332 0.8232421875 0.125 0.8134765625 0.12152777708333334 0.8095703125 0.125 0.80859375 0.13020833333333334 0.814453125 0.14409722291666668
1 0.7421875 0.18229166666666666 0.7451171875 0.1875 0.7548828125 0.19097222291666668 0.7587890625 0.19791666666666666 0.76171875 0.19618055625 0.765625 0.18229166666666666 0.765625 0.171875 0.759765625 0.15451388958333334 0.7470703125 0.14236111041666666 0.7373046875 0.14583333333333334 0.734375 0.15451388958333334 0.740234375 0.16840277708333332 0.7421875 0.18229166666666666
1 0.642578125 0.13715277708333332 0.642578125 0.15798611041666666 0.646484375 0.17881944375 0.6591796875 0.20138888958333334 0.673828125 0.19965277708333332 0.681640625 0.18576388958333334 0.68359375 0.17534722291666668 0.68359375 0.15798611041666666 0.681640625 0.15104166666666666 0.6708984375 0.125 0.6669921875 0.12152777708333334 0.6513671875 0.12152777708333334 0.642578125 0.13715277708333332
1 0.5390625 0.15798611041666666 0.5390625 0.16840277708333332 0.54296875 0.18229166666666666 0.5478515625 0.19097222291666668 0.55859375 0.19618055625 0.5712890625 0.19097222291666668 0.578125 0.171875 0.578125 0.15104166666666666 0.576171875 0.14409722291666668 0.5634765625 0.12847222291666666 0.5498046875 0.13194444375 0.541015625 0.14756944375 0.5390625 0.15798611041666666
1 0.5179394171875 0.13432293958333333 0.5179394171875 0.15862849583333333 0.5306347296875 0.17772571666666667 0.5394237921875 0.17598960624999999 0.5413769171875 0.17251738333333336 0.5394237921875 0.16557293958333333 0.5413769171875 0.14821182916666667 0.5491894171875 0.13432293958333333 0.5491894171875 0.12737849583333333 0.5443066046875 0.11869793958333334 0.5267284796875 0.11869793958333334 0.5179394171875 0.13432293958333333
1 0.3984375 0.140625 0.3984375 0.16145833333333334 0.4072265625 0.17708333333333334 0.4140625 0.17534722291666668 0.4189453125 0.17361111041666666 0.42578125 0.15798611041666666 0.42578125 0.140625 0.423828125 0.13368055625 0.4169921875 0.125 0.4072265625 0.125 0.4013671875 0.13194444375 0.3984375 0.140625
1 0.1904296875 0.3854166666666667 0.18359375 0.4010416666666667 0.181640625 0.4114583333333333 0.181640625 0.44618055624999997 0.1923828125 0.46875 0.2001953125 0.47569444375000003 0.212890625 0.4739583333333333 0.22265625 0.46006944375000003 0.2265625 0.44618055624999997 0.228515625 0.4357638895833333 0.228515625 0.4114583333333333 0.2265625 0.4010416666666667 0.2177734375 0.38194444375000003 0.2041015625 0.375 0.1904296875 0.3854166666666667
1 0.201171875 0.3420138895833333 0.201171875 0.3732638895833333 0.2080078125 0.37847222291666666 0.2138671875 0.37847222291666666 0.2255859375 0.3958333333333333 0.228515625 0.39409722291666666 0.234375 0.38715277708333334 0.240234375 0.36631944375000003 0.240234375 0.3385416666666667 0.2314453125 0.31944444375000003 0.2275390625 0.31597222291666666 0.2158203125 0.31597222291666666 0.2119140625 0.31944444375000003 0.201171875 0.3420138895833333
1 0.08984375 0.44618055624999997 0.08984375 0.48090277708333334 0.0966796875 0.49652777708333334 0.1025390625 0.5 0.109375 0.4982638895833333 0.1171875 0.48784722291666666 0.12109375 0.4739583333333333 0.12109375 0.44618055624999997 0.1142578125 0.4270833333333333 0.1103515625 0.4236111104166667 0.1005859375 0.4236111104166667 0.09375 0.4322916666666667 0.08984375 0.44618055624999997
0 0.12890625 0.4114583333333333 0.130859375 0.41493055624999997 0.130859375 0.42881944375000003 0.1396484375 0.44444444375000003 0.14453125 0.4427083333333333 0.150390625 0.41840277708333334 0.1640625 0.4010416666666667 0.162109375 0.38368055624999997 0.1533203125 0.37152777708333334 0.1435546875 0.37152777708333334 0.1396484375 0.375 0.134765625 0.38368055624999997 0.12890625 0.4114583333333333
0 0.212890625 0.2760416666666667 0.212890625 0.28993055624999997 0.2197265625 0.30555555624999997 0.2236328125 0.30902777708333334 0.23046875 0.3072916666666667 0.23828125 0.30034722291666666 0.244140625 0.27256944375000003 0.2421875 0.26215277708333334 0.2373046875 0.25347222291666666 0.2333984375 0.25 0.2236328125 0.25 0.216796875 0.26215277708333334 0.212890625 0.2760416666666667
0 0.24609375 0.27256944375000003 0.2509765625 0.28472222291666666 0.2607421875 0.2916666666666667 0.263671875 0.28993055624999997 0.2685546875 0.28819444375000003 0.275390625 0.27256944375000003 0.27734375 0.265625 0.27734375 0.24826388958333334 0.2685546875 0.22916666666666666 0.2568359375 0.22916666666666666 0.24609375 0.25173611041666666 0.24609375 0.27256944375000003
0 0.337890625 0.17881944375 0.337890625 0.19965277708333332 0.33984375 0.20659722291666668 0.3466796875 0.21527777708333332 0.357421875 0.21354166666666666 0.365234375 0.20659722291666668 0.369140625 0.19270833333333334 0.369140625 0.18229166666666666 0.3671875 0.171875 0.3623046875 0.16319444375 0.3525390625 0.15972222291666668 0.3466796875 0.16319444375 0.337890625 0.17881944375
0 0.796875 0.17881944375 0.80859375 0.17881944375 0.814453125 0.16840277708333332 0.814453125 0.14409722291666668 0.8125 0.13715277708333332 0.8037109375 0.125 0.7919921875 0.125 0.787109375 0.13368055625 0.796875 0.15798611041666666 0.796875 0.17881944375
1 0.728515625 0.14756944375 0.728515625 0.1267361104166667 0.736328125 0.109375 0.7314453125 0.10069444375 0.7177734375 0.10069444375 0.712890625 0.109375 0.71484375 0.140625 0.7216796875 0.14930555625 0.728515625 0.14756944375
0 0.3623046875 0.16319444375 0.3662109375 0.17013888958333334 0.3671875 0.16840277708333332 0.369140625 0.15798611041666666 0.373046875 0.15104166666666666 0.373046875 0.14409722291666668 0.3642578125 0.13888888958333334 0.3603515625 0.14236111041666666 0.353515625 0.15798611041666666 0.3564453125 0.16319444375 0.3623046875 0.16319444375
0 0.369140625 0.18923611041666666 0.3759765625 0.19791666666666666 0.38671875 0.19618055625 0.390625 0.19270833333333334 0.396484375 0.17534722291666668 0.39453125 0.15451388958333334 0.3876953125 0.14583333333333334 0.3701171875 0.14583333333333334 0.36328125 0.16145833333333334 0.369140625 0.18229166666666666 0.369140625 0.18923611041666666
1 0.759765625 0.15451388958333334 0.7626953125 0.15972222291666668 0.763671875 0.15798611041666666 0.765625 0.14756944375 0.7724609375 0.13541666666666666 0.7841796875 0.13541666666666666 0.78515625 0.13020833333333334 0.7783203125 0.12152777708333334 0.7666015625 0.12152777708333334 0.759765625 0.13715277708333332 0.759765625 0.15451388958333334
0 0.693359375 0.11979166666666667 0.69140625 0.10590277708333334 0.6826171875 0.09375 0.6728515625 0.09375 0.666015625 0.10243055625 0.666015625 0.109375 0.6689453125 0.11458333333333333 0.6806640625 0.11111111041666667 0.693359375 0.11979166666666667