0 0.6865234375 0.2708333333333333 0.703125 0.26909722291666666 0.71484375 0.25173611041666666 0.716796875 0.22048611041666666 0.712890625 0.20659722291666668 0.7041015625 0.19097222291666668 0.6865234375 0.1875 0.6767578125 0.19791666666666666 0.669921875 0.21701388958333334 0.671875 0.24479166666666666 0.673828125 0.25173611041666666 0.6865234375 0.2708333333333333
0 0.623046875 0.21006944375 0.623046875 0.23784722291666668 0.6357421875 0.26388888958333334 0.6396484375 0.2673611104166667 0.654296875 0.265625 0.6611328125 0.2604166666666667 0.66796875 0.24826388958333334 0.669921875 0.24131944375 0.669921875 0.21701388958333334 0.666015625 0.203125 0.6591796875 0.19097222291666668 0.6513671875 0.18402777708333332 0.6357421875 0.1875 0.6318359375 0.19097222291666668 0.623046875 0.21006944375
0 0.732421875 0.19618055625 0.7392578125 0.20486111041666666 0.744140625 0.203125 0.74609375 0.18229166666666666 0.7548828125 0.17013888958333334 0.759765625 0.16840277708333332 0.759765625 0.16145833333333334 0.7509765625 0.14583333333333334 0.7451171875 0.14236111041666666 0.7333984375 0.14930555625 0.728515625 0.15798611041666666 0.728515625 0.18229166666666666 0.732421875 0.19618055625
0 0.76953125 0.140625 0.7734375 0.13020833333333334 0.7734375 0.11979166666666667 0.7666015625 0.11111111041666667 0.7607421875 0.11111111041666667 0.75390625 0.11979166666666667 0.751953125 0.140625 0.7607421875 0.15972222291666668 0.76953125 0.15798611041666666 0.76953125 0.140625
0 0.79296875 0.13715277708333332 0.7861328125 0.12847222291666666 0.7783203125 0.125 0.76953125 0.13715277708333332 0.76953125 0.15798611041666666 0.7802734375 0.17708333333333334 0.787109375 0.17534722291666668 0.78515625 0.16145833333333334 0.79296875 0.13715277708333332
0 0.8125 0.18923611041666666 0.814453125 0.16493055625 0.8037109375 0.14236111041666666 0.7919921875 0.14236111041666666 0.78515625 0.15798611041666666 0.787109375 0.17881944375 0.7939453125 0.19444444375 0.7978515625 0.19791666666666666 0.806640625 0.19618055625 0.8125 0.18923611041666666
0 0.875 0.25868055625 0.873046875 0.28993055624999997 0.8857421875 0.3229166666666667 0.89453125 0.32465277708333334 0.8994140625 0.3229166666666667 0.90625 0.3142361104166667 0.91015625 0.30034722291666666 0.91015625 0.2829861104166667 0.908203125 0.2795138895833333 0.908203125 0.26909722291666666 0.8994140625 0.25 0.8955078125 0.24652777708333332 0.8837890625 0.24652777708333332 0.875 0.25868055625
0 0.7001953125 0.17013888958333334 0.705078125 0.16840277708333332 0.712890625 0.15798611041666666 0.71484375 0.15104166666666666 0.71484375 0.13368055625 0.7080078125 0.11805555625 0.6943359375 0.11458333333333333 0.6904296875 0.11805555625 0.6875 0.1267361104166667 0.697265625 0.15104166666666666 0.697265625 0.16493055625 0.7001953125 0.17013888958333334
1 0.7158203125 0.15972222291666668 0.724609375 0.15798611041666666 0.732421875 0.140625 0.73046875 0.12326388958333333 0.7236328125 0.11111111041666667 0.7177734375 0.10763888958333333 0.7099609375 0.11111111041666667 0.70703125 0.11979166666666667 0.71484375 0.13715277708333332 0.71484375 0.15104166666666666 0.712890625 0.15451388958333334 0.7158203125 0.15972222291666668
1 0.744140625 0.18923611041666666 0.744140625 0.21354166666666666 0.7548828125 0.23611111041666666 0.7587890625 0.23958333333333334 0.76953125 0.23784722291666668 0.7724609375 0.23611111041666666 0.779296875 0.22048611041666666 0.779296875 0.21006944375 0.78125 0.20659722291666668 0.779296875 0.19270833333333334 0.7705078125 0.17361111041666666 0.7666015625 0.17013888958333334 0.7548828125 0.17013888958333334 0.7490234375 0.17708333333333334 0.744140625 0.18923611041666666
1 0.625 0.14756944375 0.626953125 0.14409722291666668 0.626953125 0.1267361104166667 0.6328125 0.11631944375 0.6328125 0.109375 0.6240234375 0.10069444375 0.6201171875 0.10069444375 0.609375 0.11631944375 0.609375 0.13368055625 0.6142578125 0.14930555625 0.625 0.14756944375
1 0.546875 0.19618055625 0.5576171875 0.21180555625 0.5703125 0.21006944375 0.5732421875 0.20833333333333334 0.58203125 0.18923611041666666 0.58203125 0.16493055625 0.5712890625 0.14583333333333334 0.5673828125 0.14930555625 0.5556640625 0.14930555625 0.5517578125 0.15277777708333332 0.54296875 0.171875 0.544921875 0.18923611041666666 0.546875 0.19618055625
0 0.58984375 0.11979166666666667 0.5830078125 0.10763888958333333 0.5771484375 0.10416666666666667 0.5673828125 0.10763888958333333 0.5625 0.11631944375 0.5625 0.12326388958333333 0.5654296875 0.12847222291666666 0.5771484375 0.12152777708333334 0.58984375 0.1267361104166667 0.58984375 0.11979166666666667
1 0.4501953125 0.22222222291666668 0.4560546875 0.22569444375 0.462890625 0.22395833333333334 0.4677734375 0.22222222291666668 0.4765625 0.20659722291666668 0.478515625 0.18229166666666666 0.4716796875 0.16319444375 0.4599609375 0.15625 0.4482421875 0.16319444375 0.443359375 0.171875 0.439453125 0.19618055625 0.44140625 0.20659722291666668 0.4501953125 0.22222222291666668
1 0.41796875 0.18923611041666666 0.419921875 0.19618055625 0.4248046875 0.20486111041666666 0.435546875 0.21006944375 0.44140625 0.20659722291666668 0.439453125 0.18923611041666666 0.443359375 0.171875 0.44921875 0.16145833333333334 0.447265625 0.15451388958333334 0.4423828125 0.14930555625 0.4306640625 0.14930555625 0.4228515625 0.15625 0.41796875 0.16840277708333332 0.41796875 0.18923611041666666
1 0.328125 0.21006944375 0.328125 0.18576388958333334 0.3232421875 0.17708333333333334 0.3154296875 0.17361111041666666 0.3095703125 0.17708333333333334 0.302734375 0.18923611041666666 0.30078125 0.20659722291666668 0.3095703125 0.22569444375 0.3203125 0.22395833333333334 0.328125 0.21006944375
1 0.126953125 0.41493055624999997 0.126953125 0.4427083333333333 0.1298828125 0.4479166666666667 0.1396484375 0.4479166666666667 0.1494140625 0.46180555624999997 0.154296875 0.4635416666666667 0.1572265625 0.46180555624999997 0.16015625 0.453125 0.1640625 0.4322916666666667 0.1640625 0.41840277708333334 0.16015625 0.4010416666666667 0.1533203125 0.3888888895833333 0.1435546875 0.3854166666666667 0.1376953125 0.3888888895833333 0.12890625 0.4045138895833333 0.126953125 0.41493055624999997
1 0.11328125 0.47743055624999997 0.11328125 0.515625 0.1171875 0.5295138895833333 0.1240234375 0.5416666666666666 0.1337890625 0.5486111104166667 0.140625 0.546875 0.1455078125 0.5451388895833333 0.15234375 0.5329861104166667 0.15234375 0.5260416666666666 0.15625 0.515625 0.15625 0.48090277708333334 0.1474609375 0.4548611104166667 0.1396484375 0.4479166666666667 0.1298828125 0.4479166666666667 0.1201171875 0.4583333333333333 0.11328125 0.47743055624999997
1 0.0400390625 0.5868055562500001 0.05078125 0.5850694437499999 0.056640625 0.5746527770833333 0.05859375 0.5399305562500001 0.0546875 0.52256944375 0.0478515625 0.5104166666666666 0.0419921875 0.50694444375 0.033203125 0.5190972229166666 0.029296875 0.5329861104166667 0.029296875 0.5607638895833333 0.0361328125 0.5833333333333334 0.0400390625 0.5868055562500001
0 0.080078125 0.5260416666666666 0.08203125 0.5052083333333334 0.09375 0.48090277708333334 0.09375 0.4704861104166667 0.0869140625 0.4548611104166667 0.0751953125 0.4513888895833333 0.06640625 0.4670138895833333 0.0625 0.4947916666666667 0.06640625 0.515625 0.0732421875 0.5277777770833334 0.080078125 0.5260416666666666
0 0.19140625 0.3385416666666667 0.19140625 0.3142361104166667 0.1845703125 0.2986111104166667 0.1787109375 0.2951388895833333 0.16796875 0.30381944375000003 0.162109375 0.32465277708333334 0.162109375 0.3385416666666667 0.1708984375 0.3576388895833333 0.18359375 0.35590277708333334 0.19140625 0.3385416666666667
0 0.150390625 0.3802083333333333 0.15625 0.3732638895833333 0.16015625 0.359375 0.16015625 0.3385416666666667 0.1533203125 0.3229166666666667 0.1435546875 0.3229166666666667 0.13671875 0.33159722291666666 0.1328125 0.3454861104166667 0.1328125 0.36631944375000003 0.1416015625 0.38194444375000003 0.150390625 0.3802083333333333
0 0.2734375 0.25868055625 0.275390625 0.23784722291666668 0.2685546875 0.21875 0.2568359375 0.21875 0.2529296875 0.22222222291666668 0.24609375 0.23784722291666668 0.24609375 0.25868055625 0.2568359375 0.27430555624999997 0.263671875 0.27256944375000003 0.2734375 0.25868055625
0 0.291015625 0.25173611041666666 0.296875 0.24479166666666666 0.30078125 0.23090277708333332 0.30078125 0.21006944375 0.2958984375 0.20138888958333334 0.2900390625 0.19791666666666666 0.2783203125 0.20138888958333334 0.271484375 0.21701388958333334 0.2734375 0.234375 0.2822265625 0.25347222291666666 0.291015625 0.25173611041666666
0 0.2783203125 0.19791666666666666 0.2666015625 0.19791666666666666 0.259765625 0.21006944375 0.2607421875 0.21875 0.2734375 0.22048611041666666 0.275390625 0.21006944375 0.279296875 0.203125 0.2783203125 0.19791666666666666
1 0.6435546875 0.18402777708333332 0.6513671875 0.18402777708333332 0.6572265625 0.19097222291666668 0.662109375 0.18923611041666666 0.6640625 0.18229166666666666 0.6640625 0.16493055625 0.6572265625 0.14930555625 0.6513671875 0.14236111041666666 0.6376953125 0.14236111041666666 0.6328125 0.14756944375 0.630859375 0.15451388958333334 0.640625 0.171875 0.640625 0.17881944375 0.6435546875 0.18402777708333332
1 0.6640625 0.140625 0.6708984375 0.12847222291666666 0.6767578125 0.12847222291666666 0.68359375 0.12326388958333333 0.6767578125 0.11458333333333333 0.6650390625 0.11805555625 0.658203125 0.13020833333333334 0.658203125 0.15104166666666666 0.662109375 0.15104166666666666 0.6640625 0.140625
0 0.5576171875 0.13194444375 0.5458984375 0.13888888958333334 0.5390625 0.15451388958333334 0.5390625 0.16840277708333332 0.541015625 0.17534722291666668 0.54296875 0.17534722291666668 0.544921875 0.171875 0.54296875 0.16493055625 0.5439453125 0.15277777708333332 0.5478515625 0.15625 0.548828125 0.15104166666666666 0.5537109375 0.14583333333333334 0.572265625 0.14409722291666668 0.5673828125 0.13541666666666666 0.5595703125 0.13541666666666666 0.5576171875 0.13194444375