1 0.5390625 0.390625 0.5283203125 0.37152777708333334 0.5185546875 0.3611111104166667 0.5107421875 0.3611111104166667 0.5029296875 0.3541666666666667 0.4794921875 0.3541666666666667 0.4658203125 0.3645833333333333 0.4580078125 0.375 0.4453125 0.4079861104166667 0.4453125 0.41493055624999997 0.44140625 0.42534722291666666 0.44140625 0.47743055624999997 0.44921875 0.5052083333333334 0.4619140625 0.5277777770833334 0.4833984375 0.5486111104166667 0.50390625 0.546875 0.5205078125 0.5381944437499999 0.541015625 0.5052083333333334 0.546875 0.48784722291666666 0.548828125 0.44618055624999997 0.55078125 0.4392361104166667 0.544921875 0.4079861104166667 0.541015625 0.4010416666666667 0.5390625 0.390625
1 0.6494140625 0.6076388895833333 0.6337890625 0.5902777770833333 0.6298828125 0.5902777770833333 0.6181640625 0.5798611104166667 0.5869140625 0.5798611104166667 0.5849609375 0.5833333333333334 0.5712890625 0.5868055562500001 0.5556640625 0.6006944437499999 0.537109375 0.6302083333333334 0.5234375 0.671875 0.51953125 0.6927083333333334 0.517578125 0.734375 0.51953125 0.7378472229166667 0.51953125 0.7552083333333334 0.52734375 0.7864583333333334 0.5439453125 0.8263888895833333 0.5595703125 0.8472222229166667 0.5634765625 0.8472222229166667 0.5751953125 0.8576388895833333 0.5830078125 0.8576388895833333 0.5849609375 0.8611111104166667 0.611328125 0.859375 0.6201171875 0.8576388895833333 0.6376953125 0.84375 0.662109375 0.8072916666666666 0.669921875 0.7864583333333334 0.677734375 0.7447916666666666 0.677734375 0.6892361104166667 0.666015625 0.640625 0.6494140625 0.6076388895833333
1 0.46484375 0.25173611041666666 0.458984375 0.2760416666666667 0.458984375 0.296875 0.4619140625 0.2986111104166667 0.4736328125 0.28125 0.4853515625 0.27430555624999997 0.5068359375 0.27430555624999997 0.5224609375 0.28819444375000003 0.53125 0.3072916666666667 0.5341796875 0.3125 0.53515625 0.3107638895833333 0.537109375 0.3072916666666667 0.537109375 0.27256944375000003 0.533203125 0.2552083333333333 0.5205078125 0.23263888958333334 0.5048828125 0.22222222291666668 0.4892578125 0.22222222291666668 0.4755859375 0.23263888958333334 0.46484375 0.25173611041666666
1 0.4697265625 0.19791666666666666 0.4521484375 0.19791666666666666 0.4423828125 0.20486111041666666 0.431640625 0.22048611041666666 0.42578125 0.24131944375 0.423828125 0.26215277708333334 0.4296875 0.29340277708333334 0.4462890625 0.31944444375000003 0.451171875 0.3177083333333333 0.458984375 0.30034722291666666 0.458984375 0.2760416666666667 0.46484375 0.25173611041666666 0.4775390625 0.22916666666666666 0.486328125 0.22395833333333334 0.486328125 0.21701388958333334 0.4794921875 0.20486111041666666 0.4697265625 0.19791666666666666
1 0.3759765625 0.21875 0.37109375 0.23090277708333332 0.37109375 0.23784722291666668 0.3740234375 0.24305555625 0.3876953125 0.24305555625 0.3955078125 0.25 0.40625 0.26909722291666666 0.4111328125 0.28472222291666666 0.4150390625 0.28819444375000003 0.42578125 0.2864583333333333 0.423828125 0.25173611041666666 0.42578125 0.24826388958333334 0.427734375 0.22395833333333334 0.4189453125 0.20833333333333334 0.4150390625 0.20833333333333334 0.4033203125 0.19791666666666666 0.3916015625 0.20138888958333334 0.3759765625 0.21875
1 0.7490234375 0.23263888958333334 0.7470703125 0.23611111041666666 0.7314453125 0.23611111041666666 0.7236328125 0.24305555625 0.71484375 0.25868055625 0.7109375 0.27256944375000003 0.7109375 0.29340277708333334 0.712890625 0.296875 0.712890625 0.3142361104166667 0.71875 0.328125 0.724609375 0.3489583333333333 0.724609375 0.35590277708333334 0.7275390625 0.3611111104166667 0.7451171875 0.3611111104166667 0.7548828125 0.36805555624999997 0.765625 0.36631944375000003 0.7734375 0.35590277708333334 0.78515625 0.32118055624999997 0.783203125 0.28993055624999997 0.77734375 0.26909722291666666 0.7646484375 0.24305555625 0.7568359375 0.23611111041666666 0.7509765625 0.23611111041666666 0.7490234375 0.23263888958333334
1 0.7626953125 0.21180555625 0.7490234375 0.19791666666666666 0.7333984375 0.19444444375 0.7236328125 0.20138888958333334 0.712890625 0.22048611041666666 0.708984375 0.234375 0.7109375 0.26215277708333334 0.71484375 0.26215277708333334 0.7197265625 0.25 0.7333984375 0.23611111041666666 0.7548828125 0.23611111041666666 0.7607421875 0.23958333333333334 0.7724609375 0.2604166666666667 0.775390625 0.2552083333333333 0.767578125 0.22048611041666666 0.7626953125 0.21180555625
1 0.6435546875 0.15625 0.6337890625 0.15972222291666668 0.6240234375 0.17013888958333334 0.6171875 0.18923611041666666 0.619140625 0.20659722291666668 0.6376953125 0.23958333333333334 0.640625 0.23784722291666668 0.642578125 0.22048611041666666 0.6533203125 0.19791666666666666 0.6650390625 0.1875 0.671875 0.18576388958333334 0.6630859375 0.16666666666666666 0.6533203125 0.15972222291666668 0.6455078125 0.15972222291666668 0.6435546875 0.15625
1 0.6337890625 0.125 0.6318359375 0.12847222291666666 0.6201171875 0.13194444375 0.611328125 0.14756944375 0.61328125 0.15451388958333334 0.6171875 0.15798611041666666 0.62109375 0.171875 0.625 0.171875 0.6337890625 0.15972222291666668 0.6533203125 0.15972222291666668 0.6572265625 0.16319444375 0.658203125 0.15104166666666666 0.6494140625 0.13541666666666666 0.6416015625 0.12847222291666666 0.6357421875 0.12847222291666666 0.6337890625 0.125
1 0.59375 0.140625 0.6083984375 0.14930555625 0.611328125 0.14756944375 0.6201171875 0.13194444375 0.6318359375 0.12847222291666666 0.6328125 0.12326388958333333 0.6240234375 0.11111111041666667 0.6083984375 0.11111111041666667 0.6005859375 0.11805555625 0.595703125 0.1267361104166667 0.59375 0.140625
1 0.658203125 0.15104166666666666 0.66015625 0.16145833333333334 0.662109375 0.16145833333333334 0.6748046875 0.13541666666666666 0.6865234375 0.13194444375 0.6875 0.1267361104166667 0.6787109375 0.11458333333333333 0.6611328125 0.11458333333333333 0.6533203125 0.12152777708333334 0.6484375 0.13368055625 0.658203125 0.15104166666666666
0 0.7041015625 0.3020833333333333 0.6982421875 0.2986111104166667 0.6943359375 0.2916666666666667 0.6826171875 0.28819444375000003 0.6806640625 0.28472222291666666 0.6591796875 0.28819444375000003 0.6455078125 0.3020833333333333 0.6328125 0.33506944375000003 0.630859375 0.3454861104166667 0.630859375 0.38715277708333334 0.6328125 0.390625 0.6328125 0.4010416666666667 0.642578125 0.42881944375000003 0.6513671875 0.44097222291666666 0.685546875 0.4427083333333333 0.689453125 0.421875 0.69921875 0.390625 0.7099609375 0.375 0.7216796875 0.36805555624999997 0.724609375 0.36284722291666666 0.724609375 0.35243055624999997 0.716796875 0.32465277708333334 0.7041015625 0.3020833333333333
0 0.712890625 0.30034722291666666 0.70703125 0.26909722291666666 0.6962890625 0.24652777708333332 0.6767578125 0.22916666666666666 0.6630859375 0.22916666666666666 0.6474609375 0.23958333333333334 0.63671875 0.25868055625 0.62890625 0.30034722291666666 0.6328125 0.32118055624999997 0.63671875 0.32118055624999997 0.6513671875 0.2951388895833333 0.6689453125 0.28472222291666666 0.6806640625 0.28472222291666666 0.6826171875 0.28819444375000003 0.6943359375 0.2916666666666667 0.7080078125 0.30902777708333334 0.7099609375 0.30902777708333334 0.712890625 0.30034722291666666
0 0.5810546875 0.21180555625 0.568359375 0.234375 0.5625 0.25868055625 0.5654296875 0.2708333333333333 0.5771484375 0.2673611104166667 0.5791015625 0.26388888958333334 0.5927734375 0.26388888958333334 0.6103515625 0.27430555624999997 0.6259765625 0.2986111104166667 0.62890625 0.296875 0.6328125 0.27256944375000003 0.638671875 0.2552083333333333 0.638671875 0.24826388958333334 0.6328125 0.23090277708333332 0.6220703125 0.21180555625 0.6123046875 0.20486111041666666 0.5908203125 0.20486111041666666 0.5810546875 0.21180555625
0 0.6064453125 0.2708333333333333 0.5947265625 0.2673611104166667 0.5927734375 0.26388888958333334 0.5791015625 0.26388888958333334 0.5771484375 0.2673611104166667 0.5654296875 0.2708333333333333 0.548828125 0.29340277708333334 0.54296875 0.3142361104166667 0.541015625 0.32465277708333334 0.541015625 0.35590277708333334 0.54296875 0.359375 0.54296875 0.3697916666666667 0.548828125 0.390625 0.5634765625 0.4166666666666667 0.5810546875 0.4270833333333333 0.599609375 0.42534722291666666 0.6103515625 0.4201388895833333 0.623046875 0.39756944375000003 0.62890625 0.3767361104166667 0.62890625 0.35590277708333334 0.6328125 0.3385416666666667 0.630859375 0.3142361104166667 0.626953125 0.30034722291666666 0.6064453125 0.2708333333333333
0 0.5390625 0.33506944375000003 0.53515625 0.3142361104166667 0.5244140625 0.2916666666666667 0.5068359375 0.27430555624999997 0.4853515625 0.27430555624999997 0.4794921875 0.27777777708333334 0.4658203125 0.2916666666666667 0.44921875 0.328125 0.447265625 0.3385416666666667 0.447265625 0.3767361104166667 0.44921875 0.38368055624999997 0.4521484375 0.3888888895833333 0.453125 0.38715277708333334 0.4619140625 0.36805555624999997 0.4775390625 0.3541666666666667 0.4912109375 0.3541666666666667 0.4931640625 0.35069444375000003 0.5185546875 0.3611111104166667 0.5361328125 0.38194444375000003 0.5390625 0.3767361104166667 0.5390625 0.33506944375000003
0 0.724609375 0.5121527770833334 0.716796875 0.48784722291666666 0.7001953125 0.4583333333333333 0.6962890625 0.4583333333333333 0.6923828125 0.4513888895833333 0.6884765625 0.4513888895833333 0.6826171875 0.44444444375000003 0.6552734375 0.44097222291666666 0.6533203125 0.44444444375000003 0.6455078125 0.44444444375000003 0.6337890625 0.4513888895833333 0.6220703125 0.46527777708333334 0.60546875 0.5017361104166667 0.599609375 0.5260416666666666 0.59765625 0.5746527770833333 0.6181640625 0.5798611104166667 0.6455078125 0.6006944437499999 0.658203125 0.6197916666666666 0.6767578125 0.6701388895833333 0.6875 0.6684027770833333 0.6943359375 0.6631944437499999 0.7109375 0.6371527770833333 0.724609375 0.5989583333333334 0.7265625 0.5711805562500001 0.728515625 0.5677083333333334 0.728515625 0.5434027770833333 0.7265625 0.5399305562500001 0.724609375 0.5121527770833334
0 0.3828125 0.45659722291666666 0.376953125 0.4427083333333333 0.3623046875 0.4201388895833333 0.3447265625 0.40972222291666666 0.3291015625 0.40972222291666666 0.3095703125 0.4236111104166667 0.3037109375 0.43055555624999997 0.294921875 0.44965277708333334 0.28515625 0.48784722291666666 0.28515625 0.5295138895833333 0.29296875 0.5607638895833333 0.3076171875 0.5902777770833333 0.3271484375 0.6041666666666666 0.3349609375 0.6041666666666666 0.3369140625 0.6076388895833333 0.34375 0.6059027770833333 0.3642578125 0.59375 0.375 0.578125 0.376953125 0.5677083333333334 0.3828125 0.5572916666666666 0.390625 0.515625 0.388671875 0.50868055625 0.388671875 0.48090277708333334 0.3828125 0.45659722291666666
0 0.361328125 0.3454861104166667 0.35546875 0.32465277708333334 0.3466796875 0.30902777708333334 0.3369140625 0.2986111104166667 0.3134765625 0.2986111104166667 0.3037109375 0.30555555624999997 0.291015625 0.328125 0.28515625 0.3454861104166667 0.283203125 0.35590277708333334 0.283203125 0.38715277708333334 0.28515625 0.390625 0.28515625 0.4010416666666667 0.2958984375 0.4236111104166667 0.3017578125 0.43055555624999997 0.3046875 0.42881944375000003 0.3154296875 0.4166666666666667 0.3271484375 0.40972222291666666 0.3466796875 0.40972222291666666 0.3505859375 0.41319444375000003 0.359375 0.390625 0.359375 0.3802083333333333 0.361328125 0.3767361104166667 0.361328125 0.3454861104166667
0 0.2431640625 0.31597222291666666 0.232421875 0.33159722291666666 0.2265625 0.35243055624999997 0.224609375 0.38715277708333334 0.23046875 0.4079861104166667 0.23046875 0.41493055624999997 0.2392578125 0.43055555624999997 0.2470703125 0.4375 0.265625 0.4357638895833333 0.2763671875 0.4270833333333333 0.28515625 0.4079861104166667 0.283203125 0.359375 0.28515625 0.35590277708333334 0.287109375 0.33506944375000003 0.2763671875 0.31597222291666666 0.2587890625 0.30555555624999997 0.2431640625 0.31597222291666666
0 0.3876953125 0.24305555625 0.3662109375 0.24305555625 0.3564453125 0.25 0.345703125 0.26909722291666666 0.337890625 0.29340277708333334 0.337890625 0.30034722291666666 0.3447265625 0.30555555624999997 0.357421875 0.328125 0.359375 0.3420138895833333 0.3623046875 0.34722222291666666 0.36328125 0.3454861104166667 0.37109375 0.3177083333333333 0.3798828125 0.3020833333333333 0.3896484375 0.2916666666666667 0.4052734375 0.28819444375000003 0.408203125 0.2829861104166667 0.408203125 0.2760416666666667 0.404296875 0.265625 0.3876953125 0.24305555625
0 0.3466796875 0.22569444375 0.3544921875 0.23263888958333334 0.3603515625 0.24305555625 0.369140625 0.24131944375 0.373046875 0.22395833333333334 0.37890625 0.21354166666666666 0.3701171875 0.19791666666666666 0.3603515625 0.19097222291666668 0.3447265625 0.19444444375 0.3388671875 0.20138888958333334 0.328125 0.22395833333333334 0.3466796875 0.22569444375
0 0.4560546875 0.16666666666666666 0.4365234375 0.17013888958333334 0.4248046875 0.1875 0.419921875 0.19965277708333332 0.419921875 0.21006944375 0.4287109375 0.22569444375 0.4296875 0.22395833333333334 0.4365234375 0.21180555625 0.4501953125 0.19791666666666666 0.4697265625 0.19791666666666666 0.4755859375 0.20138888958333334 0.4765625 0.19618055625 0.474609375 0.18923611041666666 0.4619140625 0.17013888958333334 0.4560546875 0.16666666666666666
0 0.5390625 0.14756944375 0.548828125 0.16145833333333334 0.5546875 0.18229166666666666 0.5546875 0.18923611041666666 0.5576171875 0.19444444375 0.55859375 0.19270833333333334 0.572265625 0.16840277708333332 0.57421875 0.15798611041666666 0.583984375 0.14409722291666668 0.5771484375 0.13194444375 0.5673828125 0.125 0.5556640625 0.125 0.5439453125 0.13541666666666666 0.5390625 0.14756944375
1 0.5810546875 0.17013888958333334 0.5830078125 0.16666666666666666 0.5888671875 0.16666666666666666 0.5908203125 0.17013888958333334 0.5966796875 0.17013888958333334 0.6025390625 0.17361111041666666 0.6142578125 0.19097222291666668 0.6171875 0.18923611041666666 0.62109375 0.17881944375 0.619140625 0.16493055625 0.6103515625 0.14930555625 0.6005859375 0.14236111041666666 0.5888671875 0.14236111041666666 0.5810546875 0.14930555625 0.572265625 0.16840277708333332 0.5810546875 0.17013888958333334
0 0.6640625 0.16840277708333332 0.6669921875 0.17013888958333334 0.6748046875 0.1875 0.6796875 0.18576388958333334 0.6943359375 0.16319444375 0.7099609375 0.16319444375 0.7109375 0.15451388958333334 0.7021484375 0.13888888958333334 0.6923828125 0.13194444375 0.6748046875 0.13541666666666666 0.666015625 0.15104166666666666 0.6640625 0.16840277708333332
0 0.7490234375 0.19791666666666666 0.7568359375 0.20486111041666666 0.7626953125 0.21527777708333332 0.767578125 0.21354166666666666 0.765625 0.18229166666666666 0.7548828125 0.15972222291666668 0.7412109375 0.14930555625 0.7314453125 0.14930555625 0.71875 0.16493055625 0.7236328125 0.17013888958333334 0.7353515625 0.19444444375 0.7490234375 0.19791666666666666
0 0.802734375 0.21006944375 0.802734375 0.21701388958333334 0.8095703125 0.21875 0.8212890625 0.22916666666666666 0.830078125 0.24479166666666666 0.837890625 0.27256944375000003 0.837890625 0.30034722291666666 0.841796875 0.30034722291666666 0.84765625 0.28993055624999997 0.8515625 0.2760416666666667 0.8515625 0.24479166666666666 0.845703125 0.22395833333333334 0.8310546875 0.20138888958333334 0.8251953125 0.19791666666666666 0.8095703125 0.20138888958333334 0.802734375 0.21006944375