1 0.6376953125 0.1875 0.6298828125 0.19444444375 0.615234375 0.22395833333333334 0.615234375 0.23784722291666668 0.61328125 0.24131944375 0.615234375 0.265625 0.619140625 0.27256944375000003 0.619140625 0.2795138895833333 0.6337890625 0.30555555624999997 0.6376953125 0.30902777708333334 0.65625 0.3072916666666667 0.6669921875 0.2986111104166667 0.67578125 0.2829861104166667 0.6796875 0.27256944375000003 0.681640625 0.24131944375 0.673828125 0.21006944375 0.6689453125 0.20138888958333334 0.6533203125 0.1875 0.6376953125 0.1875
1 0.5869140625 0.16666666666666666 0.5791015625 0.17361111041666666 0.5703125 0.18923611041666666 0.56640625 0.21006944375 0.56640625 0.23090277708333332 0.572265625 0.25173611041666666 0.5849609375 0.27430555624999997 0.5888671875 0.27777777708333334 0.60546875 0.2760416666666667 0.61328125 0.265625 0.615234375 0.22395833333333334 0.625 0.203125 0.625 0.19618055625 0.623046875 0.18923611041666666 0.6103515625 0.17013888958333334 0.6044921875 0.16666666666666666 0.5869140625 0.16666666666666666
1 0.5732421875 0.18402777708333332 0.5830078125 0.17013888958333334 0.5888671875 0.16666666666666666 0.6025390625 0.16666666666666666 0.6162109375 0.17708333333333334 0.6240234375 0.19097222291666668 0.625 0.18923611041666666 0.623046875 0.16840277708333332 0.6123046875 0.14930555625 0.6025390625 0.14236111041666666 0.5908203125 0.14236111041666666 0.5830078125 0.14930555625 0.57421875 0.16493055625 0.572265625 0.17534722291666668 0.5732421875 0.18402777708333332
1 0.51953125 0.15798611041666666 0.51953125 0.16493055625 0.5322265625 0.17361111041666666 0.541015625 0.18576388958333334 0.541015625 0.19270833333333334 0.544921875 0.203125 0.544921875 0.23784722291666668 0.55078125 0.23784722291666668 0.55859375 0.22743055625 0.56640625 0.203125 0.56640625 0.17534722291666668 0.5625 0.16145833333333334 0.5517578125 0.14583333333333334 0.5458984375 0.14236111041666666 0.5283203125 0.14583333333333334 0.51953125 0.15798611041666666
1 0.5048828125 0.16666666666666666 0.4970703125 0.17361111041666666 0.490234375 0.18576388958333334 0.484375 0.20659722291666668 0.490234375 0.22395833333333334 0.4921875 0.25173611041666666 0.4990234375 0.26388888958333334 0.5068359375 0.2708333333333333 0.5234375 0.26909722291666666 0.5322265625 0.26388888958333334 0.541015625 0.24479166666666666 0.544921875 0.23090277708333332 0.544921875 0.20659722291666668 0.5390625 0.18229166666666666 0.5283203125 0.17013888958333334 0.5224609375 0.16666666666666666 0.5048828125 0.16666666666666666
1 0.4501953125 0.19097222291666668 0.4423828125 0.19791666666666666 0.4296875 0.22048611041666666 0.427734375 0.23090277708333332 0.427734375 0.26215277708333334 0.43359375 0.2829861104166667 0.4462890625 0.3020833333333333 0.4501953125 0.30555555624999997 0.46484375 0.30381944375000003 0.4755859375 0.2951388895833333 0.486328125 0.2760416666666667 0.490234375 0.26215277708333334 0.490234375 0.23090277708333332 0.486328125 0.21354166666666666 0.4775390625 0.19791666666666666 0.4697265625 0.19097222291666668 0.4501953125 0.19097222291666668
1 0.4169921875 0.17361111041666666 0.4150390625 0.17708333333333334 0.4091796875 0.17708333333333334 0.396484375 0.19618055625 0.390625 0.22048611041666666 0.390625 0.23784722291666668 0.392578125 0.24479166666666666 0.4091796875 0.2708333333333333 0.4130859375 0.27430555624999997 0.42578125 0.27256944375000003 0.427734375 0.26909722291666666 0.427734375 0.22743055625 0.431640625 0.21354166666666666 0.4365234375 0.20833333333333334 0.44140625 0.19618055625 0.4345703125 0.18055555625 0.4248046875 0.17361111041666666 0.4169921875 0.17361111041666666
1 0.44140625 0.17881944375 0.44140625 0.19270833333333334 0.4443359375 0.19791666666666666 0.4501953125 0.19097222291666668 0.4697265625 0.19097222291666668 0.4814453125 0.20486111041666666 0.484375 0.203125 0.486328125 0.19270833333333334 0.490234375 0.18576388958333334 0.490234375 0.17534722291666668 0.4853515625 0.16319444375 0.4736328125 0.15277777708333332 0.4580078125 0.15277777708333332 0.4501953125 0.15972222291666668 0.44140625 0.17881944375
1 0.576171875 0.12326388958333333 0.578125 0.11979166666666667 0.576171875 0.10590277708333334 0.5634765625 0.08680555625 0.5498046875 0.08680555625 0.5458984375 0.09027777708333334 0.5390625 0.10590277708333334 0.5400390625 0.125 0.576171875 0.12326388958333333
1 0.6279296875 0.125 0.6298828125 0.12847222291666666 0.646484375 0.1267361104166667 0.650390625 0.11979166666666667 0.650390625 0.09201388958333333 0.6416015625 0.07638888958333333 0.6259765625 0.07291666666666667 0.619140625 0.08159722291666666 0.615234375 0.10243055625 0.6220703125 0.125 0.6279296875 0.125
1 0.6806640625 0.13194444375 0.6865234375 0.13541666666666666 0.705078125 0.13368055625 0.708984375 0.12326388958333333 0.708984375 0.10590277708333334 0.6982421875 0.08333333333333333 0.6943359375 0.07986111041666667 0.6845703125 0.07986111041666667 0.673828125 0.09548611041666667 0.673828125 0.11979166666666667 0.6806640625 0.13194444375
0 0.9560546875 0.21875 0.958984375 0.21701388958333334 0.958984375 0.20659722291666668 0.9521484375 0.1875 0.9443359375 0.18055555625 0.935546875 0.18576388958333334 0.93359375 0.20659722291666668 0.9365234375 0.21180555625 0.9501953125 0.21180555625 0.9560546875 0.21875
0 0.990234375 0.2552083333333333 0.9814453125 0.23263888958333334 0.9716796875 0.22916666666666666 0.96484375 0.24131944375 0.9677734375 0.25 0.9833984375 0.26388888958333334 0.990234375 0.265625 0.990234375 0.2552083333333333