0 0.4931640625 0.37847222291666666 0.4697265625 0.37847222291666666 0.4521484375 0.3958333333333333 0.4423828125 0.40972222291666666 0.435546875 0.42534722291666666 0.42578125 0.4635416666666667 0.42578125 0.4947916666666667 0.427734375 0.4982638895833333 0.4296875 0.52256944375 0.435546875 0.5434027770833333 0.4482421875 0.5659722229166667 0.4658203125 0.5833333333333334 0.4716796875 0.5833333333333334 0.4736328125 0.5868055562500001 0.48828125 0.5850694437499999 0.5068359375 0.5798611104166667 0.52734375 0.5538194437499999 0.533203125 0.5399305562500001 0.541015625 0.5052083333333334 0.54296875 0.4635416666666667 0.541015625 0.46006944375000003 0.541015625 0.44965277708333334 0.53125 0.41840277708333334 0.5146484375 0.3923611104166667 0.4931640625 0.37847222291666666
0 0.5029296875 0.2986111104166667 0.4931640625 0.30555555624999997 0.47265625 0.3385416666666667 0.466796875 0.35590277708333334 0.46484375 0.3802083333333333 0.4951171875 0.37847222291666666 0.5068359375 0.3854166666666667 0.5185546875 0.3958333333333333 0.53125 0.41840277708333334 0.5419921875 0.4513888895833333 0.546875 0.44965277708333334 0.5546875 0.4357638895833333 0.560546875 0.41493055624999997 0.5625 0.390625 0.564453125 0.38715277708333334 0.5625 0.359375 0.55859375 0.3489583333333333 0.55859375 0.3420138895833333 0.5439453125 0.3125 0.5283203125 0.2986111104166667 0.5029296875 0.2986111104166667
0 0.484375 0.23090277708333332 0.482421875 0.26215277708333334 0.486328125 0.2795138895833333 0.4970703125 0.2986111104166667 0.537109375 0.30034722291666666 0.546875 0.2864583333333333 0.552734375 0.265625 0.552734375 0.24131944375 0.548828125 0.22048611041666666 0.5361328125 0.19791666666666666 0.5263671875 0.19097222291666668 0.5087890625 0.19097222291666668 0.4990234375 0.19791666666666666 0.48828125 0.21701388958333334 0.484375 0.23090277708333332
1 0.6455078125 0.3333333333333333 0.6435546875 0.33680555624999997 0.6298828125 0.34027777708333334 0.61328125 0.36284722291666666 0.60546875 0.38715277708333334 0.60546875 0.39409722291666666 0.6015625 0.4045138895833333 0.6015625 0.44618055624999997 0.61328125 0.484375 0.6298828125 0.50694444375 0.6474609375 0.5173611104166667 0.66796875 0.515625 0.6806640625 0.50694444375 0.6953125 0.484375 0.701171875 0.4635416666666667 0.703125 0.4392361104166667 0.705078125 0.4357638895833333 0.703125 0.39756944375000003 0.6953125 0.3697916666666667 0.6845703125 0.35069444375000003 0.6669921875 0.3333333333333333 0.6455078125 0.3333333333333333
1 0.5341796875 0.125 0.521484375 0.14409722291666668 0.517578125 0.15798611041666666 0.517578125 0.17534722291666668 0.5244140625 0.19097222291666668 0.5361328125 0.19791666666666666 0.5458984375 0.21180555625 0.55078125 0.21006944375 0.5576171875 0.20486111041666666 0.56640625 0.18923611041666666 0.5703125 0.16840277708333332 0.568359375 0.16493055625 0.568359375 0.15451388958333334 0.56640625 0.14756944375 0.5517578125 0.125 0.5458984375 0.125 0.5439453125 0.12152777708333334 0.5341796875 0.125
1 0.1611328125 0.34375 0.1650390625 0.34722222291666666 0.171875 0.3454861104166667 0.181640625 0.33506944375000003 0.1875 0.3107638895833333 0.1875 0.296875 0.185546875 0.2864583333333333 0.1787109375 0.27430555624999997 0.1669921875 0.2708333333333333 0.154296875 0.28993055624999997 0.15234375 0.30034722291666666 0.15234375 0.32465277708333334 0.1611328125 0.34375
1 0.08203125 0.52256944375 0.087890625 0.546875 0.0927734375 0.5555555562500001 0.09375 0.5538194437499999 0.09375 0.5121527770833334 0.09765625 0.49131944375000003 0.1083984375 0.46875 0.123046875 0.46006944375000003 0.1181640625 0.4479166666666667 0.1083984375 0.44097222291666666 0.0986328125 0.44444444375000003 0.0859375 0.4670138895833333 0.08203125 0.484375 0.08203125 0.52256944375
0 0.1318359375 0.46180555624999997 0.1162109375 0.46180555624999997 0.1083984375 0.46875 0.09765625 0.49131944375000003 0.09765625 0.4982638895833333 0.09375 0.50868055625 0.09375 0.5503472229166667 0.09765625 0.5607638895833333 0.09765625 0.5677083333333334 0.1123046875 0.59375 0.1162109375 0.5972222229166667 0.13671875 0.5954861104166667 0.1484375 0.578125 0.15234375 0.5642361104166667 0.15234375 0.5538194437499999 0.154296875 0.5503472229166667 0.154296875 0.5190972229166666 0.15234375 0.515625 0.15234375 0.5052083333333334 0.146484375 0.484375 0.1357421875 0.46527777708333334 0.1318359375 0.46180555624999997
0 0.01953125 0.6614583333333334 0.021484375 0.6510416666666666 0.021484375 0.6163194437499999 0.013671875 0.5850694437499999 0.0087890625 0.5763888895833333 0.0009765625 0.5729166666666666 0 0.6684027770833333 0.0029296875 0.6736111104166667 0.013671875 0.671875 0.01953125 0.6614583333333334
0 0.099609375 0.4114583333333333 0.109375 0.39756944375000003 0.11328125 0.3767361104166667 0.111328125 0.35243055624999997 0.1044921875 0.34027777708333334 0.0947265625 0.34027777708333334 0.0908203125 0.34375 0.08203125 0.3732638895833333 0.083984375 0.39756944375000003 0.0927734375 0.41319444375000003 0.099609375 0.4114583333333333
0 0.1640625 0.27256944375000003 0.1572265625 0.26388888958333334 0.1455078125 0.2708333333333333 0.138671875 0.28993055624999997 0.138671875 0.3177083333333333 0.1455078125 0.3298611104166667 0.15234375 0.328125 0.15234375 0.296875 0.1640625 0.27256944375000003
0 0.2197265625 0.25694444375 0.224609375 0.2552083333333333 0.220703125 0.24131944375 0.220703125 0.21701388958333334 0.22265625 0.21006944375 0.232421875 0.19618055625 0.2275390625 0.19097222291666668 0.2177734375 0.19791666666666666 0.2109375 0.21006944375 0.208984375 0.22048611041666666 0.2109375 0.24131944375 0.2197265625 0.25694444375
0 0.3896484375 0.20486111041666666 0.3974609375 0.21180555625 0.40234375 0.21006944375 0.4169921875 0.20138888958333334 0.42578125 0.171875 0.421875 0.14756944375 0.4130859375 0.13541666666666666 0.3974609375 0.13541666666666666 0.3896484375 0.14236111041666666 0.380859375 0.16493055625 0.380859375 0.18576388958333334 0.3828125 0.19270833333333334 0.3896484375 0.20486111041666666
0 0.568359375 0.16145833333333334 0.5703125 0.16493055625 0.568359375 0.18576388958333334 0.5859375 0.18576388958333334 0.59765625 0.16840277708333332 0.599609375 0.13715277708333332 0.5869140625 0.11111111041666667 0.5830078125 0.10763888958333333 0.5693359375 0.10763888958333333 0.556640625 0.12326388958333333 0.556640625 0.13020833333333334 0.5634765625 0.13888888958333334 0.568359375 0.15104166666666666 0.568359375 0.16145833333333334
0 0.7314453125 0.23263888958333334 0.72265625 0.25173611041666666 0.720703125 0.26215277708333334 0.720703125 0.30034722291666666 0.728515625 0.32465277708333334 0.7412109375 0.34375 0.7470703125 0.34722222291666666 0.765625 0.3454861104166667 0.7744140625 0.34027777708333334 0.783203125 0.32465277708333334 0.787109375 0.3107638895833333 0.7890625 0.2795138895833333 0.78515625 0.25868055625 0.7705078125 0.22916666666666666 0.7626953125 0.22222222291666668 0.7568359375 0.21875 0.7412109375 0.22222222291666668 0.7314453125 0.23263888958333334