1 0.3525390625 0.24305555625 0.3671875 0.24131944375 0.376953125 0.22395833333333334 0.376953125 0.19965277708333332 0.3701171875 0.18402777708333332 0.3583984375 0.18055555625 0.34765625 0.19965277708333332 0.345703125 0.21006944375 0.345703125 0.234375 0.3525390625 0.24305555625
1 0.33203125 0.20659722291666668 0.337890625 0.22743055625 0.3408203125 0.23263888958333334 0.34375 0.23090277708333332 0.34375 0.21354166666666666 0.34765625 0.19965277708333332 0.357421875 0.18229166666666666 0.3544921875 0.17708333333333334 0.3447265625 0.17708333333333334 0.3408203125 0.18055555625 0.33203125 0.19965277708333332 0.33203125 0.20659722291666668
1 0.48828125 0.16145833333333334 0.48828125 0.17881944375 0.4990234375 0.20138888958333334 0.5029296875 0.20486111041666666 0.513671875 0.203125 0.525390625 0.18576388958333334 0.52734375 0.17534722291666668 0.525390625 0.15798611041666666 0.5234375 0.15104166666666666 0.5146484375 0.13888888958333334 0.5009765625 0.13888888958333334 0.490234375 0.15451388958333334 0.48828125 0.16145833333333334
1 0.544921875 0.17534722291666668 0.546875 0.19618055625 0.5517578125 0.20833333333333334 0.5615234375 0.21875 0.576171875 0.21701388958333334 0.5830078125 0.20833333333333334 0.587890625 0.19618055625 0.587890625 0.171875 0.5771484375 0.14930555625 0.5732421875 0.14583333333333334 0.5595703125 0.14583333333333334 0.546875 0.16493055625 0.544921875 0.17534722291666668
1 0.791015625 0.22743055625 0.791015625 0.2552083333333333 0.79296875 0.265625 0.8056640625 0.28819444375000003 0.8115234375 0.2916666666666667 0.822265625 0.28993055624999997 0.83203125 0.2760416666666667 0.8359375 0.26215277708333334 0.8359375 0.234375 0.830078125 0.21701388958333334 0.8212890625 0.20486111041666666 0.8056640625 0.20138888958333334 0.8017578125 0.20486111041666666 0.791015625 0.22743055625
1 0.7548828125 0.19791666666666666 0.7470703125 0.20486111041666666 0.73828125 0.22395833333333334 0.736328125 0.24826388958333334 0.7421875 0.27256944375000003 0.7529296875 0.2916666666666667 0.7607421875 0.2916666666666667 0.7626953125 0.2951388895833333 0.76953125 0.29340277708333334 0.7763671875 0.28819444375000003 0.783203125 0.2760416666666667 0.787109375 0.25868055625 0.787109375 0.234375 0.783203125 0.22048611041666666 0.7724609375 0.20486111041666666 0.7646484375 0.19791666666666666 0.7548828125 0.19791666666666666
0 0.3056640625 0.21875 0.30078125 0.234375 0.302734375 0.2552083333333333 0.3115234375 0.2708333333333333 0.3203125 0.27256944375000003 0.3310546875 0.2673611104166667 0.3359375 0.25868055625 0.33984375 0.24131944375 0.3359375 0.21701388958333334 0.3291015625 0.20486111041666666 0.3251953125 0.20833333333333334 0.3232421875 0.20486111041666666 0.3056640625 0.21875
0 0.3134765625 0.19444444375 0.3046875 0.20659722291666668 0.30078125 0.22048611041666666 0.3017578125 0.22569444375 0.3046875 0.22395833333333334 0.3095703125 0.21875 0.3115234375 0.21180555625 0.3154296875 0.21180555625 0.3193359375 0.20486111041666666 0.3310546875 0.20833333333333334 0.33203125 0.203125 0.3251953125 0.19444444375 0.3134765625 0.19444444375
0 0.271484375 0.265625 0.2802734375 0.27777777708333334 0.29296875 0.2760416666666667 0.302734375 0.2552083333333333 0.30078125 0.22395833333333334 0.2939453125 0.21527777708333332 0.2822265625 0.21527777708333332 0.2734375 0.22743055625 0.26953125 0.24131944375 0.26953125 0.25868055625 0.271484375 0.265625
0 0.2529296875 0.375 0.2431640625 0.38194444375000003 0.23046875 0.4045138895833333 0.2265625 0.41840277708333334 0.224609375 0.453125 0.23046875 0.48090277708333334 0.2412109375 0.5 0.2490234375 0.50694444375 0.26953125 0.5052083333333334 0.2763671875 0.5 0.287109375 0.48090277708333334 0.29296875 0.45659722291666666 0.29296875 0.42534722291666666 0.287109375 0.4010416666666667 0.2763671875 0.38194444375000003 0.2666015625 0.375 0.2529296875 0.375
0 0.33203125 0.8420138895833333 0.328125 0.828125 0.328125 0.8177083333333334 0.318359375 0.7864583333333334 0.2998046875 0.7534722229166667 0.2939453125 0.75 0.2880859375 0.7395833333333334 0.2763671875 0.7291666666666666 0.2685546875 0.7291666666666666 0.2666015625 0.7256944437499999 0.2490234375 0.7256944437499999 0.2470703125 0.7291666666666666 0.2333984375 0.7326388895833333 0.2236328125 0.7430555562500001 0.2109375 0.765625 0.203125 0.7899305562500001 0.19921875 0.8107638895833333 0.19921875 0.8628472229166667 0.201171875 0.8732638895833333 0.212890625 0.9149305562500001 0.2333984375 0.9513888895833333 0.2431640625 0.9583333333333334 0.2470703125 0.9652777770833333 0.2646484375 0.9756944437499999 0.287109375 0.9739583333333334 0.3056640625 0.9652777770833333 0.318359375 0.9461805562500001 0.32421875 0.9288194437499999 0.32421875 0.921875 0.328125 0.9114583333333334 0.330078125 0.8802083333333334 0.33203125 0.8767361104166667 0.33203125 0.8420138895833333
0 0.44921875 0.6927083333333334 0.44140625 0.671875 0.4189453125 0.6388888895833333 0.3935546875 0.6215277770833333 0.3681640625 0.6215277770833333 0.3564453125 0.6284722229166667 0.3427734375 0.6423611104166667 0.330078125 0.6649305562500001 0.322265625 0.6857638895833333 0.31640625 0.7065972229166667 0.31640625 0.7204861104166667 0.314453125 0.7239583333333334 0.31640625 0.765625 0.318359375 0.7690972229166667 0.3203125 0.7899305562500001 0.32421875 0.796875 0.328125 0.8142361104166667 0.3427734375 0.8472222229166667 0.3740234375 0.8715277770833333 0.40234375 0.8697916666666666 0.4091796875 0.8680555562500001 0.4130859375 0.8611111104166667 0.4169921875 0.8611111104166667 0.4326171875 0.84375 0.451171875 0.8038194437499999 0.455078125 0.7829861104166667 0.455078125 0.7239583333333334 0.44921875 0.6927083333333334
0 0.1416015625 0.8472222229166667 0.1220703125 0.8472222229166667 0.1103515625 0.8541666666666666 0.09765625 0.8767361104166667 0.091796875 0.9079861104166667 0.091796875 0.9357638895833333 0.09375 0.9392361104166667 0.095703125 0.9670138895833333 0.1064453125 1 0.203125 0.9982638895833333 0.205078125 0.9947916666666666 0.203125 0.9670138895833333 0.193359375 0.9253472229166667 0.189453125 0.9184027770833333 0.1875 0.9079861104166667 0.173828125 0.8802083333333334 0.1591796875 0.8611111104166667 0.1416015625 0.8472222229166667
0 0.421875 0.16840277708333332 0.421875 0.17881944375 0.4306640625 0.19791666666666666 0.4365234375 0.20138888958333334 0.44140625 0.19965277708333332 0.4482421875 0.19791666666666666 0.453125 0.18923611041666666 0.45703125 0.17881944375 0.45703125 0.15798611041666666 0.4482421875 0.14236111041666666 0.4365234375 0.13888888958333334 0.42578125 0.15104166666666666 0.421875 0.16840277708333332
0 0.45703125 0.17881944375 0.4677734375 0.20138888958333334 0.484375 0.19965277708333332 0.490234375 0.18923611041666666 0.490234375 0.17881944375 0.48828125 0.17534722291666668 0.490234375 0.15104166666666666 0.4853515625 0.14236111041666666 0.4697265625 0.13888888958333334 0.45703125 0.15798611041666666 0.45703125 0.17881944375
0 0.4140625 0.15451388958333334 0.4140625 0.17534722291666668 0.416015625 0.18229166666666666 0.4228515625 0.19097222291666668 0.42578125 0.18923611041666666 0.421875 0.171875 0.423828125 0.16840277708333332 0.423828125 0.15798611041666666 0.4267578125 0.14930555625 0.4375 0.140625 0.4345703125 0.13541666666666666 0.4228515625 0.13541666666666666 0.4140625 0.15451388958333334
0 0.7529296875 0.17708333333333334 0.7470703125 0.18055555625 0.73828125 0.19618055625 0.736328125 0.22048611041666666 0.740234375 0.22048611041666666 0.7490234375 0.20138888958333334 0.7548828125 0.19791666666666666 0.7705078125 0.20138888958333334 0.7802734375 0.21527777708333332 0.78125 0.20659722291666668 0.7705078125 0.18402777708333332 0.7626953125 0.17708333333333334 0.7529296875 0.17708333333333334