1 0.0556640625 0.52100694375 0.0625 0.5227430541666667 0.0712890625 0.5175347208333333 0.076171875 0.50538194375 0.078125 0.4671875 0.0712890625 0.4480902770833334 0.0556640625 0.44461805416666667 0.05078125 0.4532986104166667 0.046875 0.4706597208333333 0.046875 0.4949652770833334 0.05078125 0.5123263875 0.0556640625 0.52100694375
1 0.088671875 0.39618055625 0.0828125 0.3996527791666667 0.0759765625 0.41180555625 0.0740234375 0.4326388895833333 0.0720703125 0.4361111125 0.0720703125 0.45 0.080859375 0.4725694458333333 0.0849609375 0.475 0.09082031406249999 0.475 0.0935546875 0.47430555625 0.1033203125 0.46041666666666664 0.1046875 0.453125 0.1046875 0.41747685208333335 0.096484375 0.3996527791666667 0.088671875 0.39618055625
0 0.0673828125 0.409375 0.05859375 0.42152777708333333 0.056640625 0.4423611104166667 0.06250000156249999 0.44583333333333336 0.072265625 0.44583333333333336 0.076171875 0.4111111104166667 0.0673828125 0.409375
0 0.1466796875 0.30034722291666666 0.14375 0.2951388895833333 0.13203125 0.2916666666666667 0.1251953125 0.30034722291666666 0.1193359375 0.328125 0.126171875 0.35069444375000003 0.13203125 0.3541666666666667 0.1369140625 0.35243055624999997 0.1447265625 0.3420138895833333 0.1484375 0.3255208333333333 0.1484375 0.3138888875 0.1466796875 0.3107638895833333 0.1466796875 0.30034722291666666
1 0.157421875 0.26319444583333335 0.146875 0.28535353541666664 0.146875 0.3107638895833333 0.1486328125 0.3170138895833333 0.1549218734375 0.325 0.15976562968750002 0.325 0.1662109375 0.32395833333333335 0.1740234375 0.30659722291666663 0.175 0.29444444375 0.175 0.2801697541666667 0.1671875 0.26319444583333335 0.157421875 0.26319444583333335
0 0.2005859375 0.21562499791666667 0.1908203125 0.21562499791666667 0.1869140625 0.21909722083333336 0.180078125 0.23472222083333336 0.180078125 0.2555555541666667 0.18203125 0.26249999791666667 0.1885937515625 0.2708333333333333 0.19062499375 0.2708333333333333 0.19765625 0.26944444375000004 0.203515625 0.2590277770833333 0.20625 0.24201388750000002 0.20625 0.22847222083333335 0.20546875 0.22430555416666667 0.2005859375 0.21562499791666667
1 0.28828125 0.1454861125 0.278515625 0.15243055625000002 0.2736328125 0.1611111125 0.271875 0.17986111249999998 0.271875 0.18236882916666666 0.2799893453125 0.2 0.2869140703125 0.2 0.2912109375 0.19930555625000002 0.2970703125 0.1923611125 0.3 0.18194444583333333 0.3 0.15937500208333333 0.294140625 0.14895833541666667 0.28828125 0.1454861125
0 0.3322265625 0.14756944375 0.3390625 0.17013888958333334 0.3421875 0.17291666666666666 0.347265621875 0.17291666666666666 0.3537109375 0.171875 0.3615234375 0.16493055625 0.3654296875 0.15104166666666666 0.3654296875 0.140625 0.3634765625 0.13020833333333334 0.35859375 0.12152777708333334 0.3507812484375 0.11875 0.3478515640625 0.11875 0.3390625 0.125 0.3322265625 0.14756944375
0 0.4341796875 0.08020833333333334 0.4283203125 0.08368055625 0.421484375 0.09583333333333334 0.41953125 0.11666666666666667 0.421484375 0.1236111125 0.43002232031250004 0.13541666666666666 0.4320312546875 0.13541666666666666 0.4390625 0.13402777916666667 0.448828125 0.12013888958333332 0.45 0.10763888958333333 0.45 0.09751984166666668 0.4439453125 0.08368055625 0.4341796875 0.08020833333333334
1 0.4341796875 0.08020833333333334 0.4283203125 0.08368055625 0.421484375 0.09583333333333334 0.41953125 0.11666666666666667 0.421484375 0.1236111125 0.43002232031250004 0.13541666666666666 0.4320312546875 0.13541666666666666 0.4390625 0.13402777916666667 0.448828125 0.12013888958333332 0.45 0.10763888958333333 0.45 0.09751984166666668 0.4439453125 0.08368055625 0.4341796875 0.08020833333333334
0 0.5265625 0.09270833333333334 0.524609375 0.071875 0.5119140625 0.05972222083333333 0.5001953125 0.06666666666666667 0.4953125 0.07881944375000001 0.497265625 0.09965277708333334 0.5033203125 0.11041666666666666 0.5158203046875001 0.11041666666666666 0.51875 0.11006944375000001 0.5265625 0.09270833333333334
1 0.5265625 0.09270833333333334 0.524609375 0.071875 0.5119140625 0.05972222083333333 0.5001953125 0.06666666666666667 0.4953125 0.08229166666666667 0.4953125 0.09270833333333334 0.49921875 0.103125 0.5033203125 0.11041666666666666 0.5158203046875001 0.11041666666666666 0.51875 0.11006944375000001 0.5265625 0.09270833333333334
0 0.3466796875 0.4795138895833333 0.3544921875 0.4725694458333333 0.365234375 0.4361111125 0.365234375 0.4048611125 0.361328125 0.3840277791666667 0.3486328125 0.3614583333333333 0.3388671875 0.3545138895833333 0.3232421875 0.3545138895833333 0.3056640625 0.3684027791666667 0.294921875 0.39097222291666667 0.291015625 0.41180555625 0.291015625 0.44305555625 0.294921875 0.4638888895833333 0.30703125 0.48541666666666666 0.3175781296875 0.48541666666666666 0.32421875 0.48472222291666667 0.3466796875 0.4795138895833333
0 0.4052734375 0.23194444583333332 0.3935546875 0.22152777916666666 0.3798828125 0.22152777916666666 0.3720703125 0.22847222291666666 0.361328125 0.24756944583333332 0.3578125 0.26006944375 0.3578125 0.2906250020833333 0.36328125 0.31006944583333335 0.3681640625 0.31875 0.3769531234375 0.325 0.3845703203125 0.325 0.39453125 0.32395833333333335 0.4033203125 0.31875 0.412109375 0.29965277916666666 0.415625 0.2840277770833334 0.415625 0.2633101854166667 0.41015625 0.240625 0.4052734375 0.23194444583333332
1 0.5189453125 0.27395833333333336 0.5033203125 0.26354166875 0.4916015625 0.26354166875 0.4759765625 0.27743055624999996 0.465234375 0.3 0.461328125 0.31736111250000004 0.461328125 0.34513888958333333 0.465234375 0.3625 0.4779296875 0.38506944583333336 0.48932291406250006 0.39375 0.50625 0.39375 0.5189453125 0.38506944583333336 0.531640625 0.3625 0.531640625 0.35555555624999996 0.534375 0.3482638895833333 0.534375 0.30868055624999996 0.531640625 0.29652777916666667 0.5189453125 0.27395833333333336
0 0.5849609375 0.24722222083333334 0.5712890625 0.23680555416666668 0.5576171875 0.23680555416666668 0.5478515625 0.24375 0.537109375 0.259375 0.53125 0.28020833333333334 0.53125 0.30104166666666665 0.53515625 0.31493055416666665 0.537109375 0.33576388749999997 0.5458984375 0.35138888749999997 0.5560546890625 0.36041666666666666 0.572460928125 0.36041666666666666 0.576171875 0.36006944375 0.5888671875 0.34791666666666665 0.59765625 0.32881944375 0.59765625 0.321875 0.6015625 0.31145833333333334 0.6015625 0.28715277708333337 0.59375 0.259375 0.5849609375 0.24722222083333334
0 0.6787109375 0.19097222291666668 0.6689453125 0.18055555625 0.6552734375 0.17708333333333334 0.6416015625 0.1875 0.634765625 0.19965277708333332 0.63125 0.21840277708333333 0.63125 0.23611111041666666 0.634765625 0.25173611041666666 0.6474609375 0.27430555624999997 0.6572265625 0.28125 0.66796875 0.2795138895833333 0.68359375 0.26215277708333334 0.6890625 0.24270833333333333 0.6890625 0.2223379625 0.68359375 0.19965277708333332 0.6787109375 0.19097222291666668
0 0.559765625 0.11770833333333333 0.55 0.11770833333333333 0.544140625 0.12118055416666666 0.5353515625 0.13680555416666668 0.5333984375 0.14375 0.5333984375 0.16805555416666668 0.544140625 0.190625 0.55 0.19583333333333333 0.5587890625 0.19583333333333333 0.567578125 0.190625 0.5763671875 0.175 0.578125 0.16874999791666667 0.578125 0.14332561666666666 0.56953125 0.12465277708333335 0.559765625 0.11770833333333333
0 0.5921875 0.09722222291666666 0.5892578125 0.10590277708333334 0.5892578125 0.13020833333333334 0.5912109375 0.13715277708333332 0.6014756953125 0.15208333333333332 0.6046874984375 0.15208333333333332 0.6087890625 0.15104166666666666 0.6068359375 0.140625 0.6087890625 0.11979166666666667 0.621875 0.09985118958333333 0.621875 0.09814814791666666 0.61417410625 0.0875 0.6033854171875 0.0875 0.59609375 0.09722222291666666 0.5921875 0.09722222291666666
0 0.651953125 0.048611110416666665 0.6421875 0.048611110416666665 0.63828125 0.052083333333333336 0.6353515625 0.057291666666666664 0.6353515625 0.06770833333333333 0.6392578125 0.08159722291666666 0.6392578125 0.09201388958333333 0.6421875 0.09722222291666666 0.6548828125 0.09548611041666667 0.659375 0.0875 0.659375 0.059375 0.6587890625 0.057291666666666664 0.651953125 0.048611110416666665
1 0.651953125 0.048611110416666665 0.6421875 0.048611110416666665 0.63828125 0.052083333333333336 0.6353515625 0.057291666666666664 0.6353515625 0.06770833333333333 0.6392578125 0.08159722291666666 0.6392578125 0.09201388958333333 0.6421875 0.09722222291666666 0.6548828125 0.09548611041666667 0.659375 0.0875 0.659375 0.059375 0.6587890625 0.057291666666666664 0.651953125 0.048611110416666665
0 0.70234375 0.05243055625 0.692578125 0.05243055625 0.6876953125 0.0611111125 0.6916015625 0.075 0.6916015625 0.09583333333333334 0.6939453125 0.1 0.702148440625 0.1 0.7072265625 0.09930555625 0.7125 0.08993055624999999 0.7125 0.06944444583333334 0.7111328125 0.06458333333333334 0.70234375 0.05243055625
0 0.71328125 0.05173611041666667 0.7083984375 0.06041666666666667 0.7123046875 0.07430555416666666 0.7123046875 0.09166666666666666 0.7162109375 0.09583333333333334 0.7201171859375 0.09583333333333334 0.7220703125 0.0951388875 0.7240234375 0.07430555416666666 0.7296875 0.06423611041666667 0.7296875 0.06354166458333334 0.723046875 0.05173611041666667 0.71328125 0.05173611041666667
0 0.7568359375 0.10729166875 0.7509765625 0.10729166875 0.7490234375 0.10381944583333333 0.7373046875 0.11076388958333333 0.7328125 0.12513888958333333 0.7328125 0.14513889166666666 0.734375 0.15069444583333333 0.7445312484375 0.16875 0.752734384375 0.16875 0.7578125 0.16805555625000002 0.7607421875 0.16631944583333333 0.7671875 0.15158730208333332 0.7671875 0.12847222291666666 0.765625 0.12291666875 0.7568359375 0.10729166875
0 0.7626953125 0.08020833333333334 0.75625 0.08839285833333334 0.75625 0.10041666666666667 0.765625 0.12708333333333333 0.7703125 0.13541666666666666 0.771484378125 0.13541666666666666 0.775390625 0.13402777916666667 0.779296875 0.13055555624999998 0.7828125 0.11805555625 0.7828125 0.10542929375 0.7724609375 0.08368055625 0.7626953125 0.08020833333333334
0 0.743359375 0.08333333333333333 0.735546875 0.08680555625 0.7287109375 0.09895833333333333 0.7287109375 0.11979166666666667 0.731640625 0.125 0.7345703125 0.12326388958333333 0.74140625 0.10763888958333333 0.75703125 0.10763888958333333 0.7578125 0.10347222291666666 0.7578125 0.1017361125 0.7560546875 0.09548611041666667 0.743359375 0.08333333333333333
0 0.5765625 0.07447916666666667 0.5658203125 0.062326389583333336 0.5580078125 0.062326389583333336 0.551171875 0.07100694583333333 0.5560546875 0.08315972291666666 0.5583007734375001 0.08333333333333333 0.578125 0.08333333333333333 0.578125 0.0828125 0.5765625 0.07447916666666667
1 0.5943359375 0.048611110416666665 0.5845703125 0.048611110416666665 0.577734375 0.057291666666666664 0.577734375 0.06423611041666667 0.581640625 0.07118055625 0.581640625 0.09201388958333333 0.5845703125 0.09722222291666666 0.589453125 0.09548611041666667 0.59140625 0.08854166666666667 0.6046875 0.06830357083333333 0.6046875 0.06631944375 0.603125 0.060763889583333335 0.5943359375 0.048611110416666665
1 0.60390625 0.05746527916666667 0.60390625 0.06666666666666667 0.609765625 0.06666666666666667 0.609765625 0.06440972291666666 0.6166015625 0.05572916875 0.6265625 0.05411931875 0.6265625 0.05300099375 0.6209179671875 0.04583333333333333 0.6190429734375 0.04583333333333333 0.6107421875 0.04878472291666667 0.60390625 0.05746527916666667
1 0.6896484375 0.06770833333333333 0.68671875 0.0625 0.684765625 0.0625 0.6828125 0.05902777708333333 0.67890625 0.05902777708333333 0.676953125 0.0625 0.67109375 0.0625 0.669140625 0.06597222291666667 0.6671875 0.06597222291666667 0.6662109375 0.06770833333333333 0.6662109375 0.07118055625 0.6642578125 0.07465277708333334 0.6642578125 0.078125 0.6625 0.08125 0.6625 0.08194444583333334 0.6642578125 0.08506944375 0.6642578125 0.08854166666666667 0.6701171875 0.09895833333333333 0.6701171875 0.10243055625 0.67109375 0.10416666666666667 0.673046875 0.10416666666666667 0.675 0.10763888958333333 0.6828125 0.10763888958333333 0.6837890625 0.10590277708333334 0.690625 0.09375 0.690625 0.07291666666666667 0.6896484375 0.07118055625 0.6896484375 0.06770833333333333
1 0.6654296875 0.04930555416666667 0.65859375 0.06145833333333333 0.65859375 0.06493055416666667 0.660546875 0.06840277708333334 0.660546875 0.07881944375000001 0.6607421875 0.07916666666666666 0.6642578125 0.07916666666666666 0.664453125 0.07881944375000001 0.664453125 0.07534722083333333 0.66640625 0.071875 0.66640625 0.06840277708333334 0.6673828125 0.06666666666666667 0.6693359375 0.06666666666666667 0.6712890625 0.06319444375 0.6771484375 0.06319444375 0.6791015625 0.05972222083333333 0.6810546875 0.05972222083333333 0.68125 0.059374997916666665 0.68125 0.05659722083333333 0.6771484375 0.04930555416666667 0.6654296875 0.04930555416666667