0 0.734375 0.6302083333333334 0.732421875 0.6059027770833333 0.72265625 0.5711805562500001 0.7060546875 0.5416666666666666 0.6826171875 0.5208333333333334 0.6748046875 0.5208333333333334 0.6728515625 0.5173611104166667 0.6708984375 0.5208333333333334 0.6494140625 0.5208333333333334 0.6376953125 0.5277777770833334 0.6220703125 0.5451388895833333 0.599609375 0.5885416666666666 0.58984375 0.6336805562500001 0.58984375 0.6822916666666666 0.603515625 0.734375 0.6220703125 0.7638888895833333 0.6474609375 0.7847222229166667 0.67578125 0.7829861104166667 0.6806640625 0.7777777770833333 0.6865234375 0.7777777770833333 0.6962890625 0.7673611104166667 0.7041015625 0.7534722229166667 0.7138671875 0.7430555562500001 0.7265625 0.7170138895833333 0.734375 0.6822916666666666 0.734375 0.640625 0.736328125 0.6336805562500001 0.734375 0.6302083333333334
0 0.3876953125 0.37152777708333334 0.3818359375 0.37152777708333334 0.3720703125 0.38194444375000003 0.35546875 0.41493055624999997 0.34765625 0.45659722291666666 0.349609375 0.49131944375000003 0.359375 0.5260416666666666 0.3837890625 0.5555555562500001 0.3984375 0.5572916666666666 0.4189453125 0.5520833333333334 0.4306640625 0.5416666666666666 0.4453125 0.5121527770833334 0.453125 0.4704861104166667 0.453125 0.4357638895833333 0.4453125 0.4045138895833333 0.4248046875 0.375 0.4130859375 0.36805555624999997 0.3896484375 0.36805555624999997 0.3876953125 0.37152777708333334
0 0.2470703125 0.5 0.2294921875 0.5138888895833333 0.21875 0.5329861104166667 0.2109375 0.5538194437499999 0.2109375 0.5607638895833333 0.20703125 0.5711805562500001 0.20703125 0.6267361104166667 0.21484375 0.6579861104166667 0.2294921875 0.6875 0.2490234375 0.7048611104166667 0.2587890625 0.7048611104166667 0.2607421875 0.7083333333333334 0.271484375 0.7065972229166667 0.2783203125 0.7048611104166667 0.2900390625 0.6944444437499999 0.302734375 0.6753472229166667 0.3125 0.6302083333333334 0.3125 0.5885416666666666 0.302734375 0.546875 0.294921875 0.5295138895833333 0.2841796875 0.5138888895833333 0.2626953125 0.5 0.2470703125 0.5
0 0.2333984375 0.31944444375000003 0.21875 0.3454861104166667 0.216796875 0.36631944375000003 0.21484375 0.3697916666666667 0.21484375 0.39409722291666666 0.21875 0.41493055624999997 0.2294921875 0.43402777708333334 0.2373046875 0.44097222291666666 0.255859375 0.4392361104166667 0.26953125 0.4114583333333333 0.267578125 0.3767361104166667 0.265625 0.3732638895833333 0.267578125 0.3697916666666667 0.267578125 0.35243055624999997 0.271484375 0.3385416666666667 0.271484375 0.328125 0.2587890625 0.3125 0.2412109375 0.3125 0.2333984375 0.31944444375000003
0 0.27734375 0.32118055624999997 0.271484375 0.33506944375000003 0.267578125 0.35243055624999997 0.267578125 0.390625 0.2724609375 0.40625 0.2919921875 0.3923611104166667 0.3095703125 0.3923611104166667 0.3115234375 0.3958333333333333 0.3173828125 0.3958333333333333 0.3310546875 0.40972222291666666 0.333984375 0.4079861104166667 0.33984375 0.390625 0.341796875 0.35243055624999997 0.33984375 0.3489583333333333 0.337890625 0.328125 0.3271484375 0.30902777708333334 0.3134765625 0.2986111104166667 0.2978515625 0.2986111104166667 0.2919921875 0.30555555624999997 0.2880859375 0.30555555624999997 0.27734375 0.32118055624999997
1 0.2080078125 0.3229166666666667 0.1962890625 0.3229166666666667 0.1845703125 0.3333333333333333 0.17578125 0.35243055624999997 0.171875 0.3732638895833333 0.171875 0.390625 0.177734375 0.41840277708333334 0.1826171875 0.4270833333333333 0.1962890625 0.4375 0.203125 0.4357638895833333 0.2099609375 0.43402777708333334 0.21875 0.421875 0.21875 0.4114583333333333 0.21484375 0.39409722291666666 0.21484375 0.3697916666666667 0.216796875 0.36631944375000003 0.216796875 0.35243055624999997 0.220703125 0.3454861104166667 0.220703125 0.33506944375000003 0.2080078125 0.3229166666666667
1 0.3642578125 0.26388888958333334 0.345703125 0.29340277708333334 0.341796875 0.3072916666666667 0.33984375 0.3177083333333333 0.341796875 0.35243055624999997 0.345703125 0.36631944375000003 0.3603515625 0.3923611104166667 0.365234375 0.390625 0.376953125 0.3767361104166667 0.380859375 0.3454861104166667 0.388671875 0.32118055624999997 0.3955078125 0.30902777708333334 0.412109375 0.28993055624999997 0.4052734375 0.27430555624999997 0.3955078125 0.26388888958333334 0.3896484375 0.2604166666666667 0.3701171875 0.2604166666666667 0.3642578125 0.26388888958333334
1 0.3896484375 0.2604166666666667 0.408203125 0.2760416666666667 0.41796875 0.23784722291666668 0.4111328125 0.22569444375 0.3955078125 0.21527777708333332 0.3837890625 0.21527777708333332 0.3740234375 0.22222222291666668 0.361328125 0.24479166666666666 0.35546875 0.265625 0.3583984375 0.2708333333333333 0.3701171875 0.2604166666666667 0.3896484375 0.2604166666666667
1 0.5068359375 0.23958333333333334 0.5205078125 0.25 0.529296875 0.26215277708333334 0.5400390625 0.2916666666666667 0.544921875 0.28993055624999997 0.5546875 0.26215277708333334 0.5546875 0.24131944375 0.55078125 0.22395833333333334 0.5361328125 0.20138888958333334 0.5322265625 0.19791666666666666 0.5107421875 0.19791666666666666 0.4970703125 0.20833333333333334 0.486328125 0.23090277708333332 0.4873046875 0.23958333333333334 0.5068359375 0.23958333333333334
1 0.556640625 0.22395833333333334 0.5546875 0.24826388958333334 0.556640625 0.2552083333333333 0.55859375 0.2552083333333333 0.5791015625 0.23611111041666666 0.6005859375 0.23611111041666666 0.6162109375 0.25 0.625 0.23090277708333332 0.625 0.22395833333333334 0.6103515625 0.19444444375 0.5966796875 0.18402777708333332 0.5849609375 0.18402777708333332 0.5712890625 0.19444444375 0.556640625 0.22395833333333334
1 0.62109375 0.23784722291666668 0.6171875 0.25173611041666666 0.626953125 0.27256944375000003 0.626953125 0.2795138895833333 0.630859375 0.28993055624999997 0.630859375 0.33159722291666666 0.6416015625 0.34722222291666666 0.6474609375 0.34722222291666666 0.6494140625 0.35069444375000003 0.658203125 0.3489583333333333 0.6748046875 0.33680555624999997 0.685546875 0.3177083333333333 0.69140625 0.28993055624999997 0.69140625 0.265625 0.685546875 0.24479166666666666 0.6708984375 0.22222222291666668 0.6572265625 0.21180555625 0.6435546875 0.21180555625 0.6279296875 0.22569444375 0.62109375 0.23784722291666668
1 0.52734375 0.171875 0.533203125 0.19618055625 0.5537109375 0.22916666666666666 0.556640625 0.22743055625 0.55859375 0.21701388958333334 0.5673828125 0.19791666666666666 0.583984375 0.18229166666666666 0.583984375 0.171875 0.5712890625 0.14583333333333334 0.5615234375 0.13888888958333334 0.5478515625 0.13888888958333334 0.5380859375 0.14583333333333334 0.53125 0.15798611041666666 0.52734375 0.171875
1 0.515625 0.13368055625 0.5185546875 0.13888888958333334 0.51953125 0.13715277708333332 0.5244140625 0.125 0.5341796875 0.11805555625 0.5498046875 0.12152777708333334 0.5595703125 0.13194444375 0.560546875 0.12326388958333333 0.5517578125 0.10763888958333333 0.5380859375 0.10069444375 0.5263671875 0.10763888958333333 0.517578125 0.12326388958333333 0.515625 0.13368055625
1 0.4775390625 0.11805555625 0.470703125 0.13368055625 0.46875 0.15104166666666666 0.47265625 0.15104166666666666 0.4775390625 0.14236111041666666 0.4873046875 0.13541666666666666 0.5009765625 0.13541666666666666 0.5126953125 0.14930555625 0.515625 0.14409722291666668 0.515625 0.13715277708333332 0.5048828125 0.11458333333333333 0.4990234375 0.11111111041666667 0.4853515625 0.11111111041666667 0.4775390625 0.11805555625
1 0.4384765625 0.14583333333333334 0.4423828125 0.15277777708333332 0.4482421875 0.15625 0.453125 0.15451388958333334 0.453125 0.14756944375 0.44921875 0.13715277708333332 0.4404296875 0.125 0.4345703125 0.12152777708333334 0.4267578125 0.12152777708333334 0.4140625 0.13368055625 0.4150390625 0.14236111041666666 0.4189453125 0.13888888958333334 0.4287109375 0.13888888958333334 0.4384765625 0.14583333333333334
1 0.333984375 0.19965277708333332 0.3427734375 0.20486111041666666 0.345703125 0.203125 0.353515625 0.17534722291666668 0.3623046875 0.16319444375 0.3701171875 0.15972222291666668 0.3701171875 0.15277777708333332 0.3623046875 0.14583333333333334 0.3544921875 0.14583333333333334 0.3447265625 0.15277777708333332 0.337890625 0.16493055625 0.333984375 0.17881944375 0.333984375 0.19965277708333332
0 0.5107421875 0.375 0.4970703125 0.37847222291666666 0.4931640625 0.3854166666666667 0.4873046875 0.3888888895833333 0.4775390625 0.40277777708333334 0.470703125 0.41840277708333334 0.462890625 0.45659722291666666 0.462890625 0.4982638895833333 0.470703125 0.5295138895833333 0.4833984375 0.5555555562500001 0.4970703125 0.5694444437499999 0.5087890625 0.5763888895833333 0.5234375 0.5746527770833333 0.5478515625 0.5659722229166667 0.5576171875 0.5555555562500001 0.568359375 0.5364583333333334 0.576171875 0.4982638895833333 0.576171875 0.44618055624999997 0.5703125 0.421875 0.5537109375 0.3923611104166667 0.5322265625 0.375 0.5126953125 0.37152777708333334 0.5107421875 0.375
0 0.37890625 0.35243055624999997 0.37890625 0.3732638895833333 0.3818359375 0.375 0.3916015625 0.36805555624999997 0.4130859375 0.36805555624999997 0.4248046875 0.375 0.4365234375 0.3888888895833333 0.443359375 0.4010416666666667 0.451171875 0.42534722291666666 0.4541015625 0.43055555624999997 0.455078125 0.42881944375000003 0.4609375 0.41840277708333334 0.470703125 0.3767361104166667 0.470703125 0.35243055624999997 0.462890625 0.32118055624999997 0.4501953125 0.3020833333333333 0.4365234375 0.2916666666666667 0.4150390625 0.2916666666666667 0.3955078125 0.30902777708333334 0.388671875 0.32118055624999997 0.37890625 0.35243055624999997
0 0.5068359375 0.23958333333333334 0.4873046875 0.23958333333333334 0.4814453125 0.24652777708333332 0.4775390625 0.24652777708333332 0.46484375 0.265625 0.45703125 0.28993055624999997 0.45703125 0.3107638895833333 0.46484375 0.32465277708333334 0.46875 0.3385416666666667 0.47265625 0.3732638895833333 0.4853515625 0.3854166666666667 0.48828125 0.38368055624999997 0.494140625 0.3767361104166667 0.49609375 0.35243055624999997 0.50390625 0.32465277708333334 0.5166015625 0.30555555624999997 0.5283203125 0.2951388895833333 0.5341796875 0.2951388895833333 0.537109375 0.28993055624999997 0.533203125 0.27256944375000003 0.5205078125 0.25 0.5068359375 0.23958333333333334
0 0.4228515625 0.23263888958333334 0.41015625 0.265625 0.412109375 0.2864583333333333 0.4150390625 0.2916666666666667 0.4365234375 0.2916666666666667 0.4521484375 0.30555555624999997 0.455078125 0.30381944375000003 0.4609375 0.2760416666666667 0.46484375 0.265625 0.4765625 0.24826388958333334 0.4765625 0.24131944375 0.4697265625 0.22916666666666666 0.4541015625 0.21875 0.4404296875 0.21875 0.4384765625 0.22222222291666668 0.4326171875 0.22222222291666668 0.4228515625 0.23263888958333334
0 0.298828125 0.265625 0.29296875 0.296875 0.3212890625 0.3020833333333333 0.3369140625 0.3263888895833333 0.33984375 0.32465277708333334 0.33984375 0.3142361104166667 0.345703125 0.29340277708333334 0.353515625 0.2795138895833333 0.35546875 0.265625 0.3466796875 0.24652777708333332 0.3369140625 0.23611111041666666 0.3193359375 0.23611111041666666 0.3173828125 0.23958333333333334 0.3115234375 0.23958333333333334 0.298828125 0.265625
0 0.3369140625 0.23611111041666666 0.3466796875 0.24652777708333332 0.34765625 0.25173611041666666 0.3544921875 0.26388888958333334 0.35546875 0.26215277708333334 0.365234375 0.234375 0.36328125 0.22743055625 0.3486328125 0.20486111041666666 0.3291015625 0.20486111041666666 0.3193359375 0.21527777708333332 0.310546875 0.234375 0.3115234375 0.23958333333333334 0.3173828125 0.23958333333333334 0.3193359375 0.23611111041666666 0.3369140625 0.23611111041666666
0 0.4072265625 0.22569444375 0.4111328125 0.22569444375 0.4150390625 0.23263888958333334 0.41796875 0.23090277708333332 0.423828125 0.203125 0.4111328125 0.18402777708333332 0.3955078125 0.18402777708333332 0.3896484375 0.1875 0.3798828125 0.19791666666666666 0.373046875 0.21354166666666666 0.3740234375 0.22569444375 0.3818359375 0.21527777708333332 0.3974609375 0.21527777708333332 0.4072265625 0.22569444375
0 0.412109375 0.17881944375 0.4130859375 0.1875 0.4248046875 0.20138888958333334 0.427734375 0.19965277708333332 0.4384765625 0.1875 0.4443359375 0.18402777708333332 0.4619140625 0.18402777708333332 0.462890625 0.17881944375 0.4609375 0.171875 0.4501953125 0.15625 0.4443359375 0.15277777708333332 0.4306640625 0.15277777708333332 0.4169921875 0.16666666666666666 0.412109375 0.17881944375
0 0.466796875 0.16145833333333334 0.46484375 0.171875 0.46484375 0.18229166666666666 0.4697265625 0.19097222291666668 0.474609375 0.19270833333333334 0.4765625 0.18229166666666666 0.4873046875 0.16319444375 0.4990234375 0.15972222291666668 0.5009765625 0.15625 0.5126953125 0.15972222291666668 0.513671875 0.15104166666666666 0.5009765625 0.13541666666666666 0.4873046875 0.13541666666666666 0.4775390625 0.14236111041666666 0.466796875 0.16145833333333334
0 0.515625 0.14409722291666668 0.513671875 0.15451388958333334 0.5263671875 0.17361111041666666 0.529296875 0.171875 0.529296875 0.16493055625 0.5361328125 0.14930555625 0.5419921875 0.14236111041666666 0.5595703125 0.13888888958333334 0.560546875 0.13368055625 0.5439453125 0.11805555625 0.5341796875 0.11805555625 0.5283203125 0.125 0.5244140625 0.125 0.515625 0.14409722291666668
0 0.5751953125 0.14930555625 0.5849609375 0.17708333333333334 0.59375 0.17534722291666668 0.6005859375 0.17013888958333334 0.609375 0.14756944375 0.607421875 0.12326388958333333 0.5966796875 0.10069444375 0.5908203125 0.10069444375 0.5888671875 0.09722222291666666 0.5732421875 0.10069444375 0.5625 0.11979166666666667 0.5625 0.13715277708333332 0.5751953125 0.14930555625
0 0.5576171875 0.25694444375 0.548828125 0.2795138895833333 0.548828125 0.28993055624999997 0.5654296875 0.2986111104166667 0.5751953125 0.30902777708333334 0.5859375 0.328125 0.591796875 0.3489583333333333 0.59375 0.3802083333333333 0.5966796875 0.3854166666666667 0.6015625 0.38368055624999997 0.6142578125 0.375 0.626953125 0.3489583333333333 0.630859375 0.33159722291666666 0.630859375 0.29340277708333334 0.625 0.26909722291666666 0.6083984375 0.24305555625 0.5986328125 0.23611111041666666 0.5791015625 0.23611111041666666 0.5654296875 0.24652777708333332 0.5576171875 0.25694444375