0 1 0.44618055624999997 0.9931640625 0.43055555624999997 0.9833984375 0.4201388895833333 0.9755859375 0.4166666666666667 0.9658203125 0.4236111104166667 0.955078125 0.4427083333333333 0.951171875 0.45659722291666666 0.94921875 0.4670138895833333 0.94921875 0.515625 0.95703125 0.5503472229166667 0.9638671875 0.5625 0.9697265625 0.5694444437499999 0.982421875 0.5677083333333334 0.9892578125 0.5625 1 0.5399305562500001 1 0.44618055624999997
0 0.6884765625 0.31944444375000003 0.681640625 0.33506944375000003 0.67578125 0.359375 0.67578125 0.39756944375000003 0.68359375 0.42534722291666666 0.7001953125 0.4513888895833333 0.7138671875 0.46180555624999997 0.734375 0.46006944375000003 0.7470703125 0.44444444375000003 0.7578125 0.421875 0.7578125 0.41493055624999997 0.76171875 0.4045138895833333 0.76171875 0.3697916666666667 0.75390625 0.3385416666666667 0.7392578125 0.3125 0.7255859375 0.3020833333333333 0.7080078125 0.3020833333333333 0.6884765625 0.31944444375000003
0 0.888671875 0.28993055624999997 0.888671875 0.33159722291666666 0.89453125 0.35243055624999997 0.8994140625 0.3611111104166667 0.9111328125 0.37152777708333334 0.919921875 0.3697916666666667 0.9228515625 0.36805555624999997 0.931640625 0.3489583333333333 0.93359375 0.3385416666666667 0.93359375 0.3107638895833333 0.927734375 0.2864583333333333 0.9228515625 0.27777777708333334 0.9130859375 0.2673611104166667 0.9052734375 0.2673611104166667 0.8974609375 0.27430555624999997 0.888671875 0.28993055624999997
0 0.8515625 0.25173611041666666 0.857421875 0.265625 0.859375 0.28993055624999997 0.861328125 0.29340277708333334 0.859375 0.296875 0.857421875 0.3177083333333333 0.8623046875 0.3263888895833333 0.8681640625 0.3298611104166667 0.880859375 0.328125 0.88671875 0.3177083333333333 0.88671875 0.30381944375000003 0.892578125 0.2795138895833333 0.890625 0.25868055625 0.8857421875 0.24652777708333332 0.8740234375 0.23263888958333334 0.8681640625 0.22916666666666666 0.8583984375 0.23263888958333334 0.8515625 0.24479166666666666 0.8515625 0.25173611041666666
0 0.810546875 0.25173611041666666 0.806640625 0.265625 0.806640625 0.29340277708333334 0.8125 0.3177083333333333 0.8212890625 0.3333333333333333 0.8349609375 0.34375 0.841796875 0.3420138895833333 0.853515625 0.328125 0.859375 0.3107638895833333 0.861328125 0.28993055624999997 0.859375 0.2864583333333333 0.857421875 0.265625 0.8447265625 0.23958333333333334 0.8349609375 0.23263888958333334 0.8271484375 0.23263888958333334 0.8173828125 0.23958333333333334 0.810546875 0.25173611041666666
0 0.685546875 0.19618055625 0.685546875 0.22048611041666666 0.689453125 0.234375 0.6982421875 0.25 0.7060546875 0.25694444375 0.71875 0.2552083333333333 0.7275390625 0.24652777708333332 0.734375 0.23090277708333332 0.734375 0.203125 0.732421875 0.19270833333333334 0.728515625 0.18229166666666666 0.7197265625 0.17013888958333334 0.7138671875 0.16666666666666666 0.6982421875 0.17013888958333334 0.689453125 0.18229166666666666 0.685546875 0.19618055625
1 0.6376953125 0.17361111041666666 0.6328125 0.18576388958333334 0.630859375 0.19270833333333334 0.630859375 0.22048611041666666 0.634765625 0.23090277708333332 0.6455078125 0.24652777708333332 0.662109375 0.25173611041666666 0.6708984375 0.24652777708333332 0.677734375 0.234375 0.681640625 0.21354166666666666 0.681640625 0.19965277708333332 0.6796875 0.18923611041666666 0.6728515625 0.17361111041666666 0.6669921875 0.17013888958333334 0.6630859375 0.16319444375 0.6474609375 0.16319444375 0.6376953125 0.17361111041666666
1 0.6044921875 0.18402777708333332 0.615234375 0.18229166666666666 0.6181640625 0.18055555625 0.626953125 0.16145833333333334 0.626953125 0.13715277708333332 0.6162109375 0.11805555625 0.6103515625 0.11805555625 0.6083984375 0.11458333333333333 0.5986328125 0.11805555625 0.58984375 0.13715277708333332 0.58984375 0.16145833333333334 0.6044921875 0.18402777708333332
0 0.630859375 0.16840277708333332 0.6337890625 0.17361111041666666 0.638671875 0.171875 0.6474609375 0.16319444375 0.6630859375 0.16319444375 0.666015625 0.15451388958333334 0.666015625 0.14409722291666668 0.662109375 0.13020833333333334 0.6494140625 0.11458333333333333 0.6357421875 0.11805555625 0.626953125 0.13715277708333332 0.626953125 0.15451388958333334 0.630859375 0.16840277708333332
0 0.5634765625 0.18055555625 0.576171875 0.17881944375 0.5810546875 0.17708333333333334 0.587890625 0.16493055625 0.587890625 0.13368055625 0.5849609375 0.125 0.5751953125 0.11458333333333333 0.5615234375 0.11458333333333333 0.55078125 0.13715277708333332 0.55078125 0.15798611041666666 0.5546875 0.16840277708333332 0.5634765625 0.18055555625
0 0.5224609375 0.17361111041666666 0.5302734375 0.18055555625 0.53515625 0.17881944375 0.5400390625 0.17708333333333334 0.548828125 0.16145833333333334 0.55078125 0.140625 0.5458984375 0.125 0.5400390625 0.11805555625 0.5302734375 0.11458333333333333 0.517578125 0.1267361104166667 0.513671875 0.13715277708333332 0.513671875 0.15451388958333334 0.5224609375 0.17361111041666666
1 0.6259765625 0.13541666666666666 0.62890625 0.13368055625 0.6337890625 0.12152777708333334 0.6416015625 0.11458333333333333 0.6474609375 0.11458333333333333 0.6494140625 0.11805555625 0.65234375 0.11284722291666666 0.6435546875 0.10069444375 0.6298828125 0.10069444375 0.62109375 0.11979166666666667 0.623046875 0.13020833333333334 0.6259765625 0.13541666666666666
1 0.58984375 0.12326388958333333 0.5791015625 0.10763888958333333 0.5712890625 0.10416666666666667 0.560546875 0.11284722291666666 0.5615234375 0.11805555625 0.5673828125 0.11458333333333333 0.5771484375 0.11805555625 0.5888671875 0.13541666666666666 0.58984375 0.13368055625 0.58984375 0.12326388958333333
0 0.3671875 0.203125 0.3740234375 0.21875 0.3837890625 0.22569444375 0.388671875 0.22395833333333334 0.3935546875 0.22222222291666668 0.40234375 0.20659722291666668 0.404296875 0.19965277708333332 0.404296875 0.17881944375 0.40234375 0.171875 0.3935546875 0.15972222291666668 0.3818359375 0.15972222291666668 0.37109375 0.171875 0.3671875 0.18576388958333334 0.3671875 0.203125
1 0.29296875 0.265625 0.294921875 0.27256944375000003 0.3056640625 0.28819444375000003 0.3203125 0.2864583333333333 0.330078125 0.27256944375000003 0.333984375 0.2552083333333333 0.333984375 0.24479166666666666 0.330078125 0.22743055625 0.3251953125 0.21875 0.3212890625 0.21527777708333332 0.3076171875 0.21527777708333332 0.294921875 0.234375 0.29296875 0.24131944375 0.29296875 0.265625
0 0.236328125 0.30034722291666666 0.2451171875 0.3229166666666667 0.2490234375 0.3263888895833333 0.263671875 0.32465277708333334 0.2734375 0.3072916666666667 0.27734375 0.28993055624999997 0.27734375 0.2795138895833333 0.2734375 0.26215277708333334 0.2685546875 0.25347222291666666 0.2646484375 0.25 0.2529296875 0.25 0.240234375 0.265625 0.236328125 0.2829861104166667 0.236328125 0.30034722291666666