0 0.545703125 0.27847222083333334 0.530078125 0.26805555416666665 0.51640625 0.26805555416666665 0.50078125 0.27847222083333334 0.4900390625 0.29409722083333334 0.4822265625 0.31840277708333337 0.4802734375 0.34270833333333334 0.4822265625 0.34618055416666665 0.4822265625 0.36006944375 0.4880859375 0.38090277708333337 0.502734375 0.40694444375 0.5105468765625 0.4125 0.5367187359375001 0.4125 0.5427734375 0.41215277708333337 0.5505859375 0.4017361104166667 0.5625 0.36240079166666667 0.5625 0.31753472083333334 0.5603515625 0.3079861104166667 0.545703125 0.27847222083333334
0 0.8201171875 0.41458333333333336 0.8123046875 0.39027777916666667 0.79765625 0.36423611250000004 0.78203125 0.35381944583333336 0.76640625 0.35381944583333336 0.7546875 0.36076388958333333 0.7400390625 0.38333333333333336 0.7302734375 0.42152777916666667 0.7302734375 0.4666666666666667 0.7380859375 0.49444444583333336 0.7546875 0.5239583333333333 0.7652343734375 0.5333333333333333 0.7787109515624999 0.5333333333333333 0.7869140625 0.5326388895833333 0.79765625 0.5239583333333333 0.8162109375 0.4875 0.8201171875 0.4666666666666667 0.8203125 0.46284722291666663 0.8203125 0.42534722291666666 0.8201171875 0.425 0.8201171875 0.41458333333333336
0 0.362109375 0.24375 0.354296875 0.23680555416666668 0.340625 0.23680555416666668 0.32890625 0.24722222083333334 0.3201171875 0.26631944375 0.3181640625 0.2767361104166667 0.3181640625 0.30104166666666665 0.3220703125 0.31840277708333337 0.32890625 0.33055555416666665 0.3390625015625 0.33958333333333335 0.35234374218750003 0.33958333333333335 0.3552734375 0.3392361104166667 0.36015625 0.3375 0.3650390625 0.32881944375 0.3728515625 0.30104166666666665 0.3734375 0.2947916666666667 0.3734375 0.27291666666666664 0.3708984375 0.259375 0.362109375 0.24375
0 0.630078125 0.18020833541666667 0.6203125 0.16979166874999999 0.606640625 0.16979166874999999 0.59296875 0.18368055625000002 0.5861328125 0.20277777916666664 0.5861328125 0.21319444583333333 0.584375 0.21631944583333332 0.584375 0.2178819458333333 0.5880859375 0.24097222291666667 0.602734375 0.26701388958333333 0.60859375 0.26701388958333333 0.6095703125 0.26875 0.6310546875 0.26875 0.6408203125 0.25833333541666664 0.64375 0.24270833541666667 0.64375 0.21608796458333332 0.6388671875 0.19583333541666667 0.630078125 0.18020833541666667
0 0.53828125 0.16319444375 0.51875 0.16319444375 0.5041015625 0.18576388958333334 0.5021484375 0.19618055625 0.5021484375 0.22048611041666666 0.5109375 0.24305555625 0.52265625 0.25347222291666666 0.5412109375 0.25173611041666666 0.544140625 0.25 0.5529296875 0.23090277708333332 0.5546875 0.22152777708333332 0.5546875 0.19548611249999998 0.5509765625 0.18229166666666666 0.53828125 0.16319444375
0 0.459375 0.17395833333333333 0.459375 0.18020833333333333 0.462890625 0.19270833333333334 0.4716796875 0.20486111041666666 0.4775390625 0.20833333333333334 0.48828125 0.20659722291666668 0.4931640625 0.20486111041666666 0.49609375 0.19965277708333332 0.5015625 0.18020833333333333 0.5015625 0.15659722083333336 0.5 0.15104166666666666 0.4892578125 0.13541666666666666 0.4736328125 0.13541666666666666 0.4609375 0.15451388958333334 0.459375 0.17395833333333333
0 0.2158203125 0.275 0.220703125 0.26631944375 0.224609375 0.24895833333333334 0.22265625 0.23506944375 0.2177734375 0.22638888750000002 0.2060546875 0.22638888750000002 0.19921875 0.23854166666666668 0.197265625 0.24895833333333334 0.19921875 0.26631944375 0.2041015625 0.275 0.2064453140625 0.27708333333333335 0.21035156093750002 0.27708333333333335 0.2109375 0.2767361104166667 0.2158203125 0.275
0 0.3056640625 0.15277777708333332 0.298828125 0.16145833333333334 0.2953125 0.17395833333333333 0.2953125 0.18680555625 0.298828125 0.19618055625 0.3037109375 0.20138888958333334 0.3125 0.19965277708333332 0.3203125 0.18923611041666666 0.321875 0.17256944375 0.321875 0.16743055416666666 0.3173828125 0.15625 0.3056640625 0.15277777708333332
0 0.597265625 0.15260416666666668 0.5953125 0.1491319458333333 0.585546875 0.15260416666666668 0.577734375 0.1595486125 0.5689453125 0.17864583333333334 0.5669921875 0.1890625 0.5689453125 0.21336805625000002 0.577734375 0.23246527916666665 0.5827148421875 0.23541666666666666 0.5862695312499999 0.23541666666666666 0.5845703125 0.2203125 0.5904296875 0.1890625 0.59921875 0.17690972291666668 0.6109375 0.16889690208333336 0.6109375 0.1634066375 0.603125 0.15260416666666668 0.597265625 0.15260416666666668
0 0.4876953125 0.1013888875 0.4837890625 0.10486111041666667 0.47890625 0.1170138875 0.47890625 0.13090277708333334 0.4818359375 0.13611111041666665 0.4935546875 0.13958333333333334 0.5005859375 0.15208333333333332 0.5037109359375 0.15208333333333332 0.504296875 0.15173611041666665 0.509375 0.13969907291666667 0.509375 0.11562499791666667 0.5013671875 0.1013888875 0.4876953125 0.1013888875
0 0.4341796875 0.10694444583333333 0.4234375 0.11909722291666666 0.421484375 0.13645833333333332 0.42608816875000005 0.14791666666666667 0.4275390640625 0.14791666666666667 0.429296875 0.146875 0.4322265625 0.14166666666666666 0.446875 0.13645833333333332 0.4484375 0.11979166666666667 0.4484375 0.11493055625 0.4439453125 0.10694444583333333 0.4341796875 0.10694444583333333
0 0.41171875 0.1109375 0.4029296875 0.12309027916666666 0.4009765625 0.1439236125 0.409765625 0.1595486125 0.4141601515625 0.16041666666666668 0.4200195328125 0.16041666666666668 0.421484375 0.1595486125 0.425 0.1507986125 0.425 0.14496527916666666 0.4244140625 0.1439236125 0.4244140625 0.12309027916666666 0.425 0.12100694583333334 0.425 0.1146875 0.421484375 0.1109375 0.41171875 0.1109375
1 0.43828125 0.13819444583333332 0.428515625 0.14513888958333335 0.4236328125 0.15381944583333332 0.4216796875 0.16076388958333335 0.4216796875 0.18854166666666666 0.428515625 0.20416666666666666 0.4390624984375 0.21041666666666667 0.4414062515625 0.21041666666666667 0.4431640625 0.209375 0.451953125 0.20416666666666666 0.4568359375 0.19548611249999998 0.4578125 0.19201388958333335 0.4578125 0.15261752291666666 0.44609375 0.13819444583333332 0.43828125 0.13819444583333332
1 0.2345703125 0.21701388958333334 0.2345703125 0.23784722291666668 0.2365234375 0.24479166666666666 0.24140625 0.25 0.2521484375 0.24826388958333334 0.255078125 0.24652777708333332 0.259375 0.23583333333333334 0.259375 0.20902777708333334 0.253125 0.19791666666666666 0.247265625 0.19791666666666666 0.2365234375 0.21006944375 0.2345703125 0.21701388958333334
1 0.4681640625 0.1045138875 0.4525390625 0.10798611041666667 0.44765625 0.12361111041666667 0.44765625 0.14097222083333336 0.4525390625 0.14270833333333333 0.4578125 0.15208333333333332 0.4613281234375 0.15208333333333332 0.46328125 0.1513888875 0.4701171875 0.13923611249999998 0.4759765625 0.1357638875 0.478125 0.12939814791666668 0.478125 0.12291666666666666 0.476953125 0.11666666666666667 0.4681640625 0.1045138875
1 0.5029296875 0.08663194583333333 0.4984375 0.09781250000000001 0.4984375 0.09936342708333333 0.509765625 0.11614583333333334 0.509765625 0.13125 0.517317709375 0.13125 0.5234375 0.12309027916666666 0.525 0.10920138958333332 0.525 0.10488040208333334 0.5166015625 0.08663194583333333 0.5029296875 0.08663194583333333