1 0.3759765625 0.8090277770833333 0.3662109375 0.8090277770833333 0.3642578125 0.8055555562500001 0.3427734375 0.8055555562500001 0.3408203125 0.8090277770833333 0.3251953125 0.8125 0.3056640625 0.8298611104166667 0.2939453125 0.8472222229166667 0.27734375 0.8940972229166667 0.275390625 0.9253472229166667 0.2734375 0.9288194437499999 0.2734375 0.9496527770833333 0.275390625 0.953125 0.27734375 0.9878472229166667 0.2822265625 0.9965277770833333 0.2880859375 1 0.443359375 0.9982638895833333 0.44921875 0.9913194437499999 0.44921875 0.9461805562500001 0.439453125 0.8975694437499999 0.435546875 0.890625 0.43359375 0.8802083333333334 0.4130859375 0.84375 0.3876953125 0.8159722229166667 0.3759765625 0.8090277770833333
1 0.2333984375 0.28472222291666666 0.2216796875 0.2951388895833333 0.212890625 0.3107638895833333 0.208984375 0.32465277708333334 0.208984375 0.359375 0.212890625 0.3732638895833333 0.2216796875 0.3888888895833333 0.2333984375 0.3958333333333333 0.2421875 0.39409722291666666 0.2490234375 0.3888888895833333 0.2578125 0.3732638895833333 0.26171875 0.359375 0.26171875 0.3177083333333333 0.2578125 0.30381944375000003 0.2509765625 0.2916666666666667 0.2412109375 0.28472222291666666 0.2333984375 0.28472222291666666
1 0.2724609375 0.23263888958333334 0.259765625 0.2552083333333333 0.255859375 0.2829861104166667 0.259765625 0.30381944375000003 0.2666015625 0.31597222291666666 0.2763671875 0.3229166666666667 0.2890625 0.32118055624999997 0.2958984375 0.31597222291666666 0.30078125 0.3072916666666667 0.306640625 0.2864583333333333 0.30859375 0.265625 0.302734375 0.24131944375 0.2861328125 0.22569444375 0.2841796875 0.22916666666666666 0.2724609375 0.23263888958333334
1 0.2890625 0.21006944375 0.2890625 0.22395833333333334 0.302734375 0.24131944375 0.3076171875 0.2604166666666667 0.31640625 0.25868055625 0.3193359375 0.25694444375 0.330078125 0.234375 0.33203125 0.21354166666666666 0.328125 0.19618055625 0.3212890625 0.18402777708333332 0.3076171875 0.18055555625 0.29296875 0.19618055625 0.2890625 0.21006944375
1 0.3515625 0.18229166666666666 0.3515625 0.203125 0.353515625 0.21354166666666666 0.3603515625 0.22569444375 0.3681640625 0.23263888958333334 0.380859375 0.23090277708333332 0.39453125 0.21006944375 0.396484375 0.203125 0.396484375 0.17881944375 0.3896484375 0.15972222291666668 0.3818359375 0.15277777708333332 0.3681640625 0.15277777708333332 0.35546875 0.16840277708333332 0.3515625 0.18229166666666666
1 0.6103515625 0.22569444375 0.5869140625 0.22569444375 0.5771484375 0.23263888958333334 0.564453125 0.25173611041666666 0.55859375 0.2760416666666667 0.55859375 0.3142361104166667 0.5703125 0.3454861104166667 0.5771484375 0.3541666666666667 0.5986328125 0.36805555624999997 0.60546875 0.36631944375000003 0.6123046875 0.3645833333333333 0.6240234375 0.3541666666666667 0.6328125 0.3385416666666667 0.638671875 0.3142361104166667 0.638671875 0.2795138895833333 0.630859375 0.25173611041666666 0.6220703125 0.23611111041666666 0.6103515625 0.22569444375
1 0.6572265625 0.17361111041666666 0.6435546875 0.17361111041666666 0.6318359375 0.18402777708333332 0.623046875 0.19965277708333332 0.619140625 0.21701388958333334 0.619140625 0.23090277708333332 0.630859375 0.25173611041666666 0.6416015625 0.28819444375000003 0.66015625 0.2864583333333333 0.6689453125 0.28125 0.677734375 0.26909722291666666 0.68359375 0.24826388958333334 0.68359375 0.21701388958333334 0.6796875 0.203125 0.6669921875 0.18055555625 0.6630859375 0.18055555625 0.6572265625 0.17361111041666666
1 0.5927734375 0.125 0.5869140625 0.12847222291666666 0.576171875 0.14756944375 0.57421875 0.15451388958333334 0.57421875 0.17881944375 0.578125 0.19270833333333334 0.5908203125 0.21180555625 0.5947265625 0.21527777708333332 0.60546875 0.21354166666666666 0.6142578125 0.20833333333333334 0.623046875 0.19270833333333334 0.626953125 0.17534722291666668 0.626953125 0.16145833333333334 0.625 0.15104166666666666 0.6181640625 0.13541666666666666 0.6064453125 0.125 0.5927734375 0.125
1 0.6494140625 0.11111111041666667 0.6337890625 0.11111111041666667 0.623046875 0.1267361104166667 0.62109375 0.140625 0.625 0.15104166666666666 0.626953125 0.171875 0.6318359375 0.18055555625 0.634765625 0.17881944375 0.6416015625 0.17361111041666666 0.6572265625 0.17361111041666666 0.6611328125 0.17708333333333334 0.666015625 0.16840277708333332 0.66796875 0.14756944375 0.6640625 0.13020833333333334 0.6572265625 0.11805555625 0.6494140625 0.11111111041666667
1 0.498046875 0.13020833333333334 0.49609375 0.15104166666666666 0.5 0.16840277708333332 0.5029296875 0.17361111041666666 0.505859375 0.171875 0.5078125 0.14409722291666668 0.5166015625 0.12847222291666666 0.5263671875 0.12152777708333334 0.5341796875 0.12152777708333334 0.5341796875 0.11805555625 0.5263671875 0.11111111041666667 0.5107421875 0.11111111041666667 0.498046875 0.13020833333333334
1 0.125 0.3697916666666667 0.1298828125 0.37847222291666666 0.1357421875 0.38194444375000003 0.140625 0.3802083333333333 0.150390625 0.3697916666666667 0.15625 0.3489583333333333 0.154296875 0.3177083333333333 0.1455078125 0.30555555624999997 0.1357421875 0.30555555624999997 0.123046875 0.33159722291666666 0.123046875 0.36284722291666666 0.125 0.3697916666666667
1 0.1455078125 0.28472222291666666 0.1357421875 0.28472222291666666 0.12890625 0.29340277708333334 0.125 0.3072916666666667 0.125 0.3177083333333333 0.12890625 0.3177083333333333 0.1298828125 0.3125 0.1376953125 0.30555555624999997 0.1435546875 0.30555555624999997 0.1494140625 0.3125 0.1533203125 0.3125 0.154296875 0.30034722291666666 0.15234375 0.29340277708333334 0.1455078125 0.28472222291666666
0 0.1474609375 0.46180555624999997 0.1376953125 0.46180555624999997 0.1259765625 0.47222222291666666 0.1171875 0.48784722291666666 0.111328125 0.50868055625 0.111328125 0.5538194437499999 0.115234375 0.5746527770833333 0.1259765625 0.5972222229166667 0.1396484375 0.6111111104166667 0.15234375 0.609375 0.1611328125 0.6041666666666666 0.173828125 0.5815972229166667 0.17578125 0.5607638895833333 0.177734375 0.5572916666666666 0.177734375 0.515625 0.171875 0.49131944375000003 0.1611328125 0.47222222291666666 0.1474609375 0.46180555624999997
0 0.1259765625 0.4201388895833333 0.1162109375 0.4201388895833333 0.1064453125 0.43055555624999997 0.095703125 0.46006944375000003 0.095703125 0.5017361104166667 0.099609375 0.5190972229166666 0.1083984375 0.5347222229166667 0.109375 0.5329861104166667 0.111328125 0.5295138895833333 0.111328125 0.5121527770833334 0.1171875 0.48784722291666666 0.1318359375 0.46527777708333334 0.14453125 0.46006944375000003 0.14453125 0.453125 0.138671875 0.4357638895833333 0.1259765625 0.4201388895833333
0 0.05078125 0.41840277708333334 0.05078125 0.44965277708333334 0.0595703125 0.46875 0.068359375 0.4670138895833333 0.076171875 0.453125 0.080078125 0.42881944375000003 0.078125 0.42534722291666666 0.076171875 0.4045138895833333 0.0693359375 0.3923611104166667 0.0634765625 0.3923611104166667 0.052734375 0.4079861104166667 0.05078125 0.41840277708333334
0 0.017578125 0.5364583333333334 0.0224609375 0.5451388895833333 0.033203125 0.5434027770833333 0.041015625 0.5260416666666666 0.041015625 0.48784722291666666 0.0341796875 0.46875 0.0224609375 0.46875 0.017578125 0.47743055624999997 0.013671875 0.4947916666666667 0.013671875 0.5190972229166666 0.017578125 0.5364583333333334
0 0.099609375 0.36284722291666666 0.1064453125 0.38194444375000003 0.1103515625 0.3854166666666667 0.119140625 0.38368055624999997 0.125 0.3767361104166667 0.123046875 0.36631944375000003 0.123046875 0.33159722291666666 0.125 0.32118055624999997 0.1220703125 0.31597222291666666 0.1123046875 0.31597222291666666 0.1015625 0.3385416666666667 0.099609375 0.36284722291666666
0 0.1572265625 0.30902777708333334 0.1650390625 0.31597222291666666 0.171875 0.3142361104166667 0.1767578125 0.30902777708333334 0.181640625 0.296875 0.18359375 0.26909722291666666 0.1767578125 0.25347222291666666 0.1669921875 0.25 0.154296875 0.26909722291666666 0.15234375 0.29340277708333334 0.1572265625 0.30902777708333334
0 0.2802734375 0.21180555625 0.2666015625 0.21180555625 0.25390625 0.22743055625 0.25 0.24131944375 0.248046875 0.26215277708333334 0.251953125 0.2795138895833333 0.2548828125 0.28472222291666666 0.2578125 0.2829861104166667 0.2578125 0.26215277708333334 0.259765625 0.2552083333333333 0.2705078125 0.23611111041666666 0.2783203125 0.22916666666666666 0.2861328125 0.22916666666666666 0.2890625 0.22395833333333334 0.2841796875 0.21527777708333332 0.2802734375 0.21180555625
0 0.5244140625 0.12152777708333334 0.5185546875 0.125 0.5078125 0.14409722291666668 0.505859375 0.15104166666666666 0.505859375 0.17881944375 0.5205078125 0.20833333333333334 0.533203125 0.21006944375 0.5419921875 0.19791666666666666 0.552734375 0.18923611041666666 0.556640625 0.17534722291666668 0.556640625 0.15798611041666666 0.5546875 0.14756944375 0.5458984375 0.12847222291666666 0.5361328125 0.12152777708333334 0.5244140625 0.12152777708333334
0 0.5654296875 0.19097222291666668 0.5634765625 0.1875 0.5517578125 0.19097222291666668 0.5400390625 0.20138888958333334 0.53125 0.21701388958333334 0.52734375 0.234375 0.52734375 0.26909722291666666 0.53515625 0.29340277708333334 0.5400390625 0.3020833333333333 0.5517578125 0.3125 0.55859375 0.3107638895833333 0.55859375 0.27256944375000003 0.564453125 0.25173611041666666 0.5791015625 0.22916666666666666 0.591796875 0.22395833333333334 0.591796875 0.21701388958333334 0.5869140625 0.20486111041666666 0.5732421875 0.19097222291666668 0.5654296875 0.19097222291666668