0 0.640234375 0.8355902770833333 0.632421875 0.8078125 0.6119140625 0.7713541666666667 0.5904296875 0.75399305625 0.5748046875 0.7505208333333333 0.5728515625 0.7470486104166666 0.5474609375 0.7470486104166666 0.5455078125 0.7505208333333333 0.5298828125 0.75399305625 0.5201171875 0.7644097229166668 0.5162109375 0.7644097229166668 0.4966796875 0.7887152770833333 0.483984375 0.8112847229166668 0.468359375 0.8564236104166666 0.468359375 0.8703125 0.464453125 0.8876736104166666 0.464453125 0.9154513895833334 0.46640625 0.9189236104166666 0.468359375 0.9467013895833334 0.476171875 0.97100694375 0.476171875 0.9814236104166666 0.4869140625 0.9970486104166666 0.53623046875 0.9979166666666667 0.60556640625 0.9979166666666667 0.6255859375 0.9970486104166666 0.634375 0.9848958333333333 0.634375 0.9779513895833334 0.640234375 0.9675347229166668 0.646875 0.9291666666666667 0.646875 0.8546875 0.644140625 0.8425347229166668 0.640234375 0.8355902770833333
0 0.3339844578125 1 0.472265625 0.9986111125 0.4734375 0.9944444458333332 0.4734375 0.9902777791666666 0.472265625 0.9881944458333333 0.472265625 0.9708333333333333 0.460546875 0.9222222229166667 0.4361328125 0.8788194458333333 0.4087890625 0.8545138895833334 0.3912109375 0.8475694458333333 0.3892578125 0.8440972229166667 0.3833984375 0.8440972229166667 0.3814453125 0.840625 0.3658203125 0.840625 0.3638671875 0.8440972229166667 0.3443359375 0.8475694458333333 0.3248046875 0.86493055625 0.3169921875 0.8753472229166667 0.30234375 0.9048611125 0.29453125 0.94305555625 0.29453125 0.9847222229166667 0.2993055546875 1 0.3339844578125 1
0 0.383984375 0.7760416666666666 0.380078125 0.7552083333333334 0.36640625 0.7170138895833333 0.3458984375 0.6875 0.3419921875 0.6875 0.3244140625 0.6736111104166667 0.2970703125 0.6736111104166667 0.2951171875 0.6770833333333334 0.2814453125 0.6805555562500001 0.2609375 0.7100694437499999 0.24921875 0.7413194437499999 0.24921875 0.7517361104166667 0.2453125 0.765625 0.2453125 0.8072916666666666 0.255078125 0.8524305562500001 0.2609375 0.8628472229166667 0.26484375 0.8767361104166667 0.2775390625 0.8993055562500001 0.2892578125 0.9097222229166667 0.3 0.9079861104166667 0.30390625 0.8940972229166667 0.3244140625 0.8611111104166667 0.3419921875 0.8472222229166667 0.3478515625 0.8472222229166667 0.3537109375 0.8402777770833333 0.3751953125 0.8402777770833333 0.3810546875 0.8368055562500001 0.383984375 0.8315972229166667 0.383984375 0.8211805562500001 0.3859375 0.8177083333333334 0.3859375 0.7934027770833333 0.383984375 0.7899305562500001 0.383984375 0.7760416666666666
0 0.390625 0.46006944375000003 0.3828125 0.4947916666666667 0.3828125 0.5364583333333334 0.390625 0.5677083333333334 0.4072265625 0.5972222229166667 0.4306640625 0.6145833333333334 0.44921875 0.6128472229166667 0.4580078125 0.6076388895833333 0.4677734375 0.59375 0.4736328125 0.5902777770833333 0.486328125 0.5642361104166667 0.4921875 0.5364583333333334 0.4921875 0.48784722291666666 0.484375 0.46006944375000003 0.4814453125 0.4583333333333333 0.4677734375 0.43055555624999997 0.4482421875 0.4166666666666667 0.4228515625 0.4166666666666667 0.4091796875 0.4270833333333333 0.390625 0.46006944375000003
0 0.267578125 0.3729166666666667 0.26953125 0.35208333333333336 0.271484375 0.3486111104166667 0.271484375 0.3347222208333333 0.265625 0.3138888875 0.2587890625 0.3017361104166667 0.2451171875 0.2947916666666667 0.2353515625 0.3017361104166667 0.224609375 0.32083333333333336 0.220703125 0.33819444375 0.220703125 0.35902777708333333 0.2265625 0.38333333333333336 0.232421875 0.39375 0.251953125 0.39375 0.2587890625 0.3885416666666667 0.267578125 0.3729166666666667
0 0.2658203125 0.30034722291666666 0.2658203125 0.3142361104166667 0.274609375 0.34375 0.284375 0.3541666666666667 0.2951171875 0.35243055624999997 0.30390625 0.34722222291666666 0.3107421875 0.33506944375000003 0.3140625 0.3203125 0.3140625 0.284375 0.3126953125 0.2795138895833333 0.3 0.2604166666666667 0.284375 0.2604166666666667 0.2697265625 0.2829861104166667 0.2658203125 0.30034722291666666
0 0.1984375 0.3329861104166667 0.184765625 0.3329861104166667 0.1798828125 0.33819444375 0.1798828125 0.39375 0.1939453125 0.41875 0.2009765578125 0.41875 0.2052734375 0.4180555541666667 0.2125 0.39557291666666666 0.2125 0.3628472208333333 0.2111328125 0.3555555541666667 0.1984375 0.3329861104166667
1 0.2 0.31996527708333333 0.1951171875 0.33211805624999996 0.20390625 0.3407986104166667 0.2107421875 0.3564236104166667 0.2126953125 0.36684027708333333 0.2126953125 0.4 0.2177734375 0.4 0.2234375 0.3924479166666667 0.2234375 0.3703125 0.2205078125 0.35989583333333336 0.2205078125 0.3390625 0.2234375 0.33125 0.2234375 0.32112268541666666 0.209765625 0.31302083333333336 0.2 0.31996527708333333
1 0.3490234375 0.23194444583333332 0.3392578125 0.23194444583333332 0.3294921875 0.23888888958333335 0.320703125 0.25104166666666666 0.31484375 0.27534722291666663 0.31484375 0.28923611250000003 0.316796875 0.29965277916666666 0.3294921875 0.32222222291666663 0.3341796859375 0.325 0.34042969375 0.325 0.348046875 0.32395833333333335 0.3529296875 0.32222222291666663 0.3609375 0.30482253125000003 0.3609375 0.30034722291666666 0.3578125 0.28923611250000003 0.3578125 0.26840277916666666 0.3609375 0.2545138895833333 0.3609375 0.24909722291666667 0.3568359375 0.23888888958333335 0.3490234375 0.23194444583333332
1 0.3912109375 0.22604166458333333 0.3794921875 0.22604166458333333 0.3736328125 0.2295138875 0.362890625 0.2451388875 0.35703125 0.26944444375000004 0.35703125 0.28680555416666664 0.3609375 0.30069444375000004 0.3697265625 0.31631944375000004 0.3771484390625 0.3229166666666667 0.38085936249999996 0.3229166666666667 0.394140625 0.32152777708333335 0.4029296875 0.31631944375000004 0.405859375 0.30763888749999996 0.405859375 0.30069444375000004 0.4109375 0.28564814791666665 0.4109375 0.25391413958333336 0.4009765625 0.23298611041666667 0.3912109375 0.22604166458333333
1 0.42890625 0.3142361104166667 0.4455078125 0.2986111104166667 0.4591796875 0.2986111104166667 0.4689453125 0.30555555624999997 0.473828125 0.30381944375000003 0.4796875 0.27256944375000003 0.473828125 0.24826388958333334 0.4650390625 0.23263888958333334 0.4552734375 0.22569444375 0.4376953125 0.22569444375 0.4298828125 0.23263888958333334 0.42109375 0.24826388958333334 0.4171875 0.26215277708333334 0.4171875 0.296875 0.4259765625 0.31597222291666666 0.42890625 0.3142361104166667
1 0.44609375 0.19444444375 0.43046875 0.19791666666666666 0.4265625 0.20138888958333334 0.4138671875 0.22743055625 0.4138671875 0.25868055625 0.416796875 0.26388888958333334 0.4177734375 0.26215277708333334 0.4236328125 0.24479166666666666 0.43046875 0.23263888958333334 0.43828125 0.22569444375 0.455859375 0.22569444375 0.463671875 0.23263888958333334 0.465625 0.22685185208333333 0.465625 0.22183641875000001 0.4578125 0.20486111041666666 0.44609375 0.19444444375
1 0.4720703125 0.30625 0.4603515625 0.30277777708333337 0.4583984375 0.29930555416666665 0.4408203125 0.30277777708333337 0.4310546875 0.31319444375 0.4203125 0.33229166666666665 0.41640625 0.34618055416666665 0.414453125 0.35659722083333334 0.414453125 0.38784722083333334 0.41640625 0.39826388749999997 0.4232421875 0.4173611104166667 0.4408203125 0.41388888749999997 0.4427734375 0.4173611104166667 0.4505859375 0.4173611104166667 0.4583984390625 0.42291666666666666 0.465820309375 0.42291666666666666 0.4671875 0.42256944375 0.4671875 0.39131944375 0.469140625 0.38090277708333337 0.4828125 0.34618055416666665 0.4875 0.340625 0.4875 0.329375 0.4837890625 0.32013888749999997 0.4720703125 0.30625
1 0.5416015625 0.33958333333333335 0.5298828125 0.32916666666666666 0.5044921875 0.32569444583333335 0.4849609375 0.33958333333333335 0.47421875 0.36215277916666666 0.46640625 0.38993055625 0.46640625 0.42465277916666666 0.480078125 0.44895833333333335 0.4927734375 0.47847222291666663 0.5076171859375 0.49166666666666664 0.5158203218749999 0.49166666666666664 0.526953125 0.490625 0.5396484375 0.47847222291666663 0.554296875 0.45243055625 0.559375 0.43136574166666664 0.559375 0.389699075 0.554296875 0.365625 0.5416015625 0.33958333333333335
1 0.66015625 0.41545138958333333 0.66796875 0.38420138958333333 0.66796875 0.3494791666666667 0.6640625 0.33211805624999996 0.6513671875 0.30607638958333333 0.6376953125 0.2921875 0.6220703125 0.28871527708333333 0.6201171875 0.2921875 0.6103515625 0.2921875 0.5986328125 0.30607638958333333 0.587890625 0.3251736104166667 0.58203125 0.3494791666666667 0.58203125 0.3807291666666667 0.58984375 0.4119791666666667 0.6005859375 0.43107638958333333 0.6162109375 0.44496527708333333 0.62255859375 0.44583333333333336 0.6305664078125 0.44583333333333336 0.6455078125 0.43802083333333336 0.66015625 0.41545138958333333
1 0.85 0.41111111250000004 0.8353515625 0.38506944583333336 0.8177734375 0.37465277916666667 0.8021484375 0.378125 0.7904296875 0.3885416666666667 0.777734375 0.41458333333333336 0.771875 0.44236111250000004 0.771875 0.45972222291666665 0.769921875 0.46319444583333336 0.771875 0.47013888958333333 0.771875 0.49097222291666665 0.7796875 0.51875 0.7878906234375 0.5333333333333333 0.7902343765625 0.5333333333333333 0.79140625 0.5326388895833333 0.793359375 0.5256944458333334 0.8119140625 0.49618055624999996 0.8236328125 0.48923611250000004 0.8470703125 0.48923611250000004 0.8548828125 0.49618055624999996 0.8578125 0.49097222291666665 0.859375 0.4826388895833333 0.859375 0.47291666666666665 0.8578125 0.44236111250000004 0.85 0.41111111250000004
1 0.850390625 0.32916666666666666 0.840625 0.31875 0.825 0.31527777916666666 0.81328125 0.32222222291666663 0.7966796875 0.35520833333333335 0.7947265625 0.36215277916666666 0.7947265625 0.3795138895833333 0.799609375 0.38125 0.809375 0.37430555625 0.8171875 0.37430555625 0.819140625 0.37777777916666666 0.830859375 0.38125 0.8494140625 0.4107638895833333 0.8552734375 0.43506944583333335 0.8578124984375 0.4395833333333333 0.8593750015625 0.4395833333333333 0.8611328125 0.43854166666666666 0.865625 0.42523148125 0.865625 0.37303240833333334 0.8611328125 0.35173611250000003 0.850390625 0.32916666666666666
0 0.790625 0.5329861104166667 0.780859375 0.5746527770833333 0.780859375 0.6336805562500001 0.784765625 0.6545138895833333 0.8013671875 0.6875 0.8130859375 0.7013888895833333 0.8248046875 0.7083333333333334 0.831640625 0.7065972229166667 0.8423828125 0.7048611104166667 0.8560546875 0.6944444437499999 0.87265625 0.6649305562500001 0.88046875 0.6440972229166667 0.8859375 0.61493055625 0.8859375 0.56618055625 0.8765625 0.5295138895833333 0.870703125 0.515625 0.8599609375 0.5 0.8443359375 0.4895833333333333 0.8228515625 0.4895833333333333 0.8033203125 0.50694444375 0.790625 0.5329861104166667
0 0.6955078125 0.33506944375000003 0.6896484375 0.359375 0.6896484375 0.4010416666666667 0.6935546875 0.41840277708333334 0.70625 0.44444444375000003 0.723828125 0.46180555624999997 0.728515625 0.46458333333333335 0.7324218734375 0.46458333333333335 0.7365234375 0.4635416666666667 0.751171875 0.4548611104166667 0.7677734375 0.42881944375000003 0.7734375 0.405324075 0.7734375 0.3725 0.7638671875 0.33506944375000003 0.755078125 0.31944444375000003 0.740234375 0.30625 0.7190104171875 0.30625 0.70625 0.31597222291666666 0.6955078125 0.33506944375000003
0 0.65546875 0.16284722291666667 0.649609375 0.15937500208333333 0.633984375 0.16284722291666667 0.6251953125 0.17500000208333333 0.6212890625 0.18888888958333333 0.6193359375 0.19930555625000002 0.6212890625 0.22013888958333333 0.628125 0.23576388958333333 0.6400878890625 0.24791666666666667 0.654492190625 0.24791666666666667 0.66328125 0.24270833541666667 0.6701171875 0.22708333541666667 0.671875 0.19895833541666666 0.671875 0.19513889166666668 0.6662109375 0.17500000208333333 0.65546875 0.16284722291666667
0 0.5201171875 0.23784722291666668 0.5201171875 0.2552083333333333 0.5181640625 0.25868055625 0.5201171875 0.26215277708333334 0.5201171875 0.2760416666666667 0.52890625 0.2951388895833333 0.54189453125 0.30833333333333335 0.5492187453125 0.30833333333333335 0.5591796875 0.3072916666666667 0.566015625 0.3020833333333333 0.5787109375 0.2795138895833333 0.58125 0.25920138958333333 0.58125 0.24259259375 0.5767578125 0.22395833333333334 0.56796875 0.20833333333333334 0.5609375 0.20208333333333334 0.53984375 0.20208333333333334 0.5328125 0.20833333333333334 0.5201171875 0.23784722291666668
1 0.22265625 0.7236111104166666 0.2041015625 0.690625 0.1884765625 0.6767361104166666 0.1650390625 0.6767361104166666 0.1513671875 0.6871527770833333 0.138671875 0.7097222208333334 0.13125 0.74600694375 0.13125 0.7876984125 0.14453125 0.8416666666666667 0.1630859375 0.8746527770833333 0.18115234375 0.8875 0.193749990625 0.8875 0.201171875 0.8868055541666667 0.2197265625 0.8711805541666667 0.232421875 0.8416666666666667 0.234375 0.83125 0.234375 0.8034722208333334 0.2359375 0.80069444375 0.2359375 0.7958333333333333 0.232421875 0.7583333333333333 0.22265625 0.7236111104166666