0 0.6689453125 0.2951388895833333 0.6474609375 0.2951388895833333 0.6318359375 0.30902777708333334 0.62109375 0.33159722291666666 0.615234375 0.35590277708333334 0.615234375 0.390625 0.625 0.42534722291666666 0.6376953125 0.44444444375000003 0.6416015625 0.44444444375000003 0.6552734375 0.4583333333333333 0.671875 0.45659722291666666 0.6787109375 0.4548611104166667 0.6904296875 0.4375 0.69921875 0.41840277708333334 0.705078125 0.38715277708333334 0.703125 0.35590277708333334 0.6953125 0.328125 0.6826171875 0.30555555624999997 0.6787109375 0.30555555624999997 0.6748046875 0.2986111104166667 0.6689453125 0.2951388895833333
0 0.9384765625 0.43055555624999997 0.92578125 0.44965277708333334 0.91796875 0.484375 0.91796875 0.5260416666666666 0.919921875 0.5295138895833333 0.919921875 0.5399305562500001 0.931640625 0.5746527770833333 0.9462890625 0.5902777770833333 0.955078125 0.5920138895833333 0.9677734375 0.5798611104166667 0.9765625 0.5607638895833333 0.982421875 0.5364583333333334 0.984375 0.4982638895833333 0.982421875 0.4947916666666667 0.982421875 0.47743055624999997 0.9765625 0.453125 0.9638671875 0.43055555624999997 0.9482421875 0.4236111104166667 0.9384765625 0.43055555624999997
0 0.8779296875 0.27430555624999997 0.87109375 0.29340277708333334 0.87109375 0.33506944375000003 0.875 0.3454861104166667 0.875 0.35243055624999997 0.8857421875 0.37152777708333334 0.8974609375 0.37847222291666666 0.900390625 0.3767361104166667 0.9091796875 0.36805555624999997 0.916015625 0.35590277708333334 0.919921875 0.33506944375000003 0.919921875 0.3107638895833333 0.9140625 0.2864583333333333 0.9072265625 0.27430555624999997 0.9033203125 0.27430555624999997 0.8974609375 0.2673611104166667 0.8876953125 0.2673611104166667 0.8779296875 0.27430555624999997
0 0.837890625 0.2795138895833333 0.8359375 0.3107638895833333 0.8427734375 0.3263888895833333 0.8486328125 0.3298611104166667 0.865234375 0.328125 0.869140625 0.32118055624999997 0.87109375 0.29340277708333334 0.876953125 0.27256944375000003 0.875 0.2552083333333333 0.8642578125 0.23611111041666666 0.8544921875 0.22569444375 0.8427734375 0.22916666666666666 0.83203125 0.24479166666666666 0.83203125 0.25868055625 0.837890625 0.2795138895833333
0 0.78125 0.296875 0.7939453125 0.3298611104166667 0.8056640625 0.34027777708333334 0.822265625 0.3385416666666667 0.83203125 0.32118055624999997 0.837890625 0.30381944375000003 0.837890625 0.2760416666666667 0.8359375 0.265625 0.8232421875 0.23611111041666666 0.8154296875 0.22916666666666666 0.7978515625 0.22916666666666666 0.7939453125 0.23263888958333334 0.78125 0.25868055625 0.78125 0.296875
1 0.611328125 0.22395833333333334 0.6220703125 0.23958333333333334 0.6298828125 0.24652777708333332 0.64453125 0.24479166666666666 0.654296875 0.23090277708333332 0.658203125 0.21701388958333334 0.658203125 0.18576388958333334 0.6474609375 0.16319444375 0.6396484375 0.15625 0.6259765625 0.15625 0.611328125 0.17534722291666668 0.607421875 0.19270833333333334 0.607421875 0.21006944375 0.611328125 0.22395833333333334
1 0.5947265625 0.17708333333333334 0.607421875 0.17534722291666668 0.61328125 0.16840277708333332 0.6171875 0.15451388958333334 0.6171875 0.13020833333333334 0.6044921875 0.11111111041666667 0.5908203125 0.11111111041666667 0.5869140625 0.11458333333333333 0.580078125 0.1267361104166667 0.580078125 0.15451388958333334 0.58203125 0.16145833333333334 0.5947265625 0.17708333333333334
1 0.291015625 0.25173611041666666 0.29296875 0.25868055625 0.3037109375 0.27430555624999997 0.31640625 0.27256944375000003 0.326171875 0.25868055625 0.330078125 0.24479166666666666 0.330078125 0.22743055625 0.3232421875 0.20833333333333334 0.3154296875 0.20138888958333334 0.3095703125 0.20138888958333334 0.3037109375 0.20486111041666666 0.29296875 0.22395833333333334 0.291015625 0.23090277708333332 0.291015625 0.25173611041666666
0 0.36328125 0.19270833333333334 0.3740234375 0.21180555625 0.3828125 0.21354166666666666 0.3916015625 0.20833333333333334 0.3984375 0.19270833333333334 0.400390625 0.18229166666666666 0.3984375 0.16493055625 0.3916015625 0.15277777708333332 0.3857421875 0.14930555625 0.3798828125 0.14930555625 0.3701171875 0.15625 0.36328125 0.17534722291666668 0.36328125 0.19270833333333334
0 0.234375 0.2864583333333333 0.23828125 0.30034722291666666 0.2451171875 0.30902777708333334 0.25390625 0.3107638895833333 0.2626953125 0.30555555624999997 0.271484375 0.2829861104166667 0.271484375 0.2552083333333333 0.2646484375 0.23958333333333334 0.2587890625 0.23611111041666666 0.2509765625 0.23611111041666666 0.2431640625 0.24305555625 0.23828125 0.25173611041666666 0.234375 0.26909722291666666 0.234375 0.2864583333333333
0 0.5556640625 0.17361111041666666 0.568359375 0.171875 0.578125 0.15798611041666666 0.580078125 0.14756944375 0.578125 0.14409722291666668 0.578125 0.12326388958333333 0.5693359375 0.11111111041666667 0.5556640625 0.10763888958333333 0.54296875 0.1267361104166667 0.54296875 0.15104166666666666 0.544921875 0.15798611041666666 0.5556640625 0.17361111041666666
0 0.509765625 0.15798611041666666 0.5205078125 0.17013888958333334 0.533203125 0.16840277708333332 0.5390625 0.16145833333333334 0.54296875 0.14756944375 0.54296875 0.13020833333333334 0.541015625 0.12326388958333333 0.5322265625 0.11111111041666667 0.5185546875 0.11111111041666667 0.5146484375 0.11458333333333333 0.5078125 0.13020833333333334 0.5078125 0.15104166666666666 0.509765625 0.15798611041666666
0 0.6259765625 0.15625 0.6396484375 0.15625 0.6494140625 0.16666666666666666 0.65234375 0.16493055625 0.65625 0.15451388958333334 0.65625 0.13368055625 0.6474609375 0.11458333333333333 0.6435546875 0.11111111041666667 0.6279296875 0.11111111041666667 0.623046875 0.11631944375 0.6171875 0.13368055625 0.6171875 0.14756944375 0.6220703125 0.15972222291666668 0.6259765625 0.15625
0 0.6640625 0.21354166666666666 0.666015625 0.22395833333333334 0.6728515625 0.23958333333333334 0.6884765625 0.25347222291666666 0.6953125 0.25173611041666666 0.7001953125 0.25 0.7109375 0.234375 0.71484375 0.22048611041666666 0.71484375 0.19965277708333332 0.7109375 0.18229166666666666 0.7021484375 0.16666666666666666 0.6865234375 0.15972222291666668 0.6748046875 0.16666666666666666 0.666015625 0.18229166666666666 0.6640625 0.21354166666666666
1 0.6474609375 0.11458333333333333 0.6484375 0.109375 0.6376953125 0.09375 0.6259765625 0.09375 0.6171875 0.109375 0.6171875 0.1267361104166667 0.619140625 0.1267361104166667 0.6298828125 0.11111111041666667 0.6474609375 0.11458333333333333
1 0.580078125 0.1267361104166667 0.583984375 0.11979166666666667 0.5771484375 0.10416666666666667 0.5732421875 0.10069444375 0.5595703125 0.10069444375 0.556640625 0.10590277708333334 0.5576171875 0.11111111041666667 0.5673828125 0.11111111041666667 0.5751953125 0.11805555625 0.5791015625 0.12847222291666666 0.580078125 0.1267361104166667