1 0.7900390625 0.31944444375000003 0.7666015625 0.31944444375000003 0.7587890625 0.3263888895833333 0.74609375 0.3489583333333333 0.740234375 0.36631944375000003 0.740234375 0.3767361104166667 0.73828125 0.3802083333333333 0.73828125 0.41840277708333334 0.7431640625 0.43055555624999997 0.74609375 0.42881944375000003 0.7587890625 0.40277777708333334 0.7744140625 0.3923611104166667 0.7978515625 0.3923611104166667 0.8037109375 0.3958333333333333 0.8212890625 0.4201388895833333 0.82421875 0.4114583333333333 0.822265625 0.3732638895833333 0.81640625 0.35590277708333334 0.8017578125 0.3298611104166667 0.7900390625 0.31944444375000003
1 0.7978515625 0.3923611104166667 0.7822265625 0.3888888895833333 0.7587890625 0.40277777708333334 0.744140625 0.4322916666666667 0.736328125 0.4635416666666667 0.734375 0.5121527770833334 0.744140625 0.5503472229166667 0.7568359375 0.5763888895833333 0.7724609375 0.5902777770833333 0.79296875 0.5885416666666666 0.8076171875 0.5798611104166667 0.81640625 0.5642361104166667 0.822265625 0.5399305562500001 0.833984375 0.515625 0.8359375 0.484375 0.833984375 0.48090277708333334 0.83203125 0.453125 0.822265625 0.42534722291666666 0.8095703125 0.40277777708333334 0.7978515625 0.3923611104166667
1 0.904296875 0.5260416666666666 0.8935546875 0.50694444375 0.8798828125 0.49305555624999997 0.8544921875 0.49305555624999997 0.8427734375 0.5034722229166666 0.822265625 0.5434027770833333 0.8125 0.5850694437499999 0.8125 0.640625 0.822265625 0.6788194437499999 0.828125 0.6927083333333334 0.8369140625 0.7048611104166667 0.8486328125 0.7152777770833333 0.87109375 0.7135416666666666 0.8779296875 0.7118055562500001 0.8935546875 0.6944444437499999 0.90234375 0.6788194437499999 0.904296875 0.6684027770833333 0.908203125 0.6614583333333334 0.916015625 0.6232638895833333 0.916015625 0.5746527770833333 0.91015625 0.5434027770833333 0.90625 0.5364583333333334 0.904296875 0.5260416666666666
1 0.5380859375 0.36805555624999997 0.5166015625 0.38194444375000003 0.5068359375 0.3958333333333333 0.5 0.4114583333333333 0.490234375 0.44965277708333334 0.490234375 0.48784722291666666 0.49609375 0.5190972229166666 0.5126953125 0.5520833333333334 0.5361328125 0.5729166666666666 0.556640625 0.5711805562500001 0.5771484375 0.5590277770833333 0.59375 0.5295138895833333 0.6015625 0.5052083333333334 0.6015625 0.4947916666666667 0.60546875 0.47743055624999997 0.603515625 0.44618055624999997 0.595703125 0.41493055624999997 0.5810546875 0.3854166666666667 0.5556640625 0.36805555624999997 0.5380859375 0.36805555624999997
1 0.451171875 0.328125 0.44921875 0.3489583333333333 0.447265625 0.35243055624999997 0.447265625 0.38715277708333334 0.455078125 0.41493055624999997 0.4658203125 0.43055555624999997 0.4814453125 0.44444444375000003 0.490234375 0.4427083333333333 0.49609375 0.41840277708333334 0.5126953125 0.3854166666666667 0.53515625 0.36631944375000003 0.53515625 0.3489583333333333 0.52734375 0.3177083333333333 0.5166015625 0.2986111104166667 0.4970703125 0.28472222291666666 0.4853515625 0.28472222291666666 0.4638671875 0.3020833333333333 0.451171875 0.328125
1 0.6162109375 0.34722222291666666 0.603515625 0.3697916666666667 0.59765625 0.390625 0.595703125 0.4114583333333333 0.60546875 0.44965277708333334 0.60546875 0.4739583333333333 0.607421875 0.484375 0.6162109375 0.5 0.6357421875 0.5173611104166667 0.662109375 0.515625 0.6767578125 0.50694444375 0.689453125 0.484375 0.69921875 0.44618055624999997 0.69921875 0.4079861104166667 0.689453125 0.3732638895833333 0.6689453125 0.34027777708333334 0.6533203125 0.3298611104166667 0.6474609375 0.3333333333333333 0.6318359375 0.3333333333333333 0.6162109375 0.34722222291666666
1 0.529296875 0.3107638895833333 0.529296875 0.32465277708333334 0.53515625 0.3420138895833333 0.537109375 0.359375 0.5439453125 0.36805555624999997 0.5595703125 0.36805555624999997 0.5732421875 0.37847222291666666 0.5859375 0.3767361104166667 0.6025390625 0.3611111104166667 0.61328125 0.3420138895833333 0.61328125 0.3177083333333333 0.609375 0.296875 0.5966796875 0.2708333333333333 0.5791015625 0.25694444375 0.5595703125 0.25694444375 0.5458984375 0.2673611104166667 0.537109375 0.2829861104166667 0.529296875 0.3107638895833333
1 0.65234375 0.3142361104166667 0.650390625 0.328125 0.6533203125 0.3333333333333333 0.6669921875 0.33680555624999997 0.6806640625 0.3541666666666667 0.689453125 0.3697916666666667 0.697265625 0.39409722291666666 0.701171875 0.4322916666666667 0.708984375 0.4322916666666667 0.724609375 0.4079861104166667 0.73046875 0.38715277708333334 0.732421875 0.3767361104166667 0.73046875 0.33159722291666666 0.72265625 0.3072916666666667 0.7099609375 0.28819444375000003 0.6943359375 0.27777777708333334 0.6748046875 0.28125 0.6669921875 0.28819444375000003 0.65234375 0.3142361104166667
1 0.68359375 0.21006944375 0.69140625 0.234375 0.7119140625 0.24652777708333332 0.724609375 0.24479166666666666 0.732421875 0.23090277708333332 0.736328125 0.21354166666666666 0.736328125 0.18923611041666666 0.732421875 0.17534722291666668 0.7236328125 0.15972222291666668 0.7158203125 0.15277777708333332 0.7001953125 0.15277777708333332 0.6923828125 0.15972222291666668 0.68359375 0.17881944375 0.68359375 0.21006944375
1 0.7900390625 0.22916666666666666 0.7939453125 0.23958333333333334 0.8037109375 0.24652777708333332 0.814453125 0.24479166666666666 0.8173828125 0.24305555625 0.826171875 0.22395833333333334 0.826171875 0.18923611041666666 0.8134765625 0.16319444375 0.7978515625 0.15625 0.7939453125 0.15972222291666668 0.783203125 0.18229166666666666 0.783203125 0.21006944375 0.787109375 0.22743055625 0.7900390625 0.22916666666666666
1 0.85546875 0.25173611041666666 0.8662109375 0.28125 0.8720703125 0.28472222291666666 0.880859375 0.2829861104166667 0.8857421875 0.28125 0.892578125 0.26909722291666666 0.896484375 0.24131944375 0.892578125 0.22048611041666666 0.8837890625 0.20138888958333334 0.8779296875 0.19444444375 0.8642578125 0.19444444375 0.857421875 0.203125 0.853515625 0.22048611041666666 0.85546875 0.25173611041666666