1 0.573046875 0.39618055625 0.5515625 0.38229166666666664 0.537890625 0.38229166666666664 0.5203125 0.3927083333333333 0.5037109375 0.41875 0.4958984375 0.44305555625 0.4919921875 0.4638888895833333 0.4919921875 0.4881944458333333 0.5017578125 0.5298611125 0.50859375 0.5420138895833334 0.528125 0.5663194458333333 0.5392578109375 0.5729166666666666 0.5427734453124999 0.5729166666666666 0.5544921875 0.5715277791666666 0.57109375 0.5628472229166667 0.5896484375 0.5333333333333333 0.5974609375 0.5090277791666666 0.5984375 0.48472222291666667 0.5984375 0.45659722291666666 0.5896484375 0.42222222291666667 0.573046875 0.39618055625
1 0.451171875 0.14756944375 0.447265625 0.16145833333333334 0.447265625 0.18576388958333334 0.451171875 0.19965277708333332 0.4633029515625 0.21458333333333332 0.4705078078125 0.21458333333333332 0.48046875 0.21354166666666666 0.4892578125 0.20486111041666666 0.49609375 0.18576388958333334 0.49609375 0.17534722291666668 0.498046875 0.171875 0.49609375 0.16840277708333332 0.49609375 0.15451388958333334 0.4912109375 0.14236111041666666 0.4814453125 0.13194444375 0.4755859375 0.13194444375 0.4740234375 0.12916666666666668 0.4716796890625 0.12916666666666668 0.4638671875 0.13194444375 0.451171875 0.14756944375
1 0.462109375 0.10486111041666667 0.45625 0.1013888875 0.4484375 0.1013888875 0.438671875 0.10833333333333334 0.4298828125 0.13090277708333334 0.4298828125 0.14479166666666668 0.4337890625 0.15868055416666668 0.443576390625 0.17291666666666666 0.4468749984375 0.17291666666666666 0.4474609375 0.17256944375 0.4474609375 0.16215277708333334 0.4513671875 0.14826388750000002 0.45625 0.13958333333333334 0.4703125 0.12791666458333334 0.4703125 0.12534722083333333 0.4669921875 0.11354166666666667 0.462109375 0.10486111041666667
1 0.4703125 0.08368055625 0.468359375 0.08715277916666667 0.4625 0.08715277916666667 0.4556640625 0.09583333333333334 0.456640625 0.10451388958333332 0.4654296875 0.10972222291666665 0.4703125 0.12881944583333332 0.476171875 0.12881944583333332 0.4775390625 0.13125 0.4833984390625 0.13125 0.4869140625 0.13055555624999998 0.4875 0.12847222291666666 0.4875 0.099375 0.483984375 0.090625 0.4703125 0.08368055625
1 0.51328125 0.06875 0.509375 0.06527777916666667 0.49765625 0.06527777916666667 0.4908203125 0.07395833333333333 0.4869140625 0.08784722291666666 0.4888671875 0.11215277916666667 0.49913194375 0.12708333333333333 0.502343753125 0.12708333333333333 0.5064453125 0.12604166666666666 0.511328125 0.12430555624999999 0.51875 0.1111111125 0.51875 0.08055555625 0.5181640625 0.07743055624999999 0.51328125 0.06875
1 0.5521484375 0.05173611041666667 0.543359375 0.0638888875 0.54140625 0.07083333333333333 0.54140625 0.08819444375 0.5497159093749999 0.10625 0.55898436875 0.10625 0.56484375 0.10555555416666666 0.56484375 0.08819444375 0.571875 0.06631944375 0.571875 0.06249999791666667 0.5658203125 0.05173611041666667 0.5521484375 0.05173611041666667
1 0.591015625 0.065625 0.58515625 0.06215277708333333 0.5734375 0.065625 0.5666015625 0.07777777708333335 0.5646484375 0.10208333333333333 0.575390625 0.12465277708333335 0.578125 0.12708333333333333 0.5857421828125 0.12708333333333333 0.5900390625 0.1263888875 0.5998046875 0.1125 0.6015625 0.10624999791666667 0.6015625 0.08402777708333334 0.5998046875 0.07777777708333335 0.591015625 0.065625
1 0.6671875 0.05173611041666667 0.659375 0.05173611041666667 0.6505859375 0.06041666666666667 0.6486328125 0.06736111041666668 0.649609375 0.0795138875 0.661328125 0.07604166666666666 0.6671875 0.0795138875 0.6763671875 0.09583333333333334 0.6787109359375 0.09583333333333334 0.6798828125 0.0951388875 0.68125 0.09270833333333334 0.68125 0.07614087291666666 0.675 0.05868055416666666 0.6671875 0.05173611041666667
1 0.6671875 0.08003472083333334 0.6515625 0.08003472083333334 0.64765625 0.08350694375 0.6427734375 0.0921875 0.6390625 0.10868055416666667 0.6390625 0.12065972083333333 0.6408203125 0.12690972083333332 0.6427734375 0.12690972083333332 0.6466796875 0.11649305416666667 0.653515625 0.1078125 0.659375 0.10434027708333334 0.675 0.1078125 0.675 0.0921875 0.6740234375 0.08871527708333334 0.6671875 0.08003472083333334
1 0.7375 0.06979166666666667 0.72578125 0.07326388958333332 0.7189453125 0.08888888958333332 0.7208984375 0.10972222291666665 0.7236328125 0.11458333333333333 0.724804690625 0.11458333333333333 0.7287109375 0.11319444583333334 0.7375 0.10451388958333332 0.743359375 0.1079861125 0.7515625 0.10636574166666667 0.7515625 0.10104166666666667 0.7501953125 0.08888888958333332 0.7375 0.06979166666666667
1 0.8158203125 0.13229166666666667 0.8021484375 0.13229166666666667 0.793359375 0.14791666666666667 0.79140625 0.15833333333333333 0.793359375 0.17916666666666667 0.8060546875 0.20520833333333333 0.8095703125 0.20833333333333334 0.8117187546875 0.20833333333333334 0.81875 0.20694444583333332 0.8296875 0.19074074166666666 0.8296875 0.15669191875 0.8197265625 0.13576388958333335 0.8158203125 0.13229166666666667
0 0.92265625 0.19809027708333332 0.908984375 0.1946180541666667 0.9021484375 0.2102430541666667 0.9001953125 0.2414930541666667 0.9060546875 0.26232638750000004 0.908984375 0.2675347208333333 0.9177734375 0.27274305416666667 0.9236328125 0.24496527708333332 0.9328125 0.23517361041666665 0.9328125 0.22204861041666665 0.9294921875 0.2102430541666667 0.92265625 0.19809027708333332
0 0.840234375 0.096875 0.83046875 0.10034722083333333 0.8255859375 0.1125 0.8255859375 0.12986111041666668 0.8275390625 0.13680555416666668 0.832421875 0.14895833333333333 0.83828125 0.15416666666666667 0.8490234375 0.15416666666666667 0.851953125 0.15243055416666668 0.8546875 0.14432870416666665 0.8546875 0.12222222291666666 0.8529296875 0.11597222083333333 0.840234375 0.096875
0 0.74296875 0.10381944583333333 0.737109375 0.10381944583333333 0.72734375 0.11076388958333333 0.7224609375 0.11944444583333333 0.7205078125 0.12986111250000001 0.7205078125 0.14722222291666667 0.7244140625 0.1611111125 0.7345703109375 0.17916666666666667 0.7439453234375 0.17916666666666667 0.7498046875 0.17847222291666667 0.756640625 0.17326388958333333 0.7609375 0.16256944583333333 0.7609375 0.12858796458333333 0.752734375 0.11076388958333333 0.74296875 0.10381944583333333
0 0.696875 0.09340277916666667 0.68515625 0.09340277916666667 0.68125 0.096875 0.6763671875 0.10902777916666667 0.6841796875 0.11944444583333333 0.6900390625 0.14027777916666664 0.6880859375 0.16458333333333333 0.6904296875 0.16875 0.695117184375 0.16875 0.6978515625 0.16805555416666668 0.7046875 0.16284722083333333 0.7115234375 0.15069444583333333 0.7125 0.14722222291666667 0.7125 0.1209134625 0.70078125 0.096875 0.696875 0.09340277916666667
0 0.6751953125 0.10763888958333333 0.6576171875 0.10416666666666667 0.644921875 0.11979166666666667 0.64296875 0.1267361104166667 0.64296875 0.15451388958333334 0.646875 0.16840277708333332 0.6576171875 0.18402777708333332 0.6634765625 0.1875 0.672265625 0.18576388958333334 0.6771484375 0.18402777708333332 0.6859375 0.171875 0.6890625 0.1607638875 0.6890625 0.13784722291666668 0.683984375 0.11979166666666667 0.6751953125 0.10763888958333333
0 0.438671875 0.2829861104166667 0.4328125 0.3107638895833333 0.4328125 0.3385416666666667 0.440625 0.36631944375000003 0.4474609375 0.375 0.4513671875 0.3854166666666667 0.4552734375 0.3854166666666667 0.4587890625 0.39166666666666666 0.4666015578125 0.39166666666666666 0.477734375 0.390625 0.4904296875 0.38194444375000003 0.503125 0.359375 0.508984375 0.3420138895833333 0.5109375 0.3072916666666667 0.503125 0.2795138895833333 0.4943359375 0.26388888958333334 0.48157552031249995 0.25416666666666665 0.4621093765625 0.25416666666666665 0.4533203125 0.2604166666666667 0.438671875 0.2829861104166667
0 0.4349609375 0.36354166666666665 0.4203125 0.34097222083333334 0.406640625 0.33055555416666665 0.39296875 0.33055555416666665 0.375390625 0.34444444375 0.3626953125 0.36701388749999997 0.3548828125 0.39826388749999997 0.3548828125 0.42256944375 0.3626953125 0.45381944375 0.3734375 0.47291666666666665 0.3757812515625 0.475 0.3843749953125 0.475 0.3861328125 0.47465277708333337 0.3861328125 0.4642361104166667 0.3939453125 0.43645833333333334 0.402734375 0.42083333333333334 0.422265625 0.40347222083333334 0.430078125 0.40347222083333334 0.43203125 0.4 0.437890625 0.40347222083333334 0.4421875 0.40194444375 0.4421875 0.39652777708333337 0.4408203125 0.384375 0.4349609375 0.36354166666666665
0 0.4869140625 0.46649305625 0.4771484375 0.4317708333333333 0.456640625 0.40572916666666664 0.452734375 0.40225694375000004 0.44296875 0.40225694375000004 0.441015625 0.39878472291666667 0.4234375 0.40225694375000004 0.40390625 0.41961805625 0.3912109375 0.44565972291666667 0.3853515625 0.4734375 0.3853515625 0.5081597229166667 0.3912109375 0.5394097229166667 0.4078125 0.5689236104166666 0.425390625 0.5828125 0.4286132828125 0.5833333333333334 0.4463867171875 0.5833333333333334 0.45078125 0.5828125 0.47421875 0.55850694375 0.4830078125 0.5394097229166667 0.4830078125 0.5324652770833334 0.4875 0.5164930541666667 0.4875 0.47795138958333333 0.4869140625 0.47690972291666667 0.4869140625 0.46649305625
0 0.3021484375 0.3059027791666667 0.2923828125 0.2989583333333333 0.2806640625 0.2989583333333333 0.2708984375 0.3059027791666667 0.262109375 0.31805555625 0.254296875 0.3388888895833333 0.25234375 0.3631944458333333 0.254296875 0.36666666666666664 0.254296875 0.3840277791666667 0.2650390625 0.4100694458333333 0.2743164046875 0.4166666666666667 0.2781250078125 0.4166666666666667 0.29140625 0.4152777791666667 0.3041015625 0.40659722291666667 0.308984375 0.3944444458333333 0.3140625 0.37337963125 0.3140625 0.3326388895833333 0.3109375 0.3215277791666667 0.3021484375 0.3059027791666667
0 0.3990234375 0.14652777708333334 0.3931640625 0.14305555416666668 0.3853515625 0.14305555416666668 0.3755859375 0.15 0.36484375 0.17604166666666668 0.36484375 0.18993055416666668 0.36875 0.20729166666666668 0.3794921875 0.22291666666666668 0.3818359390625 0.225 0.3857421859375 0.225 0.386328125 0.22465277708333334 0.3990234375 0.21944444375 0.4078125 0.20381944375 0.4109375 0.19270833125 0.4109375 0.16979166666666667 0.4078125 0.15868055416666668 0.3990234375 0.14652777708333334
0 0.419921875 0.11336805624999999 0.4111328125 0.09427083333333333 0.3974609375 0.09427083333333333 0.38671875 0.10989583333333333 0.384765625 0.13072916666666667 0.3896484375 0.14288194375 0.3955078125 0.14288194375 0.40431640625 0.15 0.407275390625 0.15 0.419921875 0.13072916666666667 0.419921875 0.11336805624999999
0 0.47939453125 0.06284722291666667 0.47548828125 0.06631944583333334 0.46865234375 0.08194444583333334 0.47158203125 0.08715277916666667 0.47744140625 0.08715277916666667 0.47880859375 0.08958333333333333 0.4834960953125 0.08958333333333333 0.48623046875 0.08888888958333332 0.48818359375 0.07847222291666665 0.49375 0.07140377083333332 0.49375 0.06519097291666667 0.49111328125 0.06284722291666667 0.47939453125 0.06284722291666667
0 0.5177734375 0.0782986125 0.5196506078125 0.10833333333333334 0.530403646875 0.10833333333333334 0.5373046875 0.09913194583333333 0.5390625 0.09288194375 0.5390625 0.07430555624999999 0.5353515625 0.06440972291666666 0.5289257796875 0.05625 0.5146344875 0.05625 0.5099609375 0.06788194583333333 0.5177734375 0.0782986125