1 0.5126953125 0.23611111041666666 0.501953125 0.2552083333333333 0.498046875 0.26909722291666666 0.498046875 0.296875 0.50390625 0.3177083333333333 0.5166015625 0.34027777708333334 0.5224609375 0.34375 0.541015625 0.3420138895833333 0.5537109375 0.3333333333333333 0.564453125 0.3107638895833333 0.564453125 0.296875 0.56640625 0.29340277708333334 0.564453125 0.26909722291666666 0.556640625 0.24479166666666666 0.5498046875 0.23611111041666666 0.5400390625 0.22916666666666666 0.5205078125 0.22916666666666666 0.5126953125 0.23611111041666666
1 0.541015625 0.21701388958333334 0.5439453125 0.23263888958333334 0.5537109375 0.23958333333333334 0.5595703125 0.25 0.5625 0.24826388958333334 0.5703125 0.22743055625 0.5703125 0.203125 0.56640625 0.18923611041666666 0.5556640625 0.17361111041666666 0.5498046875 0.17013888958333334 0.5380859375 0.17013888958333334 0.5341796875 0.17361111041666666 0.52734375 0.18576388958333334 0.52734375 0.19618055625 0.541015625 0.21701388958333334
1 0.48046875 0.19965277708333332 0.484375 0.22048611041666666 0.486328125 0.22743055625 0.48828125 0.22743055625 0.490234375 0.21701388958333334 0.5009765625 0.19791666666666666 0.5107421875 0.19097222291666668 0.5224609375 0.19097222291666668 0.5234375 0.18576388958333334 0.5126953125 0.17013888958333334 0.4951171875 0.17013888958333334 0.4912109375 0.17361111041666666 0.484375 0.18576388958333334 0.48046875 0.19965277708333332
1 0.490234375 0.17881944375 0.490234375 0.171875 0.4833984375 0.16319444375 0.4697265625 0.15972222291666668 0.4619140625 0.16666666666666666 0.455078125 0.17881944375 0.4560546875 0.1875 0.4658203125 0.1875 0.48046875 0.19965277708333332 0.490234375 0.17881944375
1 0.4638671875 0.15625 0.4521484375 0.15625 0.439453125 0.171875 0.4375 0.17881944375 0.4375 0.19965277708333332 0.4404296875 0.20486111041666666 0.44140625 0.203125 0.466796875 0.16145833333333334 0.4638671875 0.15625
1 0.498046875 0.16840277708333332 0.501953125 0.15798611041666666 0.509765625 0.14756944375 0.5087890625 0.14236111041666666 0.5048828125 0.13888888958333334 0.4951171875 0.13888888958333334 0.482421875 0.15451388958333334 0.482421875 0.16145833333333334 0.4853515625 0.16666666666666666 0.4892578125 0.17013888958333334 0.498046875 0.16840277708333332
1 0.359375 0.2760416666666667 0.3681640625 0.2951388895833333 0.3759765625 0.3020833333333333 0.392578125 0.30034722291666666 0.40234375 0.2864583333333333 0.40625 0.27256944375000003 0.40625 0.23784722291666668 0.3994140625 0.22222222291666668 0.3857421875 0.21180555625 0.3798828125 0.21180555625 0.3701171875 0.21875 0.36328125 0.23090277708333332 0.357421875 0.2552083333333333 0.359375 0.2760416666666667
1 0.291015625 0.328125 0.2890625 0.33159722291666666 0.291015625 0.33506944375000003 0.291015625 0.35243055624999997 0.2998046875 0.37152777708333334 0.3076171875 0.37847222291666666 0.3203125 0.3802083333333333 0.3310546875 0.375 0.341796875 0.35243055624999997 0.345703125 0.33506944375000003 0.34375 0.3072916666666667 0.33984375 0.29340277708333334 0.3291015625 0.27777777708333334 0.3115234375 0.27777777708333334 0.3037109375 0.28472222291666666 0.291015625 0.3107638895833333 0.291015625 0.328125
1 0.314453125 0.24479166666666666 0.31640625 0.2552083333333333 0.3212890625 0.26388888958333334 0.3291015625 0.2708333333333333 0.337890625 0.26909722291666666 0.3427734375 0.2673611104166667 0.3515625 0.24826388958333334 0.3515625 0.21701388958333334 0.3427734375 0.20138888958333334 0.3369140625 0.19791666666666666 0.3349609375 0.20138888958333334 0.3271484375 0.20138888958333334 0.318359375 0.21701388958333334 0.314453125 0.23090277708333332 0.314453125 0.24479166666666666
1 0.3515625 0.24479166666666666 0.35546875 0.2552083333333333 0.357421875 0.2552083333333333 0.361328125 0.234375 0.3701171875 0.21875 0.3798828125 0.21180555625 0.3876953125 0.21180555625 0.388671875 0.203125 0.3798828125 0.19444444375 0.3662109375 0.19444444375 0.3623046875 0.19791666666666666 0.3515625 0.22048611041666666 0.3515625 0.24479166666666666
1 0.3681640625 0.17013888958333334 0.3642578125 0.17361111041666666 0.357421875 0.18923611041666666 0.357421875 0.203125 0.359375 0.203125 0.3720703125 0.19097222291666668 0.380859375 0.171875 0.3681640625 0.17013888958333334
1 0.3408203125 0.20138888958333334 0.3505859375 0.21527777708333332 0.353515625 0.21354166666666666 0.35546875 0.21006944375 0.35546875 0.19618055625 0.3525390625 0.1875 0.3447265625 0.18055555625 0.3349609375 0.18055555625 0.3310546875 0.18402777708333332 0.32421875 0.19965277708333332 0.3271484375 0.20486111041666666 0.3310546875 0.20138888958333334 0.3408203125 0.20138888958333334
0 0.419921875 0.23090277708333332 0.4140625 0.24826388958333334 0.4140625 0.27256944375000003 0.41796875 0.28993055624999997 0.4267578125 0.30555555624999997 0.4365234375 0.3125 0.44921875 0.3107638895833333 0.4541015625 0.30902777708333334 0.46484375 0.29340277708333334 0.470703125 0.27256944375000003 0.470703125 0.25173611041666666 0.46875 0.24131944375 0.4619140625 0.22569444375 0.4501953125 0.21527777708333332 0.4404296875 0.21180555625 0.4287109375 0.21875 0.419921875 0.23090277708333332
0 0.4560546875 0.21875 0.4619140625 0.22569444375 0.46875 0.24131944375 0.470703125 0.26909722291666666 0.47265625 0.26909722291666666 0.4765625 0.265625 0.484375 0.24479166666666666 0.484375 0.21701388958333334 0.48046875 0.203125 0.4755859375 0.19444444375 0.4658203125 0.1875 0.4541015625 0.1875 0.4462890625 0.19444444375 0.439453125 0.21006944375 0.4560546875 0.21875
0 0.5009765625 0.19791666666666666 0.490234375 0.21701388958333334 0.48828125 0.22743055625 0.48828125 0.25173611041666666 0.490234375 0.25868055625 0.4970703125 0.2708333333333333 0.498046875 0.26909722291666666 0.501953125 0.2552083333333333 0.5126953125 0.23611111041666666 0.5205078125 0.22916666666666666 0.5419921875 0.22916666666666666 0.54296875 0.22395833333333334 0.541015625 0.21701388958333334 0.5302734375 0.19791666666666666 0.5205078125 0.19097222291666668 0.5107421875 0.19097222291666668 0.5009765625 0.19791666666666666
0 0.525390625 0.18576388958333334 0.541015625 0.16840277708333332 0.5302734375 0.14583333333333334 0.5166015625 0.14236111041666666 0.5068359375 0.14930555625 0.501953125 0.15798611041666666 0.5 0.16493055625 0.5009765625 0.17013888958333334 0.5126953125 0.17013888958333334 0.5244140625 0.1875 0.525390625 0.18576388958333334
0 0.3994140625 0.22222222291666668 0.40625 0.234375 0.408203125 0.265625 0.4140625 0.265625 0.4140625 0.24826388958333334 0.41796875 0.234375 0.4248046875 0.22569444375 0.431640625 0.21006944375 0.4189453125 0.19097222291666668 0.4033203125 0.19097222291666668 0.3955078125 0.19791666666666666 0.390625 0.20659722291666668 0.390625 0.21354166666666666 0.3994140625 0.22222222291666668
0 0.392578125 0.203125 0.404296875 0.18923611041666666 0.3994140625 0.17708333333333334 0.3955078125 0.17361111041666666 0.3818359375 0.17361111041666666 0.375 0.18229166666666666 0.373046875 0.18923611041666666 0.3759765625 0.19444444375 0.3798828125 0.19444444375 0.3896484375 0.20486111041666666 0.392578125 0.203125
0 0.3017578125 0.2604166666666667 0.3056640625 0.26388888958333334 0.3125 0.26215277708333334 0.31640625 0.25868055625 0.314453125 0.23090277708333332 0.322265625 0.20659722291666668 0.3193359375 0.20138888958333334 0.3095703125 0.19791666666666666 0.3017578125 0.20486111041666666 0.294921875 0.21701388958333334 0.29296875 0.22395833333333334 0.29296875 0.24131944375 0.3017578125 0.2604166666666667
0 0.2490234375 0.3576388895833333 0.2548828125 0.3541666666666667 0.2724609375 0.3541666666666667 0.2783203125 0.3576388895833333 0.2880859375 0.37152777708333334 0.2890625 0.3697916666666667 0.291015625 0.36284722291666666 0.2890625 0.32118055624999997 0.2802734375 0.30555555624999997 0.2724609375 0.2986111104166667 0.2607421875 0.2986111104166667 0.24609375 0.3177083333333333 0.240234375 0.3385416666666667 0.2412109375 0.3645833333333333 0.2451171875 0.3645833333333333 0.2490234375 0.3576388895833333
0 0.23046875 0.4010416666666667 0.23046875 0.4357638895833333 0.236328125 0.45659722291666666 0.2431640625 0.46875 0.2509765625 0.47569444375000003 0.2587890625 0.47569444375000003 0.2607421875 0.4791666666666667 0.267578125 0.47743055624999997 0.2783203125 0.47222222291666666 0.2890625 0.453125 0.294921875 0.42534722291666666 0.294921875 0.39756944375000003 0.2841796875 0.3645833333333333 0.2724609375 0.3541666666666667 0.2548828125 0.3541666666666667 0.2431640625 0.3645833333333333 0.234375 0.38368055624999997 0.23046875 0.4010416666666667
0 0.2373046875 0.3125 0.25 0.3107638895833333 0.2578125 0.30034722291666666 0.26171875 0.2829861104166667 0.26171875 0.26909722291666666 0.2548828125 0.25 0.2509765625 0.24652777708333332 0.2412109375 0.24652777708333332 0.228515625 0.265625 0.2265625 0.2864583333333333 0.228515625 0.296875 0.2373046875 0.3125
0 0.177734375 0.35243055624999997 0.1845703125 0.3611111104166667 0.19140625 0.36284722291666666 0.1982421875 0.3611111104166667 0.20703125 0.3454861104166667 0.208984375 0.33506944375000003 0.208984375 0.3142361104166667 0.205078125 0.30034722291666666 0.1962890625 0.2916666666666667 0.1865234375 0.2951388895833333 0.17578125 0.3177083333333333 0.17578125 0.3454861104166667 0.177734375 0.35243055624999997
0 0.134765625 0.39756944375000003 0.13671875 0.41840277708333334 0.140625 0.41840277708333334 0.146484375 0.4114583333333333 0.150390625 0.3802083333333333 0.146484375 0.36284722291666666 0.1416015625 0.3541666666666667 0.1298828125 0.35069444375000003 0.119140625 0.36631944375000003 0.1171875 0.3767361104166667 0.1201171875 0.38194444375000003 0.1259765625 0.38194444375000003 0.134765625 0.39756944375000003
0 0.1142578125 0.46180555624999997 0.125 0.46006944375000003 0.134765625 0.4427083333333333 0.13671875 0.4079861104166667 0.1298828125 0.3854166666666667 0.1259765625 0.38194444375000003 0.1162109375 0.38194444375000003 0.103515625 0.4010416666666667 0.099609375 0.42534722291666666 0.103515625 0.44618055624999997 0.1103515625 0.4583333333333333 0.1142578125 0.46180555624999997
0 0.0947265625 0.3888888895833333 0.087890625 0.4010416666666667 0.091796875 0.41840277708333334 0.1005859375 0.43402777708333334 0.1015625 0.4322916666666667 0.1015625 0.4114583333333333 0.107421875 0.390625 0.0947265625 0.3888888895833333