1 0.5673828125 0.25694444375 0.5546875 0.2829861104166667 0.552734375 0.3107638895833333 0.55078125 0.3142361104166667 0.552734375 0.3420138895833333 0.5693359375 0.38194444375000003 0.5839192718749999 0.39166666666666666 0.5931640578125 0.39166666666666666 0.60546875 0.390625 0.6162109375 0.3854166666666667 0.62890625 0.36284722291666666 0.63671875 0.328125 0.634765625 0.296875 0.630859375 0.2864583333333333 0.630859375 0.2795138895833333 0.625 0.265625 0.6123046875 0.25 0.6005859375 0.24652777708333332 0.5990234375 0.24375 0.594726565625 0.24375 0.5791015625 0.24652777708333332 0.5673828125 0.25694444375
1 0.3447265625 0.8097222208333333 0.353515625 0.7940972208333333 0.365234375 0.7559027770833333 0.365234375 0.696875 0.36328125 0.6934027770833333 0.361328125 0.6725694437499999 0.3515625 0.6413194437499999 0.3349609375 0.6118055541666667 0.3193359375 0.5979166666666667 0.3056640625 0.5944444437499999 0.3037109375 0.5909722208333333 0.2763671875 0.5979166666666667 0.2666015625 0.6118055541666667 0.2607421875 0.6152777770833333 0.24609375 0.6413194437499999 0.2421875 0.6552083333333333 0.2421875 0.6621527770833333 0.23828125 0.6725694437499999 0.23828125 0.6934027770833333 0.236328125 0.696875 0.23828125 0.728125 0.2421875 0.7489583333333333 0.2578125 0.7940972208333333 0.2705078125 0.8166666666666667 0.2898437515625 0.8291666666666667 0.3162109234375 0.8291666666666667 0.322265625 0.8288194437499999 0.3447265625 0.8097222208333333
1 0.3490234375 0.2484375 0.334375 0.22934027708333332 0.31484375 0.22934027708333332 0.30703125 0.23628472083333335 0.2982421875 0.25190972083333335 0.2943359375 0.26927083333333335 0.3109375 0.27447916666666666 0.316796875 0.2814236104166667 0.3255859375 0.2970486104166667 0.3314453125 0.32135416666666666 0.3314453125 0.33125 0.3376953125 0.33125 0.3451171875 0.32135416666666666 0.3509765625 0.30399305416666667 0.3529296875 0.2796875 0.3546875 0.2765625 0.3546875 0.2748263875 0.3529296875 0.26232638750000004 0.3490234375 0.2484375
1 0.483203125 0.23576388958333333 0.463671875 0.22187500208333333 0.45 0.22534722291666667 0.4421875 0.23229166874999999 0.4314453125 0.24791666874999999 0.4236328125 0.2791666666666667 0.4236328125 0.3104166666666667 0.4255859375 0.32083333333333336 0.4314453125 0.33125 0.4333984375 0.33125 0.4392578125 0.30694444583333336 0.448046875 0.28784722291666665 0.467578125 0.27048611250000004 0.491015625 0.27048611250000004 0.494921875 0.27395833333333336 0.4953125 0.26909722291666666 0.4953125 0.2597222229166667 0.4939453125 0.2548611125 0.483203125 0.23576388958333333
1 0.551953125 0.12534722291666667 0.55 0.121875 0.532421875 0.12881944583333332 0.5255859375 0.14444444583333332 0.5353515625 0.16527777916666667 0.5373046875 0.19652777916666667 0.5439453125 0.20833333333333334 0.5447265640625 0.20833333333333334 0.5470703125 0.20694444583333332 0.5451171875 0.2 0.5451171875 0.16527777916666667 0.555859375 0.14270833333333333 0.5625 0.13764881041666666 0.5625 0.13701388958333333 0.5578125 0.12534722291666667 0.551953125 0.12534722291666667
0 0.3177734375 0.28125 0.3099609375 0.27430555624999997 0.2962890625 0.2708333333333333 0.2845703125 0.27777777708333334 0.271875 0.296875 0.266015625 0.3177083333333333 0.266015625 0.35243055624999997 0.269921875 0.3697916666666667 0.2806640625 0.3888888895833333 0.2845703125 0.3888888895833333 0.2884765625 0.3958333333333333 0.303125 0.39409722291666666 0.3138671875 0.3888888895833333 0.32265625 0.3732638895833333 0.328515625 0.35590277708333334 0.33125 0.33402777708333337 0.33125 0.3190972208333333 0.3265625 0.296875 0.3177734375 0.28125
0 0.270703125 0.25312500208333333 0.253125 0.25312500208333333 0.24921875 0.2565972229166667 0.2365234375 0.2791666666666667 0.2345703125 0.28958333333333336 0.2345703125 0.31736111250000004 0.2375 0.32256944583333336 0.24140625 0.32256944583333336 0.25616319375 0.35208333333333336 0.2619140625 0.35208333333333336 0.2658203125 0.34513888958333333 0.2658203125 0.32083333333333336 0.2716796875 0.29652777916666667 0.2828125 0.28003472291666665 0.2828125 0.2760416666666667 0.2814453125 0.26875 0.270703125 0.25312500208333333
0 0.3001953125 0.20555555416666668 0.2865234375 0.20902777708333334 0.2767578125 0.21944444375 0.271875 0.23159722083333334 0.269921875 0.25243055416666665 0.2748046875 0.2576388875 0.283919271875 0.27708333333333335 0.288476559375 0.27708333333333335 0.289453125 0.2767361104166667 0.297265625 0.26631944375 0.29921875 0.25243055416666665 0.3125 0.23219245833333335 0.3125 0.22048611041666666 0.3060546875 0.20902777708333334 0.3001953125 0.20555555416666668
0 0.402734375 0.20225694375 0.394921875 0.19531249791666666 0.38125 0.19531249791666666 0.367578125 0.20572916458333335 0.3607421875 0.21788194375 0.3548828125 0.24565972083333334 0.3548828125 0.26302083125000003 0.358251953125 0.275 0.36291015625 0.275 0.3646484375 0.25954861041666666 0.37734375 0.23350694375 0.3890625 0.22309027708333332 0.410546875 0.22656249791666666 0.4109375 0.22447916458333333 0.4109375 0.21927083125 0.4095703125 0.21440972083333334 0.402734375 0.20225694375
0 0.3744140625 0.1454861125 0.3666015625 0.1454861125 0.3568359375 0.15243055625000002 0.348046875 0.17152777916666664 0.348046875 0.18888888958333333 0.3568359375 0.19756944583333333 0.3578125 0.20277777916666664 0.3621093734375 0.21041666666666667 0.36328125 0.21041666666666667 0.363671875 0.20972222291666667 0.3705078125 0.20104166874999999 0.3880859375 0.19409722291666667 0.390625 0.18958333333333333 0.390625 0.1736111125 0.387109375 0.1611111125 0.3744140625 0.1454861125
0 0.5935546875 0.15069444583333333 0.5828125 0.13854166874999999 0.57890625 0.13506944583333333 0.56328125 0.13506944583333333 0.55546875 0.14201388958333333 0.5447265625 0.16458333541666667 0.5447265625 0.19930555625000002 0.5466796875 0.20625000208333333 0.561328125 0.22881944583333333 0.565429684375 0.23125 0.5759765734375 0.23125 0.5818359375 0.23055555625000002 0.588671875 0.22534722291666667 0.5974609375 0.20972222291666667 0.6 0.19843750208333333 0.6 0.17534722291666668 0.5994140625 0.16805555625000002 0.5935546875 0.15069444583333333
0 0.5486328125 0.22048611041666666 0.5359375 0.19791666666666666 0.528125 0.19097222291666668 0.522265625 0.19097222291666668 0.5203125 0.1875 0.5046875 0.19097222291666668 0.4861328125 0.22048611041666666 0.4841796875 0.23784722291666668 0.4939453125 0.2552083333333333 0.4958984375 0.27256944375000003 0.510546875 0.2916666666666667 0.5203125 0.3125 0.5232421875 0.3107638895833333 0.533984375 0.30555555624999997 0.5466796875 0.2829861104166667 0.5515625 0.26273148125 0.5515625 0.24479166666666666 0.5505859375 0.23090277708333332 0.5486328125 0.22048611041666666
0 0.515625 0.39097222291666667 0.5048828125 0.37534722291666667 0.4912109375 0.36493055625 0.4697265625 0.3614583333333333 0.4677734375 0.36493055625 0.4501953125 0.371875 0.43359375 0.39791666666666664 0.423828125 0.4326388895833333 0.423828125 0.44305555625 0.421875 0.4465277791666667 0.421875 0.4777777791666667 0.423828125 0.48125 0.427734375 0.5125 0.4423828125 0.5420138895833334 0.467350259375 0.5625 0.47148438437499995 0.5625 0.486328125 0.5611111125 0.5068359375 0.5454861125 0.5234375 0.5194444458333334 0.53125 0.48472222291666667 0.53125 0.4395833333333333 0.525390625 0.41180555625 0.515625 0.39097222291666667
0 0.444921875 0.29340277708333334 0.43515625 0.32118055624999997 0.433203125 0.33159722291666666 0.433203125 0.35590277708333334 0.4400390625 0.37847222291666666 0.4693359375 0.3611111104166667 0.4830078125 0.3611111104166667 0.4849609375 0.3645833333333333 0.4966796875 0.36805555624999997 0.5044921875 0.375 0.5103515625 0.3854166666666667 0.5171875 0.38368055624999997 0.521875 0.3642361104166667 0.521875 0.3458333333333333 0.519140625 0.3142361104166667 0.5044921875 0.28472222291666666 0.4908203125 0.2708333333333333 0.4673828125 0.2708333333333333 0.4537109375 0.28125 0.444921875 0.29340277708333334
0 0.7158203125 0.38958333333333334 0.7216796875 0.38263888749999997 0.7294921875 0.37222222083333334 0.734375 0.36006944375 0.73828125 0.34618055416666665 0.73828125 0.32881944375 0.740234375 0.32534722083333334 0.73828125 0.31840277708333337 0.73828125 0.30104166666666665 0.732421875 0.28020833333333334 0.7158203125 0.25416666666666665 0.7041015625 0.24722222083333334 0.6865234375 0.24722222083333334 0.6767578125 0.25416666666666665 0.662109375 0.28020833333333334 0.658203125 0.30104166666666665 0.658203125 0.33576388749999997 0.666015625 0.36354166666666665 0.6826171875 0.38958333333333334 0.6861328140625 0.39166666666666666 0.7048828031250001 0.39166666666666666 0.708984375 0.39131944375 0.7158203125 0.38958333333333334
0 0.7724609375 0.3545138895833333 0.783203125 0.33541666666666664 0.787109375 0.3215277791666667 0.787109375 0.2798611125 0.78125 0.25902777916666664 0.7666015625 0.23645833333333333 0.7568359375 0.22951388958333335 0.7412109375 0.22951388958333335 0.7353515625 0.23298611249999998 0.7275390625 0.24340277916666667 0.720703125 0.25902777916666664 0.736328125 0.2902777791666667 0.73828125 0.3111111125 0.740234375 0.3145833333333333 0.73828125 0.3527777791666667 0.7442968750000001 0.36041666666666666 0.7562500046875 0.36041666666666666 0.763671875 0.35972222291666667 0.7724609375 0.3545138895833333