0 0.474609375 0.17881944375 0.4833984375 0.19791666666666666 0.4912109375 0.20486111041666666 0.498046875 0.203125 0.5068359375 0.19791666666666666 0.515625 0.17881944375 0.515625 0.15451388958333334 0.5068359375 0.13541666666666666 0.4892578125 0.13194444375 0.478515625 0.14409722291666668 0.474609375 0.15798611041666666 0.474609375 0.17881944375
1 0.53515625 0.14409722291666668 0.53515625 0.15451388958333334 0.533203125 0.15798611041666666 0.53515625 0.171875 0.5419921875 0.1875 0.5498046875 0.19444444375 0.564453125 0.19270833333333334 0.57421875 0.17534722291666668 0.57421875 0.16493055625 0.576171875 0.16145833333333334 0.57421875 0.14756944375 0.572265625 0.140625 0.5615234375 0.125 0.5478515625 0.125 0.53515625 0.14409722291666668
0 0.619140625 0.14409722291666668 0.62109375 0.15104166666666666 0.6337890625 0.17013888958333334 0.646484375 0.16840277708333332 0.65625 0.14756944375 0.65625 0.13020833333333334 0.654296875 0.12326388958333333 0.6455078125 0.10763888958333333 0.6396484375 0.10416666666666667 0.6279296875 0.10763888958333333 0.619140625 0.1267361104166667 0.619140625 0.14409722291666668
0 0.763671875 0.16840277708333332 0.76953125 0.18576388958333334 0.7763671875 0.19444444375 0.7802734375 0.19791666666666666 0.7890625 0.19618055625 0.794921875 0.18923611041666666 0.798828125 0.16145833333333334 0.794921875 0.14756944375 0.7880859375 0.13541666666666666 0.7763671875 0.13194444375 0.767578125 0.140625 0.763671875 0.15451388958333334 0.763671875 0.16840277708333332
0 0.798828125 0.19618055625 0.802734375 0.20659722291666668 0.8115234375 0.21875 0.82421875 0.21701388958333334 0.830078125 0.20659722291666668 0.83203125 0.171875 0.8173828125 0.14930555625 0.8095703125 0.14930555625 0.8017578125 0.15625 0.796875 0.16840277708333332 0.796875 0.18923611041666666 0.798828125 0.19618055625
0 0.8671875 0.23090277708333332 0.8779296875 0.23611111041666666 0.8916015625 0.25694444375 0.89453125 0.2552083333333333 0.900390625 0.24131944375 0.900390625 0.22048611041666666 0.896484375 0.203125 0.8857421875 0.1875 0.8759765625 0.1875 0.8720703125 0.19097222291666668 0.8671875 0.203125 0.8671875 0.23090277708333332
0 0.9130859375 0.2673611104166667 0.9091796875 0.2708333333333333 0.900390625 0.28993055624999997 0.8984375 0.30034722291666666 0.900390625 0.33506944375000003 0.904296875 0.3489583333333333 0.9130859375 0.3645833333333333 0.9169921875 0.36805555624999997 0.9296875 0.36631944375000003 0.9326171875 0.3645833333333333 0.94140625 0.3454861104166667 0.943359375 0.33506944375000003 0.943359375 0.3107638895833333 0.939453125 0.29340277708333334 0.9267578125 0.2708333333333333 0.9228515625 0.2673611104166667 0.9130859375 0.2673611104166667
0 0.8720703125 0.3958333333333333 0.8544921875 0.3958333333333333 0.8408203125 0.40972222291666666 0.828125 0.4357638895833333 0.822265625 0.4670138895833333 0.822265625 0.5017361104166667 0.828125 0.5329861104166667 0.8427734375 0.5625 0.8564453125 0.5763888895833333 0.8623046875 0.5763888895833333 0.8642578125 0.5798611104166667 0.87109375 0.578125 0.8837890625 0.5694444437499999 0.8984375 0.546875 0.90625 0.5121527770833334 0.90625 0.4704861104166667 0.904296875 0.4670138895833333 0.90234375 0.4427083333333333 0.8876953125 0.40972222291666666 0.8720703125 0.3958333333333333
1 0.8701171875 0.23263888958333334 0.8681640625 0.23611111041666666 0.8623046875 0.23611111041666666 0.8583984375 0.23958333333333334 0.849609375 0.25868055625 0.849609375 0.26909722291666666 0.84765625 0.27256944375000003 0.849609375 0.296875 0.8623046875 0.3263888895833333 0.8701171875 0.3333333333333333 0.880859375 0.33159722291666666 0.890625 0.3177083333333333 0.89453125 0.30381944375000003 0.89453125 0.27256944375000003 0.892578125 0.26215277708333334 0.888671875 0.25173611041666666 0.8779296875 0.23611111041666666 0.8720703125 0.23611111041666666 0.8701171875 0.23263888958333334
1 0.83203125 0.18229166666666666 0.83203125 0.19965277708333332 0.830078125 0.203125 0.83203125 0.21354166666666666 0.8408203125 0.23611111041666666 0.8505859375 0.24305555625 0.85546875 0.24131944375 0.8583984375 0.23958333333333334 0.865234375 0.22395833333333334 0.8671875 0.21354166666666666 0.865234375 0.19618055625 0.8583984375 0.17708333333333334 0.8505859375 0.17013888958333334 0.8388671875 0.17013888958333334 0.83203125 0.18229166666666666
1 0.8916015625 0.19791666666666666 0.896484375 0.19965277708333332 0.89453125 0.18576388958333334 0.8837890625 0.17013888958333334 0.8740234375 0.17013888958333334 0.8671875 0.18576388958333334 0.8681640625 0.19791666666666666 0.8759765625 0.1875 0.8857421875 0.1875 0.8916015625 0.19791666666666666
1 0.8359375 0.17534722291666668 0.837890625 0.171875 0.8359375 0.16145833333333334 0.8271484375 0.14583333333333334 0.8154296875 0.14236111041666666 0.810546875 0.14756944375 0.8212890625 0.15277777708333332 0.8330078125 0.17708333333333334 0.8359375 0.17534722291666668