1 0.65703125 0.3059027791666667 0.653125 0.3059027791666667 0.647265625 0.2989583333333333 0.62578125 0.2989583333333333 0.6140625 0.3059027791666667 0.5974609375 0.3319444458333333 0.5916015625 0.3631944458333333 0.5916015625 0.3875 0.5974609375 0.4152777791666667 0.608203125 0.43784722291666667 0.633170571875 0.4583333333333333 0.6353515671875 0.4583333333333333 0.6423828125 0.4569444458333333 0.655078125 0.4482638895833333 0.6716796875 0.42222222291666667 0.678125 0.39930555624999997 0.678125 0.3552662041666667 0.6677734375 0.3215277791666667 0.65703125 0.3059027791666667
1 0.850390625 0.32934027708333335 0.838671875 0.31892361041666667 0.825 0.3154513895833333 0.811328125 0.32586805625 0.7986328125 0.3484375 0.7947265625 0.3623263895833333 0.7947265625 0.3796875 0.8015625 0.37447916666666664 0.826953125 0.37447916666666664 0.834765625 0.38142361041666667 0.8474609375 0.4005208333333333 0.8552734375 0.4248263895833333 0.8570556640625 0.4375 0.85986328125 0.4375 0.8630859375 0.4317708333333333 0.865625 0.41822916666666665 0.865625 0.37586805624999997 0.8611328125 0.35190972291666667 0.850390625 0.32934027708333335
1 0.834765625 0.38177083333333334 0.826953125 0.37482638749999997 0.8015625 0.37482638749999997 0.79765625 0.38177083333333334 0.791796875 0.38524305416666665 0.7771484375 0.41475694375 0.7771484375 0.42170138749999997 0.7732421875 0.43211805416666665 0.7712890625 0.47378472083333334 0.7791015625 0.5119791666666667 0.79765625 0.5449652770833333 0.80546875 0.5519097229166667 0.806933590625 0.5520833333333334 0.8262695328125 0.5520833333333334 0.826953125 0.5519097229166667 0.838671875 0.54149305625 0.8494140625 0.5223958333333333 0.8552734375 0.5050347208333333 0.8552734375 0.49461805416666665 0.8578125 0.48333333333333334 0.8578125 0.4436458333333333 0.8494140625 0.4078125 0.834765625 0.38177083333333334
1 0.4755859375 0.22152777916666666 0.4619140625 0.21111111249999998 0.4521484375 0.21111111249999998 0.4404296875 0.22152777916666666 0.4296875 0.24409722291666666 0.428125 0.25243055625 0.428125 0.2802083354166667 0.431640625 0.29270833333333335 0.4404296875 0.30833333333333335 0.4492187484375 0.3145833333333333 0.45605469374999996 0.3145833333333333 0.46484375 0.31354166666666666 0.4697265625 0.31180555625 0.482421875 0.28923611250000003 0.4859375 0.2767361125 0.4859375 0.24618055625000002 0.482421875 0.23368055625 0.4755859375 0.22152777916666666
1 0.3431640625 0.23975694374999998 0.3275390625 0.25017361041666664 0.320703125 0.26232638750000004 0.31484375 0.2831597208333333 0.31484375 0.2970486104166667 0.316796875 0.30052083333333335 0.316796875 0.3109375 0.3236328125 0.3300347208333333 0.3353515625 0.3404513875 0.3415039078125 0.3416666666666667 0.3456054671875 0.3416666666666667 0.3490234375 0.3404513875 0.363671875 0.3248263875 0.363671875 0.31788194375 0.36875 0.3028356479166667 0.36875 0.2739004625 0.3607421875 0.25017361041666664 0.3431640625 0.23975694374999998
1 0.2080078125 0.3230902770833334 0.1923828125 0.3230902770833334 0.1884765625 0.3265625 0.181640625 0.3387152770833334 0.178125 0.35121527708333333 0.178125 0.3629842833333334 0.1962890625 0.3612847208333333 0.2021484375 0.36475694375 0.2109375 0.38038194375 0.2128173828125 0.39375 0.21691406249999998 0.39375 0.2203125 0.37864583125 0.2203125 0.3477430541666667 0.216796875 0.33524305416666667 0.2080078125 0.3230902770833334
1 0.19765625 0.3611111104166667 0.18203125 0.3611111104166667 0.17421875 0.36805555624999997 0.1673828125 0.3802083333333333 0.1634765625 0.39409722291666666 0.1634765625 0.4114583333333333 0.1615234375 0.41493055624999997 0.1654296875 0.4357638895833333 0.183984375 0.4375 0.199609375 0.4513888895833333 0.2044921875 0.44965277708333334 0.2123046875 0.42534722291666666 0.2123046875 0.41493055624999997 0.2140625 0.41180555625 0.2140625 0.40023148124999997 0.2083984375 0.3767361104166667 0.19765625 0.3611111104166667
1 0.2435546875 0.35243055624999997 0.2396484375 0.36631944375000003 0.2396484375 0.4010416666666667 0.2435546875 0.41493055624999997 0.250390625 0.4270833333333333 0.2533203125 0.42534722291666666 0.2533203125 0.4010416666666667 0.2630859375 0.36631944375000003 0.277734375 0.35069444375000003 0.2921875 0.34898148125 0.2921875 0.3416666666666667 0.285546875 0.3298611104166667 0.27578125 0.3229166666666667 0.2640625 0.3229166666666667 0.250390625 0.33680555624999997 0.2435546875 0.35243055624999997
1 0.296484375 0.3515625 0.280859375 0.3515625 0.27109375 0.35850694583333337 0.2603515625 0.3776041666666667 0.2544921875 0.40538194583333337 0.2544921875 0.4296875 0.257861328125 0.44166666666666665 0.2676757828125 0.44166666666666665 0.276953125 0.43836805624999997 0.27890625 0.4348958333333333 0.288671875 0.4348958333333333 0.290625 0.43836805624999997 0.3017578078125 0.44166666666666665 0.30235770156249997 0.44166666666666665 0.3052734375 0.40538194583333337 0.3130859375 0.3845486125 0.3140625 0.3776041666666667 0.3140625 0.3689236125 0.31015625 0.3619791666666667 0.296484375 0.3515625
1 0.136328125 0.40694444375 0.120703125 0.40347222083333334 0.1109375 0.41388888749999997 0.1041015625 0.4329861104166667 0.1041015625 0.47118055416666665 0.11484375 0.49375 0.1183593765625 0.49583333333333335 0.12929687031249998 0.49583333333333335 0.1314453125 0.4954861104166667 0.1431640625 0.478125 0.14375 0.465625 0.14375 0.42916666666666664 0.1412109375 0.415625 0.136328125 0.40694444375
1 0.0953125 0.4666666666666667 0.0884765625 0.4545138875 0.0845703125 0.4510416666666667 0.0728515625 0.4510416666666667 0.066015625 0.46319444375 0.06015625 0.4875 0.062109375 0.5152777770833333 0.0708984375 0.5378472208333334 0.0728515640625 0.5395833333333333 0.0875 0.5395833333333333 0.0904296875 0.5378472208333334 0.097265625 0.5222222208333334 0.097265625 0.5083333333333333 0.0984375 0.50625 0.0984375 0.49375 0.097265625 0.47708333333333336 0.0953125 0.4666666666666667
1 0.0349609375 0.5819444458333333 0.026171875 0.5663194458333333 0.0203125 0.5628472229166667 0.014453125 0.5663194458333333 0.0056640625 0.5888888895833334 0.0056640625 0.6201388895833334 0.010546875 0.621875 0.0212890625 0.6409722229166667 0.027809495312499998 0.6625 0.0310546890625 0.6625 0.0330078125 0.66180555625 0.0375 0.6484953708333333 0.0375 0.5956597229166667 0.0349609375 0.5888888895833334 0.0349609375 0.5819444458333333
0 0.138671875 0.6652777791666666 0.130859375 0.6375 0.1181640625 0.61493055625 0.1044921875 0.6045138895833334 0.0927734375 0.6045138895833334 0.078125 0.6236111125 0.072265625 0.6444444458333333 0.072265625 0.6583333333333333 0.0703125 0.66180555625 0.0703125 0.69305555625 0.072265625 0.6965277791666666 0.072265625 0.7069444458333333 0.078125 0.73125 0.0908203125 0.7572916666666667 0.099609375 0.7666666666666667 0.11289062968750001 0.7666666666666667 0.12109375 0.7659722229166667 0.1279296875 0.7607638895833334 0.138671875 0.7347222229166667 0.138671875 0.72430555625 0.140625 0.7208333333333333 0.140625 0.6791666666666667 0.138671875 0.6756944458333333 0.138671875 0.6652777791666666
0 0.3228515625 0.4777777791666667 0.30625 0.4482638895833333 0.28671875 0.434375 0.273046875 0.43784722291666667 0.259375 0.4482638895833333 0.2447265625 0.4777777791666667 0.2388671875 0.5090277791666666 0.2408203125 0.54375 0.2447265625 0.5611111125 0.2505859375 0.575 0.26328125 0.5940972229166667 0.27838541562499997 0.6041666666666666 0.28261719687500003 0.6041666666666666 0.2974609375 0.6027777791666666 0.3140625 0.58368055625 0.3248046875 0.5611111125 0.3296875 0.5350694458333333 0.3296875 0.5142361125 0.3287109375 0.4986111125 0.3228515625 0.4777777791666667
0 0.19609375 0.44774305416666665 0.190234375 0.4407986104166667 0.174609375 0.43732638749999997 0.1609375 0.44774305416666665 0.1501953125 0.4703125 0.1462890625 0.49114583333333334 0.1462890625 0.5258680541666666 0.1521484375 0.5467013895833334 0.162890625 0.5657986104166667 0.170703125 0.57274305625 0.171972653125 0.5729166666666666 0.18955078281249998 0.5729166666666666 0.190234375 0.57274305625 0.2068359375 0.5467013895833334 0.2087890625 0.5258680541666666 0.209375 0.5248263875 0.209375 0.48466435208333336 0.2048828125 0.46336805416666665 0.19609375 0.44774305416666665
0 0 0.7172222229166666 0.014453125 0.7326388895833333 0.0193359375 0.7309027770833333 0.028125 0.7090277791666666 0.028125 0.6840277770833333 0.0271484375 0.6614583333333334 0.0212890625 0.640625 0.0125 0.625 0.00078125 0.6215277770833333 0 0.6979166666666666 0 0.7172222229166666
0 0.36953125 0.3645833333333333 0.351953125 0.35069444375000003 0.33828125 0.35069444375000003 0.336328125 0.3541666666666667 0.33046875 0.3541666666666667 0.3265625 0.3611111104166667 0.320703125 0.3645833333333333 0.3119140625 0.3802083333333333 0.3080078125 0.39756944375000003 0.3041015625 0.4045138895833333 0.3021484375 0.4357638895833333 0.3197265625 0.4739583333333333 0.3236328125 0.47743055624999997 0.328515625 0.49652777708333334 0.340234375 0.5034722229166666 0.3490234375 0.5017361104166667 0.36171875 0.49652777708333334 0.3802734375 0.4635416666666667 0.3841796875 0.4427083333333333 0.3841796875 0.42881944375000003 0.3859375 0.4256944458333333 0.3859375 0.407175925 0.3802734375 0.38368055624999997 0.36953125 0.3645833333333333
0 0.5263671875 0.5107638895833333 0.546875 0.4777777791666667 0.552734375 0.4569444458333333 0.552734375 0.4083333333333333 0.544921875 0.38055555625 0.5341796875 0.3614583333333333 0.5205078125 0.3475694458333333 0.5029296875 0.34409722291666667 0.4794921875 0.3579861125 0.462890625 0.3875 0.455078125 0.42222222291666667 0.455078125 0.4465277791666667 0.4609375 0.47430555625 0.4736328125 0.5003472229166667 0.49566406250000006 0.5166666666666667 0.5082031296875 0.5166666666666667 0.515625 0.5159722229166667 0.5263671875 0.5107638895833333
0 0.6783203125 0.5402777791666666 0.66171875 0.5107638895833333 0.64609375 0.496875 0.61484375 0.496875 0.59140625 0.5142361125 0.585546875 0.5211805562499999 0.5748046875 0.54375 0.5669921875 0.5715277791666666 0.5669921875 0.5888888895833334 0.5650390625 0.5923611125 0.5669921875 0.6375 0.5748046875 0.6722222229166667 0.597265625 0.7121527791666666 0.608984375 0.7225694458333333 0.62265625 0.7260416666666667 0.6244140625 0.7291666666666666 0.628710946875 0.7291666666666666 0.6451171875 0.7277777791666666 0.651953125 0.7260416666666667 0.665625 0.7121527791666666 0.6802734375 0.6826388895833334 0.6900390625 0.6409722229166667 0.6900390625 0.6201388895833334 0.690625 0.6190972229166667 0.690625 0.5923611125 0.6900390625 0.5819444458333333 0.6783203125 0.5402777791666666
0 0.5541015625 0.20173611249999998 0.5345703125 0.19826388958333335 0.5228515625 0.20868055625 0.512109375 0.23125 0.51015625 0.24166666666666667 0.51015625 0.26597222291666667 0.5140625 0.27986111041666667 0.5248046875 0.2989583333333333 0.537109375 0.30833333333333335 0.5414062515625 0.30833333333333335 0.543359375 0.3076388895833333 0.5541015625 0.30243055625 0.56484375 0.28680555625 0.571875 0.26493055625 0.571875 0.23819444374999998 0.56875 0.22430555625 0.5541015625 0.20173611249999998
0 0.6681640625 0.18194444583333333 0.65546875 0.16284722291666667 0.649609375 0.16284722291666667 0.64765625 0.15937500208333333 0.633984375 0.16284722291666667 0.6251953125 0.17500000208333333 0.6212890625 0.18888888958333333 0.6212890625 0.19930555625000002 0.6193359375 0.20277777916666664 0.6212890625 0.22013888958333333 0.6251953125 0.23055555625000002 0.633984375 0.24270833541666667 0.6398437484375 0.24791666666666667 0.6525390703125 0.24791666666666667 0.659375 0.24618055625000002 0.6681640625 0.23055555625000002 0.671875 0.21736111249999998 0.671875 0.21388889166666666 0.6701171875 0.18888888958333333 0.6681640625 0.18194444583333333
0 0.0439453125 0.48541666666666666 0.0380859375 0.48194444583333335 0.02734375 0.49756944583333335 0.0234375 0.5288194458333334 0.02734375 0.5496527791666667 0.0357421875 0.5645833333333333 0.0396484421875 0.5645833333333333 0.044921875 0.5635416666666667 0.0478515625 0.5618055562500001 0.052734375 0.5496527791666667 0.0546875 0.5392361124999999 0.0546875 0.51493055625 0.05078125 0.49756944583333335 0.0439453125 0.48541666666666666
0 0.16484375 0.3545138895833333 0.151171875 0.3545138895833333 0.1453125 0.3614583333333333 0.1384765625 0.3770833333333333 0.1365234375 0.4048611125 0.1443359375 0.4256944458333333 0.1443359375 0.4361111125 0.1486328125 0.44375 0.155664065625 0.44375 0.1599609375 0.44305555625 0.1638671875 0.4395833333333333 0.1638671875 0.3944444458333333 0.1677734375 0.38055555625 0.171875 0.3732638895833333 0.171875 0.3638888895833333 0.1716796875 0.3631944458333333 0.16484375 0.3545138895833333