1 0.20703125 0.30381944375000003 0.20703125 0.32465277708333334 0.2109375 0.3385416666666667 0.2216796875 0.35069444375000003 0.23046875 0.35243055624999997 0.2392578125 0.34722222291666666 0.24609375 0.33506944375000003 0.25 0.3142361104166667 0.25 0.29340277708333334 0.24609375 0.2795138895833333 0.2373046875 0.2673611104166667 0.2275390625 0.2673611104166667 0.2177734375 0.27430555624999997 0.2109375 0.2864583333333333 0.20703125 0.30381944375000003
1 0.376953125 0.18923611041666666 0.37890625 0.22048611041666666 0.3857421875 0.22916666666666666 0.390625 0.22743055625 0.4013671875 0.21180555625 0.4091796875 0.21180555625 0.412109375 0.20659722291666668 0.412109375 0.19618055625 0.41796875 0.17534722291666668 0.4111328125 0.16319444375 0.4072265625 0.15972222291666668 0.3916015625 0.15972222291666668 0.37890625 0.17881944375 0.376953125 0.18923611041666666
1 0.376953125 0.21701388958333334 0.376953125 0.18576388958333334 0.37890625 0.17534722291666668 0.3759765625 0.17013888958333334 0.3720703125 0.16666666666666666 0.3583984375 0.16666666666666666 0.34765625 0.18229166666666666 0.3603515625 0.1875 0.369140625 0.19965277708333332 0.373046875 0.21701388958333334 0.376953125 0.21701388958333334
1 0.4384765625 0.22916666666666666 0.4482421875 0.22222222291666668 0.4599609375 0.22222222291666668 0.48046875 0.23784722291666668 0.482421875 0.234375 0.482421875 0.21006944375 0.4716796875 0.1875 0.4638671875 0.18055555625 0.4541015625 0.17708333333333334 0.4423828125 0.18402777708333332 0.4365234375 0.19097222291666668 0.4296875 0.20659722291666668 0.4296875 0.21354166666666666 0.4384765625 0.22916666666666666
1 0.4296875 0.24131944375 0.423828125 0.2552083333333333 0.419921875 0.27256944375000003 0.419921875 0.296875 0.421875 0.30034722291666666 0.421875 0.3107638895833333 0.42578125 0.32118055624999997 0.4306640625 0.3298611104166667 0.431640625 0.328125 0.435546875 0.296875 0.443359375 0.2760416666666667 0.4619140625 0.25694444375 0.4794921875 0.25347222291666666 0.48046875 0.24131944375 0.4775390625 0.23611111041666666 0.4599609375 0.22222222291666668 0.4501953125 0.22222222291666668 0.4384765625 0.22916666666666666 0.4296875 0.24131944375
1 0.6181640625 0.19791666666666666 0.6337890625 0.20833333333333334 0.6416015625 0.22222222291666668 0.64453125 0.22048611041666666 0.6484375 0.19965277708333332 0.646484375 0.19270833333333334 0.6337890625 0.17361111041666666 0.6240234375 0.16666666666666666 0.6142578125 0.16666666666666666 0.6015625 0.17881944375 0.6015625 0.19618055625 0.6044921875 0.20138888958333334 0.6064453125 0.19791666666666666 0.6181640625 0.19791666666666666
1 0.64453125 0.21701388958333334 0.64453125 0.22743055625 0.6494140625 0.23958333333333334 0.65234375 0.23784722291666668 0.6572265625 0.22916666666666666 0.6689453125 0.21875 0.6865234375 0.21875 0.7021484375 0.23263888958333334 0.703125 0.22048611041666666 0.6904296875 0.19444444375 0.6787109375 0.18402777708333332 0.6669921875 0.18402777708333332 0.6552734375 0.19444444375 0.64453125 0.21701388958333334
1 0.7255859375 0.25694444375 0.7373046875 0.25694444375 0.7392578125 0.25347222291666666 0.7412109375 0.25694444375 0.7529296875 0.2604166666666667 0.7666015625 0.28125 0.76953125 0.2795138895833333 0.771484375 0.265625 0.767578125 0.24826388958333334 0.7548828125 0.22569444375 0.7470703125 0.21875 0.7275390625 0.21875 0.7236328125 0.22222222291666668 0.7109375 0.24826388958333334 0.7158203125 0.26388888958333334 0.7197265625 0.26388888958333334 0.7255859375 0.25694444375
1 0.8623046875 0.4513888895833333 0.849609375 0.4739583333333333 0.84375 0.4947916666666667 0.84375 0.5399305562500001 0.8486328125 0.5555555562500001 0.8623046875 0.5590277770833333 0.8740234375 0.5694444437499999 0.884765625 0.5850694437499999 0.896484375 0.6197916666666666 0.90234375 0.6197916666666666 0.91796875 0.5954861104166667 0.923828125 0.5746527770833333 0.92578125 0.5503472229166667 0.927734375 0.546875 0.92578125 0.50868055625 0.91796875 0.47743055624999997 0.9052734375 0.4513888895833333 0.8896484375 0.44097222291666666 0.8759765625 0.44097222291666666 0.8623046875 0.4513888895833333
1 0.8076171875 0.40625 0.7880859375 0.40277777708333334 0.7685546875 0.4166666666666667 0.75390625 0.4427083333333333 0.75 0.453125 0.75 0.4739583333333333 0.7578125 0.4947916666666667 0.759765625 0.515625 0.76171875 0.5190972229166666 0.76171875 0.5711805562500001 0.7744140625 0.59375 0.798828125 0.5989583333333334 0.8115234375 0.5798611104166667 0.833984375 0.5572916666666666 0.833984375 0.5503472229166667 0.841796875 0.52256944375 0.84375 0.49131944375000003 0.841796875 0.48784722291666666 0.841796875 0.4739583333333333 0.837890625 0.453125 0.8193359375 0.4166666666666667 0.8076171875 0.40625
1 0.748046875 0.4670138895833333 0.7294921875 0.4375 0.7158203125 0.4270833333333333 0.6962890625 0.4270833333333333 0.6943359375 0.43055555624999997 0.6884765625 0.43055555624999997 0.6669921875 0.4479166666666667 0.654296875 0.4739583333333333 0.646484375 0.5017361104166667 0.64453125 0.546875 0.646484375 0.5503472229166667 0.6484375 0.5711805562500001 0.654296875 0.5850694437499999 0.658203125 0.6024305562500001 0.6650390625 0.6111111104166667 0.669921875 0.609375 0.673828125 0.5989583333333334 0.6845703125 0.5833333333333334 0.7119140625 0.5625 0.7412109375 0.5590277770833333 0.7529296875 0.5694444437499999 0.7568359375 0.5694444437499999 0.759765625 0.5642361104166667 0.759765625 0.50868055625 0.7578125 0.4982638895833333 0.748046875 0.4670138895833333
0 0.326171875 0.21701388958333334 0.326171875 0.24131944375 0.3369140625 0.26388888958333334 0.3427734375 0.2673611104166667 0.35546875 0.265625 0.3603515625 0.26388888958333334 0.3671875 0.25173611041666666 0.37109375 0.23784722291666668 0.37109375 0.21006944375 0.3662109375 0.19444444375 0.3564453125 0.18402777708333332 0.3505859375 0.18402777708333332 0.3349609375 0.19444444375 0.330078125 0.203125 0.326171875 0.21701388958333334
0 0.421875 0.171875 0.42578125 0.16493055625 0.423828125 0.15451388958333334 0.4130859375 0.14236111041666666 0.3955078125 0.14583333333333334 0.388671875 0.15798611041666666 0.3896484375 0.16319444375 0.4033203125 0.15972222291666668 0.4130859375 0.16666666666666666 0.4169921875 0.17361111041666666 0.421875 0.171875
0 0.4609375 0.17534722291666668 0.46484375 0.16145833333333334 0.4580078125 0.14930555625 0.4482421875 0.14236111041666666 0.4365234375 0.14583333333333334 0.42578125 0.16145833333333334 0.4267578125 0.16666666666666666 0.4306640625 0.16319444375 0.4462890625 0.16319444375 0.4560546875 0.17708333333333334 0.4609375 0.17534722291666668
0 0.412109375 0.20659722291666668 0.4169921875 0.21180555625 0.4296875 0.21006944375 0.431640625 0.19965277708333332 0.4384765625 0.1875 0.4521484375 0.18055555625 0.455078125 0.171875 0.4462890625 0.16319444375 0.4306640625 0.16319444375 0.4248046875 0.16666666666666666 0.416015625 0.18229166666666666 0.412109375 0.19618055625 0.412109375 0.20659722291666668
0 0.439453125 0.2864583333333333 0.43359375 0.3072916666666667 0.43359375 0.3385416666666667 0.44140625 0.36631944375000003 0.4501953125 0.38194444375000003 0.4716796875 0.3958333333333333 0.478515625 0.39409722291666666 0.4912109375 0.3854166666666667 0.50390625 0.36631944375000003 0.51171875 0.3420138895833333 0.51171875 0.3072916666666667 0.5078125 0.28993055624999997 0.4990234375 0.2708333333333333 0.4853515625 0.25694444375 0.4697265625 0.25347222291666666 0.4501953125 0.2673611104166667 0.439453125 0.2864583333333333
0 0.6083984375 0.19791666666666666 0.5927734375 0.21180555625 0.5859375 0.22395833333333334 0.58203125 0.23784722291666668 0.580078125 0.25868055625 0.5859375 0.28993055624999997 0.59765625 0.28993055624999997 0.6064453125 0.2708333333333333 0.6181640625 0.2604166666666667 0.6220703125 0.2604166666666667 0.6279296875 0.25347222291666666 0.6455078125 0.25347222291666666 0.6484375 0.23784722291666668 0.642578125 0.22048611041666666 0.6337890625 0.20833333333333334 0.6181640625 0.19791666666666666 0.6083984375 0.19791666666666666
0 0.6201171875 0.30555555624999997 0.6123046875 0.2986111104166667 0.6005859375 0.2951388895833333 0.5986328125 0.2916666666666667 0.5791015625 0.2951388895833333 0.5654296875 0.30902777708333334 0.5546875 0.328125 0.548828125 0.3489583333333333 0.548828125 0.36631944375000003 0.546875 0.3697916666666667 0.548828125 0.39756944375000003 0.5556640625 0.41319444375000003 0.55859375 0.4114583333333333 0.5732421875 0.38194444375000003 0.5771484375 0.38194444375000003 0.5927734375 0.36805555624999997 0.6083984375 0.36805555624999997 0.6103515625 0.3645833333333333 0.6416015625 0.38194444375000003 0.642578125 0.36631944375000003 0.638671875 0.3454861104166667 0.6328125 0.328125 0.6201171875 0.30555555624999997
0 0.6416015625 0.3854166666666667 0.6201171875 0.36805555624999997 0.6103515625 0.36805555624999997 0.6083984375 0.3645833333333333 0.5927734375 0.36805555624999997 0.5712890625 0.3854166666666667 0.560546875 0.4045138895833333 0.552734375 0.4392361104166667 0.55078125 0.47743055624999997 0.556640625 0.5052083333333334 0.5712890625 0.5416666666666666 0.5966796875 0.5625 0.6171875 0.5607638895833333 0.6240234375 0.5555555562500001 0.6298828125 0.5555555562500001 0.642578125 0.5329861104166667 0.642578125 0.52256944375 0.64453125 0.5190972229166666 0.6484375 0.48784722291666666 0.66015625 0.45659722291666666 0.66015625 0.4392361104166667 0.65234375 0.4079861104166667 0.6416015625 0.3854166666666667
0 0.6572265625 0.22916666666666666 0.6484375 0.24479166666666666 0.646484375 0.2552083333333333 0.6591796875 0.2708333333333333 0.669921875 0.296875 0.673828125 0.3177083333333333 0.673828125 0.33159722291666666 0.671875 0.33506944375000003 0.673828125 0.3420138895833333 0.69140625 0.3420138895833333 0.6943359375 0.34027777708333334 0.701171875 0.32465277708333334 0.701171875 0.3072916666666667 0.705078125 0.2864583333333333 0.712890625 0.26909722291666666 0.712890625 0.25868055625 0.7001953125 0.22916666666666666 0.6884765625 0.21875 0.6689453125 0.21875 0.6572265625 0.22916666666666666
0 0.7255859375 0.25347222291666666 0.7216796875 0.2604166666666667 0.7177734375 0.2604166666666667 0.70703125 0.2795138895833333 0.701171875 0.3107638895833333 0.701171875 0.33506944375000003 0.70703125 0.359375 0.712890625 0.3732638895833333 0.7236328125 0.3888888895833333 0.7333984375 0.3958333333333333 0.748046875 0.39409722291666666 0.7548828125 0.3854166666666667 0.7626953125 0.38194444375000003 0.76953125 0.3697916666666667 0.775390625 0.3489583333333333 0.775390625 0.3072916666666667 0.767578125 0.2864583333333333 0.767578125 0.2795138895833333 0.7568359375 0.26388888958333334 0.7431640625 0.25347222291666666 0.7255859375 0.25347222291666666
0 0.7802734375 0.2604166666666667 0.76953125 0.2795138895833333 0.76953125 0.28993055624999997 0.775390625 0.3072916666666667 0.775390625 0.359375 0.7841796875 0.375 0.7919921875 0.38194444375000003 0.7978515625 0.38194444375000003 0.7998046875 0.3854166666666667 0.80859375 0.38368055624999997 0.8193359375 0.36805555624999997 0.830078125 0.3454861104166667 0.830078125 0.33159722291666666 0.83203125 0.328125 0.830078125 0.30034722291666666 0.822265625 0.2760416666666667 0.8134765625 0.26388888958333334 0.7998046875 0.25347222291666666 0.7880859375 0.25347222291666666 0.7802734375 0.2604166666666667
0 0.8369140625 0.3541666666666667 0.8349609375 0.3576388895833333 0.8271484375 0.3576388895833333 0.8212890625 0.3645833333333333 0.810546875 0.38368055624999997 0.806640625 0.4045138895833333 0.8193359375 0.4166666666666667 0.833984375 0.4427083333333333 0.83984375 0.46006944375000003 0.841796875 0.47743055624999997 0.84375 0.484375 0.845703125 0.484375 0.8642578125 0.4479166666666667 0.8740234375 0.44097222291666666 0.8818359375 0.44097222291666666 0.884765625 0.4322916666666667 0.8828125 0.42881944375000003 0.880859375 0.4045138895833333 0.875 0.38368055624999997 0.8662109375 0.36805555624999997 0.8505859375 0.3541666666666667 0.8369140625 0.3541666666666667
0 0.853515625 0.35590277708333334 0.8642578125 0.3645833333333333 0.875 0.38368055624999997 0.8828125 0.4114583333333333 0.8828125 0.42881944375000003 0.8857421875 0.4375 0.888671875 0.4357638895833333 0.9033203125 0.40625 0.9111328125 0.40277777708333334 0.9140625 0.39756944375000003 0.912109375 0.3732638895833333 0.904296875 0.3489583333333333 0.8955078125 0.33680555624999997 0.8798828125 0.3263888895833333 0.8681640625 0.3298611104166667 0.8642578125 0.3333333333333333 0.853515625 0.35590277708333334
0 0.916015625 0.39756944375000003 0.923828125 0.39756944375000003 0.9365234375 0.37152777708333334 0.9482421875 0.36805555624999997 0.94921875 0.35590277708333334 0.9365234375 0.3263888895833333 0.9287109375 0.31944444375000003 0.9150390625 0.31944444375000003 0.90234375 0.3385416666666667 0.90234375 0.3454861104166667 0.912109375 0.3732638895833333 0.916015625 0.39756944375000003
0 0.947265625 0.42881944375000003 0.955078125 0.4635416666666667 0.955078125 0.4739583333333333 0.95703125 0.4739583333333333 0.9658203125 0.4548611104166667 0.978515625 0.4392361104166667 0.974609375 0.4079861104166667 0.96875 0.390625 0.9599609375 0.375 0.9560546875 0.37152777708333334 0.9365234375 0.37152777708333334 0.923828125 0.39756944375000003 0.9365234375 0.40972222291666666 0.947265625 0.42881944375000003
0 1 0.453125 0.9912109375 0.44444444375000003 0.9755859375 0.44444444375000003 0.9609375 0.4670138895833333 0.95703125 0.48090277708333334 0.955078125 0.5017361104166667 0.953125 0.5052083333333334 0.953125 0.5190972229166666 0.951171875 0.52256944375 0.951171875 0.5399305562500001 0.953125 0.5434027770833333 0.955078125 0.5746527770833333 0.958984375 0.5885416666666666 0.9716796875 0.6076388895833333 0.98828125 0.6059027770833333 0.9931640625 0.6041666666666666 1 0.5920138895833333 1 0.453125