0 0.4630859375 0.3302083333333333 0.47578125 0.30416666666666664 0.4796875 0.2833333333333333 0.477734375 0.2590277770833333 0.4669921875 0.23645833125000001 0.4591796875 0.2295138875 0.4513671875 0.2295138875 0.4494140625 0.22604166458333333 0.4474609375 0.2295138875 0.4376953125 0.2295138875 0.42109375 0.2555555541666667 0.4171875 0.27638888749999996 0.419140625 0.30069444375000004 0.423046875 0.3145833333333333 0.4337890625 0.3302083333333333 0.4396484375 0.3302083333333333 0.44140625 0.3333333333333333 0.44492186250000004 0.3333333333333333 0.458203125 0.33194444375000004 0.4630859375 0.3302083333333333
0 0.5763671875 0.21562499791666667 0.5646484375 0.20520833125000001 0.5431640625 0.20868055416666667 0.53046875 0.23472222083333336 0.5265625 0.25208333125 0.5265625 0.26944444375000004 0.53046875 0.27986111041666667 0.53046875 0.28680555416666664 0.546848959375 0.3125 0.5519531078125001 0.3125 0.571484375 0.31111111041666667 0.58125 0.29722222083333333 0.5890625 0.27291666666666664 0.5890625 0.24861111041666667 0.587109375 0.23819444374999998 0.5763671875 0.21562499791666667
0 0.3390625 0.3017361104166667 0.33125 0.2947916666666667 0.315625 0.2947916666666667 0.30390625 0.30520833333333336 0.2970703125 0.3173611104166667 0.2912109375 0.33819444375 0.2912109375 0.3486111104166667 0.3009765625 0.3729166666666667 0.3029296875 0.39375 0.305859375 0.39895833333333336 0.31025390625 0.4041666666666667 0.3322265625 0.4041666666666667 0.3390625 0.39895833333333336 0.3478515625 0.3798611104166667 0.3515625 0.36336805624999996 0.3515625 0.33402777708333337 0.3458984375 0.3138888875 0.3390625 0.3017361104166667
0 0.264453125 0.3123263895833333 0.256640625 0.31927083333333334 0.2498046875 0.3314236125 0.2439453125 0.35225694583333333 0.2439453125 0.3645833333333333 0.24658203125 0.3645833333333333 0.252734375 0.35052083333333334 0.2625 0.3435763895833333 0.280078125 0.3435763895833333 0.2859375 0.35052083333333334 0.28984375 0.35052083333333334 0.2921875 0.3324652791666667 0.2921875 0.3272302354166667 0.280078125 0.3123263895833333 0.264453125 0.3123263895833333
0 0.286328125 0.45868055625 0.2970703125 0.4395833333333333 0.3009765625 0.4256944458333333 0.3009765625 0.4083333333333333 0.3029296875 0.4048611125 0.3009765625 0.3770833333333333 0.2970703125 0.3631944458333333 0.286328125 0.3475694458333333 0.28046875 0.34409722291666667 0.262890625 0.34409722291666667 0.253125 0.35104166666666664 0.2462890625 0.3631944458333333 0.2404296875 0.3840277791666667 0.2384765625 0.41875 0.2443359375 0.44305555625 0.251171875 0.4552083333333333 0.2634765625 0.46458333333333335 0.272460940625 0.46458333333333335 0.2775390625 0.4638888895833333 0.286328125 0.45868055625
0 0.3896484375 0.28194444375 0.396484375 0.26631944375 0.3984375 0.23506944375 0.3896484375 0.2125 0.3857421875 0.20902777708333334 0.3759765625 0.20902777708333334 0.3740234375 0.20555555416666668 0.357421875 0.22118055416666668 0.3515625 0.24201388750000002 0.3515625 0.259375 0.3603515625 0.28194444375 0.3666015640625 0.2875 0.3798828046875 0.2875 0.3828125 0.28715277708333337 0.3896484375 0.28194444375
0 0.3095703125 0.2673611104166667 0.3173828125 0.27430555624999997 0.3203125 0.27256944375000003 0.3271484375 0.2708333333333333 0.3359375 0.25868055625 0.33984375 0.24131944375 0.33984375 0.23090277708333332 0.3359375 0.21354166666666666 0.3291015625 0.19791666666666666 0.3251953125 0.19444444375 0.3134765625 0.19444444375 0.3076171875 0.20138888958333334 0.3046875 0.21006944375 0.30078125 0.24131944375 0.302734375 0.24479166666666666 0.302734375 0.2552083333333333 0.3095703125 0.2673611104166667
0 0.3029296875 0.2559027770833333 0.3009765625 0.22465277708333334 0.294140625 0.21597222083333334 0.282421875 0.21597222083333334 0.2736328125 0.228125 0.2697265625 0.24201388750000002 0.2697265625 0.2559027770833333 0.2765625 0.275 0.2789062515625 0.27708333333333335 0.29062499375 0.27708333333333335 0.2931640625 0.2767361104166667 0.3029296875 0.2559027770833333
1 0.3576171875 0.22083333125000001 0.3654296875 0.21041666458333333 0.3654296875 0.19652777708333333 0.356640625 0.17743055416666667 0.34296875 0.17743055416666667 0.3341796875 0.18958333125000001 0.3322265625 0.20347222083333336 0.341015625 0.23298611041666667 0.3437500015625 0.23541666666666666 0.34902343125 0.23541666666666666 0.3517578125 0.23472222083333336 0.3576171875 0.22083333125000001
1 0.3935546875 0.16319444375 0.3828125 0.17881944375 0.38125 0.184375 0.38125 0.20362103125 0.3876953125 0.21180555625 0.392578125 0.21006944375 0.4033203125 0.1875 0.415625 0.18245192291666665 0.415625 0.18144290208333333 0.4072265625 0.16319444375 0.3935546875 0.16319444375
1 0.42265625 0.1875 0.40703125 0.18402777708333332 0.401171875 0.1875 0.3943359375 0.19965277708333332 0.3923828125 0.21701388958333334 0.3982421875 0.234375 0.3982421875 0.25173611041666666 0.408984375 0.26388888958333334 0.4177734375 0.26215277708333334 0.420703125 0.2604166666666667 0.4255859375 0.24479166666666666 0.4328125 0.23515625 0.4328125 0.20451388958333333 0.4314453125 0.19965277708333332 0.42265625 0.1875
1 0.476171875 0.18437499791666667 0.4625 0.18437499791666667 0.456640625 0.18784722083333336 0.4458984375 0.20347222083333336 0.4419921875 0.22430555416666667 0.444921875 0.2295138875 0.45078125 0.22604166458333333 0.452734375 0.2295138875 0.460546875 0.2295138875 0.468359375 0.23645833125000001 0.4759765640625 0.25 0.4763671875 0.25 0.4771484375 0.24861111041666667 0.4791015625 0.22430555416666667 0.4859375 0.2060763875 0.4859375 0.20124007708333333 0.480078125 0.18784722083333336 0.476171875 0.18437499791666667
1 0.4787109375 0.22395833333333334 0.4787109375 0.25868055625 0.4806640625 0.265625 0.489453125 0.28125 0.496484375 0.2875 0.5054687453125 0.2875 0.5177734375 0.2864583333333333 0.520703125 0.28472222291666666 0.5275390625 0.26909722291666666 0.5275390625 0.25173611041666666 0.53125 0.23854166666666668 0.53125 0.23576388958333333 0.5294921875 0.21701388958333334 0.520703125 0.20138888958333334 0.506119790625 0.19166666666666668 0.5039062515625 0.19166666666666668 0.4875 0.20138888958333334 0.4787109375 0.22395833333333334
1 0.5373046875 0.1960069458333333 0.5265625 0.1734375 0.52265625 0.16996527916666665 0.505078125 0.16996527916666665 0.4943359375 0.18559027916666665 0.4953125 0.19427083333333334 0.512890625 0.19427083333333334 0.520703125 0.20121527916666665 0.5294921875 0.21684027916666665 0.5310221359375 0.225 0.535859375 0.225 0.5390625 0.21076388958333334 0.5390625 0.20954861041666667 0.5373046875 0.2064236125 0.5373046875 0.1960069458333333
1 0.6201171875 0.28472222291666666 0.6328125 0.2829861104166667 0.6435546875 0.27430555624999997 0.650390625 0.25868055625 0.65234375 0.24826388958333334 0.65234375 0.22395833333333334 0.650390625 0.21354166666666666 0.6416015625 0.19444444375 0.6298828125 0.18402777708333332 0.6142578125 0.1875 0.6015625 0.20659722291666668 0.59765625 0.22048611041666666 0.59765625 0.24479166666666666 0.599609375 0.2552083333333333 0.6142578125 0.28125 0.6201171875 0.28472222291666666
0 0.591796875 0.21666666874999999 0.58984375 0.1923611125 0.5830078125 0.1767361125 0.5712890625 0.16631944583333333 0.5556640625 0.16979166874999999 0.5498046875 0.1767361125 0.54296875 0.1923611125 0.541015625 0.20277777916666664 0.5419921875 0.21493055625000002 0.5595703125 0.20451388958333333 0.5751953125 0.21493055625000002 0.5810546875 0.22187500208333333 0.5845703125 0.23125 0.5867187515625 0.23125 0.587890625 0.23055555625000002 0.591796875 0.21666666874999999
1 0.7388671875 0.20659722291666668 0.7408203125 0.23784722291666668 0.75546875 0.26388888958333334 0.76015625 0.26666666666666666 0.7648437484375 0.26666666666666666 0.7701171875 0.265625 0.773046875 0.26388888958333334 0.7828125 0.2433712125 0.7828125 0.21006944375 0.7798828125 0.19965277708333332 0.773046875 0.1875 0.766015625 0.18125 0.75106026875 0.18125 0.7427734375 0.19270833333333334 0.7388671875 0.20659722291666668
1 0.859765625 0.24965277916666664 0.851953125 0.24270833541666667 0.83828125 0.24270833541666667 0.834375 0.24618055625000002 0.8236328125 0.26875 0.8236328125 0.30347222291666665 0.8255859375 0.31388888958333333 0.83828125 0.33993055624999996 0.8402343734375 0.3416666666666667 0.8568359375 0.3416666666666667 0.863671875 0.33645833333333336 0.8685546875 0.32430555624999996 0.871875 0.3125 0.871875 0.28350694583333336 0.8685546875 0.26875 0.859765625 0.24965277916666664
1 0.9240234375 0.3072916666666667 0.9220703125 0.3385416666666667 0.9298828125 0.3697916666666667 0.934765625 0.37847222291666666 0.937890625 0.38125 0.942968746875 0.38125 0.9494140625 0.3802083333333333 0.9591796875 0.3697916666666667 0.9625 0.35503472291666666 0.9625 0.3292534729166666 0.9552734375 0.30034722291666666 0.9450086796875 0.28541666666666665 0.9359375 0.28541666666666665 0.9328125 0.28819444375000003 0.9240234375 0.3072916666666667
0 0.4869140625 0.15590277916666664 0.4751953125 0.14895833541666667 0.4654296875 0.15590277916666664 0.460546875 0.16458333541666667 0.4615234375 0.16979166874999999 0.4791015625 0.18715277916666664 0.483984375 0.19583333333333333 0.491796875 0.19583333333333333 0.4953125 0.18333333541666666 0.4953125 0.17013888958333334 0.49375 0.16458333541666667 0.4869140625 0.15590277916666664
0 0.451953125 0.13888888958333334 0.440234375 0.13541666666666666 0.432421875 0.14236111041666666 0.4275390625 0.15451388958333334 0.4275390625 0.17881944375 0.432421875 0.1875 0.4353515625 0.18576388958333334 0.444140625 0.17013888958333334 0.4578125 0.16666666666666666 0.459375 0.16388888958333334 0.459375 0.15416666666666667 0.4587890625 0.15104166666666666 0.451953125 0.13888888958333334