1 0.02734375 0.5711805562500001 0.0380859375 0.59375 0.044921875 0.5920138895833333 0.052734375 0.5815972229166667 0.0546875 0.5746527770833333 0.0546875 0.5572916666666666 0.056640625 0.5538194437499999 0.05078125 0.52256944375 0.0439453125 0.5138888895833333 0.0361328125 0.5138888895833333 0.03125 0.5190972229166666 0.02734375 0.5329861104166667 0.02734375 0.5711805562500001
1 0.109375 0.515625 0.11328125 0.5329861104166667 0.1181640625 0.5416666666666666 0.1318359375 0.5520833333333334 0.138671875 0.5503472229166667 0.1484375 0.5364583333333334 0.15234375 0.52256944375 0.15234375 0.48090277708333334 0.1435546875 0.4583333333333333 0.1357421875 0.4513888895833333 0.1279296875 0.4513888895833333 0.1201171875 0.4583333333333333 0.11328125 0.4704861104166667 0.109375 0.48784722291666666 0.109375 0.515625
1 0.1357421875 0.4513888895833333 0.1435546875 0.4583333333333333 0.1494140625 0.46875 0.15234375 0.4670138895833333 0.158203125 0.44965277708333334 0.16015625 0.421875 0.15625 0.4045138895833333 0.1494140625 0.3923611104166667 0.1396484375 0.3888888895833333 0.126953125 0.4045138895833333 0.123046875 0.41840277708333334 0.123046875 0.44618055624999997 0.1259765625 0.4513888895833333 0.1357421875 0.4513888895833333
0 0.0693359375 0.53125 0.078125 0.5295138895833333 0.080078125 0.5052083333333334 0.091796875 0.48090277708333334 0.08984375 0.4704861104166667 0.0830078125 0.4583333333333333 0.0732421875 0.4548611104166667 0.0693359375 0.4583333333333333 0.0625 0.4739583333333333 0.060546875 0.484375 0.060546875 0.50868055625 0.0693359375 0.53125
0 0.16796875 0.3697916666666667 0.173828125 0.36284722291666666 0.177734375 0.3489583333333333 0.177734375 0.328125 0.1708984375 0.3125 0.1630859375 0.30902777708333334 0.15234375 0.32118055624999997 0.1484375 0.3385416666666667 0.1484375 0.35243055624999997 0.1572265625 0.37152777708333334 0.16796875 0.3697916666666667
0 0.2470703125 0.27430555624999997 0.2529296875 0.27777777708333334 0.259765625 0.2760416666666667 0.2626953125 0.27430555624999997 0.26953125 0.25868055625 0.26953125 0.23784722291666668 0.2626953125 0.22222222291666668 0.2529296875 0.22222222291666668 0.2421875 0.23784722291666668 0.240234375 0.25173611041666666 0.2421875 0.2552083333333333 0.2421875 0.265625 0.2470703125 0.27430555624999997
0 0.2783203125 0.25694444375 0.28515625 0.2552083333333333 0.29296875 0.24479166666666666 0.296875 0.22743055625 0.296875 0.21701388958333334 0.2900390625 0.20486111041666666 0.2802734375 0.20138888958333334 0.2734375 0.20659722291666668 0.267578125 0.22395833333333334 0.267578125 0.23090277708333332 0.2744140625 0.25347222291666666 0.2783203125 0.25694444375
0 0.275390625 0.203125 0.2666015625 0.19791666666666666 0.255859375 0.21354166666666666 0.255859375 0.22048611041666666 0.2626953125 0.22222222291666668 0.2666015625 0.22916666666666666 0.26953125 0.22743055625 0.26953125 0.22048611041666666 0.275390625 0.203125
1 0.3056640625 0.22916666666666666 0.314453125 0.22743055625 0.3203125 0.22048611041666666 0.32421875 0.20659722291666668 0.32421875 0.19618055625 0.3173828125 0.18055555625 0.3095703125 0.17708333333333334 0.298828125 0.18923611041666666 0.296875 0.19618055625 0.296875 0.21354166666666666 0.298828125 0.22048611041666666 0.3056640625 0.22916666666666666
1 0.4423828125 0.22916666666666666 0.453125 0.234375 0.4638671875 0.22916666666666666 0.470703125 0.21701388958333334 0.47265625 0.20659722291666668 0.47265625 0.18576388958333334 0.4599609375 0.16666666666666666 0.4482421875 0.16666666666666666 0.4443359375 0.17013888958333334 0.43359375 0.19270833333333334 0.435546875 0.21701388958333334 0.4423828125 0.22916666666666666
0 0.50390625 0.16840277708333332 0.5087890625 0.17708333333333334 0.515625 0.17534722291666668 0.525390625 0.16493055625 0.529296875 0.14409722291666668 0.52734375 0.13368055625 0.5205078125 0.12152777708333334 0.5107421875 0.11805555625 0.5048828125 0.12152777708333334 0.5 0.13020833333333334 0.5 0.13715277708333332 0.50390625 0.14756944375 0.50390625 0.16840277708333332
1 0.767578125 0.33506944375000003 0.767578125 0.3454861104166667 0.765625 0.3489583333333333 0.767578125 0.35590277708333334 0.767578125 0.3732638895833333 0.771484375 0.390625 0.7841796875 0.41319444375000003 0.7900390625 0.4166666666666667 0.8046875 0.41493055624999997 0.8134765625 0.40625 0.8203125 0.39409722291666666 0.82421875 0.3732638895833333 0.82421875 0.3454861104166667 0.8203125 0.328125 0.8076171875 0.30555555624999997 0.7978515625 0.2986111104166667 0.7841796875 0.3020833333333333 0.775390625 0.3107638895833333 0.767578125 0.33506944375000003
1 0.74609375 0.20659722291666668 0.74609375 0.22395833333333334 0.7529296875 0.23958333333333334 0.763671875 0.23784722291666668 0.7734375 0.22743055625 0.77734375 0.21006944375 0.77734375 0.19965277708333332 0.7734375 0.18576388958333334 0.7666015625 0.17361111041666666 0.7626953125 0.17013888958333334 0.7529296875 0.17013888958333334 0.7470703125 0.17708333333333334 0.7421875 0.18923611041666666 0.74609375 0.20659722291666668
1 0.68359375 0.13715277708333332 0.6748046875 0.11805555625 0.6650390625 0.11458333333333333 0.65234375 0.13368055625 0.65234375 0.15104166666666666 0.6630859375 0.17361111041666666 0.67578125 0.171875 0.68359375 0.15798611041666666 0.68359375 0.13715277708333332
1 0.6142578125 0.15277777708333332 0.619140625 0.140625 0.619140625 0.11979166666666667 0.6083984375 0.10416666666666667 0.5966796875 0.10763888958333333 0.58984375 0.11979166666666667 0.58984375 0.13715277708333332 0.5966796875 0.15277777708333332 0.6015625 0.15451388958333334 0.6142578125 0.15277777708333332
1 0.6044921875 0.22569444375 0.615234375 0.22395833333333334 0.62890625 0.203125 0.626953125 0.171875 0.6201171875 0.15972222291666668 0.6103515625 0.15277777708333332 0.5986328125 0.15625 0.587890625 0.17881944375 0.587890625 0.19618055625 0.591796875 0.21006944375 0.6005859375 0.22222222291666668 0.6044921875 0.22569444375
1 0.626953125 0.171875 0.62890625 0.18229166666666666 0.62890625 0.203125 0.6357421875 0.21180555625 0.64453125 0.21006944375 0.6513671875 0.20486111041666666 0.65625 0.19618055625 0.658203125 0.18923611041666666 0.658203125 0.16493055625 0.6513671875 0.14930555625 0.6435546875 0.14236111041666666 0.6337890625 0.14236111041666666 0.623046875 0.15451388958333334 0.623046875 0.16493055625 0.626953125 0.171875
1 0.71875 0.15798611041666666 0.7265625 0.14409722291666668 0.724609375 0.12326388958333333 0.7177734375 0.11111111041666667 0.7119140625 0.10763888958333333 0.7041015625 0.11111111041666667 0.701171875 0.11979166666666667 0.7041015625 0.12152777708333334 0.708984375 0.13368055625 0.708984375 0.15798611041666666 0.71875 0.15798611041666666
0 0.724609375 0.2864583333333333 0.720703125 0.30381944375000003 0.720703125 0.3177083333333333 0.72265625 0.32118055624999997 0.724609375 0.3420138895833333 0.7373046875 0.3645833333333333 0.7470703125 0.37152777708333334 0.755859375 0.3697916666666667 0.765625 0.36284722291666666 0.767578125 0.33506944375000003 0.76953125 0.32465277708333334 0.775390625 0.3142361104166667 0.77734375 0.30034722291666666 0.775390625 0.28993055624999997 0.7646484375 0.2708333333333333 0.7470703125 0.2604166666666667 0.7353515625 0.2673611104166667 0.724609375 0.2864583333333333
0 0.79296875 0.24131944375 0.802734375 0.26909722291666666 0.802734375 0.2864583333333333 0.8115234375 0.2986111104166667 0.818359375 0.296875 0.8271484375 0.2916666666666667 0.83203125 0.2829861104166667 0.833984375 0.2760416666666667 0.833984375 0.24826388958333334 0.83203125 0.23784722291666668 0.8212890625 0.21875 0.8173828125 0.21527777708333332 0.8056640625 0.21527777708333332 0.796875 0.22743055625 0.79296875 0.24131944375
0 0.83984375 0.28993055624999997 0.841796875 0.30034722291666666 0.8466796875 0.30902777708333334 0.849609375 0.3072916666666667 0.8564453125 0.2986111104166667 0.8701171875 0.2986111104166667 0.8759765625 0.3020833333333333 0.87890625 0.296875 0.876953125 0.26215277708333334 0.8642578125 0.23958333333333334 0.8525390625 0.23958333333333334 0.8447265625 0.24652777708333332 0.83984375 0.25868055625 0.83984375 0.28993055624999997
0 0.88671875 0.27256944375000003 0.888671875 0.29340277708333334 0.8974609375 0.31597222291666666 0.9013671875 0.31944444375000003 0.912109375 0.3177083333333333 0.9150390625 0.31597222291666666 0.921875 0.30034722291666666 0.921875 0.2795138895833333 0.91796875 0.26215277708333334 0.9091796875 0.24652777708333332 0.9013671875 0.24305555625 0.8955078125 0.24652777708333332 0.888671875 0.25868055625 0.888671875 0.26909722291666666 0.88671875 0.27256944375000003
0 0.951171875 0.41493055624999997 0.9560546875 0.4236111104166667 0.9599609375 0.4270833333333333 0.96875 0.42534722291666666 0.9716796875 0.4236111104166667 0.98046875 0.4045138895833333 0.98046875 0.36631944375000003 0.9765625 0.35243055624999997 0.9677734375 0.33680555624999997 0.9580078125 0.3333333333333333 0.9541015625 0.33680555624999997 0.9453125 0.35590277708333334 0.9453125 0.39409722291666666 0.951171875 0.41493055624999997
0 0.791015625 0.16493055625 0.791015625 0.14756944375 0.7890625 0.140625 0.7783203125 0.125 0.7705078125 0.125 0.763671875 0.13715277708333332 0.763671875 0.15798611041666666 0.7744140625 0.17708333333333334 0.787109375 0.17534722291666668 0.791015625 0.16493055625
0 0.744140625 0.18576388958333334 0.75390625 0.16840277708333332 0.75390625 0.15798611041666666 0.7490234375 0.14930555625 0.7353515625 0.14236111041666666 0.72265625 0.15798611041666666 0.72265625 0.171875 0.7255859375 0.17708333333333334 0.7314453125 0.17708333333333334 0.7392578125 0.1875 0.744140625 0.18576388958333334
0 0.763671875 0.140625 0.76953125 0.1267361104166667 0.7646484375 0.11458333333333333 0.7548828125 0.11111111041666667 0.7509765625 0.11458333333333333 0.74609375 0.1267361104166667 0.74609375 0.14409722291666668 0.7548828125 0.15972222291666668 0.763671875 0.15798611041666666 0.763671875 0.140625
0 0.708984375 0.13020833333333334 0.6962890625 0.11458333333333333 0.6904296875 0.11458333333333333 0.681640625 0.1267361104166667 0.68359375 0.15798611041666666 0.6884765625 0.17013888958333334 0.703125 0.16840277708333332 0.708984375 0.15798611041666666 0.708984375 0.13020833333333334
0 0.5478515625 0.19791666666666666 0.55859375 0.19618055625 0.568359375 0.18229166666666666 0.5703125 0.17534722291666668 0.5703125 0.15798611041666666 0.5595703125 0.13541666666666666 0.5439453125 0.13541666666666666 0.5400390625 0.13888888958333334 0.533203125 0.15451388958333334 0.533203125 0.171875 0.5439453125 0.19444444375 0.5478515625 0.19791666666666666