1 0.4845703125 0.07465277708333334 0.4845703125 0.09201388958333333 0.4865234375 0.09895833333333333 0.49481026874999995 0.11041666666666666 0.501171871875 0.11041666666666666 0.5099609375 0.109375 0.5171875 0.09331597291666666 0.5171875 0.07013888958333332 0.509375 0.05625 0.49453125 0.05625 0.49140625 0.05902777708333333 0.4845703125 0.07465277708333334
1 0.6328125 0.050520833333333334 0.6259765625 0.041840277083333335 0.6162109375 0.041840277083333335 0.609375 0.050520833333333334 0.609375 0.057465277083333335 0.6171875 0.07135416666666666 0.6171875 0.08125 0.6231640625 0.08125 0.626953125 0.06440972083333334 0.6328125 0.050520833333333334
1 0.633984375 0.051909722916666665 0.6251953125 0.07100694583333333 0.6251953125 0.08333333333333333 0.63388671875 0.08333333333333333 0.641796875 0.06927083333333334 0.649609375 0.0657986125 0.65 0.062326389583333336 0.65 0.05649305625 0.645703125 0.051909722916666665 0.633984375 0.051909722916666665
1 0.618359375 0.11145833125 0.610546875 0.1045138875 0.594921875 0.1045138875 0.584375 0.11644570416666666 0.584375 0.11724536875 0.587109375 0.12534722083333333 0.598828125 0.12881944375 0.6095703125 0.14791666458333333 0.614453125 0.17048611041666667 0.6171875015625 0.17291666666666666 0.6212890578125 0.17291666666666666 0.6232421875 0.17222222083333336 0.6271484375 0.16180555416666667 0.628125 0.14965277708333333 0.628125 0.134027775 0.6251953125 0.12361111041666667 0.618359375 0.11145833125
1 0.645703125 0.08055555416666667 0.637890625 0.08055555416666667 0.630078125 0.0875 0.6234375 0.09930555416666667 0.6234375 0.12097222083333332 0.6275669640625 0.13125 0.6304687484375 0.13125 0.6310546875 0.13090277708333334 0.637890625 0.11527777708333334 0.641796875 0.11527777708333334 0.64765625 0.10833333333333334 0.659375 0.10833333333333334 0.659375 0.09791666666666667 0.653515625 0.0875 0.645703125 0.08055555416666667
1 0.752734375 0.13524305416666668 0.733203125 0.13524305416666668 0.729296875 0.13871527708333334 0.7244140625 0.14739583125 0.7244140625 0.15434027708333334 0.7302734375 0.17170138750000002 0.73515625 0.17690972083333334 0.736230478125 0.17708333333333334 0.7465262265625 0.17708333333333334 0.75078125 0.16649305416666668 0.7625 0.16302083125 0.7640625 0.16024305416666668 0.7640625 0.15416666458333333 0.7615234375 0.14739583125 0.752734375 0.13524305416666668
1 0.772265625 0.16319444375 0.7546875 0.16319444375 0.7458984375 0.17534722291666668 0.7458984375 0.18229166666666666 0.7537109375 0.19270833333333334 0.7595703125 0.21006944375 0.7595703125 0.21701388958333334 0.7625 0.22222222291666668 0.7654296875 0.22048611041666666 0.778125 0.20486111041666666 0.7890625 0.20486111041666666 0.7890625 0.19191919166666666 0.780078125 0.17013888958333334 0.772265625 0.16319444375
1 0.799609375 0.21197916666666666 0.787890625 0.20503472083333335 0.778125 0.20503472083333335 0.7703125 0.21197916666666666 0.7615234375 0.22760416666666666 0.7693359375 0.24496527708333332 0.7751953125 0.27274305416666667 0.7771484375 0.27274305416666667 0.78984375 0.25364583333333335 0.795703125 0.25364583333333335 0.79765625 0.25017361041666664 0.8125 0.25172589791666666 0.8125 0.24253472083333336 0.8103515625 0.2310763875 0.799609375 0.21197916666666666
1 0.7244140625 0.11180555416666667 0.7234375 0.12395833333333334 0.725390625 0.12743055416666665 0.725390625 0.13784722083333334 0.7275390625 0.14166666666666666 0.7306640609375 0.14166666666666666 0.73125 0.14131944375 0.7341796875 0.13611111041666665 0.7375 0.13611111041666665 0.7375 0.12280092499999999 0.7361328125 0.11875 0.7244140625 0.11180555416666667
1 0.6640625 0.26909722291666666 0.66015625 0.2829861104166667 0.66015625 0.296875 0.658203125 0.30034722291666666 0.66015625 0.32465277708333334 0.6650390625 0.34027777708333334 0.6865234375 0.33680555624999997 0.6962890625 0.34375 0.703125 0.3420138895833333 0.70703125 0.328125 0.7177734375 0.30902777708333334 0.732421875 0.29340277708333334 0.73046875 0.2795138895833333 0.728515625 0.27256944375000003 0.7119140625 0.24652777708333332 0.7080078125 0.24652777708333332 0.7021484375 0.23958333333333334 0.6865234375 0.23958333333333334 0.6806640625 0.24305555625 0.6640625 0.26909722291666666
1 0.61640625 0.23611111041666666 0.60078125 0.22569444375 0.587109375 0.22569444375 0.57734375 0.23263888958333334 0.5607421875 0.25868055625 0.5568359375 0.2795138895833333 0.5587890625 0.3142361104166667 0.56953125 0.33680555624999997 0.5724609375 0.33506944375000003 0.5822265625 0.30381944375000003 0.598828125 0.28472222291666666 0.6046875 0.28125 0.6328125 0.2829741375 0.6328125 0.28194444375 0.6291015625 0.26215277708333334 0.61640625 0.23611111041666666
1 0.6498046875 0.3611111104166667 0.64296875 0.3767361104166667 0.637109375 0.4079861104166667 0.63515625 0.4392361104166667 0.641015625 0.4704861104166667 0.6537109375 0.49652777708333334 0.6693359375 0.5138888895833333 0.6751953125 0.5138888895833333 0.6767578125 0.5166666666666667 0.681445309375 0.5166666666666667 0.687890625 0.515625 0.7025390625 0.5104166666666666 0.71328125 0.4947916666666667 0.726953125 0.45659722291666666 0.728125 0.4503472229166666 0.728125 0.40729166666666666 0.725 0.390625 0.7162109375 0.3645833333333333 0.6947265625 0.34027777708333334 0.6806640609375 0.3375 0.676106771875 0.3375 0.6615234375 0.34722222291666666 0.6498046875 0.3611111104166667
0 0.858984375 0.5291666666666667 0.858984375 0.5222222208333334 0.8423828125 0.49270833333333336 0.8228515625 0.47881944375 0.8091796875 0.47881944375 0.8013671875 0.4857638875 0.7955078125 0.4857638875 0.7896484375 0.4961805541666667 0.7837890625 0.49965277708333333 0.769140625 0.5291666666666667 0.769140625 0.5361111104166666 0.761328125 0.5673611104166666 0.761328125 0.6159722208333334 0.7671875 0.6368055541666667 0.7671875 0.64375 0.7798828125 0.6732638875 0.7982421875 0.6895833333333333 0.8128906140625001 0.6895833333333333 0.821875 0.6888888875 0.8384765625 0.6802083333333333 0.8501953125 0.6628472208333334 0.85703125 0.6472222208333334 0.865625 0.6105555541666666 0.865625 0.55069444375 0.862890625 0.5361111104166666 0.858984375 0.5291666666666667
0 0.9017578125 0.4800347208333333 0.8939453125 0.45225694375000003 0.88125 0.4296875 0.859765625 0.4192708333333333 0.8578125 0.42274305416666663 0.844140625 0.42621527708333334 0.832421875 0.4401041666666667 0.8236328125 0.4626736104166667 0.8236328125 0.4765625 0.8265625 0.4817708333333333 0.83046875 0.4817708333333333 0.8421875 0.4921875 0.85 0.5026041666666666 0.8587890625 0.5217013875 0.8666015625 0.5564236104166667 0.8666015625 0.5772569437499999 0.8685546875 0.5807291666666666 0.8666210937500001 0.5979166666666667 0.8745954234375001 0.5979166666666667 0.887109375 0.5859375 0.8998046875 0.5598958333333334 0.9017578125 0.5390625 0.903125 0.53663194375 0.903125 0.49982638749999997 0.9017578125 0.4973958333333333 0.9017578125 0.4800347208333333
0 0.92734375 0.41267361041666667 0.915625 0.39878472291666667 0.898046875 0.3953125 0.886328125 0.40572916666666664 0.8775390625 0.4248263895833333 0.882421875 0.43003472291666667 0.8990234375 0.4630208333333333 0.8990234375 0.46996527708333335 0.9029296875 0.48038194375000004 0.9029296875 0.4942708333333333 0.9048828125 0.49774305625 0.9029469203125 0.55625 0.90966796875 0.55625 0.9234375 0.5480902770833332 0.9341796875 0.5289930562499999 0.940625 0.4974826375 0.940625 0.45694444375000004 0.9341796875 0.42829861041666667 0.92734375 0.41267361041666667
0 0.8408203125 0.3467013895833333 0.8291015625 0.33628472291666667 0.8095703125 0.33628472291666667 0.7978515625 0.3467013895833333 0.791015625 0.35885416666666664 0.7875 0.36822916666666666 0.7875 0.3834753791666667 0.7978515625 0.39184027708333335 0.810546875 0.41440972291666667 0.818359375 0.43871527708333335 0.8201985671875001 0.4583333333333333 0.8247971749999999 0.4583333333333333 0.8349609375 0.43697916666666664 0.8486328125 0.42309027708333335 0.8583984375 0.41961805625 0.8609375 0.41209490833333334 0.8609375 0.40913194375 0.8515625 0.36579861041666667 0.8408203125 0.3467013895833333
0 0.76484375 0.31319444375 0.751171875 0.29930555416666665 0.7296875 0.29930555416666665 0.723828125 0.30277777708333337 0.7072265625 0.32881944375 0.7033203125 0.34270833333333334 0.7033203125 0.34618055416666665 0.7208984375 0.37395833333333334 0.7248046875 0.38784722083333334 0.7248046875 0.39826388749999997 0.7287109375 0.40868055416666665 0.7287109375 0.41909722083333334 0.730859375 0.42291666666666666 0.7339843734375 0.42291666666666666 0.7345703125 0.42256944375 0.747265625 0.39652777708333337 0.758984375 0.3861111104166667 0.7828125 0.38102777708333335 0.7828125 0.36076388958333333 0.7775390625 0.33576388749999997 0.76484375 0.31319444375
0 0.8134765625 0.25399305625 0.8076171875 0.25399305625 0.8056640625 0.25052083333333336 0.7919921875 0.25399305625 0.7841796875 0.2609375 0.775390625 0.28003472291666665 0.7734375 0.30434027708333333 0.771875 0.30711805625 0.771875 0.30850694375000004 0.7734375 0.31128472291666665 0.7734375 0.3251736104166667 0.779296875 0.3390625 0.78291015625 0.35833333333333334 0.79189453125 0.35833333333333334 0.7998046875 0.34427083333333336 0.8095703125 0.33732638958333333 0.8173828125 0.33732638958333333 0.8193359375 0.3338541666666667 0.8212890625 0.33732638958333333 0.8349609375 0.3407986104166667 0.8375 0.33628472083333333 0.8375 0.3029513875 0.830078125 0.2765625 0.8134765625 0.25399305625
0 0.758984375 0.22621527708333333 0.747265625 0.21579861041666665 0.731640625 0.21579861041666665 0.721875 0.22274305625000002 0.7130859375 0.23836805625000002 0.7130859375 0.24878472291666667 0.719921875 0.25399305625 0.7248046875 0.26267361041666665 0.735546875 0.29913194375 0.751171875 0.29913194375 0.7647739953125 0.3104166666666667 0.76630859375 0.3104166666666667 0.7697265625 0.30434027708333333 0.7697265625 0.29739583333333336 0.7734375 0.2875 0.7734375 0.25850694583333333 0.7697265625 0.2453125 0.758984375 0.22621527708333333
0 0.739453125 0.1767361125 0.719921875 0.1767361125 0.71015625 0.18715277916666664 0.7033203125 0.20625000208333333 0.7033203125 0.23750000208333333 0.7072265609375 0.24166666666666667 0.711132815625 0.24166666666666667 0.7130859375 0.24097222291666667 0.719921875 0.22534722291666667 0.7296875 0.21493055625000002 0.74921875 0.21493055625000002 0.758984375 0.22534722291666667 0.759375 0.21909722291666667 0.759375 0.20854166666666665 0.7453125 0.18020833541666667 0.739453125 0.1767361125
0 0.715625 0.14965277708333333 0.709765625 0.14270833125000001 0.7 0.14270833125000001 0.690234375 0.14965277708333333 0.6814453125 0.16874999791666667 0.6814453125 0.17569444374999998 0.690234375 0.18437499791666667 0.6970703125 0.19999999791666667 0.7017578140625 0.20833333333333334 0.7021484375 0.20833333333333334 0.7029296875 0.20694444374999998 0.7068359375 0.19305555416666667 0.713671875 0.18090277708333333 0.725390625 0.17743055416666667 0.7296875 0.17284722083333334 0.7296875 0.17099116041666665 0.71953125 0.14965277708333333 0.715625 0.14965277708333333
0 0.627734375 0.17986111249999998 0.6140625 0.16944444583333332 0.596484375 0.16944444583333332 0.584765625 0.17986111249999998 0.5759765625 0.19895833333333332 0.5759765625 0.209375 0.580859375 0.225 0.600390625 0.225 0.60234375 0.22847222291666666 0.608203125 0.22847222291666666 0.616015625 0.23541666666666666 0.629345703125 0.2625 0.6316406265625 0.2625 0.6345703125 0.26145833333333335 0.6390625 0.242824075 0.6390625 0.2125 0.6365234375 0.19895833333333332 0.627734375 0.17986111249999998
0 0.563671875 0.19409722291666667 0.54609375 0.19062500208333333 0.528515625 0.20451388958333333 0.5236328125 0.21319444583333333 0.5177734375 0.23055555625000002 0.5158203125 0.25138888958333333 0.5177734375 0.2548611125 0.5177734375 0.26875 0.5236328125 0.28958333333333336 0.528515625 0.29826388958333333 0.5404785140625 0.3104166666666667 0.5568359375 0.3104166666666667 0.5568359375 0.2791666666666667 0.5587890625 0.27569444583333336 0.5587890625 0.26527777916666667 0.5607421875 0.25833333541666664 0.5796875 0.22802083541666668 0.5796875 0.21886574166666667 0.571484375 0.20104166874999999 0.563671875 0.19409722291666667
0 0.5986328125 0.12847222291666666 0.5849609375 0.125 0.5830078125 0.12152777708333334 0.5712890625 0.12847222291666666 0.5625 0.140625 0.559375 0.1545138875 0.559375 0.18131944375 0.5634765625 0.19444444375 0.5712890625 0.20138888958333334 0.576171875 0.19965277708333332 0.580078125 0.18923611041666666 0.5908203125 0.17361111041666666 0.5966796875 0.17013888958333334 0.6103515625 0.17013888958333334 0.6125 0.16631944583333333 0.6125 0.159375 0.611328125 0.15104166666666666 0.5986328125 0.12847222291666666
0 0.606640625 0.05260416666666667 0.60078125 0.04913194375 0.5890625 0.05260416666666667 0.5822265625 0.06475694375 0.5802734375 0.07517361041666668 0.58212890625 0.09166666666666666 0.58701171875 0.09166666666666666 0.594921875 0.08385416666666666 0.602734375 0.08385416666666666 0.6046875 0.08732638958333333 0.61640625 0.09079861041666668 0.6171875 0.07552083333333333 0.6171875 0.07100694583333333 0.6154296875 0.06475694375 0.606640625 0.05260416666666667
0 0.6515625 0.06597222291666667 0.65625 0.06875 0.6609374984375 0.06875 0.6662109375 0.06770833333333333 0.6734375 0.05807291666666667 0.6734375 0.05648148125 0.6657366062500001 0.04583333333333333 0.653125 0.04583333333333333 0.6486328125 0.05381944375 0.6515625 0.06597222291666667
0 0.666796875 0.06319444375 0.6619140625 0.071875 0.671875 0.08958333333333333 0.6734375 0.08958333333333333 0.6736328125 0.08923611041666667 0.68046875 0.07708333333333334 0.6859375 0.07291666666666667 0.6859375 0.07032828333333334 0.6765625 0.05972222083333333 0.666796875 0.06319444375
0 0.6609375 0.06892361041666667 0.655078125 0.06892361041666667 0.653125 0.06545138958333334 0.6453125 0.06545138958333334 0.6375 0.07239583333333334 0.635546875 0.07934027708333334 0.627734375 0.0828125 0.6228515625 0.09496527708333334 0.6247287328125 0.125 0.631499565625 0.125 0.64140625 0.11059027708333334 0.662890625 0.10364583333333334 0.6703125 0.0933834875 0.6703125 0.08663194375000001 0.6697265625 0.08454861041666667 0.6609375 0.06892361041666667