0 0.92578125 0.3454861104166667 0.9404296875 0.3229166666666667 0.953125 0.3177083333333333 0.9453125 0.29340277708333334 0.9326171875 0.28125 0.9248046875 0.28125 0.9140625 0.296875 0.9140625 0.30381944375000003 0.919921875 0.32118055624999997 0.921875 0.3454861104166667 0.92578125 0.3454861104166667
0 0.9326171875 0.34722222291666666 0.9443359375 0.3541666666666667 0.953125 0.3697916666666667 0.958984375 0.38715277708333334 0.958984375 0.39756944375000003 0.9609375 0.4010416666666667 0.9609375 0.4357638895833333 0.96484375 0.4357638895833333 0.9677734375 0.43402777708333334 0.97265625 0.421875 0.974609375 0.4010416666666667 0.9765625 0.39756944375000003 0.9765625 0.3732638895833333 0.96875 0.3420138895833333 0.9599609375 0.3263888895833333 0.9443359375 0.31944444375000003 0.9296875 0.3420138895833333 0.9326171875 0.34722222291666666
0 0.890625 0.3489583333333333 0.9013671875 0.3541666666666667 0.9072265625 0.3611111104166667 0.912109375 0.359375 0.921875 0.3454861104166667 0.921875 0.33506944375000003 0.9140625 0.30381944375000003 0.8994140625 0.28125 0.8837890625 0.28125 0.8759765625 0.28819444375000003 0.873046875 0.296875 0.884765625 0.3142361104166667 0.888671875 0.328125 0.890625 0.3489583333333333
0 0.8369140625 0.2986111104166667 0.830078125 0.3177083333333333 0.84375 0.33159722291666666 0.853515625 0.35243055624999997 0.853515625 0.359375 0.857421875 0.3697916666666667 0.857421875 0.3802083333333333 0.8603515625 0.3854166666666667 0.861328125 0.38368055624999997 0.8740234375 0.3576388895833333 0.8837890625 0.35069444375000003 0.8896484375 0.35069444375000003 0.890625 0.3385416666666667 0.88671875 0.328125 0.88671875 0.32118055624999997 0.8740234375 0.2986111104166667 0.8623046875 0.28819444375000003 0.8486328125 0.28819444375000003 0.8369140625 0.2986111104166667
0 0.802734375 0.24131944375 0.806640625 0.26215277708333334 0.8046875 0.30034722291666666 0.8095703125 0.3125 0.828125 0.3142361104166667 0.8310546875 0.3125 0.8388671875 0.2951388895833333 0.8515625 0.2864583333333333 0.8515625 0.26215277708333334 0.845703125 0.23784722291666668 0.8369140625 0.22222222291666668 0.8271484375 0.21527777708333332 0.8134765625 0.21527777708333332 0.802734375 0.22743055625 0.802734375 0.24131944375
0 0.744140625 0.24826388958333334 0.744140625 0.26909722291666666 0.748046875 0.28993055624999997 0.7626953125 0.31944444375000003 0.7666015625 0.31944444375000003 0.7724609375 0.3263888895833333 0.779296875 0.32465277708333334 0.7939453125 0.31597222291666666 0.80078125 0.30381944375000003 0.8046875 0.28993055624999997 0.8046875 0.24826388958333334 0.80078125 0.234375 0.7861328125 0.21180555625 0.7822265625 0.20833333333333334 0.7626953125 0.20833333333333334 0.75 0.22395833333333334 0.744140625 0.24826388958333334
0 0.701171875 0.18923611041666666 0.701171875 0.19965277708333332 0.712890625 0.21354166666666666 0.720703125 0.24131944375 0.720703125 0.27256944375000003 0.7236328125 0.27777777708333334 0.73828125 0.2760416666666667 0.7412109375 0.27430555624999997 0.744140625 0.265625 0.744140625 0.24479166666666666 0.751953125 0.22048611041666666 0.751953125 0.203125 0.7392578125 0.18055555625 0.7314453125 0.17361111041666666 0.7138671875 0.17361111041666666 0.7060546875 0.18055555625 0.701171875 0.18923611041666666
0 0.6494140625 0.21527777708333332 0.6337890625 0.22916666666666666 0.625 0.24479166666666666 0.619140625 0.27256944375000003 0.623046875 0.3072916666666667 0.625 0.3142361104166667 0.6298828125 0.3229166666666667 0.630859375 0.32118055624999997 0.638671875 0.29340277708333334 0.6513671875 0.27430555624999997 0.6630859375 0.2673611104166667 0.6845703125 0.2673611104166667 0.6943359375 0.27430555624999997 0.6953125 0.265625 0.69140625 0.25173611041666666 0.6826171875 0.23263888958333334 0.6630859375 0.21527777708333332 0.6494140625 0.21527777708333332
0 0.6826171875 0.2673611104166667 0.6630859375 0.2673611104166667 0.6455078125 0.28125 0.638671875 0.29340277708333334 0.630859375 0.32118055624999997 0.630859375 0.35590277708333334 0.640625 0.39409722291666666 0.6474609375 0.40625 0.6669921875 0.4236111104166667 0.68359375 0.421875 0.6943359375 0.4166666666666667 0.703125 0.4010416666666667 0.705078125 0.3802083333333333 0.7109375 0.359375 0.7109375 0.35243055624999997 0.716796875 0.3420138895833333 0.716796875 0.328125 0.708984375 0.296875 0.6943359375 0.27430555624999997 0.6826171875 0.2673611104166667
0 0.642578125 0.20659722291666668 0.6455078125 0.21527777708333332 0.6640625 0.21354166666666666 0.6650390625 0.20833333333333334 0.6845703125 0.19444444375 0.6982421875 0.19444444375 0.69921875 0.18576388958333334 0.6845703125 0.15625 0.6787109375 0.15277777708333332 0.6611328125 0.15277777708333332 0.6552734375 0.15625 0.64453125 0.17534722291666668 0.642578125 0.20659722291666668
0 0.5107421875 0.12847222291666666 0.5224609375 0.125 0.5234375 0.11979166666666667 0.5146484375 0.10763888958333333 0.5009765625 0.10763888958333333 0.4951171875 0.11111111041666667 0.486328125 0.1267361104166667 0.484375 0.140625 0.50390625 0.14409722291666668 0.5107421875 0.12847222291666666
0 0.521484375 0.21006944375 0.517578125 0.22743055625 0.517578125 0.24479166666666666 0.5234375 0.26909722291666666 0.5341796875 0.28819444375000003 0.5478515625 0.2986111104166667 0.55859375 0.296875 0.5673828125 0.2916666666666667 0.580078125 0.27256944375000003 0.5859375 0.25173611041666666 0.5859375 0.22395833333333334 0.578125 0.19965277708333332 0.5693359375 0.1875 0.5615234375 0.18055555625 0.5439453125 0.18055555625 0.5283203125 0.19444444375 0.521484375 0.21006944375
0 0.404296875 0.17881944375 0.4150390625 0.19444444375 0.4296875 0.19270833333333334 0.4345703125 0.19097222291666668 0.443359375 0.16840277708333332 0.443359375 0.140625 0.44140625 0.13368055625 0.4326171875 0.12152777708333334 0.4169921875 0.12152777708333334 0.404296875 0.13715277708333332 0.400390625 0.15104166666666666 0.400390625 0.16493055625 0.404296875 0.17881944375
0 0.4873046875 0.11805555625 0.490234375 0.11631944375 0.4921875 0.10590277708333334 0.4873046875 0.09722222291666666 0.4716796875 0.08680555625 0.4619140625 0.09375 0.45703125 0.10243055625 0.4580078125 0.10763888958333333 0.4619140625 0.10416666666666667 0.4775390625 0.10416666666666667 0.4833984375 0.10763888958333333 0.4873046875 0.11805555625
0 0.53125 0.11631944375 0.529296875 0.109375 0.5224609375 0.09722222291666666 0.5166015625 0.09375 0.5048828125 0.09375 0.494140625 0.109375 0.5146484375 0.10763888958333333 0.5244140625 0.12152777708333334 0.529296875 0.11979166666666667 0.53125 0.11631944375
1 0.4599609375 0.17013888958333334 0.46484375 0.16840277708333332 0.4697265625 0.15625 0.486328125 0.13715277708333332 0.48828125 0.11631944375 0.4755859375 0.10069444375 0.4677734375 0.10069444375 0.4560546875 0.10763888958333333 0.44921875 0.1267361104166667 0.44921875 0.15104166666666666 0.453125 0.16145833333333334 0.4599609375 0.17013888958333334
1 0.443359375 0.140625 0.443359375 0.16145833333333334 0.44921875 0.16145833333333334 0.44921875 0.12326388958333333 0.451171875 0.11979166666666667 0.4423828125 0.10763888958333333 0.4365234375 0.10763888958333333 0.4345703125 0.10416666666666667 0.4267578125 0.10763888958333333 0.421875 0.11979166666666667 0.4306640625 0.12152777708333334 0.4384765625 0.12847222291666666 0.443359375 0.140625
1 0.50390625 0.14409722291666668 0.5166015625 0.16666666666666666 0.517578125 0.16493055625 0.5263671875 0.15625 0.55078125 0.15451388958333334 0.546875 0.140625 0.5400390625 0.12847222291666666 0.5322265625 0.12152777708333334 0.5205078125 0.12152777708333334 0.5146484375 0.12847222291666666 0.5107421875 0.12847222291666666 0.50390625 0.140625 0.50390625 0.14409722291666668
1 0.5078125 0.22048611041666666 0.51171875 0.234375 0.5166015625 0.24305555625 0.517578125 0.24131944375 0.51953125 0.21701388958333334 0.5283203125 0.19444444375 0.5439453125 0.18055555625 0.5625 0.17881944375 0.5556640625 0.16319444375 0.5478515625 0.15625 0.5322265625 0.15277777708333332 0.515625 0.16840277708333332 0.5078125 0.19270833333333334 0.5078125 0.22048611041666666
1 0.60546875 0.14756944375 0.61328125 0.16145833333333334 0.6171875 0.17534722291666668 0.619140625 0.19618055625 0.6220703125 0.20138888958333334 0.6279296875 0.20138888958333334 0.6298828125 0.20486111041666666 0.63671875 0.203125 0.642578125 0.19618055625 0.642578125 0.18229166666666666 0.650390625 0.16145833333333334 0.650390625 0.14409722291666668 0.6455078125 0.13194444375 0.6396484375 0.12847222291666666 0.6337890625 0.11805555625 0.6201171875 0.11805555625 0.607421875 0.13715277708333332 0.60546875 0.14756944375
1 0.6865234375 0.15972222291666668 0.6943359375 0.17361111041666666 0.697265625 0.171875 0.69921875 0.16493055625 0.697265625 0.15451388958333334 0.6865234375 0.13541666666666666 0.6767578125 0.12847222291666666 0.6630859375 0.13194444375 0.65234375 0.14756944375 0.6533203125 0.15972222291666668 0.6611328125 0.15277777708333332 0.6767578125 0.15277777708333332 0.6865234375 0.15972222291666668
1 0.7431640625 0.1875 0.74609375 0.18576388958333334 0.744140625 0.17534722291666668 0.7314453125 0.15277777708333332 0.7216796875 0.14583333333333334 0.7080078125 0.14930555625 0.697265625 0.171875 0.697265625 0.18229166666666666 0.7001953125 0.1875 0.7138671875 0.17361111041666666 0.7314453125 0.17361111041666666 0.7431640625 0.1875
1 0.7822265625 0.20833333333333334 0.7978515625 0.22916666666666666 0.80078125 0.22743055625 0.802734375 0.22395833333333334 0.798828125 0.20659722291666668 0.7880859375 0.1875 0.7802734375 0.18055555625 0.7646484375 0.18055555625 0.7587890625 0.1875 0.751953125 0.203125 0.7548828125 0.21527777708333332 0.7626953125 0.20833333333333334 0.7822265625 0.20833333333333334
1 0.859375 0.39409722291666666 0.861328125 0.39756944375000003 0.861328125 0.41493055624999997 0.8642578125 0.4201388895833333 0.8701171875 0.4201388895833333 0.8818359375 0.43055555624999997 0.89453125 0.453125 0.900390625 0.4739583333333333 0.90234375 0.4947916666666667 0.9052734375 0.5 0.91015625 0.4982638895833333 0.916015625 0.48784722291666666 0.92578125 0.45659722291666666 0.92578125 0.4114583333333333 0.919921875 0.38368055624999997 0.9052734375 0.3576388895833333 0.8935546875 0.35069444375000003 0.8837890625 0.35069444375000003 0.8720703125 0.3611111104166667 0.86328125 0.3767361104166667 0.859375 0.39409722291666666
1 0.8330078125 0.3229166666666667 0.8291015625 0.31597222291666666 0.8232421875 0.3125 0.8154296875 0.3125 0.8134765625 0.31597222291666666 0.8017578125 0.31944444375000003 0.7958984375 0.3263888895833333 0.791015625 0.33506944375000003 0.787109375 0.35243055624999997 0.791015625 0.359375 0.79296875 0.3802083333333333 0.794921875 0.38368055624999997 0.794921875 0.4114583333333333 0.810546875 0.4427083333333333 0.8125 0.453125 0.8173828125 0.46180555624999997 0.8203125 0.46006944375000003 0.822265625 0.453125 0.8388671875 0.4270833333333333 0.8466796875 0.4201388895833333 0.8544921875 0.4201388895833333 0.859375 0.4045138895833333 0.857421875 0.4010416666666667 0.857421875 0.3697916666666667 0.8515625 0.3489583333333333 0.8369140625 0.3229166666666667 0.8330078125 0.3229166666666667
1 0.791015625 0.36631944375000003 0.7783203125 0.33680555624999997 0.7705078125 0.3263888895833333 0.7568359375 0.31597222291666666 0.7412109375 0.31597222291666666 0.7236328125 0.3298611104166667 0.71484375 0.3454861104166667 0.70703125 0.3697916666666667 0.70703125 0.3802083333333333 0.705078125 0.38368055624999997 0.705078125 0.41493055624999997 0.71484375 0.453125 0.720703125 0.453125 0.724609375 0.4392361104166667 0.7373046875 0.4166666666666667 0.7470703125 0.40625 0.7607421875 0.40277777708333334 0.7626953125 0.39930555624999997 0.7763671875 0.39930555624999997 0.7900390625 0.40972222291666666 0.794921875 0.4045138895833333 0.794921875 0.38715277708333334 0.791015625 0.36631944375000003
1 0.2939453125 0.25347222291666666 0.2978515625 0.25694444375 0.3125 0.2552083333333333 0.322265625 0.24479166666666666 0.326171875 0.23090277708333332 0.328125 0.20659722291666668 0.326171875 0.19618055625 0.3173828125 0.18402777708333332 0.3056640625 0.18055555625 0.2958984375 0.1875 0.287109375 0.203125 0.28515625 0.23090277708333332 0.2939453125 0.25347222291666666