0 0.6279296875 0.49583333333333335 0.642578125 0.47673611250000003 0.65234375 0.4420138895833333 0.654296875 0.396875 0.646484375 0.36215277916666666 0.6357421875 0.34305555625 0.6181640625 0.32569444583333335 0.5947265625 0.32569444583333335 0.5791015625 0.33611111250000003 0.564453125 0.36215277916666666 0.556640625 0.396875 0.556640625 0.428125 0.564453125 0.46284722291666663 0.5751953125 0.48194444583333335 0.595963540625 0.5020833333333333 0.604101571875 0.5020833333333333 0.615234375 0.5010416666666667 0.6279296875 0.49583333333333335
0 0.37109375 0.3798611104166667 0.3583984375 0.3572916666666667 0.3447265625 0.346875 0.3291015625 0.346875 0.3134765625 0.3607638875 0.298828125 0.39027777708333333 0.2953125 0.40277777708333334 0.2953125 0.4405092583333333 0.30078125 0.46319444375 0.3154296875 0.4892361104166667 0.328450521875 0.4979166666666667 0.34375 0.4979166666666667 0.3603515625 0.4857638875 0.369140625 0.4701388875 0.369140625 0.46319444375 0.3765625 0.43680555625 0.3765625 0.40624999791666666 0.37109375 0.3868055541666667 0.37109375 0.3798611104166667
0 0.298828125 0.26215277708333334 0.2953125 0.27465277708333335 0.2953125 0.30497685208333336 0.30078125 0.32118055624999997 0.3115234375 0.3333333333333333 0.330078125 0.33159722291666666 0.3349609375 0.3298611104166667 0.341796875 0.3177083333333333 0.3453125 0.30520833333333336 0.3453125 0.26493055625 0.3330078125 0.24305555625 0.3291015625 0.23958333333333334 0.3173828125 0.23958333333333334 0.3056640625 0.25 0.298828125 0.26215277708333334
0 0.181640625 0.47690972291666667 0.181640625 0.46649305625 0.185546875 0.44913194375000004 0.185546875 0.4248263895833333 0.1796875 0.4005208333333333 0.1728515625 0.38836805625 0.1552734375 0.3848958333333333 0.1494140625 0.38836805625 0.13671875 0.41440972291666667 0.134765625 0.4248263895833333 0.134765625 0.4560763895833333 0.140625 0.47690972291666667 0.1474609375 0.4890625 0.16240234375 0.49375 0.16513671875 0.49375 0.1748046875 0.4890625 0.181640625 0.47690972291666667
0 0.284375 0.23645833333333333 0.2765625 0.22951388958333335 0.270703125 0.22951388958333335 0.2609375 0.23645833333333333 0.2521484375 0.2520833333333333 0.2501953125 0.2625 0.2501953125 0.2833333333333333 0.2521484375 0.2902777791666667 0.258984375 0.30243055625 0.26728515625 0.30833333333333335 0.2705078125 0.30833333333333335 0.2716796875 0.3076388895833333 0.282421875 0.30243055625 0.2853515625 0.29722222291666667 0.290625 0.27222222291666665 0.290625 0.26319444583333335 0.2892578125 0.24861111249999998 0.284375 0.23645833333333333
0 0.290234375 0.20277777916666664 0.2853515625 0.19409722291666667 0.2736328125 0.19062500208333333 0.262890625 0.20625000208333333 0.2609375 0.21319444583333333 0.2619140625 0.23229166874999999 0.2736328125 0.22881944583333333 0.2794921875 0.23229166874999999 0.2824218734375 0.2375 0.28828125 0.2375 0.2921875 0.21319444583333333 0.290234375 0.20277777916666664
0 0.1181640625 0.3642361104166667 0.123046875 0.3555555541666667 0.123046875 0.3451388875 0.125 0.3416666666666667 0.123046875 0.32083333333333336 0.1142578125 0.31215277708333333 0.1064453125 0.315625 0.1015625 0.33125 0.1015625 0.35208333333333336 0.103515625 0.35902777708333333 0.10953125 0.36666666666666664 0.1121093734375 0.36666666666666664 0.11328125 0.3659722208333333 0.1181640625 0.3642361104166667
0 0.037890625 0.4197916666666667 0.0310546875 0.4284722208333333 0.0271484375 0.45625 0.033458534375 0.47708333333333336 0.0408203125 0.47708333333333336 0.0466796875 0.4701388875 0.046875 0.46909722083333333 0.046875 0.43104166666666666 0.04375 0.4232638875 0.037890625 0.4197916666666667
1 0.065234375 0.38229166666666664 0.0564453125 0.3944444458333333 0.0544921875 0.4256944458333333 0.059235490625 0.4375 0.0615234421875 0.4375 0.0701171875 0.4361111125 0.075 0.42453703750000005 0.075 0.3954861104166667 0.07109375 0.3857638895833333 0.065234375 0.38229166666666664
1 0.233984375 0.24826388958333334 0.2427734375 0.25347222291666666 0.2466796875 0.2604166666666667 0.249609375 0.25868055625 0.2609375 0.2351851854166667 0.2609375 0.21651785833333334 0.2544921875 0.20833333333333334 0.2427734375 0.20833333333333334 0.233984375 0.22743055625 0.233984375 0.24826388958333334
1 0.287890625 0.16979166874999999 0.2791015625 0.18194444583333333 0.2791015625 0.18888888958333333 0.2859375 0.19409722291666667 0.2908203125 0.20277777916666664 0.293424478125 0.21666666666666667 0.2986328140625 0.21666666666666667 0.303125 0.20601852083333333 0.303125 0.1829861125 0.295703125 0.16979166874999999 0.287890625 0.16979166874999999
1 0.2498046875 0.26527777708333333 0.24296875 0.253125 0.23125 0.24965277708333333 0.2234375 0.25659722083333336 0.2166015625 0.26875 0.2146484375 0.27569444375 0.2146484375 0.30694444375 0.2234375 0.32256944375 0.2275390625 0.325 0.23339843437500002 0.325 0.2361328125 0.3243055541666667 0.241015625 0.32256944375 0.2458984375 0.3138888875 0.25 0.29444444375 0.25 0.2829861104166667 0.2498046875 0.2826388875 0.2498046875 0.26527777708333333
0 0.198828125 0.23541666666666666 0.1919921875 0.25104166666666666 0.1919921875 0.271875 0.1984375 0.2833333333333333 0.2031250046875 0.2833333333333333 0.2095703125 0.28229166666666666 0.2125 0.27708333333333335 0.2125 0.25277777916666666 0.2115234375 0.25104166666666666 0.2125 0.24930555625 0.2125 0.23352272708333333 0.202734375 0.23194444583333332 0.198828125 0.23541666666666666
0 0.2255859375 0.21909722291666667 0.212890625 0.23472222291666667 0.2109375 0.25555555625 0.21361607187499998 0.26666666666666666 0.2167968765625 0.26666666666666666 0.21875 0.26597222291666667 0.2255859375 0.2538194458333333 0.234375 0.24861111249999998 0.234375 0.22777777916666667 0.2314453125 0.21909722291666667 0.2255859375 0.21909722291666667
1 0.2357421875 0.20555555416666668 0.22890625 0.21770833333333334 0.2330078125 0.225 0.2361328109375 0.225 0.23671875 0.22465277708333334 0.24375 0.21215277708333333 0.24375 0.20937499791666667 0.2416015625 0.20555555416666668 0.2357421875 0.20555555416666668
0 0.376953125 0.2795138895833333 0.37890625 0.28993055624999997 0.3896484375 0.30902777708333334 0.3935546875 0.30902777708333334 0.3994140625 0.31597222291666666 0.416015625 0.3142361104166667 0.4287109375 0.30555555624999997 0.43359375 0.296875 0.435546875 0.28993055624999997 0.435546875 0.25868055625 0.4296875 0.23090277708333332 0.4248046875 0.22222222291666668 0.4208984375 0.22222222291666668 0.4150390625 0.21527777708333332 0.3974609375 0.21527777708333332 0.380859375 0.24131944375 0.376953125 0.26215277708333334 0.376953125 0.2795138895833333
0 0.3755859375 0.20486111041666666 0.3677734375 0.21180555625 0.3609375 0.22395833333333334 0.35703125 0.23784722291666668 0.35703125 0.24826388958333334 0.355078125 0.25173611041666666 0.35703125 0.2552083333333333 0.358984375 0.2760416666666667 0.3658203125 0.28819444375000003 0.3736328125 0.2951388895833333 0.38046875 0.29340277708333334 0.3765625 0.2795138895833333 0.378515625 0.24826388958333334 0.38046875 0.24131944375 0.396875 0.21539351875 0.396875 0.21145833333333333 0.3931640625 0.20486111041666666 0.3755859375 0.20486111041666666