1 0.1955078125 0.6444444458333333 0.17890625 0.61493055625 0.1671875 0.6045138895833334 0.149609375 0.6045138895833334 0.1359375 0.61493055625 0.1212890625 0.6444444458333333 0.1193359375 0.66875 0.1173828125 0.6722222229166667 0.1173828125 0.7034722229166667 0.1193359375 0.7069444458333333 0.1193359375 0.7173611125 0.1271484375 0.7486111125 0.1359375 0.7677083333333333 0.141796875 0.77118055625 0.14765625 0.7815972229166667 0.154296875 0.7875 0.1677734421875 0.7875 0.1759765625 0.78680555625 0.1828125 0.7850694458333333 0.188671875 0.778125 0.2033203125 0.7416666666666667 0.2033203125 0.72430555625 0.2046875 0.721875 0.2046875 0.7072916666666667 0.2033203125 0.6756944458333333 0.1955078125 0.6444444458333333
1 0.1591796875 0.44722222291666663 0.1513671875 0.44027777916666666 0.1416015625 0.44027777916666666 0.125 0.459375 0.119140625 0.48020833333333335 0.1171875 0.5114583333333333 0.12109375 0.5322916666666667 0.1337890625 0.5583333333333333 0.1455078125 0.5618055562500001 0.1470703125 0.5645833333333333 0.1486328140625 0.5645833333333333 0.150390625 0.5635416666666667 0.1630859375 0.5513888895833333 0.16796875 0.5392361124999999 0.171875 0.5184027791666667 0.171875 0.48020833333333335 0.166015625 0.459375 0.1591796875 0.44722222291666663
1 0.0837890625 0.6125 0.0798828125 0.6020833333333333 0.0798828125 0.5951388875 0.0759765625 0.5847222208333334 0.065234375 0.5690972208333334 0.059375 0.565625 0.049609375 0.5690972208333334 0.0388671875 0.5916666666666667 0.0369140625 0.6020833333333333 0.0369140625 0.6333333333333333 0.03984375 0.63506944375 0.04375 0.628125 0.059375 0.628125 0.0671875 0.63506944375 0.0800998265625 0.6645833333333333 0.0837890625 0.6645833333333333 0.084375 0.6541666666666667 0.084375 0.6274305541666667 0.0837890625 0.6263888875 0.0837890625 0.6125
1 0.1943359375 0.47604166666666664 0.205078125 0.45347222291666667 0.205078125 0.4465277791666667 0.208984375 0.4361111125 0.208984375 0.41180555625 0.205078125 0.3944444458333333 0.2001953125 0.3892361125 0.1962890625 0.3788194458333333 0.1865234375 0.371875 0.1806640625 0.371875 0.1708984375 0.3788194458333333 0.1640625 0.3944444458333333 0.16015625 0.4083333333333333 0.158203125 0.4326388895833333 0.162109375 0.45347222291666667 0.1708984375 0.4725694458333333 0.1748046875 0.4725694458333333 0.18037109375 0.4791666666666667 0.18281250468750002 0.4791666666666667 0.19140625 0.4777777791666667 0.1943359375 0.47604166666666664
1 0.237890625 0.3142361104166667 0.23203125 0.33506944375000003 0.23203125 0.36284722291666666 0.2447265625 0.3888888895833333 0.2494140625 0.39166666666666666 0.254882809375 0.39166666666666666 0.261328125 0.390625 0.2662109375 0.3888888895833333 0.27109375 0.3802083333333333 0.27109375 0.35243055624999997 0.278125 0.32743055416666667 0.278125 0.31592261875 0.2720703125 0.3020833333333333 0.2650390625 0.29583333333333334 0.2535156265625 0.29583333333333334 0.2447265625 0.3020833333333333 0.237890625 0.3142361104166667
1 0.2755859375 0.33506944375000003 0.271875 0.36475694375 0.271875 0.36724536874999997 0.2775390625 0.39409722291666666 0.282421875 0.40277777708333334 0.29609375 0.4166666666666667 0.3048828125 0.41493055624999997 0.313671875 0.40972222291666666 0.3224609375 0.39756944375000003 0.3302734375 0.3732638895833333 0.3302734375 0.359375 0.33125 0.3576388895833333 0.33125 0.3541666666666667 0.3302734375 0.35243055624999997 0.3302734375 0.33506944375000003 0.3283203125 0.328125 0.317578125 0.30902777708333334 0.3078125 0.3020833333333333 0.29609375 0.3020833333333333 0.2814453125 0.3177083333333333 0.2755859375 0.33506944375000003
1 0.4318359375 0.22708333541666667 0.423046875 0.21493055625000002 0.4171875 0.21493055625000002 0.415234375 0.21145833541666667 0.4015625 0.21493055625000002 0.39765625 0.21840277916666664 0.3869140625 0.24097222291666667 0.3849609375 0.26527777916666667 0.3908203125 0.28958333333333336 0.4000279 0.3 0.4044921875 0.3 0.4083984375 0.28958333333333336 0.419140625 0.27395833333333336 0.4375 0.2653691541666667 0.4375 0.26250000208333335 0.4357421875 0.23750000208333333 0.4318359375 0.22708333541666667
1 0.4041015625 0.30034722291666666 0.4041015625 0.3072916666666667 0.4001953125 0.3177083333333333 0.4001953125 0.3489583333333333 0.4041015625 0.36631944375000003 0.412890625 0.38194444375000003 0.428515625 0.3958333333333333 0.4353515625 0.39409722291666666 0.4373046875 0.390625 0.4392578125 0.3697916666666667 0.4431640625 0.359375 0.4607421875 0.33159722291666666 0.4640625 0.30503472291666667 0.4640625 0.29826388958333333 0.4626953125 0.29340277708333334 0.45 0.27430555624999997 0.444140625 0.2708333333333333 0.424609375 0.2708333333333333 0.4109375 0.28472222291666666 0.4041015625 0.30034722291666666
1 0.533984375 0.1875 0.528125 0.18402777708333332 0.514453125 0.18402777708333332 0.5046875 0.19444444375 0.4978515625 0.21006944375 0.4958984375 0.21701388958333334 0.4958984375 0.23784722291666668 0.5017578125 0.25868055625 0.514453125 0.27430555624999997 0.5310546875 0.27256944375000003 0.5447265625 0.25173611041666666 0.546875 0.2421875 0.546875 0.21614583333333334 0.5447265625 0.20659722291666668 0.533984375 0.1875
1 0.710546875 0.24270833333333333 0.694921875 0.22881944375 0.683203125 0.22881944375 0.66953125 0.24270833333333333 0.6626953125 0.25833333333333336 0.6607421875 0.2791666666666667 0.6587890625 0.2826388875 0.6607421875 0.3 0.6646484375 0.3173611104166667 0.675390625 0.33645833333333336 0.6859375 0.3458333333333333 0.69472655625 0.3458333333333333 0.6998046875 0.3451388875 0.710546875 0.33645833333333336 0.7212890625 0.3138888875 0.721875 0.3107638875 0.721875 0.2708333333333333 0.7173828125 0.25486111041666665 0.710546875 0.24270833333333333
1 0.8505859375 0.32708333333333334 0.85546875 0.31493055416666665 0.857421875 0.28368055416666665 0.8515625 0.2559027770833333 0.8408203125 0.24027777708333334 0.8369140625 0.23680555416666668 0.8232421875 0.23680555416666668 0.8125 0.25243055416666665 0.806640625 0.27326388749999997 0.806640625 0.28715277708333337 0.810546875 0.3079861104166667 0.8212890625 0.33055555416666665 0.8314453140625 0.33958333333333335 0.836914059375 0.33958333333333335 0.837890625 0.3392361104166667 0.8505859375 0.32708333333333334
0 0.67421875 0.165625 0.6634765625 0.14652777708333334 0.6478515625 0.14305555416666668 0.63515625 0.16215277708333334 0.633203125 0.16909722083333334 0.633203125 0.18645833333333334 0.637109375 0.20034722083333334 0.6439453125 0.2125 0.6462890640625 0.21458333333333332 0.6595703046875 0.21458333333333332 0.6625 0.21423611041666665 0.6693359375 0.20902777708333334 0.67421875 0.19340277708333334 0.67421875 0.18298611041666665 0.675 0.18159722083333335 0.675 0.17743055416666667 0.67421875 0.17604166666666668 0.67421875 0.165625
0 0.59296875 0.26458333333333334 0.57734375 0.2611111104166667 0.575390625 0.2576388875 0.5734375 0.2611111104166667 0.563671875 0.2611111104166667 0.548046875 0.27847222083333334 0.5431640625 0.290625 0.5375 0.32083333333333336 0.5375 0.32430555624999996 0.5392578125 0.34618055416666665 0.5451171875 0.36354166666666665 0.559765625 0.3861111104166667 0.5660156265625 0.39166666666666666 0.582421865625 0.39166666666666666 0.5861328125 0.39131944375 0.60078125 0.37569444375 0.6076171875 0.36354166666666665 0.6125 0.3403935166666667 0.6125 0.30740740625 0.6076171875 0.28715277708333337 0.59296875 0.26458333333333334
0 0.537109375 0.3494791666666667 0.537109375 0.32170138958333333 0.53125 0.30086805624999996 0.5185546875 0.2782986104166667 0.5087890625 0.2713541666666667 0.4912109375 0.2713541666666667 0.4794921875 0.28177083333333336 0.46875 0.29739583333333336 0.462890625 0.3182291666666667 0.4638671875 0.33038194375 0.4892578125 0.32690972291666665 0.4912109375 0.33038194375 0.5029296875 0.3338541666666667 0.515625 0.35295138958333333 0.521484375 0.36684027708333333 0.5232177734375 0.37916666666666665 0.52822265625 0.37916666666666665 0.53125 0.37378472291666665 0.537109375 0.3494791666666667
0 0.503125 0.3326388895833333 0.49140625 0.32916666666666666 0.489453125 0.32569444583333335 0.469921875 0.32569444583333335 0.458203125 0.33611111250000003 0.4416015625 0.365625 0.4376953125 0.38298611250000003 0.4376953125 0.42465277916666666 0.4416015625 0.4420138895833333 0.45625 0.46805555625 0.4729492171875 0.48125 0.4804687578125 0.48125 0.4904296875 0.48020833333333335 0.508984375 0.46458333333333335 0.5197265625 0.4420138895833333 0.525 0.4201388895833333 0.525 0.37769097291666665 0.5177734375 0.35520833333333335 0.503125 0.3326388895833333
0 0.2076171875 0.33038194375 0.1939453125 0.3407986104166667 0.1890625 0.3494791666666667 0.18515625 0.3703125 0.1880859375 0.37552083333333336 0.1958984375 0.37899305624999996 0.2046875 0.39461805624999996 0.20859375 0.40850694375 0.20859375 0.425 0.21754557343749997 0.425 0.2232421875 0.42065972291666665 0.226171875 0.4119791666666667 0.226171875 0.40503472291666665 0.23125 0.389988425 0.23125 0.36176549166666666 0.2193359375 0.33732638958333333 0.2076171875 0.33038194375
0 0.14453125 0.390625 0.140625 0.4045138895833333 0.140625 0.42881944375000003 0.142578125 0.4392361104166667 0.1501953140625 0.44375 0.1541015609375 0.44375 0.158203125 0.4427083333333333 0.16015625 0.4045138895833333 0.171875 0.3767361104166667 0.171875 0.3732638895833333 0.16764322812500002 0.36875 0.16464843906249998 0.36875 0.1552734375 0.37152777708333334 0.14453125 0.390625
0 0.062890625 0.5 0.053125 0.49652777708333334 0.0404296875 0.515625 0.0365234375 0.5364583333333334 0.0384765625 0.5642361104166667 0.043359375 0.5763888895833333 0.055078125 0.5659722229166667 0.0609375 0.5659722229166667 0.0716796875 0.5746527770833333 0.0734375 0.5684027770833333 0.0734375 0.5284722229166666 0.0716796875 0.5190972229166666 0.062890625 0.5
0 0.0798828125 0.6611111104166666 0.0740234375 0.6472222208333334 0.061328125 0.628125 0.04375 0.628125 0.0369140625 0.6402777770833333 0.0310546875 0.6611111104166666 0.0310546875 0.675 0.0291015625 0.6784722208333334 0.0310546875 0.7166666666666667 0.0388671875 0.74444444375 0.045703125 0.76006944375 0.053841146875 0.76875 0.0720703125 0.76875 0.0798828125 0.7583333333333333 0.084375 0.7423611104166666 0.084375 0.6934027770833333 0.0837890625 0.6923611104166666 0.0798828125 0.6611111104166666
0 0.3408203125 0.9868055541666667 0.3505859375 0.9729166666666667 0.36328125 0.9503472208333333 0.37109375 0.9225694437499999 0.375 0.8739583333333333 0.373046875 0.8704861104166667 0.373046875 0.853125 0.37109375 0.8496527770833333 0.369140625 0.8288194437499999 0.361328125 0.8045138875000001 0.3369140625 0.7611111104166667 0.3212890625 0.7472222208333333 0.3037109375 0.7402777770833333 0.3017578125 0.7368055541666667 0.2763671875 0.7368055541666667 0.2705078125 0.7402777770833333 0.2470703125 0.7645833333333333 0.232421875 0.7975694437499999 0.23046875 0.8184027770833333 0.228515625 0.821875 0.228515625 0.8357638875000001 0.2265625 0.8392361104166667 0.2265625 0.8635416666666667 0.228515625 0.8670138875000001 0.228515625 0.8809027770833333 0.232421875 0.9017361104166667 0.24609375 0.9434027770833333 0.2607421875 0.9694444437499999 0.2724609375 0.9833333333333333 0.2900390640625 0.9958333333333333 0.3208984203125 0.9958333333333333 0.328125 0.9954861104166667 0.3408203125 0.9868055541666667
0 0.6154296875 0.58819444375 0.6056640625 0.55694444375 0.58515625 0.5239583333333333 0.565625 0.5100694437500001 0.53828125 0.5100694437500001 0.536328125 0.5135416666666667 0.53046875 0.5135416666666667 0.508984375 0.534375 0.4923828125 0.5673611104166666 0.4865234375 0.5986111104166666 0.4865234375 0.6541666666666667 0.4982421875 0.6958333333333333 0.51484375 0.721875 0.520703125 0.7253472208333334 0.524609375 0.7322916666666667 0.5404296875 0.7416666666666667 0.5544921781250001 0.7416666666666667 0.5626953125 0.7409722208333334 0.58515625 0.72881944375 0.598828125 0.7114583333333333 0.6076171875 0.6923611104166666 0.6171875 0.65493055625 0.6171875 0.6017361104166666 0.6154296875 0.5986111104166666 0.6154296875 0.58819444375
0 0.9705078125 0.3732638895833333 0.9666015625 0.390625 0.9685546875 0.42881944375000003 0.97508680625 0.44375 0.9765625 0.44375 0.9783203125 0.4427083333333333 0.987109375 0.4201388895833333 0.9984375 0.4123931625 0.9984375 0.36824495 0.9896763390625001 0.35833333333333334 0.982421875 0.35833333333333334 0.975390625 0.3645833333333333 0.9705078125 0.3732638895833333