1 0.62890625 0.14756944375 0.625 0.16145833333333334 0.625 0.171875 0.640625 0.19965277708333332 0.640625 0.20659722291666668 0.64453125 0.21354166666666666 0.646484375 0.234375 0.6494140625 0.24305555625 0.6533203125 0.24652777708333332 0.66796875 0.24479166666666666 0.6826171875 0.23611111041666666 0.69140625 0.22048611041666666 0.6953125 0.20659722291666668 0.6953125 0.171875 0.6875 0.14756944375 0.6728515625 0.125 0.6669921875 0.12152777708333334 0.6494140625 0.12152777708333334 0.6396484375 0.12847222291666666 0.62890625 0.14756944375
1 0.5634765625 0.23263888958333334 0.5419921875 0.21875 0.5263671875 0.21875 0.5107421875 0.22916666666666666 0.494140625 0.2552083333333333 0.486328125 0.2864583333333333 0.486328125 0.3142361104166667 0.4912109375 0.3229166666666667 0.4970703125 0.3263888895833333 0.5009765625 0.3333333333333333 0.5048828125 0.3333333333333333 0.5146484375 0.34722222291666666 0.5302734375 0.3854166666666667 0.54296875 0.38368055624999997 0.5615234375 0.375 0.572265625 0.359375 0.58203125 0.328125 0.58203125 0.3107638895833333 0.583984375 0.3072916666666667 0.58203125 0.30034722291666666 0.58203125 0.2829861104166667 0.578125 0.26215277708333334 0.5703125 0.24131944375 0.5634765625 0.23263888958333334
1 0.5341796875 0.14583333333333334 0.5166015625 0.14930555625 0.5087890625 0.15625 0.49609375 0.17881944375 0.4921875 0.19618055625 0.4921875 0.203125 0.5 0.21701388958333334 0.50390625 0.23090277708333332 0.509765625 0.23090277708333332 0.5244140625 0.21875 0.5439453125 0.21875 0.5458984375 0.22222222291666668 0.5576171875 0.22569444375 0.560546875 0.22048611041666666 0.56640625 0.18576388958333334 0.564453125 0.17881944375 0.5478515625 0.15277777708333332 0.5361328125 0.14930555625 0.5341796875 0.14583333333333334
1 0.5341796875 0.14583333333333334 0.5498046875 0.15625 0.5546875 0.15451388958333334 0.55859375 0.140625 0.56640625 0.1267361104166667 0.5576171875 0.10763888958333333 0.5419921875 0.09722222291666666 0.5283203125 0.09722222291666666 0.5224609375 0.10069444375 0.509765625 0.11979166666666667 0.505859375 0.13368055625 0.5146484375 0.14930555625 0.5341796875 0.14583333333333334
1 0.4013671875 0.26388888958333334 0.3916015625 0.2708333333333333 0.375 0.296875 0.365234375 0.33506944375000003 0.365234375 0.3697916666666667 0.37109375 0.39409722291666666 0.376953125 0.4079861104166667 0.3955078125 0.43055555624999997 0.4013671875 0.43402777708333334 0.412109375 0.4322916666666667 0.4140625 0.39409722291666666 0.423828125 0.359375 0.43359375 0.3385416666666667 0.4404296875 0.3298611104166667 0.4580078125 0.3229166666666667 0.4609375 0.3177083333333333 0.45703125 0.30034722291666666 0.4423828125 0.27430555624999997 0.4306640625 0.26388888958333334 0.4013671875 0.26388888958333334
1 0.4189453125 0.16319444375 0.4033203125 0.17361111041666666 0.39453125 0.18576388958333334 0.384765625 0.21701388958333334 0.384765625 0.22743055625 0.3828125 0.23090277708333332 0.3974609375 0.26388888958333334 0.408203125 0.26215277708333334 0.4189453125 0.2604166666666667 0.421875 0.2552083333333333 0.421875 0.24479166666666666 0.4296875 0.22048611041666666 0.4384765625 0.20486111041666666 0.4501953125 0.19791666666666666 0.453125 0.19270833333333334 0.4482421875 0.17708333333333334 0.4306640625 0.16319444375 0.4189453125 0.16319444375
1 0.4365234375 0.125 0.4189453125 0.125 0.4072265625 0.13541666666666666 0.3984375 0.15104166666666666 0.39453125 0.16493055625 0.39453125 0.18229166666666666 0.396484375 0.18229166666666666 0.4111328125 0.16666666666666666 0.4169921875 0.16666666666666666 0.4189453125 0.16319444375 0.4306640625 0.16319444375 0.4423828125 0.17361111041666666 0.4462890625 0.17361111041666666 0.44921875 0.16840277708333332 0.453125 0.14756944375 0.4482421875 0.13541666666666666 0.4365234375 0.125
1 0.3251953125 0.21875 0.3056640625 0.21875 0.2939453125 0.22916666666666666 0.287109375 0.24131944375 0.279296875 0.265625 0.27734375 0.28993055624999997 0.279296875 0.29340277708333334 0.279296875 0.3107638895833333 0.283203125 0.32465277708333334 0.2919921875 0.34027777708333334 0.3017578125 0.34722222291666666 0.306640625 0.3454861104166667 0.3173828125 0.34375 0.3203125 0.3385416666666667 0.318359375 0.3177083333333333 0.31640625 0.3142361104166667 0.318359375 0.2864583333333333 0.32421875 0.25868055625 0.3349609375 0.24305555625 0.337890625 0.234375 0.3310546875 0.22222222291666668 0.3251953125 0.21875
0 0.3662109375 0.22569444375 0.3466796875 0.22916666666666666 0.3310546875 0.24652777708333332 0.322265625 0.265625 0.318359375 0.2864583333333333 0.318359375 0.30034722291666666 0.31640625 0.30381944375000003 0.3203125 0.3385416666666667 0.3330078125 0.3611111104166667 0.3466796875 0.375 0.361328125 0.3732638895833333 0.365234375 0.36631944375000003 0.365234375 0.33159722291666666 0.37109375 0.3107638895833333 0.37109375 0.30381944375000003 0.39453125 0.265625 0.392578125 0.2552083333333333 0.3818359375 0.23611111041666666 0.3759765625 0.22916666666666666 0.3681640625 0.22916666666666666 0.3662109375 0.22569444375
0 0.3505859375 0.17361111041666666 0.337890625 0.19618055625 0.333984375 0.21354166666666666 0.333984375 0.22395833333333334 0.3388671875 0.23611111041666666 0.341796875 0.234375 0.3564453125 0.22569444375 0.3681640625 0.22569444375 0.3701171875 0.22916666666666666 0.3818359375 0.23263888958333334 0.384765625 0.21354166666666666 0.39453125 0.18229166666666666 0.3896484375 0.17361111041666666 0.3759765625 0.16319444375 0.3642578125 0.16319444375 0.3505859375 0.17361111041666666
0 0.5068359375 0.33680555624999997 0.4912109375 0.3229166666666667 0.4833984375 0.3229166666666667 0.4814453125 0.31944444375000003 0.4638671875 0.31944444375000003 0.4384765625 0.3333333333333333 0.419921875 0.3697916666666667 0.412109375 0.4114583333333333 0.4140625 0.44965277708333334 0.421875 0.48090277708333334 0.4365234375 0.50694444375 0.4482421875 0.5208333333333334 0.4638671875 0.52430555625 0.4658203125 0.5277777770833334 0.47265625 0.5260416666666666 0.4892578125 0.52430555625 0.5068359375 0.5104166666666666 0.5234375 0.47743055624999997 0.52734375 0.4635416666666667 0.529296875 0.4322916666666667 0.53125 0.42881944375000003 0.53125 0.4045138895833333 0.52734375 0.38368055624999997 0.517578125 0.35590277708333334 0.5068359375 0.33680555624999997
0 0.4384765625 0.20486111041666666 0.42578125 0.23090277708333332 0.421875 0.24479166666666666 0.421875 0.25868055625 0.4248046875 0.26388888958333334 0.4365234375 0.2673611104166667 0.4462890625 0.27777777708333334 0.453125 0.28993055624999997 0.4638671875 0.31944444375000003 0.470703125 0.3177083333333333 0.4794921875 0.31597222291666666 0.482421875 0.3107638895833333 0.486328125 0.2795138895833333 0.49609375 0.24826388958333334 0.50390625 0.23784722291666668 0.50390625 0.23090277708333332 0.4892578125 0.20138888958333334 0.4716796875 0.19097222291666668 0.4599609375 0.19097222291666668 0.4384765625 0.20486111041666666
0 0.4541015625 0.19097222291666668 0.4716796875 0.19097222291666668 0.4873046875 0.20138888958333334 0.4921875 0.19965277708333332 0.49609375 0.17881944375 0.513671875 0.15104166666666666 0.5068359375 0.13888888958333334 0.4951171875 0.12847222291666666 0.4853515625 0.12847222291666666 0.4814453125 0.125 0.4638671875 0.13541666666666666 0.451171875 0.15798611041666666 0.44921875 0.17881944375 0.4541015625 0.19097222291666668
0 0.451171875 0.12326388958333333 0.44921875 0.13715277708333332 0.451171875 0.14409722291666668 0.4541015625 0.14930555625 0.455078125 0.14756944375 0.4716796875 0.12847222291666666 0.4951171875 0.12847222291666666 0.5048828125 0.13541666666666666 0.5078125 0.1267361104166667 0.5078125 0.11631944375 0.4990234375 0.10069444375 0.4912109375 0.09375 0.4716796875 0.09375 0.4580078125 0.10763888958333333 0.451171875 0.12326388958333333
0 0.5869140625 0.11458333333333333 0.5693359375 0.125 0.55859375 0.140625 0.5546875 0.15451388958333334 0.56640625 0.18576388958333334 0.5703125 0.18576388958333334 0.5751953125 0.17708333333333334 0.5927734375 0.16319444375 0.6083984375 0.16319444375 0.6220703125 0.17361111041666666 0.6240234375 0.17361111041666666 0.625 0.16840277708333332 0.619140625 0.14409722291666668 0.6103515625 0.12847222291666666 0.5986328125 0.11805555625 0.5869140625 0.11458333333333333
0 0.5751953125 0.17708333333333334 0.56640625 0.19270833333333334 0.560546875 0.21701388958333334 0.560546875 0.22743055625 0.5693359375 0.23958333333333334 0.578125 0.25868055625 0.58203125 0.27256944375000003 0.583984375 0.3072916666666667 0.5869140625 0.3125 0.5908203125 0.31597222291666666 0.611328125 0.3142361104166667 0.6259765625 0.3020833333333333 0.6298828125 0.3020833333333333 0.640625 0.2829861104166667 0.646484375 0.26215277708333334 0.646484375 0.22743055625 0.63671875 0.19270833333333334 0.6240234375 0.17361111041666666 0.6083984375 0.16319444375 0.5927734375 0.16319444375 0.5751953125 0.17708333333333334
0 0.1953125 0.21006944375 0.1953125 0.19270833333333334 0.1884765625 0.17708333333333334 0.1767578125 0.17361111041666666 0.169921875 0.17881944375 0.1640625 0.19965277708333332 0.1640625 0.22048611041666666 0.1708984375 0.23263888958333334 0.181640625 0.23090277708333332 0.1953125 0.21006944375