0 0.3505859375 0.46875 0.3447265625 0.46527777708333334 0.3408203125 0.4583333333333333 0.3291015625 0.4548611104166667 0.3271484375 0.4513888895833333 0.3193359375 0.4513888895833333 0.2900390625 0.46875 0.275390625 0.4947916666666667 0.267578125 0.5260416666666666 0.267578125 0.5850694437499999 0.275390625 0.6163194437499999 0.2861328125 0.6354166666666666 0.3115234375 0.65625 0.32421875 0.6579861104166667 0.3388671875 0.6527777770833333 0.357421875 0.6302083333333334 0.37109375 0.5954861104166667 0.373046875 0.5850694437499999 0.373046875 0.5538194437499999 0.375 0.5503472229166667 0.373046875 0.546875 0.37109375 0.5190972229166666 0.359375 0.484375 0.3505859375 0.46875
0 0.3115234375 0.375 0.3076171875 0.375 0.291015625 0.4079861104166667 0.291015625 0.41493055624999997 0.28515625 0.4357638895833333 0.2880859375 0.46875 0.2919921875 0.46875 0.2958984375 0.46180555624999997 0.3134765625 0.4513888895833333 0.3310546875 0.4513888895833333 0.3486328125 0.46527777708333334 0.3564453125 0.47569444375000003 0.361328125 0.4739583333333333 0.361328125 0.44618055624999997 0.36328125 0.4427083333333333 0.36328125 0.4322916666666667 0.37109375 0.4079861104166667 0.37109375 0.4010416666666667 0.369140625 0.39409722291666666 0.3544921875 0.37152777708333334 0.3427734375 0.3645833333333333 0.3232421875 0.3645833333333333 0.3115234375 0.375
0 0.27734375 0.3454861104166667 0.271484375 0.3697916666666667 0.26953125 0.39409722291666666 0.271484375 0.39756944375000003 0.271484375 0.4114583333333333 0.275390625 0.421875 0.275390625 0.42881944375000003 0.2822265625 0.44097222291666666 0.28515625 0.4392361104166667 0.29296875 0.4010416666666667 0.3037109375 0.37847222291666666 0.3232421875 0.3645833333333333 0.345703125 0.36284722291666666 0.34375 0.3489583333333333 0.3349609375 0.3298611104166667 0.3193359375 0.31597222291666666 0.3017578125 0.31597222291666666 0.2880859375 0.3263888895833333 0.27734375 0.3454861104166667
0 0.2958984375 0.31944444375000003 0.2998046875 0.31597222291666666 0.3193359375 0.31597222291666666 0.3251953125 0.31944444375000003 0.3330078125 0.3263888895833333 0.341796875 0.3420138895833333 0.3466796875 0.3645833333333333 0.3505859375 0.36805555624999997 0.35546875 0.36631944375000003 0.361328125 0.3489583333333333 0.36328125 0.3142361104166667 0.359375 0.29340277708333334 0.3505859375 0.27430555624999997 0.3388671875 0.26388888958333334 0.3251953125 0.26388888958333334 0.3134765625 0.2708333333333333 0.30078125 0.28993055624999997 0.294921875 0.3107638895833333 0.2958984375 0.31944444375000003
0 0.4208984375 0.2951388895833333 0.4150390625 0.28819444375000003 0.3974609375 0.28819444375000003 0.3857421875 0.2951388895833333 0.3740234375 0.30902777708333334 0.36328125 0.3385416666666667 0.359375 0.359375 0.359375 0.3732638895833333 0.3720703125 0.39930555624999997 0.375 0.39756944375000003 0.3818359375 0.3854166666666667 0.4033203125 0.36805555624999997 0.4248046875 0.36805555624999997 0.4326171875 0.375 0.4384765625 0.375 0.4453125 0.3420138895833333 0.4453125 0.33159722291666666 0.44140625 0.3177083333333333 0.4248046875 0.2951388895833333 0.4208984375 0.2951388895833333
0 0.4716796875 0.21527777708333332 0.4619140625 0.22222222291666668 0.4541015625 0.23263888958333334 0.4453125 0.25173611041666666 0.443359375 0.26215277708333334 0.443359375 0.29340277708333334 0.44921875 0.3142361104166667 0.4521484375 0.31944444375000003 0.45703125 0.3177083333333333 0.4658203125 0.30555555624999997 0.4814453125 0.2951388895833333 0.5009765625 0.2951388895833333 0.50390625 0.28993055624999997 0.5078125 0.26909722291666666 0.515625 0.2552083333333333 0.515625 0.24826388958333334 0.51171875 0.23784722291666668 0.4912109375 0.21527777708333332 0.4716796875 0.21527777708333332
0 0.45703125 0.22743055625 0.4599609375 0.22916666666666666 0.4677734375 0.21875 0.4912109375 0.21527777708333332 0.5107421875 0.23611111041666666 0.5166015625 0.25347222291666666 0.51953125 0.25173611041666666 0.521484375 0.24826388958333334 0.521484375 0.22048611041666666 0.515625 0.19965277708333332 0.5107421875 0.19097222291666668 0.4990234375 0.18055555625 0.4794921875 0.18055555625 0.4716796875 0.1875 0.4609375 0.20659722291666668 0.45703125 0.22048611041666666 0.45703125 0.22743055625
0 0.4130859375 0.24652777708333332 0.4208984375 0.25347222291666666 0.43359375 0.2760416666666667 0.435546875 0.2864583333333333 0.4404296875 0.2951388895833333 0.44140625 0.29340277708333334 0.443359375 0.26215277708333334 0.453125 0.234375 0.4482421875 0.21875 0.4365234375 0.20486111041666666 0.4208984375 0.20138888958333334 0.4052734375 0.21180555625 0.39453125 0.23090277708333332 0.392578125 0.23784722291666668 0.3935546875 0.24652777708333332 0.4130859375 0.24652777708333332
1 0.3935546875 0.24652777708333332 0.3779296875 0.2604166666666667 0.3671875 0.2829861104166667 0.36328125 0.30034722291666666 0.36328125 0.32465277708333334 0.3662109375 0.3298611104166667 0.3671875 0.328125 0.373046875 0.3107638895833333 0.3857421875 0.2951388895833333 0.3974609375 0.28819444375000003 0.4150390625 0.28819444375000003 0.4365234375 0.30555555624999997 0.435546875 0.2864583333333333 0.431640625 0.27256944375000003 0.4208984375 0.25347222291666666 0.4130859375 0.24652777708333332 0.3935546875 0.24652777708333332
0 0.4052734375 0.36805555624999997 0.3857421875 0.38194444375000003 0.373046875 0.4010416666666667 0.36328125 0.4357638895833333 0.361328125 0.48090277708333334 0.375 0.5260416666666666 0.3876953125 0.5486111104166667 0.4033203125 0.5590277770833333 0.427734375 0.5572916666666666 0.4423828125 0.5486111104166667 0.4609375 0.5121527770833334 0.462890625 0.5052083333333334 0.4609375 0.4704861104166667 0.462890625 0.4670138895833333 0.46484375 0.42534722291666666 0.4609375 0.4114583333333333 0.4443359375 0.38194444375000003 0.4248046875 0.36805555624999997 0.4052734375 0.36805555624999997
0 0.5009765625 0.2951388895833333 0.4814453125 0.2951388895833333 0.4658203125 0.30555555624999997 0.44921875 0.33159722291666666 0.443359375 0.3489583333333333 0.439453125 0.3732638895833333 0.4501953125 0.3888888895833333 0.458984375 0.4045138895833333 0.46484375 0.421875 0.4677734375 0.4270833333333333 0.46875 0.42534722291666666 0.47265625 0.4114583333333333 0.4951171875 0.37847222291666666 0.5185546875 0.3645833333333333 0.5244140625 0.3645833333333333 0.5263671875 0.36805555624999997 0.53515625 0.36631944375000003 0.53515625 0.3454861104166667 0.53125 0.33159722291666666 0.5185546875 0.30902777708333334 0.5009765625 0.2951388895833333
1 0.568359375 0.4079861104166667 0.5478515625 0.375 0.5380859375 0.36805555624999997 0.5126953125 0.36805555624999997 0.5009765625 0.375 0.4873046875 0.3888888895833333 0.4775390625 0.40277777708333334 0.470703125 0.41840277708333334 0.470703125 0.42534722291666666 0.46484375 0.44618055624999997 0.46484375 0.48784722291666666 0.47265625 0.515625 0.48046875 0.5329861104166667 0.4931640625 0.5520833333333334 0.5107421875 0.5659722229166667 0.5390625 0.5642361104166667 0.5458984375 0.5555555562500001 0.5537109375 0.5520833333333334 0.5615234375 0.5416666666666666 0.5703125 0.52256944375 0.578125 0.49131944375000003 0.578125 0.4704861104166667 0.580078125 0.4670138895833333 0.578125 0.46006944375000003 0.578125 0.4427083333333333 0.568359375 0.4079861104166667
0 0.5771484375 0.2916666666666667 0.5654296875 0.2951388895833333 0.5615234375 0.3020833333333333 0.5556640625 0.30555555624999997 0.546875 0.32465277708333334 0.54296875 0.3385416666666667 0.541015625 0.359375 0.5498046875 0.37847222291666666 0.5576171875 0.3854166666666667 0.56640625 0.4010416666666667 0.576171875 0.42881944375000003 0.580078125 0.453125 0.5830078125 0.4583333333333333 0.599609375 0.45659722291666666 0.6123046875 0.4513888895833333 0.6181640625 0.44444444375000003 0.630859375 0.41840277708333334 0.63671875 0.38715277708333334 0.63671875 0.359375 0.634765625 0.3489583333333333 0.6220703125 0.3125 0.6005859375 0.2916666666666667 0.5791015625 0.28819444375000003 0.5771484375 0.2916666666666667
0 0.5224609375 0.24652777708333332 0.5078125 0.27256944375000003 0.50390625 0.2864583333333333 0.50390625 0.296875 0.5166015625 0.30555555624999997 0.533203125 0.33506944375000003 0.537109375 0.35590277708333334 0.5390625 0.35590277708333334 0.544921875 0.328125 0.5615234375 0.2951388895833333 0.5673828125 0.2951388895833333 0.58203125 0.2864583333333333 0.58203125 0.2795138895833333 0.5751953125 0.2604166666666667 0.5673828125 0.25 0.5537109375 0.23958333333333334 0.5302734375 0.23958333333333334 0.5224609375 0.24652777708333332
1 0.3759765625 0.7881944437499999 0.3583984375 0.7847222229166667 0.3564453125 0.78125 0.3330078125 0.78125 0.3310546875 0.7847222229166667 0.3232421875 0.7847222229166667 0.3037109375 0.7986111104166667 0.28515625 0.828125 0.27734375 0.8489583333333334 0.26953125 0.890625 0.26953125 0.9357638895833333 0.27734375 0.9774305562500001 0.2880859375 1 0.4296875 0.9982638895833333 0.43359375 0.9947916666666666 0.439453125 0.9704861104166667 0.439453125 0.9427083333333334 0.44140625 0.9357638895833333 0.439453125 0.9322916666666666 0.4375 0.9010416666666666 0.423828125 0.8524305562500001 0.4033203125 0.8159722229166667 0.3916015625 0.8020833333333334 0.3759765625 0.7881944437499999
1 0.6923828125 0.19444444375 0.6982421875 0.19791666666666666 0.705078125 0.19618055625 0.7138671875 0.19097222291666668 0.720703125 0.17881944375 0.72265625 0.16840277708333332 0.720703125 0.140625 0.7060546875 0.11805555625 0.6884765625 0.11805555625 0.677734375 0.140625 0.677734375 0.16493055625 0.681640625 0.17881944375 0.6923828125 0.19444444375
1 0.921875 0.3107638895833333 0.9306640625 0.34027777708333334 0.9365234375 0.34722222291666666 0.947265625 0.3454861104166667 0.955078125 0.3385416666666667 0.958984375 0.32465277708333334 0.9609375 0.296875 0.955078125 0.27256944375000003 0.9482421875 0.2604166666666667 0.9423828125 0.25347222291666666 0.9326171875 0.25347222291666666 0.923828125 0.265625 0.919921875 0.2864583333333333 0.921875 0.3107638895833333
1 0.892578125 0.265625 0.8994140625 0.27777777708333334 0.9052734375 0.28125 0.91015625 0.2795138895833333 0.916015625 0.27256944375000003 0.91796875 0.25173611041666666 0.921875 0.24131944375 0.921875 0.22743055625 0.9091796875 0.20138888958333334 0.8974609375 0.19791666666666666 0.890625 0.20659722291666668 0.88671875 0.22048611041666666 0.88671875 0.24479166666666666 0.892578125 0.265625