0 0.88515625 0.29930555416666665 0.879296875 0.2923611104166667 0.867578125 0.28888888749999997 0.8578125 0.29583333333333334 0.8470703125 0.31145833333333334 0.8412109375 0.3392361104166667 0.8412109375 0.36354166666666665 0.8470703125 0.39131944375 0.8578125 0.41388888749999997 0.8713541687499999 0.42291666666666666 0.8820312453125 0.42291666666666666 0.8841796875 0.42256944375 0.8880859375 0.41909722083333334 0.9015625 0.37802579166666667 0.9015625 0.34537036875 0.8958984375 0.321875 0.88515625 0.29930555416666665
0 0.6869140625 0.22291666666666668 0.6771484375 0.21597222083333334 0.6634765625 0.21597222083333334 0.6498046875 0.22638888750000002 0.641015625 0.24201388750000002 0.637109375 0.25243055416666665 0.63515625 0.2767361104166667 0.641015625 0.3079861104166667 0.6537109375 0.33055555416666665 0.66725260625 0.33958333333333335 0.6779296828125 0.33958333333333335 0.680078125 0.3392361104166667 0.6888671875 0.33402777708333337 0.69765625 0.31840277708333337 0.703515625 0.29756944375 0.7046875 0.2829861104166667 0.7046875 0.26956018333333337 0.699609375 0.24548611041666665 0.6869140625 0.22291666666666668
0 0.7080078125 0.15243055625000002 0.6982421875 0.1454861125 0.6845703125 0.1454861125 0.6806640625 0.14895833541666667 0.673828125 0.1611111125 0.6703125 0.17986111249999998 0.6703125 0.18472222291666668 0.673828125 0.20972222291666667 0.693389421875 0.23125 0.7031250109375 0.23125 0.708984375 0.23055555625000002 0.71484375 0.2236111125 0.7203125 0.20092592708333334 0.7203125 0.18402777916666666 0.71484375 0.16458333541666667 0.7080078125 0.15243055625000002
0 0.673828125 0.20659722291666668 0.671875 0.203125 0.671875 0.16840277708333332 0.68359375 0.14409722291666668 0.6787109375 0.13541666666666666 0.6728515625 0.13194444375 0.6572265625 0.13194444375 0.646484375 0.14756944375 0.64453125 0.17534722291666668 0.646484375 0.18576388958333334 0.6572265625 0.20486111041666666 0.6669921875 0.21180555625 0.671875 0.21006944375 0.673828125 0.20659722291666668
0 0.5912109375 0.15451388958333334 0.5892578125 0.16493055625 0.5912109375 0.18923611041666666 0.601953125 0.21180555625 0.61171875 0.21875 0.6224609375 0.21701388958333334 0.62734375 0.21527777708333332 0.6341796875 0.203125 0.6375 0.19131944374999998 0.6375 0.16631944375 0.6341796875 0.15451388958333334 0.625390625 0.13888888958333334 0.621484375 0.13541666666666666 0.605859375 0.13541666666666666 0.598046875 0.14236111041666666 0.5912109375 0.15451388958333334
0 0.554296875 0.11111111041666667 0.540625 0.11111111041666667 0.5298828125 0.12326388958333333 0.5259765625 0.13715277708333332 0.5259765625 0.15104166666666666 0.5298828125 0.16493055625 0.538671875 0.17708333333333334 0.542578125 0.18055555625 0.5533203125 0.17881944375 0.558203125 0.17708333333333334 0.5650390625 0.16145833333333334 0.565625 0.15416666666666667 0.565625 0.13229166666666667 0.5630859375 0.12326388958333333 0.554296875 0.11111111041666667
0 0.4759765625 0.19097222291666668 0.4662109375 0.18402777708333332 0.4564453125 0.18402777708333332 0.4447265625 0.19097222291666668 0.437890625 0.19965277708333332 0.430078125 0.22743055625 0.430078125 0.24131944375 0.4359375 0.265625 0.4408203125 0.27430555624999997 0.4544921875 0.28472222291666666 0.475 0.2829861104166667 0.4875 0.24806547708333332 0.4875 0.21631944374999998 0.484765625 0.20659722291666668 0.4759765625 0.19097222291666668
0 0.3369140625 0.13194444375 0.330078125 0.140625 0.3265625 0.153125 0.3265625 0.16894289999999998 0.3349609375 0.18055555625 0.345703125 0.17881944375 0.3486328125 0.17708333333333334 0.353125 0.16590277916666668 0.353125 0.146875 0.3466796875 0.13541666666666666 0.3369140625 0.13194444375
0 0.237109375 0.20069444583333332 0.2302734375 0.21284722291666666 0.2263671875 0.23368055625 0.23125 0.24930555625 0.2343749984375 0.2520833333333333 0.2394531296875 0.2520833333333333 0.2458984375 0.25104166666666666 0.2517578125 0.24409722291666666 0.2546875 0.23368055625 0.2546875 0.21408730208333332 0.248828125 0.20069444583333332 0.237109375 0.20069444583333332
1 0.288671875 0.17413194375 0.2828125 0.17413194375 0.275 0.18107638958333333 0.2701171875 0.19322916666666667 0.2701171875 0.2140625 0.276953125 0.22621527708333333 0.28037109375 0.22708333333333333 0.28623046875 0.22708333333333333 0.288671875 0.22621527708333333 0.2974609375 0.21059027708333333 0.2974609375 0.20017361041666665 0.2984375 0.1984375 0.2984375 0.19149305625000002 0.2974609375 0.18628472291666667 0.288671875 0.17413194375
1 0.5107421875 0.1142361125 0.4990234375 0.1142361125 0.486328125 0.13333333541666667 0.484375 0.14027777916666664 0.484375 0.15763888958333333 0.4892578125 0.16979166874999999 0.4980468734375 0.17916666666666667 0.5078125109375 0.17916666666666667 0.513671875 0.17847222291666667 0.5234375 0.15763888958333333 0.5234375 0.13680555625000002 0.5146484375 0.11770833541666666 0.5107421875 0.1142361125
1 0.4890625 0.09895833333333333 0.4890625 0.11631944375 0.4916015625 0.12083333333333333 0.4927734375 0.12083333333333333 0.4998046875 0.11458333333333333 0.5095703125 0.11458333333333333 0.518359375 0.11979166666666667 0.51875 0.11909722291666666 0.51875 0.10034722291666666 0.518359375 0.09895833333333333 0.51007254375 0.0875 0.4986328125 0.0875 0.4939453125 0.09027777708333334 0.4890625 0.09895833333333333
0 0.5330078125 0.08055555416666667 0.522265625 0.09270833333333334 0.5203125 0.09965277708333334 0.5203125 0.12048611041666667 0.5263671875 0.13125 0.5279296875 0.13125 0.528125 0.13090277708333334 0.530078125 0.12395833333333334 0.5369140625 0.11527777708333334 0.55 0.110625 0.55 0.098125 0.5466796875 0.0875 0.5330078125 0.08055555416666667
0 0.4880859375 0.09878472291666666 0.48125 0.09010416666666667 0.4734375 0.09010416666666667 0.467578125 0.09357638958333332 0.4626953125 0.10225694583333333 0.4607421875 0.11961805625 0.467578125 0.13871527916666665 0.4729492125 0.13958333333333334 0.480761721875 0.13958333333333334 0.483203125 0.13871527916666665 0.4890625 0.12234623125 0.4890625 0.11788194375000001 0.4880859375 0.11614583333333334 0.4880859375 0.09878472291666666
0 0.4462890625 0.09409722083333333 0.4375 0.10625 0.4359375 0.1201388875 0.4359375 0.12450396666666667 0.4423828125 0.13923611249999998 0.4451171875 0.14166666666666666 0.45156249531250003 0.14166666666666666 0.455078125 0.14097222083333336 0.4580078125 0.13923611249999998 0.4625 0.12805555625 0.4625 0.10555555624999999 0.4560546875 0.09409722083333333 0.4462890625 0.09409722083333333
1 0.54765625 0.07361111041666667 0.53984375 0.0701388875 0.5330078125 0.07881944375000001 0.533984375 0.08402777708333334 0.54375 0.0875 0.551116071875 0.11041666666666666 0.557031246875 0.11041666666666666 0.5578125 0.11021825416666667 0.5578125 0.10381944375 0.5564453125 0.08923611041666667 0.54765625 0.07361111041666667
1 0.4796875 0.08298611041666668 0.4767578125 0.08819444375 0.4862109375 0.09583333333333334 0.4904296859375 0.09583333333333334 0.4923828125 0.0951388875 0.49375 0.09027777708333334 0.49375 0.08715277708333334 0.49140625 0.08298611041666668 0.4796875 0.08298611041666668