1 0.9228515625 0.5833333333333334 0.9052734375 0.6006944437499999 0.896484375 0.6163194437499999 0.884765625 0.6510416666666666 0.880859375 0.671875 0.880859375 0.6892361104166667 0.87890625 0.6927083333333334 0.87890625 0.7274305562500001 0.880859375 0.7309027770833333 0.880859375 0.7413194437499999 0.890625 0.7725694437499999 0.9013671875 0.7916666666666666 0.9091796875 0.7986111104166667 0.9150390625 0.7986111104166667 0.9169921875 0.8020833333333334 0.927734375 0.8003472229166667 0.9443359375 0.7881944437499999 0.955078125 0.7690972229166667 0.970703125 0.7204861104166667 0.970703125 0.703125 0.97265625 0.6996527770833333 0.97265625 0.6510416666666666 0.96484375 0.6128472229166667 0.9541015625 0.59375 0.9384765625 0.5833333333333334 0.9228515625 0.5833333333333334
1 0.9560546875 0.43402777708333334 0.9453125 0.44965277708333334 0.935546875 0.48090277708333334 0.935546875 0.5260416666666666 0.9375 0.5295138895833333 0.9375 0.5434027770833333 0.94140625 0.5538194437499999 0.94140625 0.5607638895833333 0.9501953125 0.5798611104166667 0.9541015625 0.5833333333333334 0.974609375 0.5815972229166667 0.98828125 0.5607638895833333 0.9921875 0.546875 0.9921875 0.5364583333333334 0.994140625 0.5329861104166667 0.994140625 0.48090277708333334 0.986328125 0.453125 0.9775390625 0.4375 0.9697265625 0.43055555624999997 0.9619140625 0.43055555624999997 0.9560546875 0.43402777708333334
1 0.9345703125 0.37847222291666666 0.9384765625 0.38194444375000003 0.94921875 0.3802083333333333 0.9609375 0.36284722291666666 0.962890625 0.33159722291666666 0.955078125 0.30034722291666666 0.9443359375 0.28472222291666666 0.9365234375 0.28472222291666666 0.92578125 0.30034722291666666 0.921875 0.32118055624999997 0.921875 0.33506944375000003 0.9296875 0.3697916666666667 0.9345703125 0.37847222291666666
1 0.79296875 0.26215277708333334 0.8056640625 0.28819444375000003 0.8115234375 0.28819444375000003 0.8134765625 0.2916666666666667 0.822265625 0.28993055624999997 0.83203125 0.2760416666666667 0.8359375 0.26215277708333334 0.8359375 0.23784722291666668 0.83203125 0.22395833333333334 0.8232421875 0.20833333333333334 0.8154296875 0.20138888958333334 0.8017578125 0.20486111041666666 0.79296875 0.22048611041666666 0.791015625 0.23090277708333332 0.79296875 0.26215277708333334
1 0.5537109375 0.21180555625 0.5615234375 0.21875 0.576171875 0.21701388958333334 0.5830078125 0.20833333333333334 0.587890625 0.19618055625 0.587890625 0.17534722291666668 0.583984375 0.16145833333333334 0.5771484375 0.14930555625 0.5732421875 0.14583333333333334 0.5595703125 0.14583333333333334 0.546875 0.16493055625 0.544921875 0.18923611041666666 0.5537109375 0.21180555625
1 0.48828125 0.16493055625 0.490234375 0.18923611041666666 0.5029296875 0.20486111041666666 0.513671875 0.203125 0.525390625 0.18576388958333334 0.525390625 0.17534722291666668 0.52734375 0.171875 0.525390625 0.16840277708333332 0.525390625 0.15798611041666666 0.5234375 0.15104166666666666 0.5146484375 0.13888888958333334 0.5009765625 0.13888888958333334 0.490234375 0.15451388958333334 0.48828125 0.16493055625
1 0.376953125 0.22395833333333334 0.376953125 0.19965277708333332 0.3701171875 0.18402777708333332 0.3583984375 0.18055555625 0.34765625 0.19965277708333332 0.34375 0.21354166666666666 0.34375 0.23090277708333332 0.3525390625 0.24305555625 0.365234375 0.24131944375 0.376953125 0.22395833333333334
1 0.34375 0.20659722291666668 0.35546875 0.18229166666666666 0.3544921875 0.17708333333333334 0.3447265625 0.17708333333333334 0.3369140625 0.18402777708333332 0.33203125 0.19965277708333332 0.33203125 0.20659722291666668 0.337890625 0.22743055625 0.34375 0.22743055625 0.34375 0.20659722291666668
1 0.140625 0.4045138895833333 0.14453125 0.421875 0.1513671875 0.43402777708333334 0.1552734375 0.4375 0.16796875 0.4357638895833333 0.173828125 0.42881944375000003 0.17578125 0.41840277708333334 0.1796875 0.4114583333333333 0.181640625 0.38368055624999997 0.17578125 0.36284722291666666 0.1630859375 0.35069444375000003 0.1513671875 0.3576388895833333 0.146484375 0.36631944375000003 0.140625 0.390625 0.140625 0.4045138895833333
1 0.103515625 0.453125 0.103515625 0.4704861104166667 0.1015625 0.47743055624999997 0.103515625 0.48090277708333334 0.10546875 0.5017361104166667 0.107421875 0.50868055625 0.1181640625 0.52430555625 0.134765625 0.52256944375 0.140625 0.5121527770833334 0.14453125 0.4947916666666667 0.14453125 0.484375 0.146484375 0.48090277708333334 0.14453125 0.45659722291666666 0.140625 0.4427083333333333 0.1337890625 0.43055555624999997 0.1298828125 0.4270833333333333 0.1162109375 0.4270833333333333 0.103515625 0.453125
0 0.2646484375 0.7326388895833333 0.2626953125 0.7291666666666666 0.2490234375 0.7291666666666666 0.2275390625 0.7430555562500001 0.212890625 0.765625 0.201171875 0.8038194437499999 0.201171875 0.8142361104166667 0.19921875 0.8177083333333334 0.19921875 0.8663194437499999 0.208984375 0.9079861104166667 0.212890625 0.9149305562500001 0.21484375 0.9253472229166667 0.224609375 0.9427083333333334 0.2275390625 0.9548611104166667 0.2333984375 0.9548611104166667 0.2607421875 0.9791666666666666 0.2705078125 0.9791666666666666 0.2724609375 0.9826388895833333 0.28125 0.9809027770833333 0.2998046875 0.9756944437499999 0.3076171875 0.96875 0.32421875 0.9392361104166667 0.33203125 0.8975694437499999 0.33203125 0.8420138895833333 0.32421875 0.8072916666666666 0.31640625 0.7864583333333334 0.3037109375 0.7638888895833333 0.2783203125 0.7361111104166667 0.2646484375 0.7326388895833333
0 0.44140625 0.6753472229166667 0.4248046875 0.6458333333333334 0.4130859375 0.6319444437499999 0.4091796875 0.6319444437499999 0.4033203125 0.625 0.3974609375 0.625 0.3916015625 0.6180555562500001 0.3642578125 0.6180555562500001 0.3525390625 0.625 0.3427734375 0.6388888895833333 0.3369140625 0.6423611104166667 0.322265625 0.6753472229166667 0.3125 0.7135416666666666 0.3125 0.7447916666666666 0.314453125 0.7482638895833333 0.31640625 0.7795138895833333 0.328125 0.8177083333333334 0.3447265625 0.8472222229166667 0.3564453125 0.8576388895833333 0.3740234375 0.8645833333333334 0.3759765625 0.8680555562500001 0.39453125 0.8663194437499999 0.4208984375 0.8506944437499999 0.4287109375 0.8402777770833333 0.4453125 0.8072916666666666 0.453125 0.7690972229166667 0.453125 0.7309027770833333 0.451171875 0.7274305562500001 0.451171875 0.7135416666666666 0.44921875 0.7100694437499999 0.44921875 0.6996527770833333 0.44140625 0.6753472229166667
0 0.8193359375 0.53125 0.8095703125 0.52430555625 0.7939453125 0.52430555625 0.7822265625 0.53125 0.7666015625 0.5486111104166667 0.751953125 0.5815972229166667 0.7421875 0.6232638895833333 0.7421875 0.6753472229166667 0.74609375 0.6961805562500001 0.755859375 0.7170138895833333 0.7578125 0.7274305562500001 0.7685546875 0.7465277770833333 0.7900390625 0.7604166666666666 0.8046875 0.7586805562500001 0.8310546875 0.7395833333333334 0.845703125 0.7170138895833333 0.857421875 0.6753472229166667 0.857421875 0.6614583333333334 0.859375 0.6579861104166667 0.859375 0.6197916666666666 0.849609375 0.5711805562500001 0.8388671875 0.5486111104166667 0.8251953125 0.53125 0.8193359375 0.53125
0 0.740234375 0.24131944375 0.7490234375 0.2604166666666667 0.7529296875 0.26388888958333334 0.7626953125 0.26388888958333334 0.7646484375 0.2673611104166667 0.767578125 0.265625 0.78125 0.24479166666666666 0.783203125 0.22048611041666666 0.7744140625 0.19097222291666668 0.7646484375 0.18055555625 0.7548828125 0.17708333333333334 0.7451171875 0.18402777708333332 0.740234375 0.19270833333333334 0.736328125 0.20659722291666668 0.736328125 0.22395833333333334 0.740234375 0.24131944375
0 0.2529296875 0.3888888895833333 0.23828125 0.41840277708333334 0.236328125 0.42534722291666666 0.236328125 0.4670138895833333 0.2421875 0.48784722291666666 0.2529296875 0.50694444375 0.2626953125 0.5138888895833333 0.28515625 0.5121527770833334 0.2958984375 0.5034722229166666 0.3046875 0.48090277708333334 0.306640625 0.46006944375000003 0.30859375 0.45659722291666666 0.306640625 0.42534722291666666 0.30078125 0.4045138895833333 0.2919921875 0.3888888895833333 0.2763671875 0.37847222291666666 0.2607421875 0.38194444375000003 0.2529296875 0.3888888895833333
0 0.3203125 0.27256944375000003 0.3310546875 0.2673611104166667 0.337890625 0.25173611041666666 0.337890625 0.22395833333333334 0.3310546875 0.20833333333333334 0.3173828125 0.20833333333333334 0.3056640625 0.21875 0.30078125 0.23090277708333332 0.302734375 0.2552083333333333 0.3115234375 0.2708333333333333 0.3203125 0.27256944375000003
0 0.302734375 0.22048611041666666 0.3046875 0.22048611041666666 0.3115234375 0.21180555625 0.3154296875 0.21180555625 0.3193359375 0.20486111041666666 0.3310546875 0.20833333333333334 0.33203125 0.203125 0.3251953125 0.19444444375 0.3134765625 0.19444444375 0.3046875 0.20659722291666668 0.302734375 0.21354166666666666 0.302734375 0.22048611041666666
0 0.2783203125 0.27777777708333334 0.291015625 0.2760416666666667 0.2939453125 0.27430555624999997 0.302734375 0.2552083333333333 0.30078125 0.24826388958333334 0.30078125 0.22743055625 0.2939453125 0.21527777708333332 0.2822265625 0.21527777708333332 0.2734375 0.22743055625 0.26953125 0.24131944375 0.26953125 0.25868055625 0.2783203125 0.27777777708333334
0 0.423828125 0.18576388958333334 0.4306640625 0.19791666666666666 0.4345703125 0.20138888958333334 0.44140625 0.19965277708333332 0.4462890625 0.19791666666666666 0.453125 0.18923611041666666 0.45703125 0.17534722291666668 0.45703125 0.16145833333333334 0.4482421875 0.14236111041666666 0.4384765625 0.13888888958333334 0.4306640625 0.14583333333333334 0.423828125 0.15798611041666666 0.421875 0.17534722291666668 0.423828125 0.18576388958333334
0 0.42578125 0.18923611041666666 0.421875 0.17534722291666668 0.423828125 0.15798611041666666 0.435546875 0.140625 0.4345703125 0.13541666666666666 0.4228515625 0.13541666666666666 0.4140625 0.15104166666666666 0.412109375 0.16840277708333332 0.416015625 0.18229166666666666 0.4208984375 0.19097222291666668 0.42578125 0.18923611041666666
0 0.4677734375 0.20138888958333334 0.4716796875 0.20486111041666666 0.4765625 0.203125 0.4833984375 0.20138888958333334 0.490234375 0.18923611041666666 0.48828125 0.17881944375 0.490234375 0.15104166666666666 0.4853515625 0.14236111041666666 0.4716796875 0.13888888958333334 0.4658203125 0.14236111041666666 0.45703125 0.15798611041666666 0.45703125 0.18229166666666666 0.4677734375 0.20138888958333334