1 0.5986328125 0.24305555625 0.5791015625 0.24652777708333332 0.5673828125 0.25694444375 0.5546875 0.2829861104166667 0.552734375 0.3107638895833333 0.55078125 0.3142361104166667 0.552734375 0.3420138895833333 0.5693359375 0.38194444375000003 0.5849609375 0.3923611104166667 0.60546875 0.390625 0.6162109375 0.3854166666666667 0.62890625 0.36284722291666666 0.63671875 0.328125 0.634765625 0.296875 0.630859375 0.2864583333333333 0.630859375 0.2795138895833333 0.625 0.265625 0.6123046875 0.25 0.6005859375 0.24652777708333332 0.5986328125 0.24305555625
1 0.3056640625 0.59375 0.3037109375 0.5902777770833333 0.2763671875 0.5972222229166667 0.2666015625 0.6111111104166667 0.2607421875 0.6145833333333334 0.24609375 0.640625 0.2421875 0.6545138895833333 0.2421875 0.6614583333333334 0.23828125 0.671875 0.23828125 0.6927083333333334 0.236328125 0.6961805562500001 0.23828125 0.7274305562500001 0.2421875 0.7482638895833333 0.2578125 0.7934027770833333 0.2705078125 0.8159722229166667 0.2919921875 0.8298611104166667 0.322265625 0.828125 0.3447265625 0.8090277770833333 0.353515625 0.7934027770833333 0.365234375 0.7552083333333334 0.365234375 0.6961805562500001 0.36328125 0.6927083333333334 0.361328125 0.671875 0.3515625 0.640625 0.3349609375 0.6111111104166667 0.3193359375 0.5972222229166667 0.3056640625 0.59375
1 0.298828125 0.25173611041666666 0.294921875 0.26909722291666666 0.3115234375 0.27430555624999997 0.3173828125 0.28125 0.326171875 0.296875 0.33203125 0.32118055624999997 0.33203125 0.33159722291666666 0.337890625 0.33159722291666666 0.345703125 0.32118055624999997 0.3515625 0.30381944375000003 0.353515625 0.2795138895833333 0.35546875 0.2760416666666667 0.353515625 0.26215277708333334 0.349609375 0.24826388958333334 0.3349609375 0.22916666666666666 0.3154296875 0.22916666666666666 0.3076171875 0.23611111041666666 0.298828125 0.25173611041666666
1 0.4501953125 0.22569444375 0.4423828125 0.23263888958333334 0.431640625 0.24826388958333334 0.423828125 0.2795138895833333 0.423828125 0.3107638895833333 0.42578125 0.32118055624999997 0.4326171875 0.3333333333333333 0.43359375 0.33159722291666666 0.439453125 0.3072916666666667 0.4482421875 0.28819444375000003 0.4677734375 0.2708333333333333 0.4912109375 0.2708333333333333 0.4951171875 0.27430555624999997 0.49609375 0.26215277708333334 0.494140625 0.2552083333333333 0.4833984375 0.23611111041666666 0.4638671875 0.22222222291666668 0.4501953125 0.22569444375
1 0.53515625 0.16493055625 0.537109375 0.19618055625 0.5439453125 0.20833333333333334 0.546875 0.20659722291666668 0.544921875 0.19965277708333332 0.544921875 0.16493055625 0.5556640625 0.14236111041666666 0.5625 0.13715277708333332 0.5576171875 0.125 0.5517578125 0.125 0.5498046875 0.12152777708333334 0.5322265625 0.12847222291666666 0.525390625 0.14409722291666668 0.53515625 0.16493055625
0 0.271484375 0.296875 0.265625 0.3177083333333333 0.265625 0.35243055624999997 0.26953125 0.3697916666666667 0.2802734375 0.3888888895833333 0.2841796875 0.3888888895833333 0.2880859375 0.3958333333333333 0.302734375 0.39409722291666666 0.3134765625 0.3888888895833333 0.322265625 0.3732638895833333 0.328125 0.35590277708333334 0.33203125 0.32465277708333334 0.326171875 0.296875 0.3173828125 0.28125 0.3095703125 0.27430555624999997 0.2958984375 0.2708333333333333 0.2841796875 0.27777777708333334 0.271484375 0.296875
0 0.234375 0.28993055624999997 0.234375 0.3177083333333333 0.2373046875 0.3229166666666667 0.2412109375 0.3229166666666667 0.2568359375 0.3541666666666667 0.26171875 0.35243055624999997 0.265625 0.3454861104166667 0.265625 0.32118055624999997 0.271484375 0.296875 0.283203125 0.2795138895833333 0.28125 0.26909722291666666 0.2705078125 0.25347222291666666 0.2529296875 0.25347222291666666 0.2490234375 0.25694444375 0.236328125 0.2795138895833333 0.234375 0.28993055624999997
0 0.26953125 0.25173611041666666 0.2744140625 0.25694444375 0.2841796875 0.27777777708333334 0.2890625 0.2760416666666667 0.296875 0.265625 0.298828125 0.25173611041666666 0.3125 0.23090277708333332 0.3125 0.22048611041666666 0.3056640625 0.20833333333333334 0.2998046875 0.20486111041666666 0.2861328125 0.20833333333333334 0.2763671875 0.21875 0.271484375 0.23090277708333332 0.26953125 0.25173611041666666
0 0.3681640625 0.20486111041666666 0.361328125 0.21701388958333334 0.35546875 0.24479166666666666 0.35546875 0.26215277708333334 0.359375 0.2760416666666667 0.36328125 0.2760416666666667 0.365234375 0.25868055625 0.3779296875 0.23263888958333334 0.3896484375 0.22222222291666668 0.4111328125 0.22569444375 0.412109375 0.22048611041666666 0.41015625 0.21354166666666666 0.4033203125 0.20138888958333334 0.3955078125 0.19444444375 0.3818359375 0.19444444375 0.3681640625 0.20486111041666666
0 0.34765625 0.18923611041666666 0.3564453125 0.19791666666666666 0.357421875 0.203125 0.3623046875 0.21180555625 0.36328125 0.21006944375 0.3701171875 0.20138888958333334 0.3876953125 0.19444444375 0.390625 0.18923611041666666 0.390625 0.17534722291666668 0.38671875 0.16145833333333334 0.3740234375 0.14583333333333334 0.3662109375 0.14583333333333334 0.3564453125 0.15277777708333332 0.34765625 0.171875 0.34765625 0.18923611041666666
0 0.544921875 0.16493055625 0.544921875 0.19965277708333332 0.546875 0.20659722291666668 0.5615234375 0.22916666666666666 0.5673828125 0.23263888958333334 0.58203125 0.23090277708333332 0.5888671875 0.22569444375 0.59765625 0.21006944375 0.6015625 0.19270833333333334 0.599609375 0.16840277708333332 0.59375 0.15104166666666666 0.5830078125 0.13888888958333334 0.5791015625 0.13541666666666666 0.5634765625 0.13541666666666666 0.5556640625 0.14236111041666666 0.544921875 0.16493055625
0 0.5048828125 0.19097222291666668 0.486328125 0.22048611041666666 0.484375 0.23784722291666668 0.494140625 0.2552083333333333 0.49609375 0.27256944375000003 0.5107421875 0.2916666666666667 0.5205078125 0.3125 0.5234375 0.3107638895833333 0.5341796875 0.30555555624999997 0.546875 0.2829861104166667 0.552734375 0.25868055625 0.55078125 0.23090277708333332 0.548828125 0.22048611041666666 0.5361328125 0.19791666666666666 0.5283203125 0.19097222291666668 0.5224609375 0.19097222291666668 0.5205078125 0.1875 0.5048828125 0.19097222291666668
0 0.4677734375 0.3645833333333333 0.4501953125 0.37152777708333334 0.43359375 0.39756944375000003 0.423828125 0.4322916666666667 0.423828125 0.4427083333333333 0.421875 0.44618055624999997 0.421875 0.47743055624999997 0.423828125 0.48090277708333334 0.427734375 0.5121527770833334 0.4423828125 0.5416666666666666 0.4677734375 0.5625 0.486328125 0.5607638895833333 0.5068359375 0.5451388895833333 0.5234375 0.5190972229166666 0.53125 0.484375 0.53125 0.4392361104166667 0.525390625 0.4114583333333333 0.515625 0.390625 0.5048828125 0.375 0.4912109375 0.3645833333333333 0.4697265625 0.3611111104166667 0.4677734375 0.3645833333333333
0 0.43359375 0.35590277708333334 0.4404296875 0.37847222291666666 0.4697265625 0.3611111104166667 0.4833984375 0.3611111104166667 0.4853515625 0.3645833333333333 0.4970703125 0.36805555624999997 0.5048828125 0.375 0.5107421875 0.3854166666666667 0.517578125 0.38368055624999997 0.5234375 0.359375 0.51953125 0.3142361104166667 0.5048828125 0.28472222291666666 0.4912109375 0.2708333333333333 0.4677734375 0.2708333333333333 0.4541015625 0.28125 0.4453125 0.29340277708333334 0.435546875 0.32118055624999997 0.43359375 0.33159722291666666 0.43359375 0.35590277708333334
0 0.732421875 0.2795138895833333 0.7158203125 0.25347222291666666 0.7041015625 0.24652777708333332 0.6865234375 0.24652777708333332 0.6767578125 0.25347222291666666 0.662109375 0.2795138895833333 0.658203125 0.30034722291666666 0.658203125 0.33506944375000003 0.666015625 0.36284722291666666 0.6826171875 0.3888888895833333 0.6884765625 0.3923611104166667 0.708984375 0.390625 0.7158203125 0.3888888895833333 0.7216796875 0.38194444375000003 0.7294921875 0.37152777708333334 0.734375 0.359375 0.73828125 0.3454861104166667 0.73828125 0.328125 0.740234375 0.32465277708333334 0.73828125 0.3177083333333333 0.73828125 0.30034722291666666 0.732421875 0.2795138895833333
0 0.7275390625 0.24305555625 0.720703125 0.25868055625 0.736328125 0.28993055624999997 0.73828125 0.3107638895833333 0.740234375 0.3142361104166667 0.73828125 0.35243055624999997 0.7451171875 0.3611111104166667 0.763671875 0.359375 0.7724609375 0.3541666666666667 0.783203125 0.33506944375000003 0.787109375 0.32118055624999997 0.787109375 0.2795138895833333 0.78125 0.25868055625 0.7666015625 0.23611111041666666 0.7568359375 0.22916666666666666 0.7412109375 0.22916666666666666 0.7353515625 0.23263888958333334 0.7275390625 0.24305555625