1 0.994140625 0.7135416666666666 0.984375 0.7482638895833333 0.978515625 0.7795138895833333 0.9765625 0.8177083333333334 0.978515625 0.8211805562500001 0.978515625 0.8350694437499999 0.98046875 0.8420138895833333 0.9833984375 0.8472222229166667 0.984375 0.8454861104166667 1 0.8177083333333334 0.9990234375 0.7048611104166667 0.994140625 0.7135416666666666
1 0.927734375 0.48090277708333334 0.9345703125 0.4895833333333333 0.9404296875 0.49305555624999997 0.9453125 0.49131944375000003 0.955078125 0.44618055624999997 0.966796875 0.42881944375000003 0.966796875 0.41840277708333334 0.96484375 0.41493055624999997 0.96484375 0.4045138895833333 0.9541015625 0.37152777708333334 0.9443359375 0.3611111104166667 0.9306640625 0.3611111104166667 0.919921875 0.3767361104166667 0.916015625 0.390625 0.916015625 0.4045138895833333 0.921875 0.41840277708333334 0.927734375 0.4427083333333333 0.927734375 0.48090277708333334
1 1 0.4043402791666667 0.9912109375 0.39913194583333333 0.9794921875 0.39913194583333333 0.9755859375 0.40260416666666665 0.96875 0.41475694583333333 0.96875 0.42864583333333334 0.9794921875 0.43038194583333333 0.9873046875 0.4373263895833333 0.994140625 0.44947916666666665 0.9975390624999999 0.46458333333333335 1 0.46458333333333335 1 0.4043402791666667
1 0.91328125 0.53055555625 0.9240234375 0.5079861125 0.9279296875 0.48715277916666666 0.9279296875 0.44548611250000003 0.9240234375 0.42465277916666666 0.911328125 0.39861111250000003 0.90546875 0.3951388895833333 0.9015625 0.38819444583333335 0.883984375 0.38819444583333335 0.878125 0.39166666666666666 0.8634765625 0.42118055625 0.8712890625 0.44895833333333335 0.8712890625 0.49756944583333335 0.8693359375 0.5010416666666667 0.8693359375 0.5184027791666667 0.87421875 0.53055555625 0.8859375 0.5409722229166667 0.8906249984375 0.54375 0.894531253125 0.54375 0.8986328125 0.5427083333333333 0.91328125 0.53055555625
1 0.84609375 0.3954861104166667 0.836328125 0.3885416666666667 0.81484375 0.3885416666666667 0.805078125 0.39895833333333336 0.7923828125 0.425 0.7884765625 0.44583333333333336 0.7884765625 0.46319444375 0.7865234375 0.4666666666666667 0.7884765625 0.4979166666666667 0.7962890625 0.5256944437500001 0.812890625 0.5552083333333333 0.82021484375 0.5604166666666667 0.8314453125 0.5604166666666667 0.85 0.5482638875 0.8578125 0.5378472208333334 0.8646484375 0.5222222208333334 0.8703125 0.49872685208333334 0.8703125 0.4521412020833333 0.8587890625 0.41458333333333336 0.84609375 0.3954861104166667
1 0.6994140625 0.29340277708333334 0.6935546875 0.3107638895833333 0.6916015625 0.32118055624999997 0.6916015625 0.359375 0.6974609375 0.3802083333333333 0.71015625 0.40277777708333334 0.7229166671875 0.4125 0.728124996875 0.4125 0.7345703125 0.4114583333333333 0.743359375 0.40625 0.7580078125 0.38368055624999997 0.7638671875 0.35590277708333334 0.7619140625 0.32118055624999997 0.7580078125 0.3072916666666667 0.7453125 0.28472222291666666 0.734375 0.275 0.728906253125 0.275 0.71015625 0.27777777708333334 0.6994140625 0.29340277708333334
1 0.8384765625 0.24357638958333333 0.8287109375 0.23663194375 0.8150390625 0.24010416666666667 0.808203125 0.25225694375 0.81796875 0.2765625 0.821735490625 0.3 0.8242079 0.3 0.8306640625 0.28524305624999996 0.8384765625 0.2782986104166667 0.85 0.27672275625 0.85 0.2713541666666667 0.847265625 0.25920138958333333 0.8384765625 0.24357638958333333
1 0.58671875 0.16944444583333332 0.569140625 0.16944444583333332 0.5583984375 0.18506944583333332 0.5583984375 0.19201388958333335 0.56328125 0.19722222291666666 0.5701171875 0.21284722291666666 0.5720703125 0.22326388958333335 0.5720703125 0.240625 0.5701171875 0.24756944583333332 0.57265625 0.2520833333333333 0.5796875078125 0.2520833333333333 0.5896484375 0.25104166666666666 0.5994140625 0.23715277916666666 0.6015625 0.22951388958333335 0.6015625 0.19270833333333334 0.6013671875 0.19201388958333335 0.58671875 0.16944444583333332
1 0.521875 0.20659722291666668 0.51796875 0.22048611041666666 0.51796875 0.24479166666666666 0.521875 0.25868055625 0.5306640625 0.27430555624999997 0.5384765625 0.28125 0.551171875 0.2795138895833333 0.5580078125 0.27430555624999997 0.570703125 0.25173611041666666 0.570703125 0.24131944375 0.571875 0.23923611041666665 0.571875 0.228125 0.570703125 0.21354166666666666 0.5541015625 0.1875 0.5365234375 0.1875 0.5306640625 0.19097222291666668 0.521875 0.20659722291666668
1 0.463671875 0.18402777708333332 0.448046875 0.18402777708333332 0.4353515625 0.203125 0.4314453125 0.22395833333333334 0.4333984375 0.22743055625 0.4353515625 0.24826388958333334 0.43828125 0.25347222291666666 0.448046875 0.24652777708333332 0.463671875 0.24652777708333332 0.471484375 0.25347222291666666 0.4744140625 0.25173611041666666 0.4796875 0.23298611041666667 0.4796875 0.2120370375 0.471484375 0.19097222291666668 0.463671875 0.18402777708333332
1 0.403125 0.26423611041666667 0.3953125 0.25729166458333336 0.377734375 0.25729166458333336 0.369921875 0.26423611041666667 0.3591796875 0.2833333333333333 0.3552734375 0.29722222083333333 0.3552734375 0.32152777708333335 0.369921875 0.33368055416666664 0.3806640625 0.35277777708333335 0.3835100453125 0.3645833333333333 0.3857421796875 0.3645833333333333 0.3943359375 0.36319444375000004 0.401171875 0.35798611041666667 0.4119140625 0.33888888749999996 0.4140625 0.32934027708333335 0.4140625 0.2875 0.4099609375 0.27291666666666664 0.403125 0.26423611041666667
1 0.0798828125 0.72430555625 0.07109375 0.70868055625 0.057421875 0.6982638895833334 0.04375 0.7017361125 0.0330078125 0.7208333333333333 0.0310546875 0.7416666666666667 0.0291015625 0.7451388895833334 0.0291015625 0.7729166666666667 0.0310546875 0.7763888895833334 0.0349609375 0.8076388895833334 0.0447265625 0.8354166666666667 0.057421875 0.8579861125 0.06015625 0.8604166666666667 0.0712890671875 0.8604166666666667 0.0779296875 0.8597222229166667 0.0896484375 0.8458333333333333 0.0921875 0.8345486125 0.0921875 0.765625 0.0896484375 0.7520833333333333 0.0798828125 0.72430555625
0 0.035546875 0.8104166666666667 0.0296875 0.7583333333333333 0.0169921875 0.7427083333333333 0.0091796875 0.7427083333333333 0.000390625 0.7548611104166666 0.000390625 0.8277777770833333 0.0267578125 0.8920138875 0.028710939062500003 0.89375 0.039453125 0.89375 0.047265625 0.8833333333333333 0.05 0.8736111104166666 0.05 0.8548611104166667 0.04921875 0.8451388875 0.035546875 0.8104166666666667
0 0.2416015625 0.45277777916666667 0.2328125 0.43020833333333336 0.219140625 0.41631944583333336 0.203515625 0.41631944583333336 0.19375 0.42326388958333333 0.1810546875 0.44930555624999996 0.1771484375 0.47013888958333333 0.1771484375 0.4979166666666667 0.1849609375 0.5326388895833333 0.19375 0.5482638895833334 0.203710934375 0.5541666666666667 0.2154297 0.5541666666666667 0.2220703125 0.5534722229166668 0.22890625 0.5482638895833334 0.2376953125 0.5326388895833333 0.2435546875 0.51180555625 0.2453125 0.48055555624999996 0.2453125 0.4767361104166667 0.2435546875 0.47361111250000004 0.2416015625 0.45277777916666667
0 0.3703125 0.3329861104166667 0.35859375 0.32256944375 0.344921875 0.32256944375 0.33125 0.3329861104166667 0.3205078125 0.3486111104166667 0.3126953125 0.3729166666666667 0.3126953125 0.4111111104166667 0.3185546875 0.4354166666666667 0.337109375 0.4579861104166667 0.3412109375 0.46041666666666664 0.347070309375 0.46041666666666664 0.3498046875 0.4597222208333333 0.35859375 0.4579861104166667 0.36640625 0.4510416666666667 0.3810546875 0.42152777708333333 0.384375 0.40381944375 0.384375 0.3704861104166667 0.3791015625 0.3486111104166667 0.3703125 0.3329861104166667
0 0.297265625 0.27708333333333335 0.293359375 0.27361111250000003 0.2796875 0.27361111250000003 0.271875 0.28055555625 0.2650390625 0.29270833333333335 0.2611328125 0.30659722291666663 0.2611328125 0.334375 0.2630859375 0.34479166666666666 0.273828125 0.3638888895833333 0.2769531234375 0.36666666666666664 0.28359375625 0.36666666666666664 0.2923828125 0.365625 0.3021484375 0.35520833333333335 0.309375 0.32951388958333333 0.309375 0.30399305625 0.3060546875 0.28923611250000003 0.297265625 0.27708333333333335
0 0.8451171875 0.32760416666666664 0.836328125 0.31197916666666664 0.8265625 0.30503472291666667 0.808984375 0.30503472291666667 0.801171875 0.31197916666666664 0.7923828125 0.32760416666666664 0.7865234375 0.35538194375000004 0.7865234375 0.37274305625 0.7884765625 0.37621527708333335 0.7884765625 0.39010416666666664 0.792109375 0.40625 0.79929865 0.40625 0.81484375 0.38836805625 0.82265625 0.38836805625 0.824609375 0.3848958333333333 0.836328125 0.38836805625 0.848046875 0.39878472291666667 0.8529296875 0.39704861041666667 0.8546875 0.3907986104166667 0.8546875 0.36475694375 0.8509765625 0.34496527708333335 0.8451171875 0.32760416666666664
0 0.795703125 0.18767361249999998 0.780078125 0.18767361249999998 0.7732421875 0.19635416875 0.7693359375 0.20677083541666666 0.7673828125 0.22413194583333332 0.7693359375 0.22760416875 0.771240234375 0.24791666666666667 0.7771484375 0.24791666666666667 0.7771484375 0.23802083541666666 0.7859375 0.21545138958333335 0.78984375 0.21197916875 0.8078125 0.21029788124999998 0.8078125 0.20896990833333332 0.799609375 0.19114583541666666 0.795703125 0.18767361249999998
0 0.8876953125 0.2704861104166667 0.8779296875 0.2704861104166667 0.8701171875 0.2774305541666667 0.865625 0.28861111041666665 0.865625 0.2907986104166667 0.873046875 0.3138888875 0.873046875 0.32083333333333336 0.875390625 0.325 0.8777343734375 0.325 0.87890625 0.3243055541666667 0.8896484375 0.3086805541666667 0.9078125 0.3103801166666667 0.9078125 0.30902777708333334 0.90234375 0.28958333333333336 0.8876953125 0.2704861104166667
0 0.98046875 0.3873263875 0.974609375 0.36302083333333335 0.9677734375 0.35086805416666667 0.9599609375 0.3439236104166667 0.9462890625 0.34739583333333335 0.94140625 0.3595486104166667 0.9501953125 0.36822916666666666 0.958984375 0.38385416666666666 0.96474609375 0.41458333333333336 0.9691015625 0.41458333333333336 0.98046875 0.39774305416666667 0.98046875 0.3873263875
0 0.9802734375 0.6022569458333333 0.9783203125 0.6230902791666666 0.9763671875 0.6265625 0.9763671875 0.65086805625 0.9744140625 0.6543402791666666 0.9744140625 0.6682291666666667 0.9763671875 0.6717013895833334 0.9783203125 0.6925347229166667 0.985693359375 0.71875 0.9926953125000001 0.71875 0.9984375 0.7059895833333333 0.9984375 0.5629139958333333 0.9861328125 0.5814236125 0.9802734375 0.6022569458333333