1 0.544921875 0.11284722291666666 0.541015625 0.1267361104166667 0.541015625 0.14409722291666668 0.544921875 0.15798611041666666 0.5537109375 0.17013888958333334 0.5568359375 0.17291666666666666 0.561914059375 0.17291666666666666 0.568359375 0.171875 0.580078125 0.15798611041666666 0.583984375 0.14409722291666668 0.583984375 0.1267361104166667 0.580078125 0.11284722291666666 0.5712890625 0.10069444375 0.5654296875 0.10069444375 0.5638671875 0.09791666666666667 0.5615234390625 0.09791666666666667 0.5537109375 0.10069444375 0.544921875 0.11284722291666666
1 0.5451171875 0.15798611041666666 0.5412109375 0.14409722291666668 0.5412109375 0.1267361104166667 0.5451171875 0.11284722291666666 0.5529296875 0.10243055625 0.548046875 0.09375 0.5421875 0.09027777708333334 0.53046875 0.09375 0.5265625 0.09722222291666666 0.5197265625 0.11284722291666666 0.5197265625 0.13368055625 0.532421875 0.15972222291666668 0.5451171875 0.15798611041666666
1 0.54609375 0.08055555416666667 0.5392578125 0.08923611041666667 0.5505022328125 0.1 0.557421871875 0.1 0.5587890625 0.09965277708333334 0.563671875 0.09791666666666667 0.5640625 0.09583333333333334 0.5640625 0.09204545416666667 0.55390625 0.08055555416666667 0.54609375 0.08055555416666667
1 0.5064453125 0.08350694583333333 0.5025390625 0.08697916666666666 0.499609375 0.09565972291666666 0.509375 0.1095486125 0.509375 0.14375 0.51943359375 0.14375 0.52109375 0.14079861249999998 0.519140625 0.13385416666666666 0.519140625 0.11649305624999999 0.523046875 0.10260416666666666 0.5265625 0.09947916875 0.5265625 0.09149305625 0.5220703125 0.08350694583333333 0.5064453125 0.08350694583333333
1 0.5048828125 0.15243055416666668 0.509765625 0.14027777916666664 0.509765625 0.12638888958333333 0.51171875 0.12291666666666666 0.509765625 0.10902777916666667 0.5029296875 0.096875 0.4853515625 0.09340277916666667 0.474609375 0.10902777916666667 0.474609375 0.11944444583333333 0.47265625 0.12291666666666666 0.474609375 0.12638888958333333 0.474609375 0.14027777916666664 0.4775390625 0.14895833333333333 0.486328125 0.15833333333333333 0.4937499953125 0.15833333333333333 0.498046875 0.15763888750000002 0.5048828125 0.15243055416666668
1 0.4556640625 0.10763888958333333 0.4634765625 0.10763888958333333 0.4708984375 0.12083333333333333 0.4716796875 0.12083333333333333 0.472265625 0.11979166666666667 0.4796875 0.1 0.4796875 0.09826388958333333 0.4751953125 0.09027777708333334 0.4673828109375 0.0875 0.46470424218749995 0.0875 0.452734375 0.09895833333333333 0.4556640625 0.10763888958333333
1 0.43515625 0.13020833333333334 0.43515625 0.15451388958333334 0.437109375 0.16145833333333334 0.44539620625 0.17291666666666666 0.451757809375 0.17291666666666666 0.460546875 0.171875 0.4634765625 0.17013888958333334 0.472265625 0.15104166666666666 0.4734375 0.14479166666666668 0.4734375 0.13923611041666667 0.472265625 0.13715277708333332 0.472265625 0.1267361104166667 0.4637961640625 0.10833333333333334 0.4470703125 0.10833333333333334 0.4439453125 0.11111111041666667 0.43515625 0.13020833333333334
1 0.4283203125 0.1013888875 0.417578125 0.12395833333333334 0.417578125 0.14479166666666668 0.4263671875 0.16041666666666668 0.4287109390625 0.1625 0.434179684375 0.1625 0.43515625 0.16215277708333334 0.43515625 0.12743055416666665 0.44375 0.11215277708333334 0.44375 0.10659722083333333 0.4419921875 0.1013888875 0.4283203125 0.1013888875
1 0.536328125 0.07291666666666667 0.5607421875 0.07118055625 0.5607421875 0.060763889583333335 0.55390625 0.052083333333333336 0.5421875 0.052083333333333336 0.5353515625 0.06423611041666667 0.536328125 0.07291666666666667
1 0.6142578125 0.04479166875 0.6044921875 0.04479166875 0.6005859375 0.04826388958333334 0.595703125 0.06388888958333333 0.598046875 0.07083333333333333 0.623046875 0.07083333333333333 0.62109375 0.053472222916666666 0.6142578125 0.04479166875
1 0.6474609375 0.04930555416666667 0.6390625 0.06091821041666667 0.6390625 0.06770833333333333 0.6396484375 0.07708333333333334 0.6533203125 0.07708333333333334 0.6544921875 0.07916666666666666 0.6638671828125 0.07916666666666666 0.665625 0.078882575 0.665625 0.06423611041666667 0.6572265625 0.04930555416666667 0.6474609375 0.04930555416666667