1 0.60546875 0.07465277708333334 0.60546875 0.05381944375 0.5986328125 0.03819444375 0.5869140625 0.027777777083333333 0.5732421875 0.03819444375 0.56640625 0.05034722291666667 0.56640625 0.07118055625 0.5791015625 0.09722222291666666 0.59375 0.09548611041666667 0.603515625 0.08159722291666666 0.60546875 0.07465277708333334
1 0.5771484375 0.00694444375 0.5654296875 0.010416666666666666 0.5609375 0.018402779166666668 0.5609375 0.027199075 0.5634765625 0.03472222291666667 0.56640625 0.032986110416666665 0.5693359375 0.024305556250000002 0.5751953125 0.020833333333333332 0.5869140625 0.024305556250000002 0.5875 0.02118055625 0.5875 0.018402779166666668 0.5830078125 0.010416666666666666 0.5771484375 0.00694444375
1 0.5923828125 0.01788194375 0.589453125 0.0265625 0.603125 0.04739583333333333 0.605078125 0.05434027708333333 0.605078125 0.07083333333333333 0.6113037109375 0.07083333333333333 0.615625 0.06059027708333333 0.615625 0.035216345833333336 0.6041015625 0.01788194375 0.5923828125 0.01788194375
1 0.5748046875 0.01788194375 0.562109375 0.030034722916666666 0.562109375 0.06041666666666667 0.566015625 0.06041666666666667 0.566015625 0.04739583333333333 0.5708984375 0.03871527708333333 0.5787109375 0.03177083333333333 0.5890625 0.030097854166666667 0.5890625 0.029062499999999998 0.5845703125 0.01788194375 0.5748046875 0.01788194375
1 0.52890625 0.029513889583333335 0.52890625 0.046875 0.530859375 0.05381944375 0.5411241328124999 0.06875 0.547460934375 0.06875 0.55625 0.06770833333333333 0.559375 0.059375 0.559375 0.024961420833333334 0.5518694187500001 0.014583333333333334 0.5369140625 0.014583333333333334 0.5337890625 0.017361110416666665 0.52890625 0.029513889583333335
1 0.4990234375 0.020833333333333332 0.494140625 0.032986110416666665 0.498046875 0.057291666666666664 0.5044921875 0.06875 0.5115234328125 0.06875 0.521484375 0.06770833333333333 0.529296875 0.04340277708333333 0.525390625 0.022569443749999998 0.5191015625000001 0.014583333333333334 0.508203125 0.014583333333333334 0.5029296875 0.020833333333333332 0.4990234375 0.020833333333333332
1 0.50703125 0.0001736125 0.4943359375 0.019270835416666666 0.4943359375 0.029166666666666667 0.4967773453125 0.029166666666666667 0.501171875 0.02447916875 0.505078125 0.014062502083333334 0.51484375 0.014062502083333334 0.516796875 0.017534720833333333 0.5234375 0.015848214583333332 0.5234375 0.015451389583333334 0.516796875 0.0036458354166666665 0.50703125 0.0001736125
1 0.5328125 0.0036458354166666665 0.5259765625 0.0157986125 0.5278564453125 0.029166666666666667 0.5318359375 0.029166666666666667 0.5318359375 0.022743054166666665 0.53671875 0.014062502083333334 0.55 0.014062502083333334 0.55 0.007118058333333333 0.54453125 0.0001736125 0.5328125 0.0036458354166666665
1 0.644726578125 0 0.6267578125 0.0013888895833333334 0.6267578125 0.011805554166666668 0.6296875 0.017013887499999998 0.6375 0.017013887499999998 0.6458007796875 0.022916666666666665 0.6501953125 0.022916666666666665 0.6515625 0.02243055416666667 0.6515625 0.006597225 0.6493359375 0 0.644726578125 0
1 0.7037109375 0.014409722916666668 0.6998046875 0.0074652770833333335 0.6958984375 0.0074652770833333335 0.6890625 0.016145833333333335 0.687109375 0.03350694375 0.6900390625 0.0421875 0.7084960921875 0.05 0.7107421875 0.05 0.7140625 0.03524305416666666 0.7140625 0.03225694375 0.7095703125 0.01788194375 0.7037109375 0.014409722916666668
1 0.7416015625 0.028472220833333332 0.7279296875 0.028472220833333332 0.725 0.03368055416666667 0.723046875 0.0545138875 0.7279296875 0.06319444375 0.7373046890625 0.06875 0.7466796828125 0.06875 0.7484375 0.06840277708333334 0.75 0.054513889583333336 0.75 0.04895833333333333 0.7484375 0.040625 0.7416015625 0.028472220833333332
0 0.9484375 0.1946180541666667 0.940625 0.19809027708333332 0.9376953125 0.20329861041666666 0.9376953125 0.2102430541666667 0.9513671875 0.22760416666666666 0.9552734375 0.2414930541666667 0.9552734375 0.25190972083333335 0.9591796875 0.25190972083333335 0.9625 0.2430555541666667 0.9625 0.22864583125000001 0.9572265625 0.20677083333333332 0.9484375 0.1946180541666667
0 0.95546875 0.23715277916666666 0.9447265625 0.21458333333333332 0.9349609375 0.21111111249999998 0.930078125 0.21979166666666666 0.9369140625 0.23541666666666666 0.9486328125 0.24930555625 0.9517578109375 0.2520833333333333 0.9544921890625 0.2520833333333333 0.95625 0.25145833333333334 0.95625 0.24895833333333334 0.95546875 0.24756944583333332 0.95546875 0.23715277916666666