1 0.2939453125 0.34722222291666666 0.279296875 0.3802083333333333 0.279296875 0.4010416666666667 0.27734375 0.4045138895833333 0.27734375 0.41840277708333334 0.279296875 0.421875 0.27734375 0.42534722291666666 0.283203125 0.4427083333333333 0.2978515625 0.46527777708333334 0.3076171875 0.47222222291666666 0.322265625 0.4704861104166667 0.328125 0.4635416666666667 0.32421875 0.4427083333333333 0.32421875 0.4079861104166667 0.326171875 0.39756944375000003 0.341796875 0.36631944375000003 0.341796875 0.359375 0.3291015625 0.34027777708333334 0.3232421875 0.33680555624999997 0.3076171875 0.33680555624999997 0.2939453125 0.34722222291666666
1 0.48046875 0.328125 0.4697265625 0.3125 0.4580078125 0.30902777708333334 0.4560546875 0.30555555624999997 0.4423828125 0.30555555624999997 0.4306640625 0.3125 0.416015625 0.33506944375000003 0.41015625 0.35243055624999997 0.408203125 0.36284722291666666 0.408203125 0.39756944375000003 0.4140625 0.421875 0.4228515625 0.4375 0.4375 0.44618055624999997 0.44921875 0.4427083333333333 0.451171875 0.4357638895833333 0.451171875 0.4114583333333333 0.455078125 0.4045138895833333 0.455078125 0.39756944375000003 0.46484375 0.3697916666666667 0.4716796875 0.3576388895833333 0.486328125 0.3489583333333333 0.486328125 0.3420138895833333 0.48046875 0.328125
1 0.37890625 0.30381944375000003 0.37890625 0.33506944375000003 0.3828125 0.3489583333333333 0.3974609375 0.36805555624999997 0.4013671875 0.37152777708333334 0.40625 0.3697916666666667 0.4140625 0.3385416666666667 0.4267578125 0.31597222291666666 0.4453125 0.30381944375000003 0.44140625 0.2829861104166667 0.4326171875 0.2673611104166667 0.4150390625 0.25694444375 0.4130859375 0.2604166666666667 0.4033203125 0.2604166666666667 0.3916015625 0.2708333333333333 0.37890625 0.30381944375000003
1 0.5869140625 0.2916666666666667 0.5810546875 0.2916666666666667 0.5625 0.3142361104166667 0.5546875 0.3385416666666667 0.552734375 0.3767361104166667 0.55859375 0.4045138895833333 0.5673828125 0.4236111104166667 0.5869140625 0.44097222291666666 0.6015625 0.4427083333333333 0.6181640625 0.43402777708333334 0.6259765625 0.4236111104166667 0.634765625 0.4045138895833333 0.638671875 0.38368055624999997 0.638671875 0.3489583333333333 0.6328125 0.32465277708333334 0.6240234375 0.30555555624999997 0.6025390625 0.28819444375000003 0.5888671875 0.28819444375000003 0.5869140625 0.2916666666666667
1 0.7958984375 0.38194444375000003 0.779296875 0.4079861104166667 0.771484375 0.4392361104166667 0.76953125 0.47743055624999997 0.771484375 0.48090277708333334 0.7734375 0.5017361104166667 0.7861328125 0.5347222229166667 0.8056640625 0.5555555562500001 0.8203125 0.5538194437499999 0.8349609375 0.5486111104166667 0.853515625 0.5121527770833334 0.857421875 0.4947916666666667 0.857421875 0.44618055624999997 0.84765625 0.4079861104166667 0.8369140625 0.3888888895833333 0.8251953125 0.37847222291666666 0.8095703125 0.375 0.8076171875 0.37847222291666666 0.7958984375 0.38194444375000003
1 0.42578125 0.24826388958333334 0.423828125 0.25868055625 0.4326171875 0.2673611104166667 0.44140625 0.2829861104166667 0.4482421875 0.30555555624999997 0.4580078125 0.30555555624999997 0.4697265625 0.3125 0.47265625 0.3107638895833333 0.478515625 0.30034722291666666 0.482421875 0.2864583333333333 0.482421875 0.2552083333333333 0.478515625 0.24131944375 0.4697265625 0.22569444375 0.4560546875 0.21527777708333332 0.4462890625 0.22222222291666668 0.4404296875 0.22222222291666668 0.4345703125 0.22916666666666666 0.42578125 0.24826388958333334
1 0.318359375 0.296875 0.3330078125 0.3263888895833333 0.349609375 0.32465277708333334 0.3564453125 0.31944444375000003 0.365234375 0.30381944375000003 0.3671875 0.29340277708333334 0.365234375 0.25173611041666666 0.3583984375 0.23611111041666666 0.3525390625 0.23263888958333334 0.3369140625 0.23263888958333334 0.32421875 0.24826388958333334 0.318359375 0.26909722291666666 0.318359375 0.296875
1 0.2392578125 0.3645833333333333 0.2490234375 0.3576388895833333 0.2587890625 0.3576388895833333 0.2685546875 0.3645833333333333 0.2763671875 0.37847222291666666 0.28125 0.3767361104166667 0.28515625 0.36284722291666666 0.291015625 0.35243055624999997 0.291015625 0.33506944375000003 0.2822265625 0.31597222291666666 0.2744140625 0.30902777708333334 0.2587890625 0.30902777708333334 0.2509765625 0.31597222291666666 0.2421875 0.33159722291666666 0.236328125 0.35590277708333334 0.2392578125 0.3645833333333333
1 0.365234375 0.2552083333333333 0.3671875 0.28993055624999997 0.3740234375 0.30555555624999997 0.37890625 0.30381944375000003 0.384765625 0.2829861104166667 0.3916015625 0.2708333333333333 0.4013671875 0.2604166666666667 0.416015625 0.2552083333333333 0.4140625 0.23784722291666668 0.4072265625 0.22569444375 0.3974609375 0.21875 0.3876953125 0.21875 0.369140625 0.24131944375 0.365234375 0.2552083333333333
1 0.41796875 0.22743055625 0.416015625 0.25173611041666666 0.4189453125 0.25694444375 0.423828125 0.25868055625 0.42578125 0.24826388958333334 0.4345703125 0.22916666666666666 0.4541015625 0.21527777708333332 0.4677734375 0.22569444375 0.46875 0.21701388958333334 0.4619140625 0.20486111041666666 0.4501953125 0.19444444375 0.4404296875 0.19444444375 0.4306640625 0.20138888958333334 0.41796875 0.22743055625
0 0.62109375 0.18923611041666666 0.619140625 0.21354166666666666 0.6337890625 0.24305555625 0.6416015625 0.25 0.65625 0.24826388958333334 0.6611328125 0.24652777708333332 0.669921875 0.22743055625 0.671875 0.21701388958333334 0.669921875 0.18923611041666666 0.66796875 0.18229166666666666 0.6552734375 0.16319444375 0.6494140625 0.15972222291666668 0.6337890625 0.16319444375 0.625 0.17534722291666668 0.62109375 0.18923611041666666
0 0.5380859375 0.20486111041666666 0.5322265625 0.21180555625 0.5234375 0.23090277708333332 0.51953125 0.25173611041666666 0.521484375 0.2760416666666667 0.52734375 0.28993055624999997 0.5380859375 0.30555555624999997 0.5478515625 0.3125 0.55859375 0.3107638895833333 0.5693359375 0.3020833333333333 0.580078125 0.2829861104166667 0.583984375 0.26215277708333334 0.58203125 0.23784722291666668 0.578125 0.22395833333333334 0.5712890625 0.21180555625 0.5634765625 0.20486111041666666 0.5576171875 0.20486111041666666 0.5556640625 0.20138888958333334 0.5380859375 0.20486111041666666
0 0.4755859375 0.3541666666666667 0.4697265625 0.3611111104166667 0.4609375 0.3802083333333333 0.451171875 0.41493055624999997 0.451171875 0.453125 0.45703125 0.47743055624999997 0.4716796875 0.5034722229166666 0.4892578125 0.5173611104166667 0.4951171875 0.5173611104166667 0.4970703125 0.5208333333333334 0.505859375 0.5190972229166666 0.5224609375 0.5104166666666666 0.541015625 0.48090277708333334 0.548828125 0.453125 0.548828125 0.4079861104166667 0.5390625 0.3767361104166667 0.5244140625 0.3541666666666667 0.5146484375 0.34722222291666666 0.4970703125 0.34375 0.4951171875 0.34722222291666666 0.4755859375 0.3541666666666667
0 0.3662109375 0.35069444375000003 0.3564453125 0.35069444375000003 0.3447265625 0.3611111104166667 0.3359375 0.3767361104166667 0.326171875 0.4010416666666667 0.32421875 0.4114583333333333 0.32421875 0.4392361104166667 0.330078125 0.4670138895833333 0.3408203125 0.4861111104166667 0.3486328125 0.49652777708333334 0.3525390625 0.49652777708333334 0.3583984375 0.5034722229166666 0.3642578125 0.5034722229166666 0.3662109375 0.50694444375 0.37109375 0.5052083333333334 0.3837890625 0.5 0.40234375 0.4704861104166667 0.41015625 0.4427083333333333 0.41015625 0.4079861104166667 0.40625 0.38715277708333334 0.3955078125 0.3645833333333333 0.3818359375 0.35069444375000003 0.3720703125 0.35069444375000003 0.3681640625 0.34722222291666666 0.3662109375 0.35069444375000003
0 0.2822265625 0.5138888895833333 0.265625 0.5399305562500001 0.2578125 0.5711805562500001 0.255859375 0.6232638895833333 0.265625 0.6684027770833333 0.26953125 0.6788194437499999 0.2802734375 0.6944444437499999 0.2978515625 0.7083333333333334 0.32421875 0.7065972229166667 0.3388671875 0.6979166666666666 0.357421875 0.6649305562500001 0.365234375 0.6197916666666666 0.36328125 0.5850694437499999 0.353515625 0.5503472229166667 0.34765625 0.5364583333333334 0.3349609375 0.5173611104166667 0.3173828125 0.5034722229166666 0.2958984375 0.5034722229166666 0.2822265625 0.5138888895833333
0 0.220703125 0.4357638895833333 0.21875 0.44965277708333334 0.212890625 0.4670138895833333 0.212890625 0.5052083333333334 0.220703125 0.5329861104166667 0.2314453125 0.5520833333333334 0.2490234375 0.5590277770833333 0.2509765625 0.5625 0.25390625 0.5607638895833333 0.2587890625 0.5590277770833333 0.265625 0.5399305562500001 0.28515625 0.50868055625 0.287109375 0.5017361104166667 0.287109375 0.45659722291666666 0.2724609375 0.4201388895833333 0.2607421875 0.40972222291666666 0.2412109375 0.40972222291666666 0.2314453125 0.4166666666666667 0.220703125 0.4357638895833333
0 0.07421875 0.6684027770833333 0.072265625 0.6788194437499999 0.072265625 0.7204861104166667 0.07421875 0.7239583333333334 0.07421875 0.7378472229166667 0.08203125 0.765625 0.0986328125 0.7951388895833333 0.1103515625 0.7986111104166667 0.1123046875 0.8020833333333334 0.12109375 0.8003472229166667 0.1318359375 0.7916666666666666 0.140625 0.7760416666666666 0.146484375 0.7586805562500001 0.14453125 0.6961805562500001 0.13671875 0.6649305562500001 0.1279296875 0.6458333333333334 0.1162109375 0.6319444437499999 0.0986328125 0.6284722229166667 0.0849609375 0.6388888895833333 0.07421875 0.6684027770833333
0 0.228515625 0.3767361104166667 0.220703125 0.4010416666666667 0.21875 0.4322916666666667 0.22265625 0.4322916666666667 0.2392578125 0.40972222291666666 0.2607421875 0.40972222291666666 0.2763671875 0.4236111104166667 0.27734375 0.3802083333333333 0.2705078125 0.36805555624999997 0.2587890625 0.3576388895833333 0.2509765625 0.3576388895833333 0.2490234375 0.3611111104166667 0.2373046875 0.3645833333333333 0.228515625 0.3767361104166667
0 0.2001953125 0.33680555624999997 0.1943359375 0.34027777708333334 0.18359375 0.359375 0.1796875 0.3732638895833333 0.177734375 0.4010416666666667 0.18359375 0.42534722291666666 0.1884765625 0.43402777708333334 0.1962890625 0.44097222291666666 0.2109375 0.4392361104166667 0.21875 0.4322916666666667 0.21875 0.4114583333333333 0.220703125 0.4079861104166667 0.220703125 0.39756944375000003 0.2265625 0.38368055624999997 0.2265625 0.3697916666666667 0.22265625 0.35590277708333334 0.2138671875 0.34027777708333334 0.2099609375 0.33680555624999997 0.2001953125 0.33680555624999997
0 0.2734375 0.2795138895833333 0.26953125 0.29340277708333334 0.26953125 0.3072916666666667 0.2802734375 0.3125 0.291015625 0.33159722291666666 0.291015625 0.3385416666666667 0.2939453125 0.34375 0.298828125 0.3420138895833333 0.3095703125 0.33680555624999997 0.31640625 0.32465277708333334 0.318359375 0.3177083333333333 0.318359375 0.2864583333333333 0.31640625 0.2760416666666667 0.3095703125 0.26388888958333334 0.3017578125 0.25694444375 0.2900390625 0.25694444375 0.2822265625 0.26388888958333334 0.2734375 0.2795138895833333
1 0.69140625 0.36284722291666666 0.693359375 0.39756944375000003 0.6953125 0.4079861104166667 0.69921875 0.41493055624999997 0.69921875 0.421875 0.7119140625 0.44444444375000003 0.7255859375 0.4583333333333333 0.74609375 0.45659722291666666 0.7568359375 0.4479166666666667 0.771484375 0.421875 0.775390625 0.4045138895833333 0.775390625 0.36631944375000003 0.7626953125 0.3229166666666667 0.7470703125 0.30555555624999997 0.7236328125 0.3020833333333333 0.7080078125 0.31597222291666666 0.697265625 0.3385416666666667 0.69140625 0.36284722291666666
1 0.794921875 0.3767361104166667 0.8056640625 0.37847222291666666 0.8076171875 0.375 0.8193359375 0.375 0.8349609375 0.3854166666666667 0.849609375 0.4114583333333333 0.857421875 0.4427083333333333 0.859375 0.4427083333333333 0.8671875 0.421875 0.8671875 0.38368055624999997 0.861328125 0.35243055624999997 0.853515625 0.33506944375000003 0.8447265625 0.3229166666666667 0.8310546875 0.31944444375000003 0.8291015625 0.31597222291666666 0.8134765625 0.3229166666666667 0.796875 0.35590277708333334 0.794921875 0.3767361104166667
1 0.224609375 0.32465277708333334 0.2177734375 0.31597222291666666 0.2041015625 0.31597222291666666 0.19140625 0.33506944375000003 0.1923828125 0.34375 0.2001953125 0.33680555624999997 0.2099609375 0.33680555624999997 0.2197265625 0.35069444375000003 0.22265625 0.3489583333333333 0.224609375 0.32465277708333334
0 0.224609375 0.32465277708333334 0.22265625 0.35243055624999997 0.2265625 0.3697916666666667 0.232421875 0.3697916666666667 0.236328125 0.36284722291666666 0.2421875 0.33159722291666666 0.2509765625 0.31597222291666666 0.2626953125 0.30902777708333334 0.2626953125 0.3020833333333333 0.2568359375 0.2951388895833333 0.2431640625 0.2951388895833333 0.2353515625 0.3020833333333333 0.228515625 0.3142361104166667 0.224609375 0.32465277708333334