1 0.2802734375 0.37534722291666667 0.2666015625 0.36493055625 0.2490234375 0.36493055625 0.2373046875 0.37534722291666667 0.22265625 0.4048611125 0.21875 0.4256944458333333 0.21875 0.4638888895833333 0.22265625 0.48125 0.228515625 0.4951388895833333 0.2412109375 0.5142361125 0.2470703125 0.5142361125 0.2484375 0.5166666666666667 0.2601562546875 0.5166666666666667 0.267578125 0.5159722229166667 0.2724609375 0.5142361125 0.2822265625 0.5003472229166667 0.29296875 0.4777777791666667 0.296875 0.46041666666666664 0.296875 0.41875 0.2890625 0.39097222291666667 0.2802734375 0.37534722291666667
1 0.3814453125 0.14895833541666667 0.3677734375 0.15937500208333333 0.362890625 0.16805555625000002 0.358984375 0.18194444583333333 0.358984375 0.20972222291666667 0.3697265625 0.23229166874999999 0.3755859359375 0.2375 0.38828125625 0.2375 0.3931640625 0.23576388958333333 0.39609375 0.23055555625000002 0.394140625 0.20625000208333333 0.39609375 0.20277777916666664 0.39609375 0.1923611125 0.4015625 0.17939814791666667 0.4015625 0.1673611125 0.3931640625 0.15243055625000002 0.3814453125 0.14895833541666667
1 0.4267578125 0.15920138958333335 0.4228515625 0.15920138958333335 0.4169921875 0.16614583333333333 0.4111328125 0.16614583333333333 0.4052734375 0.17309027708333333 0.396875 0.19465663541666667 0.396875 0.23177083333333334 0.3984375 0.23732638958333335 0.4072265625 0.25295138958333335 0.4198242203125 0.2604166666666667 0.4307617171875 0.2604166666666667 0.4345703125 0.2598958333333333 0.44140625 0.2546875 0.443359375 0.24427083333333333 0.439453125 0.23385416666666667 0.439453125 0.22690972291666667 0.44140625 0.2234375 0.443359375 0.19913194374999998 0.446875 0.19288194374999998 0.446875 0.18107638958333333 0.4404296875 0.16961805625 0.4267578125 0.15920138958333335
1 0.4056640625 0.1326388875 0.3900390625 0.1326388875 0.379296875 0.14826388750000002 0.3802734375 0.15347222083333334 0.3919921875 0.15347222083333334 0.3958984375 0.15694444375 0.40308593750000005 0.17291666666666666 0.4060546859375 0.17291666666666666 0.406640625 0.17256944375 0.410546875 0.15520833333333334 0.4140625 0.14895833125 0.4140625 0.14729166458333334 0.4095703125 0.13611111041666665 0.4056640625 0.1326388875
1 0.521875 0.20121527916666665 0.512109375 0.19427083333333334 0.504296875 0.19427083333333334 0.50234375 0.1907986125 0.490625 0.19427083333333334 0.47890625 0.2046875 0.4681640625 0.2272569458333333 0.4642578125 0.24461805625000002 0.4662109375 0.2793402791666667 0.4806008734375 0.30833333333333335 0.4884223109375 0.30833333333333335 0.504296875 0.2949652791666667 0.527734375 0.2949652791666667 0.5326171875 0.2862847229166666 0.5359375 0.27447916666666666 0.5359375 0.2350694458333333 0.5326171875 0.2203125 0.521875 0.20121527916666665
1 0.59296875 0.10763888958333333 0.587109375 0.10416666666666667 0.5734375 0.10763888958333333 0.5646484375 0.11979166666666667 0.5646484375 0.13020833333333334 0.5724609375 0.15104166666666666 0.5724609375 0.18229166666666666 0.57734375 0.1875 0.5978515625 0.18576388958333334 0.6056640625 0.171875 0.609375 0.15868055416666668 0.609375 0.13645833333333332 0.6076171875 0.13020833333333334 0.59296875 0.10763888958333333
1 0.63671875 0.16874999791666667 0.634765625 0.15833333125000001 0.63671875 0.13749999791666667 0.638671875 0.13055555416666667 0.6513671875 0.11493055416666667 0.65234375 0.10972222083333333 0.6435546875 0.09756944375000001 0.6259765625 0.09409722083333333 0.6220703125 0.09756944375000001 0.61328125 0.11666666458333334 0.61328125 0.14097222083333336 0.6171875 0.15486111041666667 0.6259765625 0.17048611041666667 0.6287109390625 0.17291666666666666 0.6328124953125001 0.17291666666666666 0.634765625 0.17222222083333336 0.63671875 0.16874999791666667
1 0.7376953125 0.12881944375 0.7337890625 0.12534722083333333 0.7181640625 0.12534722083333333 0.707421875 0.14097222083333336 0.703515625 0.15486111041666667 0.703515625 0.16874999791666667 0.707421875 0.18958333125000001 0.7220703125 0.21215277708333333 0.726171878125 0.21458333333333332 0.7343749890625 0.21458333333333332 0.738671875 0.2138888875 0.7416015625 0.21215277708333333 0.75234375 0.18958333125000001 0.753125 0.18541666458333333 0.753125 0.16666666458333335 0.75234375 0.15833333125000001 0.7376953125 0.12881944375
1 0.79375 0.16354166458333333 0.78203125 0.15312499791666667 0.772265625 0.15312499791666667 0.764453125 0.16006944374999998 0.7556640625 0.17916666458333333 0.7556640625 0.2138888875 0.768359375 0.24340277708333333 0.7776367203125 0.25 0.7798828062500001 0.25 0.7869140625 0.24861111041666667 0.795703125 0.24340277708333333 0.8005859375 0.23472222083333336 0.803125 0.22569444166666666 0.803125 0.18819444375 0.7986328125 0.17222222083333336 0.79375 0.16354166458333333
1 0.778125 0.11458333333333333 0.76640625 0.11111111041666667 0.7595703125 0.11979166666666667 0.7693359375 0.13715277708333332 0.77421875 0.15277777708333332 0.78203125 0.15277777708333332 0.78984375 0.15972222291666668 0.7921875 0.15833333333333333 0.7921875 0.1390625 0.7888671875 0.13020833333333334 0.778125 0.11458333333333333
1 0.9029296875 0.4111111104166667 0.88828125 0.3815972208333333 0.87265625 0.36770833333333336 0.862890625 0.36770833333333336 0.8609375 0.3711805541666667 0.84921875 0.37465277708333333 0.8326171875 0.4076388875 0.8326171875 0.43194444375 0.8345703125 0.4354166666666667 0.8345703125 0.4875 0.8326171875 0.4909722208333333 0.8326171875 0.5013888875 0.8365234375 0.5152777770833333 0.84921875 0.534375 0.8609375 0.5378472208333334 0.8619140625 0.5395833333333333 0.8814453125 0.5395833333333333 0.88828125 0.534375 0.9009765625 0.5118055541666666 0.9068359375 0.4909722208333333 0.9078125 0.46840277708333333 0.9078125 0.44409722291666665 0.9068359375 0.4423611104166667 0.9029296875 0.4111111104166667
1 0.930859375 0.29097222291666663 0.92109375 0.28402777916666666 0.91328125 0.28402777916666666 0.903515625 0.29097222291666663 0.8986328125 0.29965277916666666 0.8947265625 0.31354166666666666 0.8927734375 0.3482638895833333 0.8947265625 0.35173611250000003 0.8947265625 0.365625 0.9025390625 0.39340277916666666 0.9146701374999999 0.4083333333333333 0.9187500046875 0.4083333333333333 0.9240234375 0.40729166666666666 0.938671875 0.3951388895833333 0.9435546875 0.38298611250000003 0.9453125 0.3736111125 0.9453125 0.33009259375 0.9396484375 0.30659722291666663 0.930859375 0.29097222291666663
0 0.81328125 0.38211805625 0.79375 0.36475694583333335 0.77421875 0.36475694583333335 0.75859375 0.37517361250000003 0.7419921875 0.40815972291666663 0.7341796875 0.44635416666666666 0.7341796875 0.47760416666666666 0.7419921875 0.5157986125 0.756640625 0.5418402770833333 0.77421875 0.5592013895833333 0.7817382703125 0.5604166666666667 0.7881836046874999 0.5604166666666667 0.795703125 0.5592013895833333 0.807421875 0.55225694375 0.815234375 0.5418402770833333 0.8259765625 0.5192708333333333 0.8279296875 0.5053819458333334 0.8318359375 0.4984375 0.8318359375 0.48454861250000003 0.8328125 0.4828125 0.8328125 0.43854166875 0.8259765625 0.40815972291666663 0.81328125 0.38211805625
0 0.6529296875 0.34027777708333334 0.6431640625 0.35069444375000003 0.6265625 0.38368055624999997 0.620703125 0.4045138895833333 0.620703125 0.45659722291666666 0.628515625 0.484375 0.6509765625 0.5208333333333334 0.6615234390625 0.5270833333333333 0.6708984328125001 0.5270833333333333 0.683203125 0.5260416666666666 0.6958984375 0.5208333333333334 0.6998046875 0.5138888895833333 0.7056640625 0.5104166666666666 0.71640625 0.49131944375000003 0.725 0.45770833333333333 0.725 0.41034722291666664 0.71640625 0.3767361104166667 0.7017578125 0.35069444375000003 0.6832031234375 0.3375 0.6603515625 0.3375 0.6587890625 0.34027777708333334 0.6529296875 0.34027777708333334
0 0.5564453125 0.3243055541666667 0.545703125 0.3086805541666667 0.528125 0.2947916666666667 0.506640625 0.2947916666666667 0.4890625 0.3086805541666667 0.4744140625 0.3347222208333333 0.4685546875 0.35902777708333333 0.4685546875 0.4041666666666667 0.4763671875 0.43194444375 0.491015625 0.4545138875 0.5063964859375 0.4666666666666667 0.5291015625 0.4666666666666667 0.54765625 0.4510416666666667 0.5623046875 0.425 0.5671875 0.39895833333333336 0.5671875 0.37465277708333333 0.5662109375 0.3555555541666667 0.5564453125 0.3243055541666667
0 0.376171875 0.39027777708333333 0.383984375 0.3659722208333333 0.3859375 0.33819444375 0.383984375 0.3347222208333333 0.38203125 0.3138888875 0.3673828125 0.284375 0.3537109375 0.27395833333333336 0.3419921875 0.27395833333333336 0.3244140625 0.2878472208333333 0.315625 0.3034722208333333 0.3078125 0.33125 0.3078125 0.3625 0.313671875 0.3868055541666667 0.3244140625 0.40590277708333333 0.337434896875 0.41458333333333336 0.3546875 0.41458333333333336 0.3673828125 0.40590277708333333 0.376171875 0.39027777708333333
0 0.2935546875 0.29097222291666663 0.2837890625 0.28402777916666666 0.2662109375 0.2875 0.2564453125 0.29791666666666666 0.245703125 0.32395833333333335 0.24375 0.34479166666666666 0.241796875 0.3482638895833333 0.24375 0.365625 0.2662109375 0.3638888895833333 0.2798828125 0.37430555625 0.2931640625 0.39791666666666664 0.2955078140625 0.39791666666666664 0.2984375 0.396875 0.3078125 0.36020833333333335 0.3078125 0.32256944375 0.304296875 0.31006944583333335 0.2935546875 0.29097222291666663
0 0.346875 0.16354166458333333 0.33515625 0.16354166458333333 0.329296875 0.1670138875 0.3185546875 0.18611111041666667 0.3146484375 0.19999999791666667 0.3146484375 0.22083333125000001 0.32734375 0.24687499791666667 0.3308593765625 0.25 0.3333984296875 0.25 0.3419921875 0.24861111041666667 0.346875 0.24687499791666667 0.3576171875 0.23124999791666667 0.359375 0.22499999791666667 0.359375 0.19270833125 0.3576171875 0.18958333125000001 0.359375 0.18645833333333334 0.359375 0.18541666666666667 0.3576171875 0.17916666458333333 0.346875 0.16354166458333333
0 0.32509765625 0.15642361041666666 0.31435546875 0.17204861041666666 0.30849609375 0.19635416666666666 0.31044921875 0.21371527708333332 0.31240234375 0.22065972083333335 0.31435546875 0.22065972083333335 0.31435546875 0.1998263875 0.31826171875 0.1859375 0.32705078125 0.1703125 0.33681640625 0.1633680541666667 0.340625 0.1633680541666667 0.340625 0.15868055625000002 0.33095703125 0.1529513875 0.32509765625 0.15642361041666666
0 0.451171875 0.15486111041666667 0.451171875 0.14791666458333333 0.4404296875 0.1357638875 0.4248046875 0.1357638875 0.4150390625 0.14618055416666667 0.408203125 0.16180555416666667 0.4091796875 0.17048611041666667 0.4267578125 0.16006944374999998 0.4412109390625 0.17291666666666666 0.44414062187500003 0.17291666666666666 0.4453125 0.17222222083333336 0.451171875 0.15486111041666667
0 0.5376953125 0.14166666666666666 0.5318359375 0.13819444583333332 0.5162109375 0.13819444583333332 0.5083984375 0.14513888958333335 0.499609375 0.16076388958333335 0.495703125 0.18506944583333332 0.4986328125 0.19027777916666666 0.5142578125 0.19375 0.5220703125 0.20069444583333332 0.5328125 0.21979166666666666 0.5355747765625 0.23125 0.5376953140625 0.23125 0.540625 0.23020833333333332 0.55234375 0.20590277916666666 0.553125 0.20173611249999998 0.553125 0.1767361125 0.5484375 0.15729166666666666 0.5376953125 0.14166666666666666
0 0.5421875 0.10069444375 0.528515625 0.10416666666666667 0.524609375 0.10763888958333333 0.5158203125 0.1267361104166667 0.516796875 0.13888888958333334 0.5236328125 0.13715277708333332 0.536328125 0.11805555625 0.55625 0.11636904791666666 0.55625 0.11527777708333334 0.551953125 0.10763888958333333 0.5421875 0.10069444375
0 0.74921875 0.11788194375000001 0.747265625 0.11440972083333333 0.74140625 0.11788194375000001 0.7365234375 0.12656249791666668 0.7482421875 0.14739583125 0.7541015625 0.17170138750000002 0.7521484375 0.18211805416666668 0.7521484375 0.1875 0.7544531250000001 0.1875 0.7580078125 0.17170138750000002 0.76484375 0.15954861041666665 0.770703125 0.15607638750000002 0.7734375 0.14797453541666666 0.7734375 0.14692234583333336 0.762890625 0.12135416458333334 0.74921875 0.11788194375000001
0 0.834765625 0.12152777708333334 0.825 0.12152777708333334 0.8181640625 0.13020833333333334 0.8328125 0.13194444375 0.83671875 0.13541666666666666 0.8484375 0.15972222291666668 0.85 0.15879629583333335 0.85 0.15434027708333334 0.8396484375 0.1267361104166667 0.834765625 0.12152777708333334
0 0.8666015625 0.15312499791666667 0.8626953125 0.15312499791666667 0.851953125 0.16180555416666667 0.848046875 0.17916666458333333 0.848046875 0.19305555416666667 0.85390625 0.2138888875 0.8625 0.22916666666666666 0.86445311875 0.22916666666666666 0.871484375 0.22777777708333333 0.8734375 0.20347222083333336 0.8828125 0.1868055541666667 0.8828125 0.17827380833333334 0.8763671875 0.16354166458333333 0.8666015625 0.15312499791666667
0 0.8974609375 0.1907986125 0.8935546875 0.18732638958333334 0.8837890625 0.18732638958333334 0.873046875 0.20295138958333334 0.871875 0.21753472291666667 0.871875 0.22864583333333333 0.873046875 0.23072916666666668 0.873046875 0.24114583333333334 0.880859375 0.26545138958333336 0.888427734375 0.2708333333333333 0.89091796875 0.2708333333333333 0.89453125 0.2515625 0.8994140625 0.2428819458333333 0.9072265625 0.23940972291666668 0.909375 0.23559027916666667 0.909375 0.21614583333333334 0.908203125 0.20989583333333334 0.8974609375 0.1907986125
0 0.892578125 0.30034722291666666 0.8955078125 0.30555555624999997 0.8984375 0.30381944375000003 0.9033203125 0.2916666666666667 0.9130859375 0.28472222291666666 0.9208984375 0.28472222291666666 0.9365234375 0.2986111104166667 0.9375 0.2829861104166667 0.931640625 0.25868055625 0.9248046875 0.24652777708333332 0.9130859375 0.23611111041666666 0.8994140625 0.24305555625 0.892578125 0.25868055625 0.890625 0.26909722291666666 0.892578125 0.30034722291666666
0 0.9302734375 0.22152777916666666 0.9205078125 0.22152777916666666 0.9166015625 0.225 0.913671875 0.23020833333333332 0.913671875 0.23715277916666666 0.9185546875 0.23888888958333335 0.929296875 0.2545138895833333 0.93515625 0.271875 0.93515625 0.28229166666666666 0.937109375 0.2857638895833333 0.93515625 0.29618055625 0.9378515625 0.30416666666666664 0.9400390640625 0.30416666666666664 0.94296875 0.303125 0.9484375 0.2869212979166667 0.9484375 0.2597222229166667 0.944921875 0.24409722291666666 0.9302734375 0.22152777916666666