0 0.4337890625 0.22222222291666668 0.4259765625 0.21527777708333332 0.4123046875 0.21527777708333332 0.4064453125 0.22222222291666668 0.4025390625 0.22222222291666668 0.39375 0.234375 0.3859375 0.26909722291666666 0.387890625 0.27256944375000003 0.387890625 0.2864583333333333 0.391796875 0.30034722291666666 0.4005859375 0.31597222291666666 0.4142578125 0.3263888895833333 0.42890625 0.32465277708333334 0.4357421875 0.3229166666666667 0.438671875 0.3177083333333333 0.440625 0.30381944375000003 0.446484375 0.29340277708333334 0.4484375 0.2829861104166667 0.4484375 0.25173611041666666 0.44453125 0.23784722291666668 0.4337890625 0.22222222291666668
0 0.6630859375 0.26354166875 0.6494140625 0.25312500208333333 0.6318359375 0.25312500208333333 0.6201171875 0.2600694458333333 0.60546875 0.28611111250000004 0.6015625 0.3 0.6015625 0.33819444583333336 0.607421875 0.35902777916666667 0.6142578125 0.37465277916666667 0.6298828125 0.39201388958333333 0.6328124984375 0.39375 0.658203125 0.39375 0.6640625 0.39027777916666667 0.666015625 0.37986111250000004 0.673828125 0.36597222291666665 0.6796875 0.34513888958333333 0.6796875 0.30347222291666665 0.673828125 0.28263888958333333 0.6630859375 0.26354166875
0 0.89296875 0.3545138895833333 0.88125 0.34409722291666667 0.865625 0.34409722291666667 0.859765625 0.3475694458333333 0.8451171875 0.3736111125 0.8392578125 0.4013888895833333 0.8392578125 0.4326388895833333 0.8470703125 0.4673611125 0.8578125 0.4864583333333333 0.868359375 0.49583333333333335 0.8794921921875 0.49583333333333335 0.8861328125 0.4951388895833333 0.891015625 0.4934027791666667 0.9076171875 0.46041666666666664 0.9109375 0.4486111125 0.9109375 0.40639881041666664 0.8978515625 0.3631944458333333 0.89296875 0.3545138895833333
0 0.6689453125 0.25364583333333335 0.6767578125 0.2605902770833333 0.69140625 0.26232638750000004 0.7001953125 0.2605902770833333 0.708984375 0.23802083333333332 0.7109375 0.22760416666666666 0.708984375 0.19635416666666666 0.70703125 0.18940972083333335 0.6943359375 0.1703125 0.6767578125 0.1633680541666667 0.6669921875 0.1703125 0.66015625 0.18246527708333332 0.65625 0.1998263875 0.65625 0.22413194374999998 0.66015625 0.23802083333333332 0.6689453125 0.25364583333333335
0 0.6478515625 0.1454861125 0.6419921875 0.14895833541666667 0.63125 0.16805555625000002 0.629296875 0.18888888958333333 0.633203125 0.20972222291666667 0.6439453125 0.22881944583333333 0.6466796859375 0.23125 0.6542968828125 0.23125 0.65859375 0.23055555625000002 0.656640625 0.22013888958333333 0.65859375 0.18888888958333333 0.671875 0.1619047625 0.671875 0.16054293125000002 0.6615234375 0.1454861125 0.6478515625 0.1454861125
0 0.609765625 0.15972222291666668 0.601953125 0.15277777708333332 0.586328125 0.15277777708333332 0.58046875 0.15625 0.5697265625 0.17534722291666668 0.5677734375 0.18576388958333334 0.5677734375 0.203125 0.5716796875 0.22048611041666666 0.58046875 0.23611111041666666 0.58828125 0.24305555625 0.6068359375 0.24131944375 0.6185546875 0.22395833333333334 0.6203125 0.21458333333333332 0.6203125 0.18506944583333332 0.6166015625 0.171875 0.609765625 0.15972222291666668
0 0.509765625 0.140625 0.50625 0.153125 0.50625 0.15868055625000002 0.5078125 0.17534722291666668 0.5146484375 0.19097222291666668 0.5224609375 0.19791666666666666 0.5390625 0.19618055625 0.5484375 0.17618055624999998 0.5484375 0.14618055416666667 0.546875 0.140625 0.5400390625 0.12847222291666666 0.5341796875 0.125 0.5205078125 0.125 0.5166015625 0.12847222291666666 0.509765625 0.140625
0 0.5302734375 0.0939236125 0.5166015625 0.0939236125 0.5126953125 0.09739583333333333 0.50625 0.11212797708333334 0.50625 0.12065972291666666 0.5078125 0.1234375 0.5078125 0.13333333333333333 0.51419921875 0.13333333333333333 0.5224609375 0.1251736125 0.5341796875 0.1251736125 0.5380859375 0.12864583333333332 0.540625 0.12413194375 0.540625 0.12135416666666667 0.537109375 0.10260416666666666 0.5302734375 0.0939236125
0 0.3099609375 0.16840277708333332 0.3119140625 0.18576388958333334 0.32265625 0.19791666666666666 0.3255859375 0.19618055625 0.33046875 0.19444444375 0.3390625 0.17237654375 0.3390625 0.17083333333333334 0.3353515625 0.15104166666666666 0.33046875 0.14583333333333334 0.32265625 0.14583333333333334 0.31484375 0.15277777708333332 0.3099609375 0.16840277708333332
0 0.221875 0.21840277708333333 0.2111328125 0.23402777708333333 0.209375 0.2527777770833333 0.209375 0.25530753958333335 0.216015625 0.2704861104166667 0.21875 0.27291666666666664 0.2240234390625 0.27291666666666664 0.2267578125 0.27222222291666665 0.2345703125 0.2618055541666667 0.2375 0.24357638958333333 0.2375 0.234375 0.23359375 0.221875 0.221875 0.21840277708333333
1 0.2474609375 0.21701388958333334 0.2474609375 0.22743055625 0.254296875 0.24305555625 0.257421875 0.24583333333333332 0.2617187484375 0.24583333333333332 0.2669921875 0.24479166666666666 0.2728515625 0.23784722291666668 0.2765625 0.22465277708333334 0.2765625 0.20625 0.269921875 0.19444444375 0.2636718734375 0.19166666666666668 0.2614955359375 0.19166666666666668 0.2513671875 0.203125 0.2474609375 0.21701388958333334
1 0.49453125 0.13125 0.490625 0.12777777916666666 0.47890625 0.12777777916666666 0.47109375 0.13472222291666666 0.4642578125 0.15034722291666666 0.4642578125 0.178125 0.475 0.19722222291666666 0.4796874984375 0.2 0.4843750046875 0.2 0.4896484375 0.19895833333333332 0.49453125 0.19722222291666666 0.5013671875 0.18506944583333332 0.5046875 0.1703125 0.5046875 0.15069444583333333 0.5033203125 0.14340277916666666 0.49453125 0.13125
1 0.4765625 0.11631944375 0.4775390625 0.12847222291666666 0.4912109375 0.12847222291666666 0.50048828125 0.14166666666666666 0.5021484375 0.14166666666666666 0.50390625 0.140625 0.5078125 0.13020833333333334 0.5078125 0.12326388958333333 0.5009765625 0.10069444375 0.4978515625 0.09791666666666667 0.48470052187499996 0.09791666666666667 0.48046875 0.10243055625 0.4765625 0.11631944375
1 0.47109375 0.0904513875 0.4642578125 0.09913194375 0.4779296875 0.1060763875 0.48125 0.09722222083333333 0.48125 0.09503472083333334 0.476953125 0.0904513875 0.47109375 0.0904513875
1 0.53818359375 0.08038194375 0.52841796875 0.08038194375 0.525 0.08342013958333333 0.525 0.09427083333333333 0.53037109375 0.09427083333333333 0.53525390625 0.09947916666666666 0.53916015625 0.11336805624999999 0.53916015625 0.12291666666666666 0.5453857421875 0.12291666666666666 0.55 0.11197916666666667 0.55 0.10598958333333333 0.54697265625 0.09253472291666666 0.53818359375 0.08038194375
0 0.4595703125 0.1013888875 0.448828125 0.11354166666666667 0.448828125 0.14131944375 0.45661272343750003 0.15208333333333332 0.463085934375 0.15208333333333332 0.464453125 0.15173611041666665 0.47421875 0.13090277708333334 0.475 0.12395833333333334 0.475 0.11006944375000001 0.4732421875 0.10486111041666667 0.4595703125 0.1013888875
0 0.4236328125 0.11979166666666667 0.4236328125 0.140625 0.428515625 0.14930555625 0.436328125 0.15625 0.4392578125 0.15451388958333334 0.444140625 0.15277777708333332 0.4484375 0.14513888958333335 0.4484375 0.11180555625 0.444140625 0.10416666666666667 0.432421875 0.10416666666666667 0.428515625 0.10763888958333333 0.4236328125 0.11979166666666667