0 0.828125 0.765625 0.828125 0.7135416666666666 0.818359375 0.6684027770833333 0.80859375 0.6475694437499999 0.7998046875 0.6354166666666666 0.7939453125 0.6319444437499999 0.7900390625 0.625 0.7783203125 0.6215277770833333 0.7763671875 0.6180555562500001 0.7509765625 0.6180555562500001 0.7353515625 0.6284722229166667 0.7158203125 0.6527777770833333 0.6953125 0.6961805562500001 0.6953125 0.703125 0.69140625 0.7100694437499999 0.69140625 0.7204861104166667 0.6875 0.7378472229166667 0.6875 0.7552083333333334 0.685546875 0.7586805562500001 0.6875 0.7621527770833333 0.6875 0.7899305562500001 0.69140625 0.8107638895833333 0.69921875 0.8385416666666666 0.7119140625 0.8611111104166667 0.7314453125 0.8819444437499999 0.7392578125 0.8819444437499999 0.7412109375 0.8854166666666666 0.76171875 0.8836805562500001 0.7724609375 0.8819444437499999 0.7822265625 0.8715277770833333 0.7861328125 0.8715277770833333 0.7998046875 0.8541666666666666 0.81640625 0.8211805562500001 0.82421875 0.7934027770833333 0.82421875 0.7829861104166667 0.828125 0.765625
0 0.4365234375 0.47569444375000003 0.4482421875 0.4791666666666667 0.4580078125 0.4895833333333333 0.462890625 0.48090277708333334 0.46484375 0.4704861104166667 0.46484375 0.42881944375000003 0.4609375 0.4079861104166667 0.4404296875 0.36805555624999997 0.4228515625 0.3576388895833333 0.4091796875 0.3576388895833333 0.4072265625 0.3611111104166667 0.3955078125 0.3645833333333333 0.37890625 0.38368055624999997 0.365234375 0.421875 0.365234375 0.4739583333333333 0.37109375 0.4982638895833333 0.3779296875 0.5104166666666666 0.3828125 0.50868055625 0.3896484375 0.5 0.3916015625 0.49305555624999997 0.4072265625 0.4791666666666667 0.4150390625 0.4791666666666667 0.4169921875 0.47569444375000003 0.4326171875 0.47569444375000003 0.4345703125 0.47222222291666666 0.4365234375 0.47569444375000003
0 0.8857421875 0.3125 0.8779296875 0.31944444375000003 0.8671875 0.3385416666666667 0.861328125 0.36284722291666666 0.861328125 0.39756944375000003 0.869140625 0.4322916666666667 0.8779296875 0.4548611104166667 0.8876953125 0.46527777708333334 0.904296875 0.4635416666666667 0.9150390625 0.4548611104166667 0.92578125 0.4322916666666667 0.9296875 0.41493055624999997 0.9296875 0.3802083333333333 0.921875 0.3454861104166667 0.9091796875 0.31944444375000003 0.9013671875 0.3125 0.8857421875 0.3125
0 0.7822265625 0.2986111104166667 0.7783203125 0.2916666666666667 0.7724609375 0.2916666666666667 0.7705078125 0.28819444375000003 0.7529296875 0.28819444375000003 0.7392578125 0.2986111104166667 0.7265625 0.32118055624999997 0.71875 0.36284722291666666 0.720703125 0.3697916666666667 0.720703125 0.39409722291666666 0.7265625 0.41493055624999997 0.7451171875 0.4479166666666667 0.7587890625 0.4583333333333333 0.76953125 0.45659722291666666 0.7880859375 0.44444444375000003 0.7939453125 0.4375 0.798828125 0.42534722291666666 0.806640625 0.39409722291666666 0.806640625 0.35590277708333334 0.80078125 0.328125 0.7861328125 0.2986111104166667 0.7822265625 0.2986111104166667
0 0.7001953125 0.23611111041666666 0.6884765625 0.22916666666666666 0.6787109375 0.22916666666666666 0.6708984375 0.23611111041666666 0.6650390625 0.23611111041666666 0.6484375 0.26909722291666666 0.646484375 0.29340277708333334 0.64453125 0.296875 0.646484375 0.32465277708333334 0.65625 0.35243055624999997 0.6708984375 0.375 0.6787109375 0.38194444375000003 0.697265625 0.3802083333333333 0.7099609375 0.37152777708333334 0.71875 0.359375 0.71875 0.35243055624999997 0.7265625 0.32465277708333334 0.7265625 0.28993055624999997 0.716796875 0.25868055625 0.7080078125 0.24305555625 0.7001953125 0.23611111041666666
0 0.6552734375 0.10069444375 0.6484375 0.109375 0.642578125 0.1267361104166667 0.6435546875 0.14236111041666666 0.6494140625 0.14236111041666666 0.6513671875 0.13888888958333334 0.6689453125 0.14236111041666666 0.6796875 0.15451388958333334 0.6865234375 0.17708333333333334 0.689453125 0.17534722291666668 0.6953125 0.16145833333333334 0.6953125 0.13368055625 0.69140625 0.11979166666666667 0.6826171875 0.10416666666666667 0.6708984375 0.09722222291666666 0.6630859375 0.09722222291666666 0.6611328125 0.10069444375 0.6552734375 0.10069444375
0 0.759765625 0.11979166666666667 0.76171875 0.1267361104166667 0.7724609375 0.14930555625 0.7783203125 0.15277777708333332 0.7890625 0.15104166666666666 0.798828125 0.13020833333333334 0.798828125 0.109375 0.796875 0.10243055625 0.7822265625 0.07986111041666667 0.7724609375 0.07986111041666667 0.7646484375 0.08680555625 0.759765625 0.09895833333333333 0.759765625 0.11979166666666667
0 0.75 0.09895833333333333 0.7548828125 0.11111111041666667 0.759765625 0.11284722291666666 0.759765625 0.09895833333333333 0.7685546875 0.08333333333333333 0.779296875 0.078125 0.779296875 0.07118055625 0.7685546875 0.05902777708333333 0.7568359375 0.0625 0.75 0.078125 0.75 0.09895833333333333
0 0.62890625 0.078125 0.62890625 0.10243055625 0.630859375 0.109375 0.6416015625 0.125 0.64453125 0.12326388958333333 0.6513671875 0.10416666666666667 0.669921875 0.09548611041666667 0.66796875 0.07465277708333334 0.6611328125 0.0625 0.6513671875 0.05555555625 0.6376953125 0.05902777708333333 0.630859375 0.06770833333333333 0.62890625 0.078125
0 0.4443359375 0.09375 0.4287109375 0.09375 0.4208984375 0.10069444375 0.4140625 0.11631944375 0.4140625 0.1267361104166667 0.412109375 0.13020833333333334 0.4140625 0.13368055625 0.4140625 0.14409722291666668 0.4228515625 0.16319444375 0.42578125 0.16145833333333334 0.4296875 0.14756944375 0.4365234375 0.13541666666666666 0.4462890625 0.12847222291666666 0.4541015625 0.12847222291666666 0.45703125 0.12326388958333333 0.45703125 0.11631944375 0.4482421875 0.09722222291666666 0.4443359375 0.09375
0 0.4306640625 0.06597222291666667 0.4189453125 0.07291666666666667 0.41015625 0.09201388958333333 0.412109375 0.109375 0.4150390625 0.11458333333333333 0.416015625 0.11284722291666666 0.4208984375 0.10069444375 0.4287109375 0.09375 0.4462890625 0.09375 0.447265625 0.08854166666666667 0.4453125 0.08159722291666666 0.4384765625 0.06944444375 0.4326171875 0.06944444375 0.4306640625 0.06597222291666667
0 0.189453125 0.203125 0.189453125 0.22395833333333334 0.1982421875 0.23611111041666666 0.205078125 0.234375 0.2109375 0.22743055625 0.21484375 0.21354166666666666 0.21484375 0.19618055625 0.212890625 0.18923611041666666 0.2080078125 0.18402777708333332 0.2001953125 0.18402777708333332 0.1962890625 0.1875 0.189453125 0.203125
0 0.0234375 0.46006944375000003 0.0263671875 0.46527777708333334 0.03125 0.4635416666666667 0.0361328125 0.4548611104166667 0.0439453125 0.4548611104166667 0.046875 0.44618055624999997 0.044921875 0.4322916666666667 0.0380859375 0.4201388895833333 0.0322265625 0.4201388895833333 0.025390625 0.4322916666666667 0.0234375 0.46006944375000003
1 0.0087890625 0.5208333333333334 0.015625 0.5190972229166666 0.015625 0.48784722291666666 0.01953125 0.4704861104166667 0.0166015625 0.46527777708333334 0.0087890625 0.46527777708333334 0.00390625 0.4739583333333333 0.001953125 0.5017361104166667 0.00390625 0.5121527770833334 0.0087890625 0.5208333333333334
1 0.02734375 0.5017361104166667 0.0361328125 0.52430555625 0.04296875 0.52256944375 0.046875 0.5190972229166666 0.044921875 0.48784722291666666 0.048828125 0.4704861104166667 0.048828125 0.46006944375000003 0.0439453125 0.4513888895833333 0.0380859375 0.4513888895833333 0.02734375 0.4670138895833333 0.02734375 0.5017361104166667
1 0.0546875 0.42881944375000003 0.0634765625 0.44444444375000003 0.0703125 0.4427083333333333 0.0732421875 0.44097222291666666 0.078125 0.42881944375000003 0.080078125 0.4010416666666667 0.0732421875 0.38194444375000003 0.0654296875 0.37847222291666666 0.0615234375 0.38194444375000003 0.0546875 0.39756944375000003 0.0546875 0.42881944375000003
1 0.263671875 0.17881944375 0.271484375 0.16840277708333332 0.2734375 0.14409722291666668 0.2666015625 0.13194444375 0.2587890625 0.13194444375 0.248046875 0.14756944375 0.248046875 0.16840277708333332 0.2568359375 0.18055555625 0.263671875 0.17881944375
1 0.3095703125 0.14930555625 0.302734375 0.15798611041666666 0.296875 0.17534722291666668 0.296875 0.19965277708333332 0.298828125 0.20659722291666668 0.3076171875 0.21875 0.322265625 0.21701388958333334 0.330078125 0.21006944375 0.3359375 0.18923611041666666 0.3359375 0.16840277708333332 0.3271484375 0.14930555625 0.3212890625 0.14930555625 0.3193359375 0.14583333333333334 0.3173828125 0.14930555625 0.3095703125 0.14930555625
1 0.4462890625 0.12847222291666666 0.4404296875 0.13194444375 0.4365234375 0.13541666666666666 0.427734375 0.15451388958333334 0.42578125 0.16493055625 0.427734375 0.18923611041666666 0.4384765625 0.21180555625 0.4462890625 0.21875 0.4609375 0.21701388958333334 0.4658203125 0.21527777708333332 0.478515625 0.18576388958333334 0.478515625 0.17534722291666668 0.48046875 0.171875 0.478515625 0.15104166666666666 0.4716796875 0.13541666666666666 0.4638671875 0.12847222291666666 0.4462890625 0.12847222291666666
1 0.48828125 0.5538194437499999 0.482421875 0.5295138895833333 0.4560546875 0.4861111104166667 0.4384765625 0.47569444375000003 0.4189453125 0.47569444375000003 0.3974609375 0.4895833333333333 0.37890625 0.5190972229166666 0.3671875 0.5642361104166667 0.3671875 0.6128472229166667 0.373046875 0.6371527770833333 0.37890625 0.6510416666666666 0.3916015625 0.6736111104166667 0.4052734375 0.6875 0.4130859375 0.6875 0.4150390625 0.6909722229166667 0.42578125 0.6892361104166667 0.4296875 0.6822916666666666 0.4296875 0.671875 0.435546875 0.6510416666666666 0.4560546875 0.6111111104166667 0.4775390625 0.5902777770833333 0.4873046875 0.5868055562500001 0.490234375 0.5815972229166667 0.48828125 0.5538194437499999
1 0.5029296875 0.10416666666666667 0.4970703125 0.10763888958333333 0.48828125 0.12326388958333333 0.484375 0.13715277708333332 0.484375 0.15798611041666666 0.48828125 0.171875 0.4951171875 0.18402777708333332 0.5029296875 0.19097222291666668 0.513671875 0.19270833333333334 0.5244140625 0.1875 0.53515625 0.16840277708333332 0.537109375 0.16145833333333334 0.537109375 0.13715277708333332 0.533203125 0.12326388958333333 0.5263671875 0.11111111041666667 0.5185546875 0.10416666666666667 0.5029296875 0.10416666666666667
1 0.529296875 0.08159722291666666 0.53125 0.08854166666666667 0.5361328125 0.09722222291666666 0.5439453125 0.10416666666666667 0.546875 0.10243055625 0.546875 0.07465277708333334 0.560546875 0.05381944375 0.560546875 0.05034722291666667 0.5537109375 0.041666666666666664 0.5419921875 0.041666666666666664 0.5341796875 0.048611110416666665 0.529296875 0.060763889583333335 0.529296875 0.08159722291666666
1 0.587890625 0.07118055625 0.583984375 0.10243055625 0.5859375 0.109375 0.5986328125 0.12847222291666666 0.6025390625 0.13194444375 0.615234375 0.13020833333333334 0.6181640625 0.12847222291666666 0.626953125 0.109375 0.62890625 0.09895833333333333 0.626953125 0.09548611041666667 0.626953125 0.078125 0.6142578125 0.05902777708333333 0.5986328125 0.05902777708333333 0.587890625 0.07118055625
1 0.6728515625 0.14583333333333334 0.6611328125 0.13888888958333334 0.6513671875 0.13888888958333334 0.6396484375 0.14583333333333334 0.630859375 0.16145833333333334 0.626953125 0.17881944375 0.626953125 0.21006944375 0.6328125 0.22743055625 0.6455078125 0.24652777708333332 0.6513671875 0.25 0.65625 0.24826388958333334 0.6689453125 0.23263888958333334 0.6826171875 0.22916666666666666 0.6875 0.21701388958333334 0.6875 0.20659722291666668 0.689453125 0.203125 0.689453125 0.18923611041666666 0.68359375 0.16493055625 0.6728515625 0.14583333333333334
1 0.671875 0.07118055625 0.673828125 0.09548611041666667 0.6884765625 0.11458333333333333 0.6923828125 0.11805555625 0.697265625 0.11631944375 0.7001953125 0.11458333333333333 0.7109375 0.09201388958333333 0.708984375 0.07118055625 0.70703125 0.06423611041666667 0.6982421875 0.052083333333333336 0.6923828125 0.048611110416666665 0.6806640625 0.052083333333333336 0.671875 0.07118055625
0 0.1123046875 0.3298611104166667 0.12109375 0.328125 0.126953125 0.32118055624999997 0.12890625 0.28993055624999997 0.1240234375 0.27777777708333334 0.1142578125 0.27777777708333334 0.10546875 0.296875 0.10546875 0.3142361104166667 0.1083984375 0.3263888895833333 0.1123046875 0.3298611104166667
0 0.21484375 0.19965277708333332 0.2236328125 0.21180555625 0.23046875 0.21006944375 0.23828125 0.19965277708333332 0.236910521875 0.18827045833333333 0.23534023906249998 0.16703339791666666 0.22808453125 0.16502360833333332 0.22242469062499998 0.16451466458333333 0.216796875 0.16493055625 0.21484375 0.17534722291666668 0.21484375 0.19965277708333332
0 0.2284414703125 0.16441720833333334 0.23538640000000002 0.16643298958333333 0.23046875 0.21006944375 0.23828125 0.19965277708333332 0.2421875 0.171875 0.240234375 0.16145833333333334 0.2353515625 0.15277777708333332 0.2275390625 0.14930555625 0.21875 0.16145833333333334 0.22083491562500002 0.1646142875 0.2284414703125 0.16441720833333334