0 0.276953125 0.41840277708333334 0.273046875 0.4357638895833333 0.273046875 0.44965277708333334 0.27109375 0.453125 0.273046875 0.48784722291666666 0.280859375 0.5121527770833334 0.2955078125 0.5347222229166667 0.3001953125 0.5375 0.31113280625 0.5375 0.32578125 0.5364583333333334 0.3365234375 0.5277777770833334 0.351171875 0.5017361104166667 0.35625 0.47465277708333337 0.35625 0.4320601854166667 0.351171875 0.4079861104166667 0.3404296875 0.3888888895833333 0.32766927031250004 0.37916666666666665 0.3044921875 0.37916666666666665 0.2896484375 0.3923611104166667 0.276953125 0.41840277708333334
0 0.3521484375 0.23784722291666668 0.3462890625 0.26215277708333334 0.3462890625 0.2864583333333333 0.3501953125 0.30381944375000003 0.35703125 0.31944444375000003 0.3697916671875 0.32916666666666666 0.37734374531250003 0.32916666666666666 0.3873046875 0.328125 0.39609375 0.3229166666666667 0.4068359375 0.30034722291666666 0.409375 0.29131944375 0.409375 0.246875 0.4068359375 0.23784722291666668 0.398046875 0.22222222291666668 0.390234375 0.21527777708333332 0.3792968734375 0.2125 0.375520834375 0.2125 0.3609375 0.22222222291666668 0.3521484375 0.23784722291666668
0 0.040234375 0.46840277916666667 0.03828125 0.471875 0.032421875 0.471875 0.0255859375 0.4875 0.0236328125 0.5222222229166666 0.0255859375 0.5256944458333334 0.0255859375 0.5361111104166666 0.032421875 0.5517361104166666 0.035156248437499996 0.5541666666666667 0.042773445312500005 0.5541666666666667 0.0470703125 0.5534722229166668 0.0529296875 0.54305555625 0.05625 0.5076388895833334 0.05625 0.49956597291666666 0.0490234375 0.47708333333333336 0.040234375 0.46840277916666667
0 0.033203125 0.4704861104166667 0.0439453125 0.47222222291666666 0.0455078125 0.475 0.0470703125 0.475 0.048828125 0.4739583333333333 0.052734375 0.4322916666666667 0.046289059375000004 0.43125 0.0417217546875 0.43125 0.033203125 0.453125 0.033203125 0.4704861104166667
1 0.0640625 0.41649305625 0.06015625 0.4199652791666667 0.0513671875 0.4390625 0.0494140625 0.47725694583333333 0.058203125 0.4998263895833333 0.059277340624999994 0.5 0.0733398453125 0.5 0.073828125 0.4998263895833333 0.0806640625 0.4876736125 0.0806640625 0.47725694583333333 0.08125 0.47621527916666667 0.08125 0.43902392083333336 0.073828125 0.4199652791666667 0.0640625 0.41649305625
0 0.108984375 0.29444444583333335 0.1021484375 0.30659722291666663 0.0982421875 0.32048611250000003 0.0982421875 0.34131944583333335 0.1047743046875 0.35625 0.11015625625 0.35625 0.1177734375 0.35520833333333335 0.1255859375 0.33784722291666663 0.1265625 0.32743055625 0.1265625 0.3137896833333333 0.120703125 0.29444444583333335 0.108984375 0.29444444583333335
1 0.124609375 0.2829861104166667 0.124609375 0.29340277708333334 0.12265625 0.296875 0.124609375 0.3142361104166667 0.1314453125 0.3263888895833333 0.1345703125 0.32916666666666666 0.1373046859375 0.32916666666666666 0.140234375 0.328125 0.148046875 0.32118055624999997 0.153125 0.303125 0.153125 0.28128857916666666 0.1454367890625 0.26458333333333334 0.1345703125 0.26458333333333334 0.1314453125 0.2673611104166667 0.124609375 0.2829861104166667
0 0.173046875 0.20486111041666666 0.1603515625 0.22395833333333334 0.1583984375 0.24131944375 0.16328125 0.2604166666666667 0.1671875 0.26388888958333334 0.1779296875 0.26215277708333334 0.1857421875 0.24479166666666666 0.1875 0.22604166666666667 0.1875 0.22351190416666666 0.180859375 0.20833333333333334 0.173046875 0.20486111041666666
1 0.2693359375 0.128125 0.2615234375 0.13506944375 0.2546875 0.15416666666666667 0.256640625 0.175 0.2658482140625 0.18541666666666667 0.272265625 0.18541666666666667 0.2771484375 0.18368055416666668 0.284375 0.16512345625 0.284375 0.14147727291666667 0.2751953125 0.128125 0.2693359375 0.128125
0 0.3181640625 0.13368055625 0.3201171875 0.140625 0.32840401875 0.15208333333333332 0.333203121875 0.15208333333333332 0.3396484375 0.15104166666666666 0.346484375 0.14583333333333334 0.35 0.13708333333333333 0.35 0.10694444375 0.344921875 0.09791666666666667 0.3303819453125 0.09791666666666667 0.3201171875 0.11284722291666666 0.3181640625 0.13368055625
1 0.434765625 0.1079861125 0.4416015625 0.09583333333333334 0.4435546875 0.08888888958333332 0.4435546875 0.07152777916666667 0.43671875 0.055902779166666666 0.425 0.05243055625 0.419140625 0.055902779166666666 0.4123046875 0.06805555625 0.4103515625 0.075 0.4103515625 0.0923611125 0.4123046875 0.09930555625 0.419140625 0.1079861125 0.421875 0.11041666666666666 0.4271484390625 0.11041666666666666 0.4298828125 0.10972222291666665 0.434765625 0.1079861125
1 0.4921875 0.04340277708333333 0.4921875 0.06770833333333333 0.5009765625 0.08333333333333333 0.515625 0.08159722291666666 0.5234375 0.06423611041666667 0.5234375 0.046875 0.521484375 0.03993055625 0.5146484375 0.03125 0.5009765625 0.03125 0.4970703125 0.03472222291666667 0.4921875 0.04340277708333333
0 0.5353515625 0.12326388958333333 0.5353515625 0.14409722291666668 0.54609375 0.17013888958333334 0.55390625 0.17708333333333334 0.5666015625 0.17534722291666668 0.57734375 0.16666666666666666 0.5841796875 0.15104166666666666 0.5841796875 0.11979166666666667 0.575390625 0.10069444375 0.567578125 0.09375 0.551953125 0.09375 0.5392578125 0.109375 0.5353515625 0.12326388958333333
0 0.524609375 0.27152777708333337 0.51875 0.26805555416666665 0.4953125 0.26805555416666665 0.4796875 0.28541666666666665 0.4708984375 0.30451388749999997 0.4671875 0.32100694375 0.4671875 0.3607638875 0.4748046875 0.38784722083333334 0.48359375 0.40347222083333334 0.4954427109375 0.4125 0.513671865625 0.4125 0.5177734375 0.41215277708333337 0.534375 0.4 0.5451171875 0.38090277708333337 0.55 0.3577546291666666 0.55 0.3279513895833333 0.5431640625 0.29756944375 0.524609375 0.27152777708333337
0 0.5501953125 0.2552083333333333 0.5423828125 0.2829861104166667 0.5423828125 0.30034722291666666 0.5482421875 0.3177083333333333 0.5501953125 0.3420138895833333 0.555078125 0.3541666666666667 0.562890625 0.3645833333333333 0.574609375 0.36805555624999997 0.576171875 0.37083333333333335 0.5832031203125 0.37083333333333335 0.5931640625 0.3697916666666667 0.6078125 0.3576388895833333 0.6146484375 0.3454861104166667 0.621875 0.31336805624999997 0.621875 0.30034722291666666 0.6205078125 0.2760416666666667 0.6078125 0.25 0.59609375 0.23611111041666666 0.590234375 0.23611111041666666 0.588671875 0.23333333333333334 0.56953125 0.23333333333333334 0.56484375 0.23611111041666666 0.5501953125 0.2552083333333333
1 0.536328125 0.28541666666666665 0.51875 0.26805555416666665 0.497265625 0.26805555416666665 0.4796875 0.28541666666666665 0.4708984375 0.30451388749999997 0.4671875 0.32100694375 0.4671875 0.36087962916666666 0.4728515625 0.384375 0.48359375 0.40347222083333334 0.4954427109375 0.4125 0.513671865625 0.4125 0.5177734375 0.41215277708333337 0.534375 0.4 0.5451171875 0.38090277708333337 0.55 0.3577546291666666 0.55 0.3279513895833333 0.5431640625 0.29756944375 0.536328125 0.28541666666666665
0 0.6962890625 0.17361111041666666 0.6826171875 0.16319444375 0.6728515625 0.16319444375 0.65625 0.17881944375 0.6484375 0.20659722291666668 0.6484375 0.22395833333333334 0.654296875 0.24826388958333334 0.6689453125 0.2708333333333333 0.6748046875 0.27430555624999997 0.69140625 0.27256944375000003 0.6982421875 0.2673611104166667 0.70703125 0.25173611041666666 0.7109375 0.23784722291666668 0.7109375 0.21006944375 0.70703125 0.19270833333333334 0.6962890625 0.17361111041666666
0 0.6087890625 0.05902777708333333 0.59609375 0.07465277708333334 0.594140625 0.08159722291666666 0.594140625 0.10243055625 0.6048828125 0.125 0.6087890625 0.12847222291666666 0.615625 0.1267361104166667 0.615625 0.09895833333333333 0.628125 0.07356150833333334 0.628125 0.06985479791666667 0.6185546875 0.05902777708333333 0.6087890625 0.05902777708333333
0 0.5943359375 0.018055554166666665 0.5845703125 0.018055554166666665 0.5806640625 0.02152777708333333 0.577734375 0.030208333333333334 0.5796875 0.040625 0.58359375 0.04756944375 0.58359375 0.0545138875 0.5796875 0.05798611041666667 0.5840122765625 0.06875 0.590039059375 0.06875 0.59140625 0.06840277708333334 0.6046875 0.038045633333333335 0.6046875 0.036259920833333334 0.5982421875 0.02152777708333333 0.5943359375 0.018055554166666665
1 0.6529296875 0.018055554166666665 0.6431640625 0.018055554166666665 0.6392578125 0.02152777708333333 0.636328125 0.03715277708333333 0.640234375 0.04756944375 0.640234375 0.06493055416666667 0.64381510625 0.06875 0.6537109328125 0.06875 0.655859375 0.06840277708333334 0.6625 0.05659722083333333 0.6625 0.032986110416666665 0.66171875 0.030208333333333334 0.6529296875 0.018055554166666665
1 0.5982421875 0.0217013875 0.5943359375 0.018229164583333336 0.5845703125 0.018229164583333336 0.577734375 0.02690972083333333 0.577734375 0.03385416458333333 0.581640625 0.040798610416666665 0.581640625 0.06163194375 0.583056640625 0.06666666666666667 0.592346190625 0.06666666666666667 0.6046875 0.041592260416666665 0.6046875 0.03871527708333333 0.603125 0.030381943749999998 0.5982421875 0.0217013875
0 0.565625 0.030729166666666665 0.5578125 0.030729166666666665 0.5490234375 0.04288194375 0.5578125 0.05503472291666667 0.572167965625 0.05625 0.578125 0.05625 0.578125 0.04953258541666667 0.565625 0.030729166666666665
1 0.6802734375 0.028472220833333332 0.671484375 0.03715277708333333 0.667578125 0.04756944375 0.667578125 0.06145833333333333 0.6744140625 0.07708333333333334 0.6767578140625 0.07916666666666666 0.6853515578125 0.07916666666666666 0.687109375 0.07881944375000001 0.69375 0.06996527708333335 0.69375 0.0420138875 0.6880859375 0.03194444375 0.6802734375 0.028472220833333332
1 0.6802734375 0.020833333333333332 0.6783203125 0.017361110416666665 0.6685546875 0.017361110416666665 0.6646484375 0.024305556250000002 0.6626953125 0.024305556250000002 0.66171875 0.026041666666666668 0.66171875 0.036458333333333336 0.663671875 0.03993055625 0.663671875 0.05381944375 0.6646484375 0.05555555625 0.665625 0.05381944375 0.667578125 0.05034722291666667 0.667578125 0.04340277708333333 0.6705078125 0.03819444375 0.6724609375 0.03819444375 0.6763671875 0.03125 0.6841796875 0.03125 0.684375 0.030902777083333333 0.684375 0.024652777083333334 0.6822265625 0.020833333333333332 0.6802734375 0.020833333333333332
0 0.7150390625 0.032986110416666665 0.7150390625 0.036458333333333336 0.7169921875 0.03993055625 0.7169921875 0.06423611041666667 0.71796875 0.06597222291666667 0.719921875 0.06597222291666667 0.721484375 0.06875 0.730078125 0.06875 0.7306640625 0.06770833333333333 0.7306640625 0.06423611041666667 0.7287109375 0.060763889583333335 0.7287109375 0.057291666666666664 0.7306640625 0.05381944375 0.7306640625 0.046875 0.734375 0.040277779166666666 0.734375 0.0326388875 0.730078125 0.025 0.715625 0.025 0.7130859375 0.029513889583333335 0.7150390625 0.032986110416666665
0 0.7169921875 0.03958333541666667 0.71015625 0.02743055625 0.708203125 0.02743055625 0.70625 0.023958335416666664 0.696484375 0.023958335416666664 0.69453125 0.02743055625 0.692578125 0.02743055625 0.6916015625 0.02916666875 0.6916015625 0.0361111125 0.6955078125 0.04305555625 0.6955078125 0.0673611125 0.696484375 0.06909722291666666 0.6984375 0.06909722291666666 0.6994140625 0.07083333333333333 0.7111328125 0.07083333333333333 0.7169921875 0.06041666875 0.7169921875 0.03958333541666667
0 0.7783203125 0.0548611125 0.7685546875 0.0548611125 0.7640625 0.06284722291666667 0.7640625 0.06527777708333334 0.767578125 0.08090277916666667 0.7799348953125 0.10625 0.7822265640625 0.10625 0.78515625 0.10520833333333333 0.790625 0.09548611041666667 0.790625 0.07604166666666666 0.7890625 0.0704861125 0.7783203125 0.0548611125
0 0.766796875 0.08385416666666666 0.755078125 0.08385416666666666 0.7462890625 0.09600694375 0.7443359375 0.10295138958333333 0.7443359375 0.1203125 0.7482421875 0.13420138958333333 0.75703125 0.14982638958333333 0.757910153125 0.15 0.76845703125 0.15 0.774609375 0.14635416666666667 0.7794921875 0.13767361041666665 0.78125 0.13142361041666667 0.78125 0.10948547916666666 0.770703125 0.08732638958333333 0.766796875 0.08385416666666666
0 0.7455078125 0.05902777708333333 0.73671875 0.078125 0.73671875 0.09201388958333333 0.738671875 0.09895833333333333 0.7435546875 0.10763888958333333 0.74453125 0.10590277708333334 0.746484375 0.09548611041666667 0.7513671875 0.08680555625 0.7552734375 0.08333333333333333 0.7669921875 0.08333333333333333 0.7671875 0.08159722291666666 0.7671875 0.07369123958333333 0.7552734375 0.05902777708333333 0.7455078125 0.05902777708333333