1 0.43125 0.8729166666666667 0.4146484375 0.8434027770833333 0.4068359375 0.8364583333333333 0.4009765625 0.8260416666666667 0.3853515625 0.8121527770833333 0.3794921875 0.8121527770833333 0.3716796875 0.8052083333333333 0.3345703125 0.8052083333333333 0.3169921875 0.815625 0.3013671875 0.8329861104166666 0.288671875 0.8555555541666667 0.276953125 0.89375 0.273046875 0.9458333333333333 0.275 0.9493055541666667 0.276953125 0.9840277770833333 0.2818359375 0.9961805541666667 0.2847656265625 0.9979166666666667 0.2984375 0.9979166666666667 0.2994140625 0.9961805541666667 0.3023437515625 0.9979166666666667 0.444921875 0.9979166666666667 0.4484375 0.9916666645833333 0.4484375 0.9402777770833333 0.441015625 0.90069444375 0.43125 0.8729166666666667
1 0.2509765625 0.3892361125 0.259765625 0.3701388895833333 0.26171875 0.35972222291666667 0.26171875 0.3215277791666667 0.2578125 0.3076388895833333 0.2490234375 0.2920138895833333 0.2314453125 0.28854166666666664 0.2197265625 0.2989583333333333 0.2109375 0.3145833333333333 0.20703125 0.33541666666666664 0.208984375 0.36666666666666664 0.21484375 0.38055555625 0.22534722187499998 0.3958333333333333 0.229296884375 0.3958333333333333 0.244140625 0.3944444458333333 0.2509765625 0.3892361125
1 0.256640625 0.25694444375 0.24296875 0.25694444375 0.23515625 0.26388888958333334 0.2283203125 0.2760416666666667 0.2244140625 0.28993055624999997 0.24296875 0.28819444375000003 0.252734375 0.2951388895833333 0.2595703125 0.3107638895833333 0.2615234375 0.33159722291666666 0.264453125 0.33680555624999997 0.2654296875 0.33506944375000003 0.271875 0.31215277708333333 0.271875 0.28784722291666665 0.2712890625 0.2795138895833333 0.256640625 0.25694444375
1 0.2068359375 0.23767361041666665 0.2 0.22899305416666668 0.18828125 0.23246527708333334 0.1794921875 0.24809027708333334 0.18046875 0.2532986104166667 0.194140625 0.2532986104166667 0.2 0.26024305416666665 0.20087891406249997 0.2604166666666667 0.2078125 0.2604166666666667 0.2078125 0.24114583333333334 0.2068359375 0.23767361041666665
1 0.30361328125 0.17395833125000001 0.29189453125 0.17395833125000001 0.28212890625 0.18437499791666667 0.27529296875 0.20347222083333336 0.27529296875 0.22083333125000001 0.27810546875000003 0.22916666666666666 0.2788085921875 0.22916666666666666 0.28115234375 0.22777777708333333 0.28505859375 0.2138888875 0.29384765625 0.1982638875 0.29775390625 0.19479166458333333 0.3125 0.19479166458333333 0.3125 0.19114583125 0.31044921875 0.1826388875 0.30361328125 0.17395833125000001
1 0.31328125 0.19479166458333333 0.29765625 0.19479166458333333 0.29375 0.1982638875 0.2830078125 0.22083333125000001 0.307421875 0.21909722083333336 0.31328125 0.22256944374999998 0.3169921875 0.22916666666666666 0.3177734359375 0.22916666666666666 0.3201171875 0.22777777708333333 0.3234375 0.22187499791666668 0.3234375 0.2118055541666667 0.3220703125 0.20694444374999998 0.31328125 0.19479166458333333
1 0.23671875 0.21006944375 0.234765625 0.21701388958333334 0.234765625 0.24131944375 0.23671875 0.24826388958333334 0.2430078125 0.25625 0.2501953078125 0.25625 0.26015625 0.2552083333333333 0.26796875 0.23784722291666668 0.26875 0.228125 0.26875 0.21099537083333333 0.2611328125 0.19444444375 0.2533203109375 0.19166666666666668 0.2501953125 0.19166666666666668 0.2455078125 0.19444444375 0.23671875 0.21006944375
1 0.125 0.3248263875 0.1234375 0.33315972083333334 0.1234375 0.34149305416666664 0.125 0.36649305416666667 0.1318359375 0.37864583333333335 0.1344726578125 0.37916666666666665 0.14404296875 0.37916666666666665 0.1455078125 0.37864583333333335 0.154296875 0.36302083333333335 0.15625 0.3421875 0.1578125 0.3394097208333333 0.1578125 0.33524305416666667 0.15625 0.32135416666666666 0.15234375 0.3109375 0.14794921875 0.30625 0.13515625 0.30625 0.1318359375 0.3092013875 0.125 0.3248263875
1 0.1244140625 0.30399305416666667 0.1226318359375 0.31666666666666665 0.1285481765625 0.31666666666666665 0.129296875 0.3126736104166667 0.137109375 0.30572916666666666 0.144921875 0.30572916666666666 0.15078125 0.3126736104166667 0.1515625 0.3001736104166667 0.1515625 0.29670138749999997 0.14521484375 0.28541666666666665 0.1345703125 0.28541666666666665 0.13125 0.28836805416666667 0.1244140625 0.30399305416666667
1 0.5810546875 0.22916666666666666 0.5625 0.25868055625 0.5625 0.265625 0.55859375 0.2760416666666667 0.55859375 0.28993055624999997 0.556640625 0.29340277708333334 0.55859375 0.3142361104166667 0.564453125 0.33506944375000003 0.5751953125 0.3541666666666667 0.5849609375 0.3576388895833333 0.5966796875 0.36805555624999997 0.607421875 0.36631944375000003 0.6240234375 0.3541666666666667 0.63671875 0.32465277708333334 0.63671875 0.3107638895833333 0.638671875 0.3072916666666667 0.63671875 0.2760416666666667 0.6328125 0.265625 0.6328125 0.25868055625 0.6142578125 0.22916666666666666 0.6083984375 0.22569444375 0.5888671875 0.22569444375 0.5869140625 0.22916666666666666 0.5810546875 0.22916666666666666
1 0.458203125 0.13229166666666667 0.454296875 0.13229166666666667 0.4484375 0.14618055625 0.430859375 0.16006944583333332 0.4240234375 0.17569444583333332 0.4259765625 0.18611111249999998 0.434765625 0.20173611249999998 0.44033203125 0.20833333333333334 0.4412109390625 0.20833333333333334 0.4435546875 0.20694444583333332 0.45625 0.18784722291666667 0.466015625 0.184375 0.46875 0.17951388958333334 0.46875 0.15069444583333333 0.4669921875 0.14444444583333332 0.458203125 0.13229166666666667
0 0.483984375 0.18472222083333334 0.4625 0.18472222083333334 0.456640625 0.18819444375 0.4458984375 0.20381944375 0.4400390625 0.228125 0.4400390625 0.25243055416666665 0.4419921875 0.2559027770833333 0.4419921875 0.26631944375 0.4546875 0.28888888749999997 0.46822916875000004 0.29791666666666666 0.474218746875 0.29791666666666666 0.4751953125 0.29756944375 0.48984375 0.28888888749999997 0.4966796875 0.2767361104166667 0.503125 0.2566840270833333 0.503125 0.22326388958333335 0.4966796875 0.20034722083333334 0.483984375 0.18472222083333334
0 0.3599609375 0.20104166666666667 0.3560546875 0.19756944375 0.3384765625 0.19756944375 0.319921875 0.22708333333333333 0.31796875 0.23402777708333333 0.31796875 0.25833333333333336 0.323828125 0.2791666666666667 0.3326171875 0.29131944375 0.33671875 0.29375 0.3484375046875 0.29375 0.355078125 0.29305555624999996 0.3619140625 0.28784722291666665 0.36875 0.27222222291666665 0.371875 0.2611111104166667 0.371875 0.22777777708333333 0.36875 0.21666666666666667 0.3599609375 0.20104166666666667
0 0.31328125 0.221875 0.28984375 0.21840277708333333 0.2859375 0.221875 0.2712890625 0.2513888875 0.2712890625 0.2861111104166667 0.280078125 0.3086805541666667 0.283984375 0.3086805541666667 0.28896484375 0.3145833333333333 0.29628905781250003 0.3145833333333333 0.3005859375 0.3138888875 0.309375 0.3086805541666667 0.3162109375 0.29652777708333333 0.31875 0.2874999979166667 0.31875 0.24861111041666667 0.3181640625 0.23402777708333333 0.31328125 0.221875
0 0.2255859375 0.5 0.21484375 0.52256944375 0.20703125 0.5607638895833333 0.20703125 0.6024305562500001 0.21875 0.640625 0.2314453125 0.6631944437499999 0.2353515625 0.6631944437499999 0.244466146875 0.6729166666666667 0.25488280625000004 0.6729166666666667 0.26953125 0.671875 0.2841796875 0.6631944437499999 0.294921875 0.6440972229166667 0.3046875 0.6197916666666666 0.3046875 0.609375 0.30859375 0.5954861104166667 0.306640625 0.5503472229166667 0.296875 0.515625 0.2802734375 0.49305555624999997 0.2675130203125 0.48333333333333334 0.2421875015625 0.48333333333333334 0.2333984375 0.4895833333333333 0.2255859375 0.5
0 0.1548828125 0.49270833333333336 0.1392578125 0.47881944375 0.1294921875 0.47881944375 0.1197265625 0.4857638875 0.1109375 0.4979166666666667 0.103125 0.5256944437500001 0.101171875 0.5673611104166666 0.108984375 0.6020833333333333 0.1197265625 0.6211805541666667 0.1263671875 0.6270833333333333 0.13632811875 0.6270833333333333 0.1421875 0.6263888875 0.1490234375 0.6246527770833333 0.1548828125 0.6177083333333333 0.16171875 0.6055555541666667 0.165625 0.5916666666666667 0.1671875 0.5833333333333334 0.1671875 0.5305555541666667 0.163671875 0.5118055541666666 0.1548828125 0.49270833333333336
0 0.1373046875 0.409375 0.1314453125 0.40590277708333333 0.1197265625 0.409375 0.10703125 0.4284722208333333 0.101171875 0.45625 0.101171875 0.48402777708333333 0.103125 0.49444444375 0.107421875 0.5020833333333333 0.1097656234375 0.5020833333333333 0.1109375 0.5013888875 0.1158203125 0.4892361104166667 0.1294921875 0.47881944375 0.1392578125 0.47881944375 0.1490234375 0.4857638875 0.1515625 0.48425925833333333 0.1515625 0.44375 0.15 0.4354166666666667 0.1373046875 0.409375
0 0.0638671875 0.3927083333333333 0.055078125 0.4048611125 0.051171875 0.41875 0.051171875 0.45 0.0580078125 0.465625 0.0615234375 0.46875 0.063281253125 0.46875 0.06875 0.4673611125 0.074609375 0.46041666666666664 0.078125 0.44791666874999997 0.078125 0.4109127 0.0716796875 0.39618055625 0.0638671875 0.3927083333333333
0 0.0224609375 0.46840277916666667 0.017578125 0.47708333333333336 0.0140625 0.49270833541666664 0.0140625 0.5013888895833333 0.015625 0.5291666666666667 0.0220052078125 0.54375 0.028906257812500002 0.54375 0.033203125 0.54305555625 0.0390625 0.5326388895833333 0.040625 0.52430555625 0.040625 0.48640873125 0.0341796875 0.46840277916666667 0.0224609375 0.46840277916666667
0 0.125 0.32083333333333336 0.1220703125 0.315625 0.1123046875 0.315625 0.1015625 0.33819444375 0.1 0.3576388895833333 0.1 0.36359126875 0.1064453125 0.3815972208333333 0.10839843906249999 0.38333333333333336 0.12109375 0.38333333333333336 0.1265625 0.37361111041666667 0.1265625 0.37118055624999996 0.123046875 0.3555555541666667 0.125 0.32083333333333336
0 0.1697265625 0.33159722291666666 0.1697265625 0.35590277708333334 0.1736328125 0.3697916666666667 0.18046875 0.38194444375000003 0.184375 0.3854166666666667 0.2009765625 0.38368055624999997 0.209375 0.37173611041666665 0.209375 0.3673611104166667 0.2087890625 0.36631944375000003 0.2087890625 0.3489583333333333 0.2068359375 0.3454861104166667 0.209375 0.32065972291666667 0.209375 0.3048611104166667 0.201953125 0.2916666666666667 0.18828125 0.2916666666666667 0.1736328125 0.3142361104166667 0.1697265625 0.33159722291666666
1 0.2111328125 0.27569444375 0.2111328125 0.2722222208333333 0.20625 0.2635416666666667 0.204296875 0.2635416666666667 0.20234375 0.26006944375 0.1984375 0.26006944375 0.196484375 0.2635416666666667 0.192578125 0.2635416666666667 0.190625 0.2670138875 0.188671875 0.2670138875 0.1798828125 0.2826388875 0.1798828125 0.28958333333333336 0.1828125 0.2947916666666667 0.18671875 0.2947916666666667 0.188671875 0.29131944375 0.200390625 0.29131944375 0.20234375 0.2947916666666667 0.204296875 0.2947916666666667 0.2095703125 0.30416666666666664 0.2125 0.30416666666666664 0.2125 0.278125 0.2111328125 0.27569444375
0 0.1783203125 0.2565972229166667 0.1763671875 0.2565972229166667 0.171484375 0.26527777916666667 0.171484375 0.26875 0.16953125 0.27222222291666665 0.16953125 0.27569444583333336 0.167578125 0.2791666666666667 0.167578125 0.30347222291666665 0.16953125 0.30694444583333336 0.16953125 0.3104166666666667 0.1734375 0.3104166666666667 0.179296875 0.3 0.179296875 0.28263888958333333 0.18125 0.2791666666666667 0.18125 0.27569444583333336 0.1841796875 0.27048611250000004 0.1861328125 0.27048611250000004 0.1900390625 0.26354166875 0.19375 0.26354166875 0.19375 0.25312500208333333 0.1802734375 0.25312500208333333 0.1783203125 0.2565972229166667