1 0.3427734375 0.59375 0.349609375 0.5677083333333334 0.3515625 0.5434027770833333 0.349609375 0.5399305562500001 0.345703125 0.5052083333333334 0.3359375 0.47743055624999997 0.3154296875 0.4548611104166667 0.3037109375 0.4513888895833333 0.3017578125 0.4479166666666667 0.2861328125 0.4479166666666667 0.2744140625 0.4583333333333333 0.2705078125 0.4583333333333333 0.267578125 0.4670138895833333 0.2578125 0.48090277708333334 0.24609375 0.5190972229166666 0.24609375 0.546875 0.244140625 0.5503472229166667 0.24609375 0.5538194437499999 0.24609375 0.5711805562500001 0.251953125 0.5954861104166667 0.2548828125 0.6006944437499999 0.259765625 0.5989583333333334 0.2705078125 0.5833333333333334 0.2763671875 0.5833333333333334 0.2900390625 0.5729166666666666 0.3173828125 0.5729166666666666 0.3271484375 0.5833333333333334 0.3310546875 0.5833333333333334 0.3369140625 0.59375 0.3427734375 0.59375
1 0.3115234375 0.5729166666666666 0.2841796875 0.5763888895833333 0.2783203125 0.5833333333333334 0.2685546875 0.5868055562500001 0.2607421875 0.5972222229166667 0.25 0.6197916666666666 0.2421875 0.6510416666666666 0.2421875 0.6857638895833333 0.240234375 0.6892361104166667 0.2421875 0.7100694437499999 0.25390625 0.7586805562500001 0.2685546875 0.7881944437499999 0.2880859375 0.8055555562500001 0.2958984375 0.8055555562500001 0.2978515625 0.8090277770833333 0.314453125 0.8072916666666666 0.3330078125 0.8020833333333334 0.3515625 0.7725694437499999 0.365234375 0.7239583333333334 0.365234375 0.671875 0.359375 0.640625 0.353515625 0.6232638895833333 0.3291015625 0.5833333333333334 0.3115234375 0.5729166666666666
1 0.3896484375 0.3541666666666667 0.39453125 0.3489583333333333 0.390625 0.33159722291666666 0.3818359375 0.31597222291666666 0.3720703125 0.30555555624999997 0.3662109375 0.30555555624999997 0.3642578125 0.3020833333333333 0.3447265625 0.30555555624999997 0.3330078125 0.31597222291666666 0.32421875 0.33159722291666666 0.32421875 0.3385416666666667 0.3203125 0.3454861104166667 0.318359375 0.36631944375000003 0.31640625 0.3697916666666667 0.31640625 0.390625 0.3203125 0.4114583333333333 0.32421875 0.42534722291666666 0.3330078125 0.44097222291666666 0.33984375 0.44618055624999997 0.341796875 0.4427083333333333 0.341796875 0.42881944375000003 0.34375 0.42534722291666666 0.345703125 0.4045138895833333 0.3515625 0.38715277708333334 0.3583984375 0.375 0.3740234375 0.3576388895833333 0.3896484375 0.3541666666666667
1 0.2890625 0.23784722291666668 0.3037109375 0.2708333333333333 0.3056640625 0.2673611104166667 0.330078125 0.26909722291666666 0.3359375 0.24826388958333334 0.3359375 0.22743055625 0.3271484375 0.20486111041666666 0.3193359375 0.19791666666666666 0.3095703125 0.19791666666666666 0.3017578125 0.20486111041666666 0.291015625 0.22395833333333334 0.2890625 0.23784722291666668
1 0.4736328125 0.12847222291666666 0.466796875 0.140625 0.462890625 0.16145833333333334 0.4775390625 0.20138888958333334 0.486328125 0.19965277708333332 0.482421875 0.18923611041666666 0.484375 0.16145833333333334 0.4951171875 0.13888888958333334 0.50390625 0.13368055625 0.5029296875 0.12847222291666666 0.4951171875 0.12152777708333334 0.4833984375 0.12152777708333334 0.4736328125 0.12847222291666666
0 0.3232421875 0.2673611104166667 0.3056640625 0.2673611104166667 0.2978515625 0.27430555624999997 0.2900390625 0.28472222291666666 0.28515625 0.296875 0.279296875 0.32465277708333334 0.279296875 0.3454861104166667 0.28515625 0.3697916666666667 0.2919921875 0.38194444375000003 0.2998046875 0.3888888895833333 0.3056640625 0.3923611104166667 0.314453125 0.390625 0.31640625 0.38715277708333334 0.318359375 0.35590277708333334 0.32421875 0.33159722291666666 0.3330078125 0.31597222291666666 0.34375 0.3072916666666667 0.341796875 0.29340277708333334 0.3310546875 0.27430555624999997 0.3232421875 0.2673611104166667
0 0.4296875 0.38368055624999997 0.4169921875 0.3645833333333333 0.4033203125 0.3541666666666667 0.3798828125 0.3541666666666667 0.3740234375 0.3611111104166667 0.3701171875 0.3611111104166667 0.3515625 0.38715277708333334 0.34375 0.41840277708333334 0.341796875 0.45659722291666666 0.3515625 0.4982638895833333 0.3642578125 0.5208333333333334 0.3779296875 0.5347222229166667 0.392578125 0.5364583333333334 0.4013671875 0.5347222229166667 0.4150390625 0.52430555625 0.431640625 0.4982638895833333 0.435546875 0.484375 0.435546875 0.4322916666666667 0.4375 0.42881944375000003 0.4375 0.4079861104166667 0.4296875 0.38368055624999997
0 0.4970703125 0.35069444375000003 0.4814453125 0.35069444375000003 0.4794921875 0.3541666666666667 0.4677734375 0.3576388895833333 0.4619140625 0.3645833333333333 0.4453125 0.39409722291666666 0.4375 0.421875 0.435546875 0.4635416666666667 0.44140625 0.4947916666666667 0.4580078125 0.5277777770833334 0.4775390625 0.5451388895833333 0.501953125 0.5434027770833333 0.5126953125 0.5347222229166667 0.5185546875 0.5347222229166667 0.537109375 0.5052083333333334 0.544921875 0.4739583333333333 0.544921875 0.42881944375000003 0.537109375 0.39756944375000003 0.5224609375 0.36805555624999997 0.4970703125 0.35069444375000003
0 0.310546875 0.19618055625 0.3193359375 0.19791666666666666 0.3271484375 0.20486111041666666 0.333984375 0.21701388958333334 0.3349609375 0.22569444375 0.33984375 0.22395833333333334 0.345703125 0.21701388958333334 0.3515625 0.19965277708333332 0.3515625 0.17881944375 0.3427734375 0.15972222291666668 0.3388671875 0.15625 0.3271484375 0.15625 0.314453125 0.171875 0.310546875 0.19618055625
0 0.353515625 0.19965277708333332 0.35546875 0.20659722291666668 0.3662109375 0.22222222291666668 0.3828125 0.22048611041666666 0.392578125 0.20659722291666668 0.396484375 0.19270833333333334 0.396484375 0.16840277708333332 0.3896484375 0.15277777708333332 0.3818359375 0.14583333333333334 0.3701171875 0.14583333333333334 0.353515625 0.171875 0.353515625 0.19965277708333332
0 0.4326171875 0.14236111041666666 0.4248046875 0.14930555625 0.41796875 0.16145833333333334 0.4140625 0.17534722291666668 0.4140625 0.19618055625 0.416015625 0.203125 0.41796875 0.203125 0.421875 0.18576388958333334 0.4306640625 0.17013888958333334 0.4404296875 0.16319444375 0.4541015625 0.16319444375 0.4619140625 0.17013888958333334 0.462890625 0.16145833333333334 0.4501953125 0.14236111041666666 0.4326171875 0.14236111041666666
0 0.5205078125 0.11111111041666667 0.5146484375 0.11805555625 0.509765625 0.13020833333333334 0.5126953125 0.13541666666666666 0.5244140625 0.13888888958333334 0.533203125 0.15451388958333334 0.537109375 0.16840277708333332 0.537109375 0.18576388958333334 0.541015625 0.18576388958333334 0.5478515625 0.17708333333333334 0.552734375 0.16493055625 0.5546875 0.15798611041666666 0.5546875 0.13715277708333332 0.552734375 0.13020833333333334 0.5400390625 0.11111111041666667 0.5341796875 0.10763888958333333 0.5205078125 0.11111111041666667
0 0.7177734375 0.15277777708333332 0.708984375 0.16493055625 0.705078125 0.17881944375 0.705078125 0.20659722291666668 0.708984375 0.22048611041666666 0.7216796875 0.24305555625 0.7275390625 0.24652777708333332 0.740234375 0.24479166666666666 0.7470703125 0.23958333333333334 0.755859375 0.22048611041666666 0.7578125 0.21006944375 0.755859375 0.18229166666666666 0.751953125 0.171875 0.7392578125 0.15277777708333332 0.7333984375 0.14930555625 0.7177734375 0.15277777708333332
0 0.677734375 0.140625 0.673828125 0.15451388958333334 0.673828125 0.171875 0.677734375 0.18923611041666666 0.6845703125 0.20138888958333334 0.6943359375 0.21180555625 0.705078125 0.21006944375 0.705078125 0.17881944375 0.708984375 0.16493055625 0.7158203125 0.15625 0.71875 0.14756944375 0.7138671875 0.13541666666666666 0.7041015625 0.125 0.6904296875 0.125 0.677734375 0.140625
0 0.8310546875 0.19097222291666668 0.8251953125 0.19097222291666668 0.814453125 0.20659722291666668 0.810546875 0.22048611041666666 0.8125 0.24826388958333334 0.8251953125 0.28125 0.8291015625 0.28472222291666666 0.845703125 0.2829861104166667 0.8486328125 0.28125 0.859375 0.25868055625 0.859375 0.24479166666666666 0.861328125 0.24131944375 0.859375 0.22395833333333334 0.8447265625 0.19444444375 0.8330078125 0.1875 0.8310546875 0.19097222291666668
0 1 0.30381944375000003 0.9873046875 0.27777777708333334 0.9794921875 0.27777777708333334 0.9755859375 0.28125 0.96875 0.296875 0.96875 0.32465277708333334 0.974609375 0.3489583333333333 0.9794921875 0.3576388895833333 0.9833984375 0.3611111104166667 0.994140625 0.359375 1 0.3489583333333333 1 0.30381944375000003