0 0.041015625 0.8350694437499999 0.033203125 0.8628472229166667 0.033203125 0.890625 0.03515625 0.8975694437499999 0.0634765625 0.9513888895833333 0.0732421875 0.9618055562500001 0.083984375 0.9809027770833333 0.0908203125 1 0.107421875 0.9982638895833333 0.1103515625 0.9965277770833333 0.115234375 0.984375 0.115234375 0.9392361104166667 0.11328125 0.9357638895833333 0.109375 0.9045138895833333 0.103515625 0.8836805562500001 0.091796875 0.8559027770833333 0.0771484375 0.8333333333333334 0.0634765625 0.8229166666666666 0.0517578125 0.8229166666666666 0.0478515625 0.8263888895833333 0.041015625 0.8350694437499999
1 0.11328125 0.7065972229166667 0.109375 0.7274305562500001 0.109375 0.7795138895833333 0.115234375 0.8003472229166667 0.115234375 0.8072916666666666 0.1357421875 0.8506944437499999 0.1513671875 0.8645833333333334 0.173828125 0.8628472229166667 0.1826171875 0.8611111104166667 0.1884765625 0.8541666666666666 0.201171875 0.8177083333333334 0.203125 0.8072916666666666 0.203125 0.7552083333333334 0.1953125 0.7239583333333334 0.1875 0.703125 0.1728515625 0.6770833333333334 0.1611328125 0.6666666666666666 0.1376953125 0.6666666666666666 0.1220703125 0.6840277770833333 0.11328125 0.7065972229166667
1 0.54375 0.18437499791666667 0.526171875 0.19131944374999998 0.5134765625 0.2138888875 0.5115234375 0.22430555416666667 0.5115234375 0.22777777708333333 0.5232421875 0.2451388875 0.5271484375 0.2590277770833333 0.5291015625 0.28680555416666664 0.5318359375 0.2916666666666667 0.533007809375 0.2916666666666667 0.5369140625 0.29027777708333335 0.5330078125 0.26944444375000004 0.5369140625 0.23819444374999998 0.54765625 0.21909722083333336 0.55546875 0.21215277708333333 0.561328125 0.21215277708333333 0.5625 0.21006944375 0.5625 0.20256944375 0.559375 0.19479166458333333 0.54375 0.18437499791666667
1 0.6412109375 0.20173611249999998 0.6353515625 0.19826388958333335 0.6216796875 0.19826388958333335 0.6138671875 0.20520833333333333 0.601171875 0.22777777916666667 0.59921875 0.23819444583333332 0.59921875 0.2625 0.605078125 0.28680555625 0.6138671875 0.30243055625 0.62216796875 0.30833333333333335 0.6335937546875 0.30833333333333335 0.640234375 0.3076388895833333 0.659765625 0.27986111041666667 0.6609375 0.2736111104166667 0.6609375 0.2375 0.659765625 0.23125 0.6412109375 0.20173611249999998
1 0.6314453125 0.16388888750000002 0.6197265625 0.15347222083333334 0.6060546875 0.15347222083333334 0.597265625 0.16215277708333334 0.59140625 0.17604166666666668 0.589453125 0.20381944375 0.597701321875 0.225 0.602148434375 0.225 0.603125 0.22465277708333334 0.6080078125 0.2125 0.6216796875 0.19861111041666665 0.6390625 0.20023757083333335 0.6390625 0.18784722083333336 0.63828125 0.17951388750000002 0.6314453125 0.16388888750000002
1 0.854296875 0.3267361125 0.842578125 0.31979166666666664 0.82890625 0.31979166666666664 0.819140625 0.3267361125 0.8083984375 0.3458333333333333 0.8025390625 0.3701388895833333 0.8025390625 0.4048611125 0.8083984375 0.4256944458333333 0.8103515625 0.4465277791666667 0.815234375 0.4552083333333333 0.8361816390625 0.46875 0.8384765671875 0.46875 0.8455078125 0.4673611125 0.858203125 0.4552083333333333 0.8708984375 0.42916666666666664 0.8728515625 0.4083333333333333 0.8734375 0.40729166666666666 0.8734375 0.37508680624999996 0.8669921875 0.34930555625 0.854296875 0.3267361125
0 0.6572265625 0.20138888958333334 0.653125 0.21159722291666666 0.653125 0.21548611041666668 0.662109375 0.23784722291666668 0.662109375 0.2760416666666667 0.6748046875 0.2916666666666667 0.689453125 0.28993055624999997 0.6962890625 0.28472222291666666 0.703125 0.27256944375000003 0.70625 0.26145833333333335 0.70625 0.22118055625000002 0.703125 0.21006944375 0.6962890625 0.19791666666666666 0.6845703125 0.1875 0.6708984375 0.1875 0.6650390625 0.19097222291666668 0.6572265625 0.20138888958333334
0 0.53515625 0.24479166666666666 0.53515625 0.25868055625 0.533203125 0.26215277708333334 0.53515625 0.265625 0.53515625 0.2829861104166667 0.5478515625 0.3125 0.5615234375 0.3229166666666667 0.572265625 0.32118055624999997 0.5849609375 0.3125 0.595703125 0.296875 0.599609375 0.2829861104166667 0.599609375 0.24826388958333334 0.5869140625 0.21875 0.5751953125 0.20833333333333334 0.5634765625 0.20833333333333334 0.5439453125 0.22222222291666668 0.53515625 0.24479166666666666
0 0.5103515625 0.22552083333333334 0.4986328125 0.21857638958333334 0.4908203125 0.21857638958333334 0.4751953125 0.22899305625000002 0.468359375 0.24114583333333334 0.4625 0.25850694583333333 0.460546875 0.2828125 0.464453125 0.30364583333333334 0.4732421875 0.32274305625 0.4849609375 0.3331597229166666 0.48623046406250003 0.3333333333333333 0.50087890625 0.3333333333333333 0.5083984375 0.3296875 0.523046875 0.30711805625 0.5265625 0.29149305625 0.5265625 0.2573495375 0.52109375 0.24114583333333334 0.5103515625 0.22552083333333334
0 0.2146484375 0.4392361104166667 0.2126953125 0.46006944375000003 0.2107421875 0.4635416666666667 0.2126953125 0.5017361104166667 0.2185546875 0.52256944375 0.22734375 0.5381944437499999 0.2401041671875 0.5479166666666667 0.24921874531250002 0.5479166666666667 0.2615234375 0.546875 0.268359375 0.5416666666666666 0.2810546875 0.515625 0.2859375 0.49247685208333336 0.2859375 0.4583333333333333 0.2810546875 0.4322916666666667 0.268359375 0.40972222291666666 0.2555989578125 0.4 0.2421875 0.4 0.22734375 0.41319444375000003 0.2146484375 0.4392361104166667
0 0.8875 0.3086805541666667 0.88359375 0.30520833333333336 0.869921875 0.30520833333333336 0.8640625 0.3086805541666667 0.8552734375 0.32777777708333333 0.8669921875 0.3486111104166667 0.8728515625 0.3729166666666667 0.8728515625 0.39027777708333333 0.8748046875 0.3972222208333333 0.8728515625 0.40069444375 0.8708984375 0.43194444375 0.8741536468750001 0.4354166666666667 0.8845703125 0.4354166666666667 0.8953125 0.4267361104166667 0.9041015625 0.4076388875 0.90625 0.39618055416666664 0.90625 0.34930555416666664 0.9021484375 0.3347222208333333 0.8875 0.3086805541666667