1 0.2255859375 0.43055555624999997 0.208984375 0.46006944375000003 0.205078125 0.47743055624999997 0.203125 0.5121527770833334 0.208984375 0.5434027770833333 0.2236328125 0.5694444437499999 0.2333984375 0.5763888895833333 0.25390625 0.5746527770833333 0.2568359375 0.5694444437499999 0.2685546875 0.5625 0.27734375 0.5329861104166667 0.279296875 0.52256944375 0.279296875 0.48090277708333334 0.2734375 0.453125 0.2646484375 0.4375 0.2509765625 0.4236111104166667 0.2373046875 0.4236111104166667 0.2255859375 0.43055555624999997
1 0.048828125 0.5538194437499999 0.044921875 0.5677083333333334 0.044921875 0.6163194437499999 0.05078125 0.6371527770833333 0.0595703125 0.6527777770833333 0.0634765625 0.65625 0.078125 0.6545138895833333 0.0810546875 0.6527777770833333 0.08984375 0.6336805562500001 0.08984375 0.6059027770833333 0.091796875 0.6024305562500001 0.08984375 0.5954861104166667 0.08984375 0.578125 0.087890625 0.5677083333333334 0.0751953125 0.5381944437499999 0.0595703125 0.5381944437499999 0.048828125 0.5538194437499999
1 0.033203125 0.5503472229166667 0.0390625 0.578125 0.0419921875 0.5833333333333334 0.04296875 0.5815972229166667 0.048828125 0.5538194437499999 0.0556640625 0.5416666666666666 0.0673828125 0.5381944437499999 0.0703125 0.5329861104166667 0.06640625 0.515625 0.0576171875 0.5 0.0458984375 0.5 0.0419921875 0.5034722229166666 0.03515625 0.52256944375 0.033203125 0.5503472229166667
1 0 0.6822916666666666 0.0068359375 0.6979166666666666 0.0146484375 0.7083333333333334 0.015625 0.7065972229166667 0.015625 0.6961805562500001 0.01171875 0.6788194437499999 0.01171875 0.6440972229166667 0.021484375 0.6128472229166667 0.0166015625 0.6076388895833333 0.0107421875 0.6076388895833333 0.0068359375 0.6111111104166667 0 0.6267361104166667 0 0.6822916666666666
0 0.013671875 0.6336805562500001 0.013671875 0.6440972229166667 0.01171875 0.6475694437499999 0.01171875 0.6788194437499999 0.013671875 0.6822916666666666 0.015625 0.703125 0.0283203125 0.7291666666666666 0.0322265625 0.7326388895833333 0.044921875 0.7309027770833333 0.048828125 0.7274305562500001 0.0546875 0.7100694437499999 0.056640625 0.6649305562500001 0.0546875 0.6614583333333334 0.0546875 0.6510416666666666 0.046875 0.6267361104166667 0.0341796875 0.6111111104166667 0.0283203125 0.6111111104166667 0.0224609375 0.6145833333333334 0.013671875 0.6336805562500001
0 0.07421875 0.50868055625 0.07421875 0.5364583333333334 0.08203125 0.5503472229166667 0.0927734375 0.5833333333333334 0.10546875 0.5815972229166667 0.1171875 0.5642361104166667 0.119140625 0.5538194437499999 0.119140625 0.5399305562500001 0.12109375 0.5364583333333334 0.119140625 0.5052083333333334 0.115234375 0.49131944375000003 0.1025390625 0.47222222291666666 0.0908203125 0.47222222291666666 0.080078125 0.48784722291666666 0.07421875 0.50868055625
0 0.013671875 0.8107638895833333 0.021484375 0.8003472229166667 0.0234375 0.7899305562500001 0.0234375 0.7482638895833333 0.021484375 0.7447916666666666 0.021484375 0.734375 0.013671875 0.7100694437499999 0.0009765625 0.6909722229166667 0 0.8038194437499999 0.0087890625 0.8125 0.013671875 0.8107638895833333
0 0.251953125 0.3802083333333333 0.24609375 0.4010416666666667 0.24609375 0.421875 0.2626953125 0.43402777708333334 0.2734375 0.453125 0.279296875 0.484375 0.2822265625 0.4895833333333333 0.28515625 0.48784722291666666 0.2998046875 0.4791666666666667 0.310546875 0.45659722291666666 0.314453125 0.4357638895833333 0.314453125 0.4010416666666667 0.3046875 0.3697916666666667 0.2978515625 0.3611111104166667 0.2900390625 0.3541666666666667 0.2724609375 0.3541666666666667 0.2607421875 0.3645833333333333 0.251953125 0.3802083333333333
0 0.404296875 0.23090277708333332 0.400390625 0.24479166666666666 0.400390625 0.2760416666666667 0.404296875 0.28993055624999997 0.4111328125 0.3020833333333333 0.41796875 0.3072916666666667 0.41796875 0.2829861104166667 0.423828125 0.25173611041666666 0.4423828125 0.23263888958333334 0.4501953125 0.23263888958333334 0.451171875 0.22395833333333334 0.4462890625 0.21527777708333332 0.4365234375 0.20833333333333334 0.4228515625 0.20833333333333334 0.4111328125 0.21875 0.404296875 0.23090277708333332
0 0.41796875 0.2829861104166667 0.41796875 0.3072916666666667 0.423828125 0.32465277708333334 0.4365234375 0.34722222291666666 0.4404296875 0.35069444375000003 0.4609375 0.3489583333333333 0.4658203125 0.34722222291666666 0.48046875 0.3177083333333333 0.484375 0.30381944375000003 0.484375 0.2760416666666667 0.48046875 0.25868055625 0.4697265625 0.23958333333333334 0.4599609375 0.23263888958333334 0.4443359375 0.23263888958333334 0.423828125 0.25173611041666666 0.41796875 0.2829861104166667
0 0.455078125 0.22743055625 0.4580078125 0.23263888958333334 0.4697265625 0.23958333333333334 0.48046875 0.25868055625 0.4853515625 0.28125 0.494140625 0.2795138895833333 0.505859375 0.25868055625 0.509765625 0.23784722291666668 0.509765625 0.22743055625 0.505859375 0.21006944375 0.4951171875 0.19097222291666668 0.4892578125 0.1875 0.4736328125 0.1875 0.4677734375 0.19097222291666668 0.45703125 0.21006944375 0.455078125 0.22743055625
0 0.6298828125 0.31944444375000003 0.6162109375 0.3298611104166667 0.599609375 0.35590277708333334 0.59375 0.3802083333333333 0.59375 0.4010416666666667 0.591796875 0.4045138895833333 0.59375 0.4114583333333333 0.59375 0.42881944375000003 0.599609375 0.453125 0.6220703125 0.4895833333333333 0.6279296875 0.49305555624999997 0.650390625 0.49131944375000003 0.6611328125 0.4861111104166667 0.6669921875 0.4791666666666667 0.68359375 0.44618055624999997 0.685546875 0.42534722291666666 0.6875 0.421875 0.6875 0.38715277708333334 0.681640625 0.359375 0.6630859375 0.3298611104166667 0.6494140625 0.31944444375000003 0.6298828125 0.31944444375000003
0 0.6513671875 0.18402777708333332 0.6435546875 0.19097222291666668 0.634765625 0.21006944375 0.6328125 0.22048611041666666 0.634765625 0.25173611041666666 0.6494140625 0.28125 0.6552734375 0.28472222291666666 0.673828125 0.2829861104166667 0.6826171875 0.27430555624999997 0.689453125 0.25868055625 0.69140625 0.24826388958333334 0.69140625 0.22395833333333334 0.689453125 0.21354166666666666 0.6787109375 0.19097222291666668 0.6708984375 0.18402777708333332 0.6630859375 0.18402777708333332 0.6611328125 0.18055555625 0.6513671875 0.18402777708333332
0 0.6572265625 0.18402777708333332 0.6591796875 0.18055555625 0.6611328125 0.18402777708333332 0.6708984375 0.18402777708333332 0.6826171875 0.19791666666666666 0.68359375 0.19618055625 0.6875 0.18923611041666666 0.69140625 0.171875 0.689453125 0.15451388958333334 0.6845703125 0.14236111041666666 0.6748046875 0.13194444375 0.6611328125 0.13194444375 0.6484375 0.15104166666666666 0.646484375 0.17881944375 0.6494140625 0.18402777708333332 0.6572265625 0.18402777708333332
1 0.798828125 0.17534722291666668 0.8017578125 0.17361111041666666 0.806640625 0.16145833333333334 0.806640625 0.14409722291666668 0.802734375 0.13020833333333334 0.7958984375 0.12152777708333334 0.7841796875 0.12152777708333334 0.77734375 0.13368055625 0.779296875 0.16145833333333334 0.7900390625 0.17708333333333334 0.798828125 0.17534722291666668