1 0.31015625 0.4666666666666667 0.300390625 0.4354166666666667 0.2916015625 0.4197916666666667 0.2798828125 0.409375 0.2701171875 0.409375 0.2525390625 0.4197916666666667 0.23984375 0.4388888875 0.230078125 0.47708333333333336 0.230078125 0.5048611104166667 0.2359375 0.5291666666666667 0.2466796875 0.5517361104166666 0.2564453140625 0.5604166666666667 0.28671875 0.5604166666666667 0.2935546875 0.5552083333333333 0.308203125 0.5222222208333334 0.31015625 0.49444444375 0.3109375 0.49305555416666663 0.3109375 0.48680555416666665 0.31015625 0.48402777708333333 0.31015625 0.4666666666666667
1 0.708203125 0.18090277708333333 0.6984375 0.17395833125000001 0.688671875 0.17395833125000001 0.680859375 0.18090277708333333 0.6703125 0.20306186666666667 0.6703125 0.23194444166666667 0.6759765625 0.25208333125 0.6828125 0.26423611041666667 0.6920898453125 0.2708333333333333 0.6951171781250001 0.2708333333333333 0.7052734375 0.26944444375000004 0.7140625 0.2607638875 0.7208984375 0.2451388875 0.721875 0.23125 0.721875 0.21302083333333333 0.7189453125 0.19999999791666667 0.708203125 0.18090277708333333
1 0.8640625 0.2954861125 0.854296875 0.28854166666666664 0.840625 0.28854166666666664 0.8328125 0.2954861125 0.8259765625 0.3076388895833333 0.8201171875 0.32847222291666667 0.8201171875 0.35972222291666667 0.8279296875 0.39097222291666667 0.840625 0.41354166666666664 0.8458984359375 0.4166666666666667 0.8490234437499999 0.4166666666666667 0.8591796875 0.4152777791666667 0.8767578125 0.3875 0.8796875 0.3770833333333333 0.8796875 0.33541666666666664 0.8728515625 0.3111111125 0.8640625 0.2954861125
0 0.3359375 0.3107638895833333 0.3359375 0.3420138895833333 0.33984375 0.35590277708333334 0.3525390625 0.375 0.3642578125 0.37847222291666666 0.3658203125 0.38125 0.3689453109375 0.38125 0.373046875 0.3802083333333333 0.3818359375 0.375 0.39453125 0.35243055624999997 0.3984375 0.3385416666666667 0.3984375 0.30381944375000003 0.390625 0.2795138895833333 0.3837890625 0.2708333333333333 0.3767578125 0.26458333333333334 0.35978065 0.26458333333333334 0.341796875 0.2864583333333333 0.3359375 0.3107638895833333
0 0.190625 0.5211805562499999 0.175 0.5107638895833333 0.165234375 0.5107638895833333 0.149609375 0.5246527791666666 0.1408203125 0.54375 0.1349609375 0.5715277791666666 0.1349609375 0.60625 0.1408203125 0.6375 0.1515625 0.6635416666666667 0.1638671875 0.6729166666666667 0.17636719218750002 0.6729166666666667 0.1837890625 0.6722222229166667 0.192578125 0.6670138895833334 0.2013671875 0.6513888895833334 0.2033203125 0.6409722229166667 0.2072265625 0.6340277791666666 0.2109375 0.6142361125 0.2109375 0.5811111125 0.2013671875 0.5402777791666666 0.190625 0.5211805562499999
0 0.5966796875 0.2611111104166667 0.60546875 0.24548611041666665 0.607421875 0.22465277708333334 0.609375 0.22118055416666668 0.607421875 0.20381944375 0.5966796875 0.18125 0.5888671875 0.17430555416666668 0.5712890625 0.17430555416666668 0.5673828125 0.17777777708333334 0.5546875 0.20381944375 0.5546875 0.23506944375 0.560546875 0.25243055416666665 0.5673828125 0.2611111104166667 0.5751953140625 0.26666666666666666 0.58730468125 0.26666666666666666 0.58984375 0.26631944375 0.5966796875 0.2611111104166667
0 0.6640625 0.25243055416666665 0.66796875 0.23854166666666668 0.66796875 0.20729166666666668 0.666015625 0.20034722083333334 0.6513671875 0.17777777708333334 0.6455078125 0.17430555416666668 0.6279296875 0.17777777708333334 0.6220703125 0.18472222083333334 0.615234375 0.20034722083333334 0.61328125 0.228125 0.62109375 0.25243055416666665 0.6298828125 0.26458333333333334 0.6333984390625 0.26666666666666666 0.6474609296875 0.26666666666666666 0.650390625 0.26631944375 0.6640625 0.25243055416666665
0 0.7509765625 0.26458333333333334 0.759765625 0.25243055416666665 0.765625 0.22118055416666668 0.76171875 0.20034722083333334 0.7490234375 0.17777777708333334 0.7333984375 0.17430555416666668 0.71875 0.18993055416666668 0.71875 0.20034722083333334 0.72265625 0.21423611041666665 0.720703125 0.24548611041666665 0.7333984375 0.26458333333333334 0.7392578125 0.26458333333333334 0.7404296875 0.26666666666666666 0.745117184375 0.26666666666666666 0.74609375 0.26631944375 0.7509765625 0.26458333333333334
0 0.905078125 0.2947916666666667 0.901171875 0.29131944375 0.88359375 0.29131944375 0.8728515625 0.3104166666666667 0.8787109375 0.32777777708333333 0.8787109375 0.33819444375 0.8806640625 0.3416666666666667 0.8806640625 0.3729166666666667 0.8767578125 0.39375 0.885546875 0.40590277708333333 0.8896484375 0.4083333333333333 0.8966796828125 0.4083333333333333 0.9001953125 0.4076388875 0.908984375 0.4024305541666667 0.9158203125 0.39027777708333333 0.9203125 0.3716435166666667 0.9203125 0.33252314791666665 0.9158203125 0.3138888875 0.905078125 0.2947916666666667
1 0.6998046875 0.14166666666666666 0.6939453125 0.14166666666666666 0.6919921875 0.13819444583333332 0.6822265625 0.14166666666666666 0.6734375 0.15729166666666666 0.671484375 0.16770833333333332 0.671484375 0.18506944583333332 0.6740234375 0.18958333333333333 0.6748046875 0.18958333333333333 0.675390625 0.18854166666666666 0.6880859375 0.17291666666666666 0.6978515625 0.17291666666666666 0.7134765625 0.18680555625 0.7140625 0.17534722291666668 0.7140625 0.16666666666666666 0.710546875 0.15729166666666666 0.6998046875 0.14166666666666666
1 0.6224609375 0.15277777708333332 0.6205078125 0.15625 0.6146484375 0.15625 0.60390625 0.171875 0.601953125 0.18923611041666666 0.6078125 0.203125 0.609765625 0.22743055625 0.6126953125 0.23263888958333334 0.615625 0.23090277708333332 0.613671875 0.22048611041666666 0.615625 0.19965277708333332 0.6224609375 0.18402777708333332 0.6341796875 0.17361111041666666 0.64375 0.17361111041666666 0.64375 0.16979166666666667 0.6400390625 0.16319444375 0.6224609375 0.15277777708333332