1 0.2958984375 0.19791666666666666 0.30859375 0.19618055625 0.31640625 0.18923611041666666 0.322265625 0.16840277708333332 0.322265625 0.14756944375 0.3134765625 0.13194444375 0.2978515625 0.13194444375 0.2939453125 0.13541666666666666 0.28515625 0.15451388958333334 0.28515625 0.17881944375 0.287109375 0.18576388958333334 0.2958984375 0.19791666666666666
1 0.42578125 0.09895833333333333 0.427734375 0.10590277708333334 0.427734375 0.12326388958333333 0.431640625 0.12326388958333333 0.43359375 0.11979166666666667 0.43359375 0.109375 0.431640625 0.10590277708333334 0.43359375 0.08159722291666666 0.4267578125 0.07291666666666667 0.4150390625 0.07291666666666667 0.41015625 0.08159722291666666 0.4130859375 0.08680555625 0.4208984375 0.09027777708333334 0.42578125 0.09895833333333333
1 0.43359375 0.08854166666666667 0.431640625 0.109375 0.43359375 0.11979166666666667 0.4404296875 0.13194444375 0.44140625 0.13020833333333334 0.4482421875 0.11458333333333333 0.4541015625 0.10763888958333333 0.4599609375 0.10763888958333333 0.46484375 0.10243055625 0.466796875 0.08506944375 0.4619140625 0.07638888958333333 0.4580078125 0.07291666666666667 0.4462890625 0.07638888958333333 0.4443359375 0.07291666666666667 0.43359375 0.08854166666666667
1 0.5087890625 0.11805555625 0.5166015625 0.125 0.51953125 0.12326388958333333 0.51953125 0.11631944375 0.5087890625 0.09375 0.5009765625 0.09375 0.4990234375 0.09027777708333334 0.4873046875 0.09375 0.4814453125 0.10069444375 0.478515625 0.109375 0.4853515625 0.125 0.4931640625 0.11805555625 0.5087890625 0.11805555625
1 0.4765625 0.14756944375 0.4765625 0.17534722291666668 0.4794921875 0.18055555625 0.48046875 0.17881944375 0.484375 0.16145833333333334 0.4931640625 0.14583333333333334 0.5029296875 0.13888888958333334 0.5185546875 0.13888888958333334 0.5224609375 0.14236111041666666 0.521484375 0.13368055625 0.5087890625 0.11805555625 0.4931640625 0.11805555625 0.4853515625 0.125 0.4765625 0.14756944375
1 0.76953125 0.3072916666666667 0.765625 0.328125 0.7744140625 0.34027777708333334 0.783203125 0.359375 0.7890625 0.3802083333333333 0.791015625 0.4114583333333333 0.7939453125 0.4166666666666667 0.8125 0.41493055624999997 0.8193359375 0.40972222291666666 0.830078125 0.38368055624999997 0.83203125 0.3732638895833333 0.83203125 0.3454861104166667 0.830078125 0.33506944375000003 0.82421875 0.3107638895833333 0.8154296875 0.2951388895833333 0.8037109375 0.28472222291666666 0.7861328125 0.28472222291666666 0.76953125 0.3072916666666667
1 0.7080078125 0.25694444375 0.69921875 0.27256944375000003 0.697265625 0.2829861104166667 0.69921875 0.328125 0.7060546875 0.34375 0.7099609375 0.34722222291666666 0.71484375 0.3454861104166667 0.7314453125 0.3263888895833333 0.7392578125 0.3263888895833333 0.7412109375 0.3229166666666667 0.763671875 0.32465277708333334 0.763671875 0.30034722291666666 0.755859375 0.2760416666666667 0.7451171875 0.25694444375 0.7373046875 0.25 0.7177734375 0.25 0.7080078125 0.25694444375
1 0.619140625 0.30034722291666666 0.619140625 0.32118055624999997 0.6220703125 0.3263888895833333 0.6318359375 0.3125 0.6435546875 0.3020833333333333 0.6630859375 0.2986111104166667 0.6650390625 0.3020833333333333 0.6728515625 0.3020833333333333 0.6845703125 0.3125 0.6943359375 0.3298611104166667 0.697265625 0.328125 0.69921875 0.3177083333333333 0.697265625 0.2864583333333333 0.69140625 0.2795138895833333 0.689453125 0.26909722291666666 0.6845703125 0.2604166666666667 0.6728515625 0.24652777708333332 0.6494140625 0.24305555625 0.6376953125 0.25347222291666666 0.623046875 0.2795138895833333 0.619140625 0.30034722291666666
1 0.7333984375 0.19791666666666666 0.736328125 0.19618055625 0.73828125 0.18923611041666666 0.736328125 0.171875 0.7294921875 0.15972222291666668 0.7216796875 0.15277777708333332 0.7080078125 0.14930555625 0.6953125 0.16493055625 0.6962890625 0.17013888958333334 0.7138671875 0.17013888958333334 0.7216796875 0.17708333333333334 0.7333984375 0.19791666666666666
0 0.857421875 0.2864583333333333 0.857421875 0.29340277708333334 0.869140625 0.3107638895833333 0.876953125 0.33506944375000003 0.876953125 0.3767361104166667 0.875 0.38715277708333334 0.8828125 0.38715277708333334 0.8876953125 0.3854166666666667 0.896484375 0.3732638895833333 0.90234375 0.3454861104166667 0.90234375 0.32465277708333334 0.896484375 0.30034722291666666 0.8857421875 0.28125 0.8818359375 0.28125 0.8759765625 0.27430555624999997 0.8662109375 0.27430555624999997 0.857421875 0.2864583333333333
0 0.841796875 0.26909722291666666 0.84375 0.27256944375000003 0.84375 0.2829861104166667 0.8466796875 0.28819444375000003 0.857421875 0.2864583333333333 0.8681640625 0.27430555624999997 0.8759765625 0.27430555624999997 0.8818359375 0.28125 0.8837890625 0.28125 0.884765625 0.2760416666666667 0.8759765625 0.25347222291666666 0.8603515625 0.24305555625 0.8583984375 0.24652777708333332 0.8525390625 0.24652777708333332 0.841796875 0.26909722291666666
0 0.8046875 0.2829861104166667 0.8212890625 0.30555555624999997 0.82421875 0.30381944375000003 0.8271484375 0.2986111104166667 0.84375 0.2864583333333333 0.841796875 0.265625 0.8291015625 0.24305555625 0.8212890625 0.23611111041666666 0.8056640625 0.23611111041666666 0.796875 0.24826388958333334 0.796875 0.2552083333333333 0.802734375 0.265625 0.8046875 0.2829861104166667
0 0.7568359375 0.24305555625 0.748046875 0.25868055625 0.76171875 0.28993055624999997 0.763671875 0.3072916666666667 0.765625 0.3142361104166667 0.767578125 0.3142361104166667 0.767578125 0.3107638895833333 0.7822265625 0.28819444375000003 0.7919921875 0.28125 0.8017578125 0.28472222291666666 0.8046875 0.2795138895833333 0.802734375 0.265625 0.7919921875 0.24652777708333332 0.7783203125 0.23611111041666666 0.7646484375 0.23611111041666666 0.7568359375 0.24305555625
0 0.734375 0.21006944375 0.736328125 0.21354166666666666 0.734375 0.24479166666666666 0.7392578125 0.25347222291666666 0.7451171875 0.25694444375 0.75 0.2552083333333333 0.7568359375 0.24305555625 0.7646484375 0.23611111041666666 0.783203125 0.23784722291666668 0.78125 0.21006944375 0.7724609375 0.19097222291666668 0.7626953125 0.18055555625 0.7470703125 0.18055555625 0.7392578125 0.1875 0.734375 0.19965277708333332 0.734375 0.21006944375
0 0.6796875 0.23090277708333332 0.685546875 0.2552083333333333 0.6962890625 0.2673611104166667 0.701171875 0.265625 0.7158203125 0.25 0.7333984375 0.24652777708333332 0.736328125 0.234375 0.734375 0.203125 0.7216796875 0.17708333333333334 0.7138671875 0.17013888958333334 0.6962890625 0.17013888958333334 0.6865234375 0.18055555625 0.6796875 0.19965277708333332 0.6796875 0.23090277708333332
1 0.689453125 0.14409722291666668 0.6748046875 0.12152777708333334 0.6591796875 0.12152777708333334 0.646484375 0.140625 0.6474609375 0.14930555625 0.6572265625 0.14236111041666666 0.6748046875 0.14236111041666666 0.6904296875 0.16666666666666666 0.69140625 0.16493055625 0.689453125 0.14409722291666668
1 0.6435546875 0.14583333333333334 0.646484375 0.14409722291666668 0.650390625 0.13020833333333334 0.6484375 0.12326388958333333 0.6376953125 0.10763888958333333 0.6240234375 0.10416666666666667 0.6220703125 0.10763888958333333 0.6162109375 0.10763888958333333 0.609375 0.11979166666666667 0.6318359375 0.125 0.6357421875 0.12847222291666666 0.6435546875 0.14583333333333334
1 0.568359375 0.12326388958333333 0.57421875 0.140625 0.57421875 0.16145833333333334 0.5810546875 0.17013888958333334 0.5859375 0.16840277708333332 0.5908203125 0.16666666666666666 0.59375 0.16145833333333334 0.595703125 0.14409722291666668 0.599609375 0.13368055625 0.609375 0.11979166666666667 0.6025390625 0.10416666666666667 0.5908203125 0.09027777708333334 0.5771484375 0.09722222291666666 0.568359375 0.11284722291666666 0.568359375 0.12326388958333333
0 0.59375 0.15451388958333334 0.5947265625 0.16666666666666666 0.6005859375 0.17013888958333334 0.607421875 0.16840277708333332 0.6220703125 0.15625 0.6435546875 0.15972222291666668 0.64453125 0.14756944375 0.642578125 0.140625 0.6318359375 0.125 0.6259765625 0.12152777708333334 0.6123046875 0.12152777708333334 0.6064453125 0.125 0.595703125 0.14409722291666668 0.59375 0.15451388958333334
0 0.6552734375 0.14236111041666666 0.6474609375 0.14930555625 0.64453125 0.15798611041666666 0.64453125 0.16493055625 0.65625 0.19270833333333334 0.65625 0.22048611041666666 0.654296875 0.23090277708333332 0.6650390625 0.24305555625 0.673828125 0.24479166666666666 0.6796875 0.24131944375 0.6796875 0.22395833333333334 0.677734375 0.22048611041666666 0.6796875 0.19965277708333332 0.68359375 0.18576388958333334 0.69140625 0.17534722291666668 0.69140625 0.16840277708333332 0.6748046875 0.14236111041666666 0.6689453125 0.13888888958333334 0.6552734375 0.14236111041666666
0 0.5732421875 0.18055555625 0.5625 0.203125 0.560546875 0.22743055625 0.5625 0.23784722291666668 0.56640625 0.23784722291666668 0.5771484375 0.21527777708333332 0.5908203125 0.20486111041666666 0.6123046875 0.20833333333333334 0.6240234375 0.22222222291666668 0.626953125 0.22048611041666666 0.626953125 0.21006944375 0.6142578125 0.18055555625 0.5966796875 0.16666666666666666 0.5830078125 0.17013888958333334 0.5732421875 0.18055555625
0 0.6064453125 0.20486111041666666 0.5908203125 0.20486111041666666 0.5771484375 0.21527777708333332 0.56640625 0.234375 0.5625 0.25173611041666666 0.5625 0.2829861104166667 0.56640625 0.30034722291666666 0.5830078125 0.3298611104166667 0.5927734375 0.33680555624999997 0.603515625 0.33506944375000003 0.6103515625 0.3333333333333333 0.619140625 0.32118055624999997 0.619140625 0.296875 0.62109375 0.2864583333333333 0.626953125 0.26909722291666666 0.6328125 0.26215277708333334 0.634765625 0.24479166666666666 0.626953125 0.22395833333333334 0.6162109375 0.21180555625 0.6064453125 0.20486111041666666
0 0.4970703125 0.14236111041666666 0.4931640625 0.14583333333333334 0.482421875 0.16840277708333332 0.48046875 0.17881944375 0.482421875 0.20659722291666668 0.4912109375 0.22569444375 0.5009765625 0.23611111041666666 0.51953125 0.234375 0.5263671875 0.22916666666666666 0.53515625 0.21354166666666666 0.5390625 0.19618055625 0.5390625 0.17534722291666668 0.53515625 0.16145833333333334 0.5244140625 0.14236111041666666 0.5185546875 0.14236111041666666 0.5166015625 0.13888888958333334 0.5029296875 0.13888888958333334 0.4970703125 0.14236111041666666
0 0.4677734375 0.10763888958333333 0.4736328125 0.11111111041666667 0.48046875 0.109375 0.4853515625 0.09722222291666666 0.4970703125 0.09375 0.498046875 0.08854166666666667 0.4931640625 0.07986111041666667 0.4853515625 0.07986111041666667 0.4833984375 0.07638888958333333 0.4716796875 0.08333333333333333 0.46484375 0.09548611041666667 0.46484375 0.10243055625 0.4677734375 0.10763888958333333
0 0.505859375 0.08854166666666667 0.505859375 0.08159722291666666 0.5009765625 0.07291666666666667 0.4912109375 0.06597222291666667 0.4765625 0.07465277708333334 0.4775390625 0.07986111041666667 0.4833984375 0.07638888958333333 0.4853515625 0.07986111041666667 0.4931640625 0.07986111041666667 0.4990234375 0.09027777708333334 0.505859375 0.08854166666666667
0 0.4482421875 0.0625 0.443359375 0.07118055625 0.4599609375 0.07291666666666667 0.4677734375 0.08333333333333333 0.47265625 0.08159722291666666 0.4716796875 0.07291666666666667 0.4560546875 0.05902777708333333 0.4482421875 0.0625
0 0.4052734375 0.15277777708333332 0.41015625 0.15104166666666666 0.4169921875 0.14930555625 0.427734375 0.1267361104166667 0.427734375 0.10590277708333334 0.42578125 0.09895833333333333 0.4130859375 0.08333333333333333 0.3955078125 0.09375 0.388671875 0.11284722291666666 0.390625 0.13368055625 0.3994140625 0.14930555625 0.4052734375 0.15277777708333332