1 0.5986328125 0.13958333333333334 0.5888671875 0.1326388875 0.5810546875 0.1326388875 0.5673828125 0.14305555416666668 0.5609375 0.15778769791666666 0.5609375 0.19479166666666667 0.5625 0.20034722083333334 0.5771484375 0.22291666666666668 0.5806640640625 0.225 0.586914059375 0.225 0.587890625 0.22465277708333334 0.6005859375 0.21597222083333334 0.607421875 0.20381944375 0.6109375 0.18819444375 0.6109375 0.1670138875 0.609375 0.15868055416666668 0.5986328125 0.13958333333333334
1 0.55 0.11770833333333333 0.534375 0.12118055416666666 0.53046875 0.12465277708333335 0.5236328125 0.14027777708333333 0.521875 0.14965277708333333 0.521875 0.15277777708333332 0.5236328125 0.17152777708333333 0.5255859375 0.17847222083333333 0.53712713125 0.19583333333333333 0.5529296875 0.19583333333333333 0.5607421875 0.18541666666666667 0.5587890625 0.16805555416666668 0.565625 0.14678819375 0.565625 0.14169823125 0.555859375 0.12118055416666666 0.55 0.11770833333333333
1 0.503515625 0.128125 0.483984375 0.128125 0.4751953125 0.14375 0.4751953125 0.15763888750000002 0.4732421875 0.16111111041666665 0.4771484375 0.17847222083333333 0.4771484375 0.19583333333333333 0.4863560265625 0.20625 0.5025390625 0.20625 0.507421875 0.20451388750000002 0.5142578125 0.18888888750000002 0.5171875 0.17326388750000002 0.5171875 0.15069444375 0.5162109375 0.14722222083333333 0.503515625 0.128125
1 0.467578125 0.15260416458333334 0.4578125 0.14565972083333334 0.44609375 0.14565972083333334 0.436328125 0.15260416458333334 0.4294921875 0.17170138750000002 0.4294921875 0.18211805416666668 0.4275390625 0.18559027708333334 0.4314453125 0.20989583125 0.4421875 0.22899305416666668 0.44287109999999996 0.22916666666666666 0.45236327656249997 0.22916666666666666 0.467578125 0.22204861041666665 0.475 0.19712577083333332 0.475 0.18159722083333335 0.4724609375 0.16128472083333334 0.467578125 0.15260416458333334
1 0.4603515625 0.12795138958333332 0.4505859375 0.12795138958333332 0.437890625 0.14704861041666667 0.437890625 0.15052083333333333 0.4408203125 0.15225694374999998 0.4466796875 0.1453125 0.4583984375 0.1453125 0.47158203125 0.15625 0.471875 0.15625 0.471875 0.13898237083333334 0.4603515625 0.12795138958333332
1 0.516015625 0.13402777708333333 0.5033203125 0.11493055416666667 0.4916015625 0.11493055416666667 0.47890625 0.13055555416666667 0.47890625 0.13402777708333333 0.4818359375 0.1357638875 0.4896484375 0.12881944375 0.5013671875 0.12881944375 0.5091796875 0.1357638875 0.5140625 0.14791666458333333 0.5164062515625 0.15208333333333332 0.5171875 0.15208333333333332 0.5171875 0.14444444374999998 0.516015625 0.13402777708333333
1 0.528125 0.10381944583333333 0.522265625 0.11076388958333333 0.5154296875 0.12638888958333333 0.5173828125 0.15416666666666667 0.5197265625 0.15833333333333333 0.5208984375 0.15833333333333333 0.5212890625 0.15763888750000002 0.5251953125 0.13333333333333333 0.530078125 0.12465277916666667 0.53984375 0.11770833333333333 0.5515625 0.11610577083333333 0.5515625 0.11462191458333333 0.54375 0.10381944583333333 0.528125 0.10381944583333333
1 0.5830078125 0.13229166666666667 0.5927734375 0.1357638875 0.59375 0.12708333333333333 0.591796875 0.1201388875 0.5830078125 0.10798611041666667 0.5771484375 0.1045138875 0.5615234375 0.10798611041666667 0.5546875 0.1201388875 0.566796875 0.14166666666666666 0.5691406234375 0.14166666666666666 0.5703125 0.14097222083333336 0.5830078125 0.13229166666666667
1 0.6021484375 0.06527777916666667 0.5904296875 0.06875 0.58359375 0.08090277916666667 0.5845703125 0.09305555624999999 0.6021484375 0.09305555624999999 0.6037109375 0.09583333333333334 0.6083984421874999 0.09583333333333334 0.6140625 0.09491792916666666 0.6140625 0.08784722291666666 0.612890625 0.07743055624999999 0.6021484375 0.06527777916666667
1 0.6603515625 0.06562500208333334 0.653515625 0.07430555624999999 0.6515625 0.09513888958333333 0.6544921875 0.10034722291666666 0.6623046875 0.10034722291666666 0.66328125 0.10208333333333333 0.6828125 0.10208333333333333 0.6828125 0.08472222291666666 0.6720703125 0.06562500208333334 0.6603515625 0.06562500208333334
1 0.719140625 0.07569444583333333 0.707421875 0.07569444583333333 0.7005859375 0.084375 0.7015625 0.11041666666666666 0.723046875 0.11388888958333333 0.724609375 0.11666666666666667 0.7269531265625 0.11666666666666667 0.7296875 0.11569444375 0.7296875 0.0943452375 0.723046875 0.07916666666666666 0.719140625 0.07569444583333333
0 0.96484375 0.2236111125 0.96484375 0.20625000208333333 0.9541015625 0.18715277916666664 0.9443359375 0.18715277916666664 0.94140625 0.1923611125 0.94140625 0.19930555625000002 0.951171875 0.21319444583333333 0.953125 0.2236111125 0.9574218734375 0.23125 0.960937503125 0.23125 0.962890625 0.23055555625000002 0.96484375 0.2236111125
0 0.982421875 0.23715277916666666 0.9755859375 0.225 0.9658203125 0.22152777916666666 0.9609375 0.23020833333333332 0.9619140625 0.23541666666666666 0.9755859375 0.24583333333333332 0.9791015625 0.2520833333333333 0.9814453140625 0.2520833333333333 0.984375 0.25104166666666666 0.982421875 0.23715277916666666