0 0.1515625 0.4413194458333333 0.14375 0.434375 0.13203125 0.434375 0.12421875 0.4413194458333333 0.1173828125 0.45347222291666667 0.1115234375 0.47430555625 0.1115234375 0.5125 0.1154296875 0.5298611125 0.122265625 0.5454861125 0.1296874984375 0.5520833333333334 0.1333984453125 0.5520833333333334 0.1466796875 0.5506944458333333 0.1564453125 0.53680555625 0.1623046875 0.5159722229166667 0.1640625 0.5065972229166666 0.1640625 0.48020833333333335 0.1603515625 0.46041666666666664 0.1515625 0.4413194458333333
0 0.271875 0.26909722291666666 0.26796875 0.2829861104166667 0.266015625 0.30381944375000003 0.269921875 0.32118055624999997 0.2787109375 0.33680555624999997 0.2884765625 0.34375 0.297265625 0.3420138895833333 0.3041015625 0.33680555624999997 0.312890625 0.3177083333333333 0.315625 0.303125 0.315625 0.2767361104166667 0.31484375 0.27256944375000003 0.3041015625 0.25347222291666666 0.3001953125 0.25 0.2865234375 0.25 0.2787109375 0.25694444375 0.271875 0.26909722291666666
0 0.953125 0.5267361104166667 0.94921875 0.5128472208333333 0.9326171875 0.48333333333333334 0.9248046875 0.47638888749999997 0.9072265625 0.47638888749999997 0.8935546875 0.49027777708333337 0.87890625 0.51631944375 0.871875 0.5475694437499999 0.871875 0.6072916666666667 0.876953125 0.634375 0.8916015625 0.6638888875000001 0.9034505218750001 0.6729166666666667 0.9138671828125 0.6729166666666667 0.916015625 0.6725694437499999 0.9228515625 0.6708333333333333 0.9345703125 0.6604166666666667 0.9453125 0.6413194437499999 0.953125 0.6170138875000001 0.95625 0.6003472208333334 0.95625 0.5482638895833334 0.953125 0.5371527770833333 0.953125 0.5267361104166667
0 0.9431640625 0.33506944375000003 0.9431640625 0.38715277708333334 0.9451171875 0.39756944375000003 0.95390625 0.41319444375000003 0.9578125 0.4166666666666667 0.9705078125 0.41493055624999997 0.9763671875 0.4079861104166667 0.9822265625 0.390625 0.9822265625 0.3697916666666667 0.9828125 0.36875 0.9828125 0.3638888895833333 0.9822265625 0.36284722291666666 0.9822265625 0.3489583333333333 0.971484375 0.31944444375000003 0.963671875 0.3125 0.955859375 0.3125 0.951953125 0.31597222291666666 0.9431640625 0.33506944375000003
0 0.918359375 0.3017361104166667 0.9125 0.2947916666666667 0.898828125 0.2947916666666667 0.8890625 0.30520833333333336 0.8822265625 0.32083333333333336 0.8802734375 0.33125 0.8802734375 0.3625 0.8861328125 0.39375 0.891015625 0.40590277708333333 0.9040364593750001 0.41458333333333336 0.9134765625 0.41458333333333336 0.9203125 0.409375 0.9310546875 0.3868055541666667 0.9328125 0.37743055416666665 0.9328125 0.3443576375 0.9251953125 0.3138888875 0.918359375 0.3017361104166667
0 0.7689453125 0.225 0.7591796875 0.21458333333333332 0.7455078125 0.21111111249999998 0.7337890625 0.22152777916666666 0.726953125 0.23368055625 0.723046875 0.24756944583333332 0.725 0.2579861125 0.725 0.2857638895833333 0.7376953125 0.31875 0.7482421859375 0.325 0.7529296921874999 0.325 0.758203125 0.32395833333333335 0.7669921875 0.31875 0.777734375 0.29965277916666666 0.78125 0.2840277770833334 0.78125 0.2598379625 0.77578125 0.23715277916666666 0.7689453125 0.225
0 0.630078125 0.14166666666666666 0.62421875 0.13819444583333332 0.610546875 0.14166666666666666 0.6046875 0.14861111249999998 0.6 0.16027777916666666 0.6 0.19251543333333335 0.60859375 0.21458333333333332 0.6156249984375 0.22083333333333333 0.62226563125 0.22083333333333333 0.6310546875 0.21979166666666666 0.633984375 0.21805555625 0.64375 0.19753787916666665 0.64375 0.16597222291666666 0.6427734375 0.16076388958333335 0.630078125 0.14166666666666666
0 0.5365234375 0.15208333333333332 0.5267578125 0.15208333333333332 0.5248046875 0.14861111249999998 0.5150390625 0.15208333333333332 0.504296875 0.17118055625 0.500390625 0.18854166666666666 0.50625 0.21631944583333332 0.518381075 0.23125 0.526367196875 0.23125 0.5375 0.23020833333333332 0.547265625 0.21631944583333332 0.55 0.20659722291666668 0.55 0.17743055625 0.547265625 0.16770833333333332 0.5365234375 0.15208333333333332
0 0.452734375 0.17881944375 0.45078125 0.18576388958333334 0.45078125 0.21354166666666666 0.4576171875 0.22916666666666666 0.4654296875 0.23611111041666666 0.4712890625 0.23958333333333334 0.480078125 0.23784722291666668 0.4849609375 0.23611111041666666 0.496875 0.21167200833333333 0.496875 0.184122475 0.4869140625 0.16319444375 0.4771484375 0.15625 0.4712890625 0.15625 0.4615234375 0.16319444375 0.452734375 0.17881944375
1 0.5548828125 0.16493055625 0.5509765625 0.18229166666666666 0.5529296875 0.203125 0.5568359375 0.21354166666666666 0.567578125 0.22916666666666666 0.5880859375 0.22743055625 0.5958984375 0.21354166666666666 0.5998046875 0.19965277708333332 0.5998046875 0.171875 0.5978515625 0.16493055625 0.58515625 0.14583333333333334 0.56953125 0.14583333333333334 0.56171875 0.15277777708333332 0.5548828125 0.16493055625
1 0.708203125 0.32708333333333334 0.7228515625 0.29756944375 0.7248046875 0.28715277708333337 0.7248046875 0.26284722083333334 0.7228515625 0.25243055416666665 0.708203125 0.22291666666666668 0.6984375 0.21597222083333334 0.6828125 0.21597222083333334 0.675 0.22291666666666668 0.6623046875 0.24895833333333334 0.6603515625 0.259375 0.6623046875 0.290625 0.6662109375 0.30451388749999997 0.6828125 0.32708333333333334 0.6851562515625 0.32916666666666666 0.701562490625 0.32916666666666666 0.7052734375 0.32881944375 0.708203125 0.32708333333333334
1 0.5734375 0.14583333333333334 0.58515625 0.14583333333333334 0.59640625 0.1625 0.598046875 0.1625 0.5998046875 0.16145833333333334 0.6017578125 0.15451388958333334 0.609375 0.14435763958333334 0.609375 0.13680555416666668 0.60078125 0.12152777708333334 0.59765625 0.11875 0.5845920140625 0.11875 0.5724609375 0.13368055625 0.5734375 0.14583333333333334
1 0.2271484375 0.3607638875 0.2154296875 0.35381944375 0.2134765625 0.3572916666666667 0.2037109375 0.3572916666666667 0.191015625 0.3763888875 0.18515625 0.3972222208333333 0.183203125 0.42152777708333333 0.18515625 0.425 0.187109375 0.44583333333333336 0.1978515625 0.4649305541666667 0.20615234375 0.4708333333333333 0.21406249531250002 0.4708333333333333 0.218359375 0.4701388875 0.2291015625 0.46145833333333336 0.2359375 0.44583333333333336 0.240625 0.4263888875 0.240625 0.3986111104166667 0.2359375 0.3763888875 0.2271484375 0.3607638875
1 0.521875 0.13524305416666668 0.516015625 0.13524305416666668 0.50625 0.14218749791666668 0.4994140625 0.15434027708333334 0.4955078125 0.16822916458333334 0.497314453125 0.1875 0.50154296875 0.1875 0.5033203125 0.17170138750000002 0.512109375 0.15607638750000002 0.516015625 0.15260416458333334 0.5359375 0.15091765833333334 0.5359375 0.14982638750000002 0.531640625 0.14218749791666668 0.521875 0.13524305416666668
0 0.9404296875 0.3854166666666667 0.94140625 0.38368055624999997 0.943359375 0.3802083333333333 0.94140625 0.3697916666666667 0.943359375 0.32465277708333334 0.935546875 0.28993055624999997 0.9248046875 0.27430555624999997 0.9189453125 0.2708333333333333 0.9091796875 0.27430555624999997 0.900390625 0.2864583333333333 0.900390625 0.29340277708333334 0.9130859375 0.2951388895833333 0.92578125 0.3142361104166667 0.93359375 0.3420138895833333 0.93359375 0.3767361104166667 0.9404296875 0.3854166666666667