1 0.44765625 0.375 0.4369140625 0.4010416666666667 0.4330078125 0.4045138895833333 0.4271484375 0.4357638895833333 0.4291015625 0.4739583333333333 0.4388671875 0.5017361104166667 0.4515625 0.5208333333333334 0.465234375 0.5347222229166667 0.469921875 0.5375 0.4746093734375 0.5375 0.4798828125 0.5364583333333334 0.4876953125 0.5329861104166667 0.4876953125 0.515625 0.4896484375 0.5121527770833334 0.4916015625 0.48784722291666666 0.4994140625 0.4635416666666667 0.51015625 0.44444444375000003 0.5265625 0.4255718958333333 0.5265625 0.4239583333333333 0.5248046875 0.4114583333333333 0.5169921875 0.390625 0.4984375 0.3645833333333333 0.4896484359375 0.35833333333333334 0.483203128125 0.35833333333333334 0.461328125 0.3611111104166667 0.44765625 0.375
1 0.5212890625 0.09340277916666667 0.5037109375 0.09340277916666667 0.491015625 0.1125 0.4890625 0.11944444583333333 0.4890625 0.14027777916666664 0.4978515625 0.16284722083333333 0.5044921875 0.16875 0.51445311875 0.16875 0.5203125 0.16805555416666668 0.5271484375 0.16284722083333333 0.533984375 0.15069444583333333 0.534375 0.14930555625 0.534375 0.11388888958333333 0.533984375 0.1125 0.5212890625 0.09340277916666667
1 0.534375 0.03819444375 0.5265625 0.045138889583333335 0.521875 0.05680555625000001 0.521875 0.075 0.534375 0.09722222291666666 0.5392578125 0.09548611041666667 0.5392578125 0.07118055625 0.5412109375 0.06423611041666667 0.55 0.0517361125 0.55 0.045634920833333335 0.544140625 0.03819444375 0.534375 0.03819444375
1 0.6005859375 0.05173611041666667 0.5888671875 0.05173611041666667 0.576171875 0.06736111041666668 0.575 0.08194444375000001 0.575 0.09336419791666667 0.5830078125 0.1107638875 0.59130859375 0.11666666666666667 0.5980468703125 0.11666666666666667 0.6015625 0.11597222083333333 0.611328125 0.10208333333333333 0.6125 0.09791666666666667 0.6125 0.07260802291666667 0.6044921875 0.05520833333333333 0.6005859375 0.05173611041666667
1 0.6875 0.060763889583333335 0.6787109375 0.045138889583333335 0.6650390625 0.041666666666666664 0.6546875 0.05672348541666667 0.6546875 0.08229166666666667 0.6572265625 0.08680555625 0.6650390625 0.09027777708333334 0.6728515625 0.10416666666666667 0.677734375 0.10243055625 0.6875 0.08854166666666667 0.6875 0.078125 0.6890625 0.07534722083333333 0.6890625 0.07395833333333333 0.6875 0.07118055625 0.6875 0.060763889583333335
1 0.6533203125 0.19027777916666666 0.6611328125 0.18333333333333332 0.6689453125 0.18333333333333332 0.671875 0.16770833333333332 0.666015625 0.13645833333333332 0.6552734375 0.12083333333333333 0.6494140625 0.1173611125 0.6376953125 0.1173611125 0.6279296875 0.12430555624999999 0.62109375 0.13645833333333332 0.6171875 0.15381944583333332 0.6171875 0.17465277916666666 0.62109375 0.18854166666666666 0.635291465625 0.21041666666666667 0.638476565625 0.21041666666666667 0.642578125 0.209375 0.6533203125 0.19027777916666666
1 0.3353515625 0.13489583333333333 0.3236328125 0.13489583333333333 0.3197265625 0.13836805625 0.3109375 0.15399305625 0.30703125 0.17135416666666667 0.308984375 0.17482638958333335 0.308984375 0.18524305625 0.3177734375 0.20086805625 0.3239257796875 0.20208333333333334 0.32744140625 0.20208333333333334 0.3353515625 0.19739583333333333 0.3421875 0.18524305625 0.3453125 0.17135416666666667 0.3453125 0.16302083333333334 0.3421875 0.14357638958333335 0.3353515625 0.13489583333333333
1 0.473828125 0.11527777708333334 0.46015625 0.11180555416666667 0.4484375 0.11875 0.4396484375 0.134375 0.4376953125 0.15868055416666668 0.4416015625 0.17604166666666668 0.446484375 0.18472222083333334 0.45833333437499996 0.19375 0.464062496875 0.19375 0.4650390625 0.19340277708333334 0.471875 0.19166666666666668 0.4826171875 0.17256944375 0.4859375 0.14895833333333333 0.4859375 0.14285714375 0.4796875 0.12222222083333333 0.473828125 0.11527777708333334
1 0.2517578125 0.14409722291666668 0.2517578125 0.16493055625 0.258046875 0.17291666666666666 0.2621093734375 0.17291666666666666 0.2673828125 0.171875 0.2751953125 0.16145833333333334 0.2765625 0.15173611041666665 0.2765625 0.14444444374999998 0.2751953125 0.13715277708333332 0.270703125 0.12916666666666668 0.259765625 0.12916666666666668 0.256640625 0.13194444375 0.2517578125 0.14409722291666668
1 0.084375 0.3470486125 0.0775390625 0.35572916666666665 0.0736328125 0.36961805625 0.0736328125 0.3939236125 0.0765625 0.39913194583333333 0.086328125 0.39913194583333333 0.0902018203125 0.40208333333333335 0.09443359375 0.40208333333333335 0.0970703125 0.39739583333333334 0.0984375 0.39010416666666664 0.0984375 0.36480654791666667 0.0921875 0.35052083333333334 0.084375 0.3470486125
1 0.062890625 0.4270833333333333 0.053125 0.4236111104166667 0.04921875 0.4270833333333333 0.0423828125 0.4427083333333333 0.0423828125 0.47743055624999997 0.04921875 0.49305555624999997 0.0619140625 0.49131944375000003 0.0671875 0.47881944583333336 0.0671875 0.4659722229166666 0.0658203125 0.4392361104166667 0.062890625 0.4270833333333333
1 0.0158203125 0.4517361125 0.0109375 0.4638888895833333 0.0109375 0.49166666666666664 0.0173177078125 0.50625 0.0218750015625 0.50625 0.024609375 0.5055555562499999 0.0265625 0.5020833333333333 0.0265625 0.48472222291666667 0.024609375 0.48125 0.0265625 0.4777777791666667 0.0265625 0.45347222291666667 0.0197265625 0.4482638895833333 0.0158203125 0.4517361125
0 0.040234375 0.40659722291666667 0.0333984375 0.42916666666666664 0.0333984375 0.44305555625 0.0361328125 0.4479166666666667 0.037304690625 0.4479166666666667 0.0412109375 0.4465277791666667 0.0451171875 0.4361111125 0.0546875 0.42250000000000004 0.0546875 0.41493055624999997 0.048046875 0.403125 0.040234375 0.40659722291666667
0 0.13671875 0.30104166666666665 0.13671875 0.28020833333333334 0.1318359375 0.26805555416666665 0.1240234375 0.26805555416666665 0.1171875 0.2767361104166667 0.11328125 0.290625 0.11328125 0.30104166666666665 0.1181640625 0.31666666666666665 0.1205078140625 0.31875 0.127539059375 0.31875 0.12890625 0.31840277708333337 0.13671875 0.30104166666666665
0 0.2140625 0.17743055416666667 0.20625 0.17743055416666667 0.1974609375 0.18958333125000001 0.1955078125 0.21041666458333333 0.20188802187500002 0.225 0.2087890515625 0.225 0.2130859375 0.22430555416666667 0.2203125 0.20824652708333333 0.2203125 0.18749999791666666 0.2189453125 0.1826388875 0.2140625 0.17743055416666667
0 0.2282152 0.15267387916666667 0.2213792625 0.16482665416666667 0.2194261375 0.18565998749999998 0.2213792625 0.19607665416666667 0.2275380390625 0.20208333333333334 0.23054281250000003 0.20208333333333334 0.23392390000000002 0.19967516041666666 0.23894337499999999 0.19897483125 0.24375 0.19091989166666667 0.24375 0.16586056458333334 0.237980825 0.15267387916666667 0.2282152 0.15267387916666667
0 0.42265625 0.06562500208333334 0.4158203125 0.07430555624999999 0.4119140625 0.09166666666666666 0.4138671875 0.09513888958333333 0.4138671875 0.10555555624999999 0.4177734375 0.1125 0.4197265625 0.1125 0.4216796875 0.10208333333333333 0.43046875 0.08645833333333333 0.434375 0.0829861125 0.440234375 0.0829861125 0.4421875 0.08645833333333333 0.44375 0.08368055625 0.44375 0.078125 0.43828125 0.06562500208333334 0.42265625 0.06562500208333334
0 0.4439453125 0.08368055416666667 0.4302734375 0.08715277708333334 0.41953125 0.10972222083333333 0.41953125 0.13055555416666667 0.4234375 0.14097222083333336 0.4314732140625 0.15208333333333332 0.4351562484375 0.15208333333333332 0.437109375 0.1513888875 0.4390625 0.13402777916666667 0.4478515625 0.11840277708333334 0.4556640625 0.11493055416666667 0.4578125 0.11111111041666667 0.4578125 0.1013888875 0.4517578125 0.090625 0.4439453125 0.08368055416666667
0 0.6390625 0.04930555416666667 0.625390625 0.04930555416666667 0.6146484375 0.06493055416666667 0.6146484375 0.08923611041666667 0.6166015625 0.09618055416666667 0.624609375 0.11041666666666666 0.6277343734375 0.11041666666666666 0.6283203125 0.11006944375000001 0.637109375 0.09097222083333333 0.6515625 0.08240740833333333 0.6515625 0.08055555625 0.6498046875 0.06493055416666667 0.6390625 0.04930555416666667
0 0.6560546875 0.0829861125 0.6482421875 0.0829861125 0.6384765625 0.08993055624999999 0.631640625 0.10208333333333333 0.6296875 0.10902777916666667 0.6306640625 0.12118055624999999 0.6365234375 0.11770833333333333 0.6521484375 0.11770833333333333 0.6619140625 0.128125 0.666796875 0.13680555416666668 0.669475446875 0.14791666666666667 0.6714843734375 0.14791666666666667 0.67265625 0.14722222083333333 0.675 0.14097222083333336 0.675 0.10921717083333334 0.6658203125 0.08993055624999999 0.6560546875 0.0829861125
0 0.74140625 0.048611110416666665 0.735546875 0.048611110416666665 0.725 0.06395201874999999 0.725 0.0857638875 0.7267578125 0.09201388958333333 0.731640625 0.09722222291666666 0.7345703125 0.09548611041666667 0.7345703125 0.08159722291666666 0.74140625 0.06944444375 0.753125 0.06463675208333333 0.753125 0.06134259166666667 0.751171875 0.05555555625 0.74140625 0.048611110416666665
0 0.734765625 0.08159722291666666 0.734765625 0.10590277708333334 0.7455078125 0.12847222291666666 0.7501953125 0.13125 0.7548828109375 0.13125 0.76015625 0.13020833333333334 0.7630859375 0.12847222291666666 0.76875 0.11552579375000001 0.76875 0.08784722291666666 0.76796875 0.08506944375 0.755735084375 0.06666666666666667 0.7525390640625 0.06666666666666667 0.7416015625 0.06944444375 0.734765625 0.08159722291666666
0 0.6955078125 0.20381944375 0.6828125 0.18819444375 0.676953125 0.18819444375 0.675 0.18472222083333334 0.657421875 0.18819444375 0.653515625 0.19166666666666668 0.6408203125 0.21770833333333334 0.6390625 0.22708333333333333 0.6390625 0.25694444375 0.6408203125 0.26631944375 0.6447265625 0.28020833333333334 0.661328125 0.30625 0.6648437515625 0.30833333333333335 0.6804687421875 0.30833333333333335 0.6837890625 0.3079861104166667 0.69453125 0.29930555416666665 0.6994140625 0.290625 0.70625 0.25416666666666665 0.70625 0.24027777708333334 0.7052734375 0.23159722083333334 0.6955078125 0.20381944375
0 0.7634765625 0.24548611041666665 0.7546875 0.23333333333333334 0.744921875 0.22638888750000002 0.72734375 0.22638888750000002 0.717578125 0.23333333333333334 0.7068359375 0.25243055416666665 0.7009765625 0.28368055416666665 0.7029296875 0.290625 0.7029296875 0.31145833333333334 0.7068359375 0.32534722083333334 0.7234375 0.3548611104166667 0.7312500015625 0.36041666666666666 0.74335936875 0.36041666666666666 0.7458984375 0.36006944375 0.75859375 0.35138888749999997 0.764453125 0.34444444375 0.7693359375 0.33229166666666665 0.771875 0.32326388749999996 0.771875 0.27291666666666664 0.7693359375 0.259375 0.7634765625 0.24548611041666665
0 0.86796875 0.24930555625 0.86015625 0.24236111249999998 0.84453125 0.24236111249999998 0.838671875 0.24583333333333332 0.8298828125 0.26145833333333335 0.8259765625 0.27534722291666663 0.8259765625 0.28923611250000003 0.8240234375 0.29270833333333335 0.8259765625 0.29618055625 0.8259765625 0.3170138895833333 0.8318359375 0.33784722291666663 0.840625 0.35694444583333335 0.8515624984375 0.36666666666666664 0.8566406296875 0.36666666666666664 0.8630859375 0.365625 0.86796875 0.3638888895833333 0.8806640625 0.34479166666666666 0.8828125 0.3371527791666667 0.8828125 0.2888888895833333 0.8787109375 0.271875 0.86796875 0.24930555625
0 0.7810546875 0.4545138875 0.7654296875 0.43715277708333333 0.7498046875 0.43020833333333336 0.7478515625 0.4336805541666667 0.7302734375 0.43715277708333333 0.7078125 0.4666666666666667 0.69609375 0.4979166666666667 0.69609375 0.5083333333333333 0.6921875 0.5222222208333334 0.6921875 0.5604166666666667 0.7 0.5916666666666667 0.7107421875 0.6177083333333333 0.7345458984375 0.64375 0.7546875 0.64375 0.7771484375 0.628125 0.7849609375 0.6177083333333333 0.79375 0.5986111104166666 0.8 0.57083333125 0.8 0.50569444375 0.791796875 0.4736111104166667 0.7810546875 0.4545138875
0 0.487890625 0.3072916666666667 0.4751953125 0.28819444375000003 0.4595703125 0.28472222291666666 0.4576171875 0.28125 0.4419921875 0.28472222291666666 0.4302734375 0.2951388895833333 0.417578125 0.3177083333333333 0.41171875 0.3420138895833333 0.41171875 0.3732638895833333 0.421484375 0.4079861104166667 0.4263671875 0.4166666666666667 0.43125 0.41493055624999997 0.43515625 0.4010416666666667 0.4458984375 0.3854166666666667 0.4517578125 0.37152777708333334 0.4595703125 0.3645833333333333 0.4732421875 0.3611111104166667 0.4751953125 0.3576388895833333 0.4771484375 0.3611111104166667 0.4791015625 0.3576388895833333 0.4849609375 0.3611111104166667 0.496875 0.35948183749999996 0.496875 0.34178240625 0.491796875 0.3177083333333333 0.487890625 0.3072916666666667