1 0.264453125 0.4375 0.25078125 0.4236111104166667 0.237109375 0.4236111104166667 0.225390625 0.43055555624999997 0.2087890625 0.46006944375000003 0.2048828125 0.47743055624999997 0.2029296875 0.5121527770833334 0.2087890625 0.5434027770833333 0.2234375 0.5694444437499999 0.233203125 0.5763888895833333 0.2537109375 0.5746527770833333 0.256640625 0.5694444437499999 0.268359375 0.5625 0.2771484375 0.5329861104166667 0.278125 0.5277777770833334 0.278125 0.47627314791666664 0.2732421875 0.453125 0.264453125 0.4375
1 0.089453125 0.5784722229166667 0.0875 0.56805555625 0.0748046875 0.5385416666666667 0.0591796875 0.5385416666666667 0.0484375 0.5541666666666667 0.04453125 0.56805555625 0.04453125 0.6166666666666667 0.050390625 0.6375 0.0591796875 0.653125 0.0626953125 0.65625 0.0660156328125 0.65625 0.077734375 0.6548611125 0.0806640625 0.653125 0.089453125 0.6340277791666666 0.089453125 0.60625 0.090625 0.6041666666666666 0.090625 0.6 0.089453125 0.5958333333333333 0.089453125 0.5784722229166667
1 0.0353515625 0.52256944375 0.0333984375 0.5503472229166667 0.0392578125 0.578125 0.0421875 0.5833333333333334 0.0431640625 0.5815972229166667 0.0490234375 0.5538194437499999 0.055859375 0.5416666666666666 0.067578125 0.5381944437499999 0.0703125 0.5333333333333333 0.0703125 0.5321180541666667 0.0666015625 0.515625 0.0578125 0.5 0.04609375 0.5 0.0421875 0.5034722229166666 0.0353515625 0.52256944375
1 0 0.6823908729166667 0.006640625 0.69756944375 0.0131510421875 0.70625 0.0154296875 0.70625 0.0154296875 0.6958333333333333 0.0115234375 0.6784722208333334 0.0115234375 0.64375 0.0203125 0.615625 0.0203125 0.6114583333333333 0.01640625 0.6072916666666667 0.010546875 0.6072916666666667 0.006640625 0.6107638875 0 0.6259424583333334 0 0.6823908729166667
0 0.0544921875 0.6510416666666666 0.0466796875 0.6267361104166667 0.033984375 0.6111111104166667 0.028125 0.6111111104166667 0.022265625 0.6145833333333334 0.0134765625 0.6336805562500001 0.0134765625 0.6440972229166667 0.0115234375 0.6475694437499999 0.0115234375 0.6788194437499999 0.0134765625 0.6822916666666666 0.0154296875 0.703125 0.028125 0.7291666666666666 0.03203125 0.7326388895833333 0.0447265625 0.7309027770833333 0.0486328125 0.7274305562500001 0.0544921875 0.7100694437499999 0.0546875 0.7055555541666667 0.0546875 0.66180555625 0.0544921875 0.6614583333333334 0.0544921875 0.6510416666666666
0 0.118359375 0.5534722208333334 0.118359375 0.5395833333333333 0.1203125 0.5361111104166666 0.118359375 0.5048611104166667 0.114453125 0.4909722208333333 0.1017578125 0.471875 0.0900390625 0.471875 0.079296875 0.4875 0.0734375 0.5083333333333333 0.0734375 0.5361111104166666 0.08125 0.55 0.091426809375 0.58125 0.1046875 0.58125 0.11640625 0.5638888875 0.118359375 0.5534722208333334
0 0.021484375 0.7340277770833333 0.013671875 0.7097222208333334 0.0009765625 0.690625 0 0.8034722208333334 0.0070312515625 0.8104166666666667 0.013671875 0.8104166666666667 0.021484375 0.8 0.0234375 0.7895833333333333 0.0234375 0.7479166666666667 0.021484375 0.74444444375 0.021484375 0.7340277770833333
0 0.2517578125 0.3802083333333333 0.2458984375 0.4010416666666667 0.2458984375 0.421875 0.2625 0.43402777708333334 0.2732421875 0.453125 0.2791015625 0.484375 0.28203125 0.4895833333333333 0.2849609375 0.48784722291666666 0.299609375 0.4791666666666667 0.3103515625 0.45659722291666666 0.3125 0.4451388895833333 0.3125 0.3954166666666667 0.3044921875 0.3697916666666667 0.29765625 0.3611111104166667 0.28984375 0.3541666666666667 0.272265625 0.3541666666666667 0.260546875 0.3645833333333333 0.2517578125 0.3802083333333333
0 0.423828125 0.2512152770833333 0.4423828125 0.23211805625 0.4501953125 0.23211805625 0.451171875 0.2234375 0.4462890625 0.21475694374999998 0.4365234375 0.2078125 0.4228515625 0.2078125 0.4111328125 0.21822916666666667 0.404296875 0.23038194374999998 0.400390625 0.24427083333333333 0.400390625 0.2755208333333333 0.404296875 0.28940972291666667 0.4111328125 0.3015625 0.41728515625 0.30625 0.41796875 0.30625 0.41796875 0.28246527708333335 0.423828125 0.2512152770833333
0 0.417578125 0.2829861104166667 0.417578125 0.3072916666666667 0.4234375 0.32465277708333334 0.4361328125 0.34722222291666666 0.4392578125 0.35 0.4482421828125 0.35 0.460546875 0.3489583333333333 0.4654296875 0.34722222291666666 0.480078125 0.3177083333333333 0.4828125 0.3079861104166667 0.4828125 0.2708333333333333 0.480078125 0.25868055625 0.4693359375 0.23958333333333334 0.4605468734375 0.23333333333333334 0.44319957499999996 0.23333333333333334 0.4234375 0.25173611041666666 0.417578125 0.2829861104166667
0 0.457421875 0.21006944375 0.45546875 0.22743055625 0.4583984375 0.23263888958333334 0.4701171875 0.23958333333333334 0.480859375 0.25868055625 0.4857421875 0.28125 0.49453125 0.2795138895833333 0.50625 0.25868055625 0.509375 0.24201388958333334 0.509375 0.22395833333333334 0.50625 0.21006944375 0.4955078125 0.19097222291666668 0.4896484375 0.1875 0.4740234375 0.1875 0.4681640625 0.19097222291666668 0.457421875 0.21006944375
0 0.662890625 0.3298611104166667 0.64921875 0.31944444375000003 0.6296875 0.31944444375000003 0.616015625 0.3298611104166667 0.5994140625 0.35590277708333334 0.5935546875 0.3802083333333333 0.5935546875 0.4010416666666667 0.5916015625 0.4045138895833333 0.5935546875 0.4114583333333333 0.5935546875 0.42881944375000003 0.5994140625 0.453125 0.621875 0.4895833333333333 0.627734375 0.49305555624999997 0.6501953125 0.49131944375000003 0.6609375 0.4861111104166667 0.666796875 0.4791666666666667 0.6833984375 0.44618055624999997 0.6853515625 0.42534722291666666 0.6859375 0.42430555625 0.6859375 0.3806712958333333 0.6814453125 0.359375 0.662890625 0.3298611104166667
0 0.6791015625 0.19027777916666666 0.6712890625 0.18333333333333332 0.6634765625 0.18333333333333332 0.6615234375 0.17986111249999998 0.6517578125 0.18333333333333332 0.6439453125 0.19027777916666666 0.63515625 0.209375 0.633203125 0.21979166666666666 0.63515625 0.25104166666666666 0.6498046875 0.28055555625 0.6544921859375 0.2833333333333333 0.663085946875 0.2833333333333333 0.67421875 0.28229166666666666 0.6830078125 0.27361111250000003 0.68984375 0.2579861125 0.690625 0.2538194458333333 0.690625 0.21701388958333334 0.68984375 0.21284722291666666 0.6791015625 0.19027777916666666
0 0.684765625 0.14270833333333333 0.675 0.13229166666666667 0.661328125 0.13229166666666667 0.6486328125 0.15138888958333335 0.646875 0.17638888958333335 0.646875 0.17951388958333334 0.649609375 0.184375 0.657421875 0.184375 0.659375 0.18090277916666667 0.661328125 0.184375 0.67109375 0.184375 0.68251953125 0.19791666666666666 0.6830078125 0.19791666666666666 0.6837890625 0.19652777916666667 0.6876953125 0.18958333333333333 0.690625 0.1765625 0.690625 0.16354166666666667 0.6896484375 0.15486111249999998 0.684765625 0.14270833333333333
1 0.795703125 0.121875 0.783984375 0.121875 0.7771484375 0.13402777916666667 0.7791015625 0.16180555625 0.789605034375 0.17708333333333334 0.7916015671875 0.17708333333333334 0.7986328125 0.17569444583333332 0.8015625 0.17395833333333333 0.8046875 0.16618055625 0.8046875 0.13819444583333332 0.8025390625 0.13055555624999998 0.795703125 0.121875