1 0.71640625 0.25868055625 0.710546875 0.2795138895833333 0.7125 0.32465277708333334 0.718359375 0.3420138895833333 0.7271484375 0.3576388895833333 0.7369140625 0.3645833333333333 0.753515625 0.36284722291666666 0.7662109375 0.35069444375000003 0.775 0.328125 0.775 0.3177083333333333 0.7765625 0.31493055416666665 0.7765625 0.3079861104166667 0.775 0.2829861104166667 0.7603515625 0.25 0.7486328125 0.23958333333333334 0.7330078125 0.23958333333333334 0.7212890625 0.25 0.71640625 0.25868055625
1 0.971484375 0.4486111104166667 0.96171875 0.43819444375 0.955859375 0.43819444375 0.95390625 0.43472222083333334 0.948046875 0.43472222083333334 0.93828125 0.44166666666666665 0.9255859375 0.4642361104166667 0.9177734375 0.49895833333333334 0.9177734375 0.5336805541666667 0.9197265625 0.5371527770833333 0.9177734375 0.5649305541666667 0.9197265625 0.5753472208333333 0.93828125 0.5979166666666667 0.944140625 0.5979166666666667 0.9453125 0.6 0.949999996875 0.6 0.9509765625 0.5996527770833333 0.959765625 0.5979166666666667 0.965625 0.5909722208333333 0.97734375 0.5666666666666667 0.9841796875 0.5614583333333333 0.9822265625 0.5475694437499999 0.984375 0.5399305541666667 0.984375 0.48072916666666665 0.9822265625 0.47118055416666665 0.971484375 0.4486111104166667
1 0.2142578125 0.7732638875000001 0.199609375 0.74375 0.180078125 0.7263888875000001 0.1546875 0.7263888875000001 0.14296875 0.7368055541666667 0.1302734375 0.759375 0.1244140625 0.7802083333333333 0.1224609375 0.8184027770833333 0.1205078125 0.821875 0.1224609375 0.8253472208333333 0.1224609375 0.8427083333333333 0.1283203125 0.8739583333333333 0.1400390625 0.9052083333333333 0.152734375 0.9277777770833333 0.168359375 0.9416666666666667 0.17421875 0.9416666666666667 0.175390625 0.94375 0.1847656203125 0.94375 0.1869140625 0.9434027770833333 0.207421875 0.9381944437499999 0.2201171875 0.9225694437499999 0.2298828125 0.8878472208333333 0.2298828125 0.8670138875000001 0.23125 0.8645833333333334 0.23125 0.853125 0.2298828125 0.8288194437499999 0.2142578125 0.7732638875000001
1 0.739453125 0.19062500208333333 0.7296875 0.18020833541666667 0.712109375 0.18020833541666667 0.70625 0.18715277916666664 0.6994140625 0.20277777916666664 0.6974609375 0.21319444583333333 0.6974609375 0.23750000208333333 0.7013671875 0.24444444583333333 0.7052734375 0.26180555625 0.7107421859375 0.26875 0.7130859375 0.26875 0.719921875 0.25312500208333333 0.73359375 0.2392361125 0.75 0.23752042708333335 0.75 0.234722225 0.7482421875 0.20972222291666667 0.739453125 0.19062500208333333
1 0.6533203125 0.20486111041666666 0.6376953125 0.20486111041666666 0.6318359375 0.20833333333333334 0.619140625 0.22743055625 0.615625 0.23993055416666667 0.615625 0.24884259375 0.626953125 0.265625 0.6328125 0.2864583333333333 0.6328125 0.32118055624999997 0.6376953125 0.3263888895833333 0.642578125 0.32465277708333334 0.638671875 0.3107638895833333 0.638671875 0.28993055624999997 0.64453125 0.26215277708333334 0.6494140625 0.25347222291666666 0.6650390625 0.23958333333333334 0.6734375 0.23792438333333335 0.6734375 0.23020833333333332 0.6650390625 0.21527777708333332 0.6533203125 0.20486111041666666
0 0.2662109375 0.44618055624999997 0.2603515625 0.4739583333333333 0.2603515625 0.515625 0.2662109375 0.5399305562500001 0.280859375 0.5659722229166667 0.292578125 0.5763888895833333 0.300390625 0.5763888895833333 0.301953125 0.5791666666666667 0.306640621875 0.5791666666666667 0.3130859375 0.578125 0.331640625 0.5625 0.3443359375 0.5329861104166667 0.3443359375 0.5260416666666666 0.346875 0.5192708333333333 0.346875 0.46319444375 0.3443359375 0.44965277708333334 0.321875 0.41319444375000003 0.3171875 0.41041666666666665 0.2936197921875 0.41041666666666665 0.280859375 0.4201388895833333 0.2662109375 0.44618055624999997
0 0.6177734375 0.25 0.6001953125 0.23611111041666666 0.5884765625 0.23611111041666666 0.5708984375 0.25 0.5640625 0.26215277708333334 0.558203125 0.2864583333333333 0.558203125 0.3107638895833333 0.562109375 0.33159722291666666 0.5708984375 0.35069444375000003 0.5865234375 0.3645833333333333 0.5923828125 0.3645833333333333 0.5943359375 0.36805555624999997 0.603125 0.36631944375000003 0.6197265625 0.3541666666666667 0.6265625 0.3420138895833333 0.6265625 0.33506944375000003 0.63125 0.32118055624999997 0.63125 0.28229166666666666 0.6265625 0.265625 0.6177734375 0.25
0 0.6923828125 0.24635416666666668 0.6826171875 0.23940972291666668 0.6669921875 0.23940972291666668 0.6494140625 0.25329861249999996 0.642578125 0.2689236125 0.640625 0.2793402791666667 0.640625 0.3175347229166666 0.646484375 0.33836805625 0.6572265625 0.3574652791666667 0.6669921875 0.3644097229166666 0.6684570265625001 0.3645833333333333 0.687792971875 0.3645833333333333 0.6884765625 0.3644097229166666 0.7001953125 0.35399305625 0.70703125 0.33836805625 0.7109375 0.32447916666666665 0.7109375 0.2862847229166666 0.703125 0.26197916666666665 0.6923828125 0.24635416666666668
0 0.8060546875 0.24340277708333333 0.7962890625 0.23645833125000001 0.7826171875 0.23645833125000001 0.7748046875 0.24340277708333333 0.76796875 0.2555555541666667 0.76796875 0.26597222083333333 0.773828125 0.27638888749999996 0.777734375 0.29375 0.77578125 0.33541666666666664 0.7787109375 0.34409722083333333 0.7865234375 0.35104166666666664 0.7923828125 0.35104166666666664 0.794140625 0.3541666666666667 0.7957031203125 0.3541666666666667 0.801171875 0.35277777708333335 0.8119140625 0.34409722083333333 0.816796875 0.33541666666666664 0.821875 0.3143518520833333 0.821875 0.27708333333333335 0.81875 0.26597222083333333 0.8060546875 0.24340277708333333
0 0.979296875 0.41961805625 0.971484375 0.4265625 0.9666015625 0.43524305625 0.9666015625 0.4421875 0.9802734375 0.46649305625 0.9841796875 0.48038194375000004 0.9841796875 0.5394097229166667 0.9802734375 0.5532986104166666 0.9802734375 0.5625 0.9896809890625 0.5625 0.994921875 0.55850694375 0.9984375 0.55225694375 0.9984375 0.42988040208333334 0.991015625 0.41961805625 0.979296875 0.41961805625
0 0.0466796875 0.8836805562500001 0.0466796875 0.9184027770833333 0.0486328125 0.9253472229166667 0.06328125 0.9513888895833333 0.07109375 0.9583333333333334 0.0818359375 0.9774305562500001 0.090625 1 0.1365234375 0.9982638895833333 0.1375 0.9965277770833333 0.1375 0.9756944437499999 0.1365234375 0.9739583333333334 0.1365234375 0.9565972229166667 0.1326171875 0.9357638895833333 0.1228515625 0.9010416666666666 0.10234375 0.8611111104166667 0.0828125 0.84375 0.065234375 0.84375 0.0505859375 0.8663194437499999 0.0466796875 0.8836805562500001