1 0.22265625 0.24479166666666666 0.22265625 0.265625 0.224609375 0.27256944375000003 0.2353515625 0.28819444375000003 0.248046875 0.2864583333333333 0.2578125 0.27256944375000003 0.26171875 0.25868055625 0.26171875 0.23090277708333332 0.2568359375 0.21875 0.2490234375 0.21180555625 0.2431640625 0.21180555625 0.228515625 0.22395833333333334 0.22265625 0.24479166666666666
1 0.38671875 0.13368055625 0.380859375 0.140625 0.380859375 0.15104166666666666 0.37890625 0.15451388958333334 0.380859375 0.17534722291666668 0.3876953125 0.1875 0.388671875 0.18576388958333334 0.4013671875 0.16666666666666666 0.412109375 0.16145833333333334 0.412109375 0.15451388958333334 0.416015625 0.14409722291666668 0.4130859375 0.12847222291666666 0.4033203125 0.12152777708333334 0.3896484375 0.125 0.38671875 0.13368055625
1 0.3603515625 0.12847222291666666 0.353515625 0.140625 0.3564453125 0.14583333333333334 0.3662109375 0.14930555625 0.373046875 0.16145833333333334 0.375 0.18576388958333334 0.37890625 0.18576388958333334 0.380859375 0.18229166666666666 0.380859375 0.16493055625 0.37890625 0.16145833333333334 0.380859375 0.13715277708333332 0.3740234375 0.12847222291666666 0.3681640625 0.12847222291666666 0.3662109375 0.125 0.3603515625 0.12847222291666666
1 0.4326171875 0.15277777708333332 0.427734375 0.16493055625 0.4345703125 0.18055555625 0.4423828125 0.17361111041666666 0.4580078125 0.17361111041666666 0.4638671875 0.18055555625 0.4677734375 0.18055555625 0.4697265625 0.1875 0.474609375 0.18576388958333334 0.4765625 0.18229166666666666 0.4765625 0.16840277708333332 0.4677734375 0.14930555625 0.4599609375 0.14236111041666666 0.4541015625 0.14236111041666666 0.4521484375 0.13888888958333334 0.4423828125 0.14236111041666666 0.4326171875 0.15277777708333332
1 0.4423828125 0.17361111041666666 0.4345703125 0.18055555625 0.423828125 0.19965277708333332 0.419921875 0.22048611041666666 0.419921875 0.23784722291666668 0.423828125 0.2552083333333333 0.4287109375 0.26388888958333334 0.431640625 0.26215277708333334 0.43359375 0.234375 0.4462890625 0.20833333333333334 0.4599609375 0.19791666666666666 0.47265625 0.19618055625 0.47265625 0.18923611041666666 0.4677734375 0.18055555625 0.4580078125 0.17361111041666666 0.4423828125 0.17361111041666666
1 0.5927734375 0.15625 0.6083984375 0.16666666666666666 0.6162109375 0.18055555625 0.619140625 0.17881944375 0.623046875 0.16145833333333334 0.619140625 0.15104166666666666 0.6103515625 0.13888888958333334 0.6005859375 0.13194444375 0.5927734375 0.13194444375 0.58203125 0.14409722291666668 0.5830078125 0.15972222291666668 0.5927734375 0.15625
1 0.6845703125 0.20486111041666666 0.7021484375 0.20486111041666666 0.7177734375 0.21875 0.7216796875 0.22916666666666666 0.7265625 0.22743055625 0.73046875 0.21701388958333334 0.7265625 0.203125 0.7158203125 0.18402777708333332 0.7060546875 0.17708333333333334 0.6904296875 0.17708333333333334 0.67578125 0.19965277708333332 0.6767578125 0.21180555625 0.6845703125 0.20486111041666666
1 0.8251953125 0.34722222291666666 0.8037109375 0.34722222291666666 0.78515625 0.3697916666666667 0.779296875 0.38715277708333334 0.77734375 0.41493055624999997 0.7802734375 0.4201388895833333 0.7841796875 0.4201388895833333 0.7958984375 0.43055555624999997 0.8125 0.46006944375000003 0.8203125 0.5017361104166667 0.8232421875 0.50694444375 0.83203125 0.5052083333333334 0.8349609375 0.5034722229166666 0.853515625 0.4670138895833333 0.85546875 0.44618055624999997 0.857421875 0.4427083333333333 0.85546875 0.4079861104166667 0.84765625 0.3767361104166667 0.8369140625 0.3576388895833333 0.8251953125 0.34722222291666666
1 0.7607421875 0.3298611104166667 0.7431640625 0.3125 0.7216796875 0.3125 0.7119140625 0.31944444375000003 0.703125 0.33159722291666666 0.6953125 0.35590277708333334 0.6953125 0.3697916666666667 0.701171875 0.39756944375000003 0.701171875 0.42534722291666666 0.71484375 0.4670138895833333 0.7177734375 0.47222222291666666 0.72265625 0.4704861104166667 0.7265625 0.45659722291666666 0.7373046875 0.4375 0.7568359375 0.4201388895833333 0.7744140625 0.4166666666666667 0.77734375 0.4045138895833333 0.77734375 0.38368055624999997 0.771484375 0.35590277708333334 0.7607421875 0.3298611104166667
1 0.701171875 0.421875 0.701171875 0.4079861104166667 0.69921875 0.4045138895833333 0.697265625 0.3767361104166667 0.693359375 0.36284722291666666 0.6845703125 0.34375 0.6650390625 0.3229166666666667 0.6416015625 0.31944444375000003 0.6279296875 0.3298611104166667 0.609375 0.359375 0.609375 0.36631944375000003 0.603515625 0.38715277708333334 0.603515625 0.42534722291666666 0.609375 0.4427083333333333 0.6123046875 0.4479166666666667 0.615234375 0.44618055624999997 0.6357421875 0.4166666666666667 0.6474609375 0.41319444375000003 0.6494140625 0.40972222291666666 0.6572265625 0.40972222291666666 0.6591796875 0.40625 0.6787109375 0.40972222291666666 0.6982421875 0.4270833333333333 0.701171875 0.421875
0 0.3642578125 0.14583333333333334 0.3564453125 0.14583333333333334 0.3544921875 0.14236111041666666 0.3427734375 0.14930555625 0.3359375 0.16145833333333334 0.33203125 0.17534722291666668 0.33203125 0.18923611041666666 0.333984375 0.19965277708333332 0.3408203125 0.21180555625 0.3486328125 0.21875 0.357421875 0.21701388958333334 0.3623046875 0.21527777708333332 0.369140625 0.20659722291666668 0.375 0.18229166666666666 0.375 0.171875 0.373046875 0.16840277708333332 0.373046875 0.15798611041666666 0.3701171875 0.15277777708333332 0.3642578125 0.14583333333333334
0 0.4091796875 0.125 0.4169921875 0.13888888958333334 0.41796875 0.13715277708333332 0.4228515625 0.13194444375 0.423828125 0.1267361104166667 0.4169921875 0.11458333333333333 0.4091796875 0.10763888958333333 0.3974609375 0.11111111041666667 0.390625 0.11979166666666667 0.3916015625 0.125 0.4091796875 0.125
0 0.4208984375 0.16319444375 0.4228515625 0.16666666666666666 0.427734375 0.16493055625 0.4345703125 0.14930555625 0.451171875 0.13715277708333332 0.4423828125 0.125 0.4287109375 0.125 0.4248046875 0.12847222291666666 0.416015625 0.140625 0.412109375 0.16145833333333334 0.4208984375 0.16319444375
0 0.4521484375 0.13888888958333334 0.45703125 0.13715277708333332 0.458984375 0.13368055625 0.458984375 0.12326388958333333 0.4462890625 0.11111111041666667 0.4365234375 0.11111111041666667 0.42578125 0.12326388958333333 0.4267578125 0.12847222291666666 0.4423828125 0.125 0.4521484375 0.13888888958333334
0 0.5869140625 0.15625 0.5732421875 0.16666666666666666 0.564453125 0.18229166666666666 0.560546875 0.19618055625 0.560546875 0.21701388958333334 0.5654296875 0.22569444375 0.576171875 0.22395833333333334 0.5830078125 0.21180555625 0.5966796875 0.20138888958333334 0.6162109375 0.20138888958333334 0.619140625 0.19618055625 0.6171875 0.18229166666666666 0.6083984375 0.16666666666666666 0.5947265625 0.15625 0.5869140625 0.15625
0 0.6396484375 0.17361111041666666 0.6259765625 0.18402777708333332 0.6171875 0.203125 0.62890625 0.22048611041666666 0.63671875 0.24131944375 0.638671875 0.25173611041666666 0.63671875 0.2760416666666667 0.6416015625 0.28125 0.658203125 0.2795138895833333 0.6640625 0.27256944375000003 0.6640625 0.24479166666666666 0.66796875 0.22743055625 0.67578125 0.21006944375 0.673828125 0.203125 0.6611328125 0.18055555625 0.6494140625 0.17361111041666666 0.6396484375 0.17361111041666666
0 0.6767578125 0.21180555625 0.669921875 0.22395833333333334 0.6640625 0.24479166666666666 0.6640625 0.2760416666666667 0.669921875 0.296875 0.6845703125 0.31944444375000003 0.6943359375 0.3263888895833333 0.705078125 0.32465277708333334 0.72265625 0.3072916666666667 0.73046875 0.2760416666666667 0.73046875 0.25868055625 0.720703125 0.22395833333333334 0.7119140625 0.21180555625 0.7021484375 0.20486111041666666 0.6845703125 0.20486111041666666 0.6767578125 0.21180555625
0 0.7587890625 0.20833333333333334 0.7470703125 0.20486111041666666 0.7353515625 0.21180555625 0.724609375 0.234375 0.73046875 0.25868055625 0.73046875 0.2829861104166667 0.728515625 0.28993055624999997 0.732421875 0.30381944375000003 0.7451171875 0.31597222291666666 0.751953125 0.3142361104166667 0.7646484375 0.28819444375000003 0.7744140625 0.28125 0.7802734375 0.28125 0.783203125 0.2760416666666667 0.783203125 0.25868055625 0.77734375 0.234375 0.7666015625 0.21527777708333332 0.7587890625 0.20833333333333334
0 0.7900390625 0.28125 0.7685546875 0.28472222291666666 0.7646484375 0.28819444375000003 0.751953125 0.3142361104166667 0.751953125 0.3177083333333333 0.7587890625 0.3263888895833333 0.76953125 0.3489583333333333 0.775390625 0.3697916666666667 0.775390625 0.3767361104166667 0.77734375 0.38368055624999997 0.779296875 0.38368055624999997 0.7939453125 0.3541666666666667 0.7978515625 0.3541666666666667 0.8037109375 0.34722222291666666 0.8203125 0.3420138895833333 0.8203125 0.33159722291666666 0.814453125 0.3107638895833333 0.8056640625 0.2951388895833333 0.7900390625 0.28125
0 0.8154296875 0.2673611104166667 0.8095703125 0.2708333333333333 0.80078125 0.2829861104166667 0.80078125 0.28993055624999997 0.81640625 0.3142361104166667 0.8203125 0.33159722291666666 0.8203125 0.3420138895833333 0.8232421875 0.34722222291666666 0.830078125 0.3454861104166667 0.8388671875 0.3298611104166667 0.8466796875 0.3229166666666667 0.8544921875 0.3229166666666667 0.85546875 0.3107638895833333 0.8515625 0.296875 0.8408203125 0.27777777708333334 0.8291015625 0.2673611104166667 0.8154296875 0.2673611104166667
0 0.85546875 0.3177083333333333 0.8583984375 0.3229166666666667 0.8671875 0.32465277708333334 0.8740234375 0.3125 0.8818359375 0.30555555624999997 0.896484375 0.30381944375000003 0.89453125 0.29340277708333334 0.8779296875 0.2673611104166667 0.8623046875 0.2673611104166667 0.849609375 0.2864583333333333 0.85546875 0.3177083333333333
0 0.8818359375 0.30555555624999997 0.8740234375 0.3125 0.869140625 0.32118055624999997 0.869140625 0.328125 0.884765625 0.35243055624999997 0.888671875 0.36631944375000003 0.890625 0.38715277708333334 0.8935546875 0.3923611104166667 0.89453125 0.390625 0.9033203125 0.37152777708333334 0.9150390625 0.3645833333333333 0.91796875 0.359375 0.91796875 0.3454861104166667 0.9140625 0.33159722291666666 0.9033203125 0.3125 0.8955078125 0.30555555624999997 0.8818359375 0.30555555624999997
0 0.9228515625 0.3611111104166667 0.9150390625 0.3611111104166667 0.9072265625 0.36805555624999997 0.896484375 0.38715277708333334 0.892578125 0.4010416666666667 0.892578125 0.4114583333333333 0.890625 0.41493055624999997 0.890625 0.45659722291666666 0.8994140625 0.49305555624999997 0.9150390625 0.5104166666666666 0.9296875 0.50868055625 0.9365234375 0.5034722229166666 0.947265625 0.484375 0.951171875 0.4704861104166667 0.953125 0.46006944375000003 0.953125 0.421875 0.947265625 0.39409722291666666 0.9365234375 0.37152777708333334 0.9228515625 0.3611111104166667
0 0.611328125 0.3072916666666667 0.6025390625 0.2916666666666667 0.5830078125 0.27777777708333334 0.5634765625 0.27777777708333334 0.5458984375 0.2916666666666667 0.53515625 0.3107638895833333 0.529296875 0.3385416666666667 0.529296875 0.3732638895833333 0.53515625 0.39756944375000003 0.5458984375 0.4201388895833333 0.5654296875 0.4375 0.580078125 0.4357638895833333 0.5869140625 0.43402777708333334 0.599609375 0.421875 0.603515625 0.4010416666666667 0.603515625 0.38368055624999997 0.607421875 0.3732638895833333 0.607421875 0.36631944375000003 0.619140625 0.3385416666666667 0.611328125 0.3072916666666667
0 0.5888671875 0.23611111041666666 0.5751953125 0.22569444375 0.5615234375 0.22569444375 0.5458984375 0.23611111041666666 0.5380859375 0.24652777708333332 0.53125 0.26215277708333334 0.52734375 0.30034722291666666 0.529296875 0.3107638895833333 0.5322265625 0.31597222291666666 0.533203125 0.3142361104166667 0.5439453125 0.2951388895833333 0.5634765625 0.27777777708333334 0.5849609375 0.27777777708333334 0.6044921875 0.2951388895833333 0.607421875 0.29340277708333334 0.607421875 0.2829861104166667 0.6015625 0.25868055625 0.5888671875 0.23611111041666666
0 0.4599609375 0.19791666666666666 0.4462890625 0.20833333333333334 0.4375 0.22395833333333334 0.431640625 0.24479166666666666 0.431640625 0.265625 0.43359375 0.26909722291666666 0.43359375 0.2795138895833333 0.4462890625 0.30555555624999997 0.4580078125 0.31597222291666666 0.47265625 0.3142361104166667 0.4775390625 0.3125 0.4921875 0.29340277708333334 0.5 0.265625 0.5 0.24826388958333334 0.49609375 0.22743055625 0.4833984375 0.20486111041666666 0.4736328125 0.19791666666666666 0.4599609375 0.19791666666666666
1 0.6220703125 0.19097222291666668 0.6259765625 0.18402777708333332 0.6396484375 0.17361111041666666 0.6572265625 0.17708333333333334 0.6650390625 0.1875 0.669921875 0.18923611041666666 0.669921875 0.17534722291666668 0.6591796875 0.15625 0.6513671875 0.14930555625 0.6337890625 0.14930555625 0.6279296875 0.15625 0.619140625 0.17534722291666668 0.619140625 0.18576388958333334 0.6220703125 0.19097222291666668