1 0.69765625 0.08506944375 0.695703125 0.109375 0.71195518125 0.14166666666666666 0.717382809375 0.14166666666666666 0.725 0.140625 0.73671875 0.1267361104166667 0.7375 0.12256944375 0.7375 0.08673611041666666 0.7244741578125 0.06666666666666667 0.7205078140625 0.06666666666666667 0.7064453125 0.06944444375 0.69765625 0.08506944375
1 0.6978515625 0.048611110416666665 0.6919921875 0.052083333333333336 0.68515625 0.06423611041666667 0.683203125 0.08159722291666666 0.6890625 0.10243055625 0.6919921875 0.10763888958333333 0.694921875 0.10590277708333334 0.698828125 0.078125 0.7095703125 0.06597222291666667 0.7171875 0.06446759166666667 0.7171875 0.06215277708333333 0.7115234375 0.052083333333333336 0.6978515625 0.048611110416666665
1 0.7296875 0.04791666666666667 0.72578125 0.04444444583333333 0.716015625 0.04444444583333333 0.7130859375 0.04965277916666667 0.719921875 0.06527777916666667 0.727734375 0.06875 0.737109375 0.08541666666666667 0.7386718765625 0.08541666666666667 0.7404296875 0.084375 0.7421875 0.08125000208333333 0.7421875 0.07951388958333333 0.7404296875 0.06701388958333333 0.7296875 0.04791666666666667
1 0.692578125 0.028472220833333332 0.68671875 0.028472220833333332 0.678125 0.036959874999999996 0.678125 0.04097222083333333 0.6798828125 0.07534722083333333 0.68203125 0.07916666666666666 0.68359375 0.07916666666666666 0.6837890625 0.07881944375000001 0.6857421875 0.06840277708333334 0.69453125 0.05277777708333333 0.70625 0.04797008541666667 0.70625 0.04583333333333333 0.700390625 0.035416666666666666 0.692578125 0.028472220833333332
1 0.6712890625 0.03402777916666667 0.6537109375 0.0375 0.646875 0.04965277916666667 0.644921875 0.06006944583333333 0.646875 0.07395833333333333 0.661072715625 0.09583333333333334 0.6658203171875 0.09583333333333334 0.672265625 0.09479166666666666 0.6796875 0.0782986125 0.6796875 0.04826388958333334 0.678125 0.042708333333333334 0.6712890625 0.03402777916666667
1 0.62421875 0.023958335416666664 0.6125 0.03090277916666667 0.6056640625 0.04305555625 0.6037109375 0.06041666875 0.61640625 0.08993055624999999 0.622265625 0.08993055624999999 0.6232421875 0.09166666666666666 0.6291015625 0.09166666666666666 0.640625 0.07459490833333333 0.640625 0.04256944583333333 0.6359375 0.03090277916666667 0.62421875 0.023958335416666664
1 0.6111328125 0.010763887500000001 0.6033203125 0.01770833125 0.5984375 0.029861110416666666 0.5984375 0.05416666458333333 0.6007812515625 0.058333333333333334 0.603124996875 0.058333333333333334 0.604296875 0.0576388875 0.60625 0.043749997916666665 0.6111328125 0.03506944375 0.6169921875 0.02812499791666667 0.628125 0.02812499791666667 0.628125 0.0211489875 0.6189453125 0.010763887500000001 0.6111328125 0.010763887500000001
1 0.6375 0.01996527916666667 0.6345703125 0.028645835416666664 0.6384765625 0.03559027916666667 0.6423502609375 0.05625 0.6462890625 0.05625 0.6462890625 0.049479168750000004 0.653125 0.037326389583333335 0.65703125 0.033854168750000004 0.662890625 0.037326389583333335 0.6671875 0.03274305625 0.6671875 0.03151498541666667 0.64921875 0.013020835416666666 0.6375 0.01996527916666667
1 0.7595703125 0.0361111125 0.752734375 0.023958335416666664 0.741015625 0.023958335416666664 0.7361328125 0.03263888958333334 0.737109375 0.041319445833333336 0.7517578109375 0.05 0.7609375 0.05 0.7609375 0.04583333541666667 0.7595703125 0.0361111125
1 0.80546875 0.04895833125 0.8005859375 0.0576388875 0.7986328125 0.06805555416666667 0.8005859375 0.07847222083333333 0.820638021875 0.09375 0.8216796859375 0.09375 0.8234375 0.09270833333333334 0.8234375 0.0670138875 0.81328125 0.04895833125 0.80546875 0.04895833125
1 0.839453125 0.10763888958333333 0.847265625 0.11111111041666667 0.856380209375 0.12083333333333333 0.8597656234375 0.12083333333333333 0.8625 0.12013888958333332 0.8625 0.10034722291666666 0.8619140625 0.09201388958333333 0.855078125 0.07986111041666667 0.8457031234375 0.07708333333333334 0.84296875 0.07708333333333334 0.8384765625 0.08506944375 0.839453125 0.10763888958333333
0 0.033203125 0.49895833333333334 0.037109375 0.48159722083333334 0.037109375 0.45034722083333334 0.033203125 0.4329861104166667 0.0263671875 0.42430555416666665 0.0224609375 0.42430555416666665 0.0185546875 0.42777777708333337 0.009765625 0.446875 0.009765625 0.478125 0.013671875 0.4954861104166667 0.0185546875 0.5041666666666667 0.0208984390625 0.50625 0.026367184375 0.50625 0.02734375 0.5059027770833333 0.033203125 0.49895833333333334
0 0.033203125 0.4048611125 0.0283203125 0.39618055625 0.0205078125 0.39618055625 0.013671875 0.41180555625 0.0125 0.42430555625 0.0125 0.43333333333333335 0.0134765625 0.43333333333333335 0.0205078125 0.4239583333333333 0.0283203125 0.4239583333333333 0.03359375 0.43333333333333335 0.034375 0.43333333333333335 0.034375 0.42152777916666667 0.033203125 0.4048611125
0 0 0.5395833333333333 0.00419921875 0.5395833333333333 0.0095703125 0.5300347229166666 0.0125 0.51961805625 0.0125 0.4901041666666667 0.0095703125 0.4744791666666667 0.0046875 0.4657986104166667 0.00078125 0.4657986104166667 0 0.5255208333333333 0 0.5395833333333333