1 0.490234375 0.10590277708333334 0.501953125 0.08506944375 0.501953125 0.060763889583333335 0.4931640625 0.045138889583333335 0.4873046875 0.041666666666666664 0.4697265625 0.048611110416666665 0.46484375 0.06423611041666667 0.46484375 0.08159722291666666 0.46875 0.09548611041666667 0.4775390625 0.10763888958333333 0.490234375 0.10590277708333334
1 0.50390625 0.078125 0.5078125 0.078125 0.5107421875 0.07638888958333333 0.515625 0.06423611041666667 0.515625 0.04340277708333333 0.5107421875 0.03125 0.5029296875 0.024305556250000002 0.4951171875 0.024305556250000002 0.490234375 0.032986110416666665 0.490234375 0.03993055625 0.501953125 0.060763889583333335 0.50390625 0.078125
1 0.4609375 0.06770833333333333 0.4638671875 0.07291666666666667 0.46484375 0.07118055625 0.46484375 0.057291666666666664 0.4677734375 0.048611110416666665 0.4755859375 0.052083333333333336 0.4775390625 0.045138889583333335 0.4892578125 0.045138889583333335 0.48828125 0.036458333333333336 0.4853515625 0.03125 0.4677734375 0.03472222291666667 0.4609375 0.046875 0.4609375 0.06770833333333333
1 0.46484375 0.04340277708333333 0.4697265625 0.03472222291666667 0.4873046875 0.03472222291666667 0.48828125 0.029513889583333335 0.4853515625 0.024305556250000002 0.4736328125 0.020833333333333332 0.4677734375 0.024305556250000002 0.4609375 0.036458333333333336 0.4609375 0.03993055625 0.4638671875 0.045138889583333335 0.46484375 0.04340277708333333
1 0.4443359375 0.08680555625 0.455078125 0.08506944375 0.4580078125 0.08333333333333333 0.4609375 0.07465277708333334 0.4609375 0.04340277708333333 0.4560546875 0.03125 0.4501953125 0.027777777083333333 0.4404296875 0.03125 0.431640625 0.05034722291666667 0.431640625 0.06423611041666667 0.4404296875 0.08333333333333333 0.4443359375 0.08680555625
1 0.41796875 0.09201388958333333 0.4228515625 0.09027777708333334 0.431640625 0.06770833333333333 0.427734375 0.04340277708333333 0.4228515625 0.03819444375 0.4091796875 0.03819444375 0.4033203125 0.041666666666666664 0.3984375 0.05381944375 0.400390625 0.078125 0.4091796875 0.09375 0.41796875 0.09201388958333333
1 0.4111328125 0.024305556250000002 0.40234375 0.036458333333333336 0.4033203125 0.041666666666666664 0.4072265625 0.03819444375 0.42578125 0.03993055625 0.42578125 0.032986110416666665 0.4169921875 0.024305556250000002 0.4111328125 0.024305556250000002
1 0.431640625 0.05034722291666667 0.4345703125 0.03819444375 0.4404296875 0.03125 0.4501953125 0.03125 0.451171875 0.026041666666666668 0.4482421875 0.020833333333333332 0.4384765625 0.020833333333333332 0.4345703125 0.024305556250000002 0.427734375 0.03993055625 0.4296875 0.05034722291666667 0.431640625 0.05034722291666667
1 0.5322265625 0 0.52734375 0.012152777083333333 0.5302734375 0.020833333333333332 0.5400390625 0.020833333333333332 0.5419921875 0.024305556250000002 0.5546875 0.022569443749999998 0.5546875 0.012152777083333333 0.5517578125 0 0.5322265625 0
1 0.61328125 0.03993055625 0.615234375 0.036458333333333336 0.615234375 0.015625 0.6083984375 0.0034722229166666663 0.5986328125 0 0.58984375 0.012152777083333333 0.58984375 0.026041666666666668 0.5927734375 0.03472222291666667 0.6044921875 0.03819444375 0.6064453125 0.041666666666666664 0.61328125 0.03993055625
1 0.65234375 0.04340277708333333 0.65234375 0.032986110416666665 0.6484375 0.019097222916666667 0.6416015625 0.010416666666666666 0.6318359375 0.010416666666666666 0.625 0.022569443749999998 0.625 0.04340277708333333 0.6337890625 0.052083333333333336 0.646484375 0.05034722291666667 0.65234375 0.04340277708333333
0 0.86328125 0.16493055625 0.8525390625 0.14930555625 0.8427734375 0.14930555625 0.8359375 0.16145833333333334 0.8369140625 0.16666666666666666 0.8525390625 0.18055555625 0.8564453125 0.18055555625 0.8623046875 0.1875 0.8671875 0.18576388958333334 0.86328125 0.16493055625
0 0.876953125 0.16840277708333332 0.876953125 0.15798611041666666 0.87109375 0.140625 0.8623046875 0.13194444375 0.8544921875 0.13541666666666666 0.849609375 0.14756944375 0.8583984375 0.15625 0.8681640625 0.18055555625 0.87109375 0.17881944375 0.876953125 0.16840277708333332