0 0.455859375 0.71319444375 0.4421875 0.6715277770833333 0.4216796875 0.6420138875 0.3943359375 0.6246527770833333 0.3748046875 0.6246527770833333 0.3494140625 0.6420138875 0.3328125 0.6680555541666667 0.32109375 0.7027777770833333 0.319140625 0.7236111104166666 0.3171875 0.7270833333333333 0.3171875 0.7513888875 0.319140625 0.7548611104166666 0.32109375 0.7861111104166666 0.330859375 0.8208333333333333 0.3455078125 0.8503472208333334 0.3630859375 0.8677083333333333 0.3748046875 0.8746527770833333 0.3845703125 0.8746527770833333 0.3859375 0.8770833333333333 0.39296874531250003 0.8770833333333333 0.397265625 0.8763888875 0.4138671875 0.8711805541666667 0.4216796875 0.8607638875 0.4255859375 0.8607638875 0.44609375 0.8277777770833333 0.45625 0.7916666666666666 0.45625 0.7243055541666668 0.455859375 0.7236111104166666 0.455859375 0.71319444375
0 0.2349609375 0.7361111104166667 0.2251953125 0.7465277770833333 0.2125 0.7690972229166667 0.202734375 0.8003472229166667 0.202734375 0.8107638895833333 0.20078125 0.8142361104166667 0.20078125 0.8697916666666666 0.2046875 0.8802083333333334 0.206640625 0.8975694437499999 0.21640625 0.9253472229166667 0.2291015625 0.9479166666666666 0.2427734375 0.9652777770833333 0.2505859375 0.96875 0.2603515625 0.9791666666666666 0.292578125 0.9774305562500001 0.3072265625 0.96875 0.323828125 0.9392361104166667 0.327734375 0.9253472229166667 0.327734375 0.9149305562500001 0.331640625 0.9010416666666666 0.331640625 0.8802083333333334 0.3328125 0.878125 0.3328125 0.8600694437499999 0.331640625 0.8350694437499999 0.327734375 0.8246527770833333 0.327734375 0.8177083333333334 0.319921875 0.7934027770833333 0.3072265625 0.7673611104166667 0.2798828125 0.7361111104166667 0.2681640625 0.7326388895833333 0.2662109375 0.7291666666666666 0.2505859375 0.7291666666666666 0.2486328125 0.7326388895833333 0.2349609375 0.7361111104166667
0 0.125976609375 1 0.2033203125 0.9986111125 0.2046875 0.99618055625 0.2046875 0.9857638895833334 0.2033203125 0.9638888895833334 0.1935546875 0.9256944458333333 0.1876953125 0.9152777791666666 0.1857421875 0.9048611125 0.169140625 0.8753472229166667 0.157421875 0.8614583333333333 0.14375 0.8510416666666667 0.122265625 0.8510416666666667 0.110546875 0.8579861125 0.0998046875 0.8770833333333333 0.0939453125 0.9013888895833334 0.0939453125 0.9534722229166667 0.1017578125 0.9847222229166667 0.1017578125 0.9916666666666667 0.1064453125 1 0.125976609375 1
0 0.278125 0.3888888895833333 0.2703125 0.38194444375000003 0.25078125 0.38194444375000003 0.24296875 0.3888888895833333 0.2302734375 0.4114583333333333 0.2263671875 0.42534722291666666 0.2263671875 0.4670138895833333 0.2322265625 0.48784722291666666 0.241015625 0.5034722229166666 0.2546875 0.5138888895833333 0.2654296875 0.5121527770833334 0.276171875 0.50694444375 0.2869140625 0.49131944375000003 0.2927734375 0.4670138895833333 0.29375 0.453125 0.29375 0.43402777708333334 0.2888671875 0.4079861104166667 0.278125 0.3888888895833333
0 0.3310546875 0.27465277708333335 0.3359375 0.26597222291666667 0.33984375 0.24861111249999998 0.337890625 0.22777777916666667 0.3310546875 0.20868055625 0.3212890625 0.20868055625 0.3115234375 0.21909722291666667 0.3076171875 0.21909722291666667 0.302734375 0.23125 0.302734375 0.24166666666666667 0.30078125 0.24513888958333335 0.302734375 0.24861111249999998 0.302734375 0.2625 0.3076171875 0.27118055625 0.31259765625 0.27708333333333335 0.321093753125 0.27708333333333335 0.326171875 0.2763888895833333 0.3310546875 0.27465277708333335
0 0.3115234375 0.20086805625 0.303125 0.2157986125 0.303125 0.22291666666666668 0.3069986984375 0.22291666666666668 0.3173828125 0.2078125 0.3271484375 0.2078125 0.3291015625 0.21128472291666667 0.3296875 0.20815972291666668 0.3296875 0.2056905875 0.3212890625 0.19739583333333333 0.3115234375 0.20086805625
0 0.3009765625 0.26875 0.3029296875 0.25486111041666665 0.3009765625 0.2513888875 0.3009765625 0.23055555416666668 0.2921875 0.21840277708333333 0.286328125 0.21840277708333333 0.2736328125 0.23402777708333333 0.2697265625 0.2513888875 0.2697265625 0.2618055541666667 0.27997295625 0.2833333333333333 0.286914065625 0.2833333333333333 0.2912109375 0.28263888958333333 0.3009765625 0.26875
0 0.4140625 0.15815972291666666 0.4140625 0.17899305625 0.4189453125 0.19114583541666666 0.4204101515625 0.19166666666666668 0.423828125 0.19166666666666668 0.423828125 0.16510416875 0.4306640625 0.15295138958333335 0.4375 0.14774305625 0.4375 0.14427083541666666 0.4331054671875 0.13958333333333334 0.4311523484375 0.13958333333333334 0.4228515625 0.14253472291666666 0.4140625 0.15815972291666666
0 0.4466796875 0.14618055416666667 0.4369140625 0.14618055416666667 0.42421875 0.16527777708333333 0.422265625 0.17916666458333333 0.426171875 0.19652777708333333 0.4321875015625 0.20416666666666666 0.44179686093750004 0.20416666666666666 0.44765625 0.20347222083333336 0.4515625 0.19999999791666667 0.45625 0.18611111041666667 0.45625 0.16259920625 0.4505859375 0.14965277708333333 0.4466796875 0.14618055416666667
0 0.4572265625 0.18576388958333334 0.4591796875 0.19270833333333334 0.469921875 0.20833333333333334 0.4826171875 0.20659722291666668 0.485546875 0.20486111041666666 0.4904296875 0.19270833333333334 0.4884765625 0.18229166666666666 0.4904296875 0.15798611041666666 0.48359375 0.14583333333333334 0.469921875 0.14583333333333334 0.4572265625 0.16493055625 0.4572265625 0.18576388958333334
1 0.525390625 0.19305555416666667 0.52734375 0.1826388875 0.525390625 0.16180555416666667 0.5234375 0.15486111041666667 0.5166015625 0.14618055416666667 0.5029296875 0.14270833125000001 0.490234375 0.16180555416666667 0.48828125 0.17222222083333336 0.490234375 0.19305555416666667 0.5007378484375 0.20833333333333334 0.5039062390625 0.20833333333333334 0.515625 0.20694444374999998 0.525390625 0.19305555416666667
1 0.5453125 0.1868055541666667 0.5453125 0.19097222083333334 0.548828125 0.20659722291666668 0.5537109375 0.21527777708333332 0.5646484375 0.225 0.5681640609375 0.225 0.572265625 0.22395833333333334 0.5771484375 0.22222222291666668 0.5859375 0.20659722291666668 0.5875 0.20104166666666667 0.5875 0.17449845833333333 0.5791015625 0.15625 0.5720703125 0.15 0.5609592015625 0.15 0.548828125 0.16493055625 0.5453125 0.1868055541666667
1 0.3458984375 0.21996527708333333 0.3498046875 0.20260416666666667 0.3576171875 0.18524305625 0.3546875 0.18003472291666667 0.346875 0.18003472291666667 0.3390625 0.18697916666666667 0.3322265625 0.20607638958333335 0.3380859375 0.23038194374999998 0.34296875 0.2390625 0.34443359375 0.23958333333333334 0.3478515625 0.23958333333333334 0.3478515625 0.2234375 0.3458984375 0.21996527708333333
1 0.3484375 0.23784722291666668 0.3533203125 0.25 0.366015625 0.24826388958333334 0.377734375 0.23090277708333332 0.378125 0.2274305541666667 0.378125 0.2083829375 0.3728515625 0.19097222291666668 0.3689453125 0.1875 0.3591796875 0.1875 0.3484375 0.21006944375 0.3484375 0.23784722291666668
1 0.7994140625 0.22222222291666668 0.7896484375 0.21527777708333332 0.7779296875 0.21527777708333332 0.7701171875 0.22222222291666668 0.76328125 0.23784722291666668 0.761328125 0.24826388958333334 0.76328125 0.2795138895833333 0.7759765625 0.30902777708333334 0.7857421875 0.31597222291666666 0.796484375 0.3142361104166667 0.7994140625 0.3125 0.8109375 0.2888621791666666 0.8109375 0.24756944374999998 0.808203125 0.23784722291666668 0.7994140625 0.22222222291666668
1 0.8271484375 0.28819444375000003 0.833984375 0.27256944375000003 0.8359375 0.24131944375 0.83203125 0.22743055625 0.8212890625 0.20833333333333334 0.8037109375 0.20486111041666666 0.796875 0.22048611041666666 0.810546875 0.24131944375 0.8125 0.25173611041666666 0.8125 0.2829861104166667 0.810546875 0.28993055624999997 0.8134765625 0.2951388895833333 0.822265625 0.29340277708333334 0.8271484375 0.28819444375000003
1 0.9115234375 0.34027777708333334 0.8998046875 0.3298611104166667 0.8861328125 0.3298611104166667 0.8734375 0.3489583333333333 0.86953125 0.36284722291666666 0.867578125 0.3732638895833333 0.867578125 0.4045138895833333 0.871484375 0.42534722291666666 0.8822265625 0.4548611104166667 0.8919921875 0.46180555624999997 0.90078125 0.46006944375000003 0.9134765625 0.4513888895833333 0.9203125 0.4392361104166667 0.925 0.4197916666666667 0.925 0.37743055625 0.922265625 0.36284722291666666 0.9115234375 0.34027777708333334
1 0.9513671875 0.29322916666666665 0.942578125 0.2845486125 0.938671875 0.2845486125 0.9328125 0.28802083333333334 0.9259765625 0.3001736125 0.9220703125 0.3140625 0.9220703125 0.33836805625 0.9298828125 0.3730902791666667 0.93630859375 0.38125 0.94772949375 0.38125 0.9591796875 0.36961805625 0.9625 0.35190972291666667 0.9625 0.33177083333333335 0.9591796875 0.3140625 0.9513671875 0.29322916666666665
0 0.763671875 0.23819444374999998 0.7705078125 0.22256944374999998 0.779296875 0.2138888875 0.779296875 0.20694444374999998 0.7646484375 0.18437499791666667 0.7470703125 0.18437499791666667 0.73828125 0.19999999791666667 0.736328125 0.22777777708333333 0.740234375 0.2451388875 0.7509765625 0.2677083333333333 0.7544921890625 0.2708333333333333 0.7562499953125 0.2708333333333333 0.76171875 0.26944444375000004 0.763671875 0.23819444374999998
0 1 0.5260416666666666 0.9943359375 0.5059027770833333 0.981640625 0.48333333333333334 0.966015625 0.47638888749999997 0.954296875 0.48333333333333334 0.9396484375 0.5128472208333333 0.9376953125 0.5302083333333333 0.9337890625 0.540625 0.9318359375 0.5822916666666667 0.9337890625 0.5857638875000001 0.9337890625 0.5996527770833333 0.9416015625 0.6309027770833333 0.950390625 0.6465277770833333 0.9566406265625 0.6520833333333333 0.9699218671875001 0.6520833333333333 0.9728515625 0.6517361104166667 0.9796875 0.6465277770833333 0.9904296875 0.6274305541666667 0.9962890625 0.6065972208333333 1 0.5868055541666667 1 0.5260416666666666