1 0.2978515625 1 0.2998046875 0.9965277770833333 0.3037109375 1 0.4453125 0.9982638895833333 0.44921875 0.9913194437499999 0.44921875 0.9427083333333334 0.44140625 0.9010416666666666 0.4296875 0.8697916666666666 0.4208984375 0.8541666666666666 0.3994140625 0.8263888895833333 0.3876953125 0.8159722229166667 0.3759765625 0.8090277770833333 0.3681640625 0.8090277770833333 0.3662109375 0.8055555562500001 0.3408203125 0.8055555562500001 0.3388671875 0.8090277770833333 0.3251953125 0.8125 0.3076171875 0.8263888895833333 0.28515625 0.8663194437499999 0.28125 0.8767361104166667 0.28125 0.8871527770833333 0.27734375 0.8940972229166667 0.2734375 0.9496527770833333 0.275390625 0.953125 0.27734375 0.984375 0.279296875 0.9913194437499999 0.2861328125 1 0.2978515625 1
1 0.4482421875 0.49652777708333334 0.4208984375 0.49652777708333334 0.4033203125 0.50694444375 0.37890625 0.5434027770833333 0.3671875 0.5850694437499999 0.365234375 0.6267361104166667 0.37109375 0.6545138895833333 0.37109375 0.6649305562500001 0.37890625 0.6892361104166667 0.3857421875 0.7013888895833333 0.3955078125 0.7152777770833333 0.3994140625 0.7152777770833333 0.4033203125 0.7222222229166667 0.4091796875 0.7256944437499999 0.4287109375 0.7291666666666666 0.4306640625 0.7326388895833333 0.4375 0.7309027770833333 0.4482421875 0.7291666666666666 0.4736328125 0.7083333333333334 0.490234375 0.6788194437499999 0.5 0.6336805562500001 0.5 0.5954861104166667 0.490234375 0.5503472229166667 0.4755859375 0.5208333333333334 0.4638671875 0.50694444375 0.4599609375 0.50694444375 0.4482421875 0.49652777708333334
1 0.42578125 0.4045138895833333 0.41796875 0.4357638895833333 0.41796875 0.44618055624999997 0.4140625 0.4635416666666667 0.416015625 0.49131944375000003 0.4189453125 0.49652777708333334 0.4384765625 0.49652777708333334 0.4423828125 0.49305555624999997 0.4599609375 0.50694444375 0.4638671875 0.50694444375 0.4677734375 0.5138888895833333 0.4736328125 0.5173611104166667 0.4931640625 0.5555555562500001 0.49609375 0.5538194437499999 0.5048828125 0.5451388895833333 0.515625 0.5260416666666666 0.525390625 0.4947916666666667 0.52734375 0.46006944375000003 0.51953125 0.41840277708333334 0.5048828125 0.3888888895833333 0.4853515625 0.37152777708333334 0.4560546875 0.37152777708333334 0.4404296875 0.38194444375000003 0.42578125 0.4045138895833333
1 0.2158203125 0.2916666666666667 0.20703125 0.3072916666666667 0.203125 0.33159722291666666 0.2060546875 0.33680555624999997 0.2158203125 0.33680555624999997 0.2197265625 0.34027777708333334 0.228515625 0.35590277708333334 0.234375 0.38368055624999997 0.2421875 0.38368055624999997 0.25 0.3697916666666667 0.25390625 0.35243055624999997 0.25390625 0.3420138895833333 0.255859375 0.3385416666666667 0.25390625 0.3142361104166667 0.251953125 0.30381944375000003 0.2431640625 0.28819444375000003 0.2392578125 0.28472222291666666 0.2236328125 0.28472222291666666 0.2158203125 0.2916666666666667
1 0.11328125 0.39756944375000003 0.1181640625 0.40625 0.1220703125 0.40972222291666666 0.134765625 0.4079861104166667 0.142578125 0.39756944375000003 0.146484375 0.3767361104166667 0.146484375 0.35590277708333334 0.1396484375 0.3333333333333333 0.1357421875 0.3298611104166667 0.1240234375 0.3298611104166667 0.1171875 0.3385416666666667 0.111328125 0.359375 0.109375 0.3767361104166667 0.11328125 0.39756944375000003
1 0.1484375 0.3454861104166667 0.15625 0.32118055624999997 0.15625 0.30034722291666666 0.1494140625 0.28472222291666666 0.1396484375 0.28125 0.130859375 0.29340277708333334 0.12890625 0.30381944375000003 0.138671875 0.3142361104166667 0.142578125 0.3420138895833333 0.1455078125 0.34722222291666666 0.1484375 0.3454861104166667
1 0.21875 0.2795138895833333 0.2216796875 0.28472222291666666 0.2392578125 0.28472222291666666 0.2509765625 0.3020833333333333 0.251953125 0.30034722291666666 0.2578125 0.2864583333333333 0.2578125 0.2795138895833333 0.25390625 0.26909722291666666 0.255859375 0.23784722291666668 0.2431640625 0.22569444375 0.2412109375 0.22916666666666666 0.2353515625 0.22916666666666666 0.22265625 0.24826388958333334 0.21875 0.265625 0.21875 0.2795138895833333
1 0.5810546875 0.22569444375 0.5625 0.25173611041666666 0.5625 0.25868055625 0.55859375 0.26909722291666666 0.55859375 0.28993055624999997 0.556640625 0.29340277708333334 0.55859375 0.3142361104166667 0.5732421875 0.35069444375000003 0.5908203125 0.3645833333333333 0.611328125 0.36284722291666666 0.6259765625 0.35069444375000003 0.63671875 0.32465277708333334 0.638671875 0.2829861104166667 0.634765625 0.26215277708333334 0.630859375 0.25173611041666666 0.6162109375 0.22916666666666666 0.6044921875 0.22569444375 0.6025390625 0.22222222291666668 0.5869140625 0.22222222291666668 0.5810546875 0.22569444375
1 0.6298828125 0.1875 0.623046875 0.203125 0.62109375 0.234375 0.630859375 0.25173611041666666 0.6416015625 0.28819444375000003 0.6640625 0.2864583333333333 0.6767578125 0.27430555624999997 0.68359375 0.2552083333333333 0.685546875 0.24479166666666666 0.68359375 0.21006944375 0.6728515625 0.1875 0.6630859375 0.17708333333333334 0.6572265625 0.17361111041666666 0.6435546875 0.17361111041666666 0.6376953125 0.17708333333333334 0.6298828125 0.1875
1 0.6298828125 0.11458333333333333 0.62109375 0.13368055625 0.619140625 0.15104166666666666 0.623046875 0.16840277708333332 0.6298828125 0.18055555625 0.63671875 0.17881944375 0.6435546875 0.17361111041666666 0.6611328125 0.17708333333333334 0.66796875 0.15798611041666666 0.66796875 0.14756944375 0.6640625 0.13020833333333334 0.6513671875 0.11111111041666667 0.6455078125 0.11111111041666667 0.6435546875 0.10763888958333333 0.6337890625 0.11111111041666667 0.6298828125 0.11458333333333333
1 0.568359375 0.14756944375 0.56640625 0.17881944375 0.5712890625 0.19097222291666668 0.5849609375 0.20138888958333334 0.5927734375 0.21527777708333332 0.59765625 0.21354166666666666 0.6025390625 0.21180555625 0.61328125 0.19618055625 0.619140625 0.17534722291666668 0.619140625 0.16145833333333334 0.615234375 0.14409722291666668 0.6044921875 0.12847222291666666 0.6005859375 0.125 0.5830078125 0.125 0.5732421875 0.13541666666666666 0.568359375 0.14756944375
1 0.498046875 0.13020833333333334 0.49609375 0.13715277708333332 0.498046875 0.16493055625 0.5029296875 0.17361111041666666 0.505859375 0.171875 0.505859375 0.15104166666666666 0.5078125 0.14409722291666668 0.5166015625 0.12847222291666666 0.5244140625 0.12152777708333334 0.5341796875 0.12152777708333334 0.53515625 0.11979166666666667 0.5322265625 0.11458333333333333 0.5205078125 0.10763888958333333 0.5107421875 0.11111111041666667 0.498046875 0.13020833333333334
0 0.5498046875 0.19097222291666668 0.5419921875 0.19791666666666666 0.53125 0.21701388958333334 0.525390625 0.24479166666666666 0.52734375 0.26909722291666666 0.53125 0.2829861104166667 0.5458984375 0.30902777708333334 0.5517578125 0.3125 0.55859375 0.3107638895833333 0.55859375 0.27256944375000003 0.560546875 0.26215277708333334 0.5771484375 0.22916666666666666 0.5888671875 0.22569444375 0.591796875 0.22048611041666666 0.5869140625 0.20486111041666666 0.5673828125 0.1875 0.5654296875 0.19097222291666668 0.5634765625 0.1875 0.5498046875 0.19097222291666668
0 0.505859375 0.15104166666666666 0.505859375 0.17534722291666668 0.509765625 0.18923611041666666 0.5224609375 0.20833333333333334 0.53515625 0.20659722291666668 0.552734375 0.18923611041666666 0.556640625 0.17534722291666668 0.556640625 0.15798611041666666 0.5546875 0.14756944375 0.5458984375 0.12847222291666666 0.5361328125 0.12152777708333334 0.5244140625 0.12152777708333334 0.5185546875 0.125 0.509765625 0.13715277708333332 0.505859375 0.15104166666666666
0 0.25390625 0.26909722291666666 0.2578125 0.2829861104166667 0.2685546875 0.2951388895833333 0.283203125 0.29340277708333334 0.2880859375 0.2916666666666667 0.298828125 0.265625 0.298828125 0.234375 0.296875 0.22743055625 0.2861328125 0.21180555625 0.2724609375 0.21180555625 0.2646484375 0.21875 0.255859375 0.23784722291666668 0.25390625 0.24479166666666666 0.25390625 0.26909722291666666
0 0.17578125 0.38715277708333334 0.17578125 0.4114583333333333 0.177734375 0.41493055624999997 0.177734375 0.42534722291666666 0.18359375 0.4427083333333333 0.1923828125 0.4548611104166667 0.1982421875 0.4548611104166667 0.2001953125 0.4583333333333333 0.205078125 0.45659722291666666 0.2197265625 0.4479166666666667 0.228515625 0.4322916666666667 0.234375 0.4045138895833333 0.234375 0.3767361104166667 0.228515625 0.35590277708333334 0.2158203125 0.33680555624999997 0.1982421875 0.33680555624999997 0.1884765625 0.34722222291666666 0.181640625 0.36284722291666666 0.17578125 0.38715277708333334
0 0.1513671875 0.50694444375 0.1376953125 0.49652777708333334 0.1279296875 0.49652777708333334 0.1162109375 0.50694444375 0.10546875 0.5295138895833333 0.1015625 0.5503472229166667 0.1015625 0.5954861104166667 0.109375 0.6267361104166667 0.1201171875 0.6458333333333334 0.1298828125 0.6527777770833333 0.142578125 0.6510416666666666 0.1572265625 0.6423611104166667 0.166015625 0.6232638895833333 0.16796875 0.5989583333333334 0.169921875 0.5954861104166667 0.169921875 0.5677083333333334 0.16796875 0.5642361104166667 0.166015625 0.5399305562500001 0.162109375 0.5329861104166667 0.16015625 0.52256944375 0.1513671875 0.50694444375
0 0.0244140625 0.5625 0.033203125 0.5607638895833333 0.0361328125 0.5590277770833333 0.041015625 0.546875 0.04296875 0.50868055625 0.0390625 0.49131944375000003 0.0322265625 0.4791666666666667 0.0224609375 0.4791666666666667 0.013671875 0.5017361104166667 0.013671875 0.5399305562500001 0.0205078125 0.5590277770833333 0.0244140625 0.5625
0 0.0595703125 0.46875 0.0703125 0.4670138895833333 0.076171875 0.45659722291666666 0.080078125 0.42881944375000003 0.078125 0.42534722291666666 0.076171875 0.4045138895833333 0.0712890625 0.3958333333333333 0.0634765625 0.3923611104166667 0.0546875 0.4045138895833333 0.05078125 0.41840277708333334 0.05078125 0.44965277708333334 0.0595703125 0.46875
0 0.109375 0.3420138895833333 0.109375 0.35243055624999997 0.1123046875 0.3576388895833333 0.11328125 0.35590277708333334 0.1171875 0.3420138895833333 0.1259765625 0.3298611104166667 0.1337890625 0.3298611104166667 0.1357421875 0.3333333333333333 0.142578125 0.33159722291666666 0.138671875 0.3142361104166667 0.1337890625 0.30555555624999997 0.1201171875 0.30902777708333334 0.11328125 0.32118055624999997 0.109375 0.3420138895833333
0 0.177734375 0.328125 0.1865234375 0.34722222291666666 0.19140625 0.3454861104166667 0.1943359375 0.34027777708333334 0.203125 0.33506944375000003 0.20703125 0.3072916666666667 0.216796875 0.28993055624999997 0.21484375 0.2795138895833333 0.2060546875 0.2673611104166667 0.1943359375 0.2673611104166667 0.1865234375 0.27430555624999997 0.177734375 0.296875 0.177734375 0.328125