1 0.3505859375 0.46875 0.33984375 0.48784722291666666 0.328125 0.5260416666666666 0.328125 0.5364583333333334 0.326171875 0.5399305562500001 0.326171875 0.5711805562500001 0.333984375 0.6128472229166667 0.3486328125 0.6423611104166667 0.3681640625 0.6597222229166667 0.3740234375 0.6597222229166667 0.3759765625 0.6631944437499999 0.390625 0.6614583333333334 0.3994140625 0.6597222229166667 0.4130859375 0.6493055562500001 0.43359375 0.6197916666666666 0.443359375 0.5746527770833333 0.443359375 0.5295138895833333 0.43359375 0.4947916666666667 0.4130859375 0.46180555624999997 0.3974609375 0.4513888895833333 0.3759765625 0.4513888895833333 0.3505859375 0.46875
1 0.2939453125 0.5138888895833333 0.2880859375 0.50694444375 0.2802734375 0.50694444375 0.2783203125 0.5034722229166666 0.2587890625 0.50694444375 0.2490234375 0.5138888895833333 0.23046875 0.546875 0.224609375 0.5642361104166667 0.22265625 0.5954861104166667 0.220703125 0.5989583333333334 0.22265625 0.640625 0.234375 0.6788194437499999 0.2431640625 0.6944444437499999 0.2587890625 0.7083333333333334 0.2705078125 0.7083333333333334 0.2724609375 0.7118055562500001 0.2890625 0.7100694437499999 0.3076171875 0.6944444437499999 0.32421875 0.6579861104166667 0.328125 0.6440972229166667 0.330078125 0.6059027770833333 0.328125 0.6024305562500001 0.326171875 0.5746527770833333 0.322265625 0.5572916666666666 0.31640625 0.5434027770833333 0.2978515625 0.5138888895833333 0.2939453125 0.5138888895833333
1 0.302734375 0.484375 0.298828125 0.4635416666666667 0.29296875 0.44618055624999997 0.2841796875 0.43055555624999997 0.2666015625 0.4166666666666667 0.2470703125 0.4166666666666667 0.2392578125 0.4236111104166667 0.224609375 0.44618055624999997 0.21484375 0.47743055624999997 0.212890625 0.5121527770833334 0.21484375 0.515625 0.21484375 0.5295138895833333 0.22265625 0.5572916666666666 0.2265625 0.5572916666666666 0.244140625 0.5190972229166666 0.2529296875 0.5104166666666666 0.2646484375 0.50694444375 0.2666015625 0.5034722229166666 0.2802734375 0.5034722229166666 0.2822265625 0.50694444375 0.2900390625 0.50694444375 0.2998046875 0.5173611104166667 0.302734375 0.5121527770833334 0.302734375 0.484375
1 0.126953125 0.48784722291666666 0.130859375 0.5017361104166667 0.1357421875 0.50694444375 0.1474609375 0.49652777708333334 0.1591796875 0.49652777708333334 0.1611328125 0.5 0.1669921875 0.5 0.1748046875 0.5104166666666666 0.181640625 0.50868055625 0.185546875 0.4947916666666667 0.18359375 0.42534722291666666 0.181640625 0.41840277708333334 0.177734375 0.4079861104166667 0.1689453125 0.3958333333333333 0.1533203125 0.3923611104166667 0.1435546875 0.39930555624999997 0.1328125 0.41840277708333334 0.126953125 0.4392361104166667 0.126953125 0.48784722291666666
1 0.5458984375 0.2673611104166667 0.5341796875 0.27430555624999997 0.517578125 0.296875 0.51171875 0.3177083333333333 0.51171875 0.33159722291666666 0.5244140625 0.35069444375000003 0.529296875 0.36284722291666666 0.53515625 0.38368055624999997 0.5390625 0.42534722291666666 0.5439453125 0.43055555624999997 0.5625 0.42881944375000003 0.5791015625 0.41319444375000003 0.591796875 0.390625 0.59765625 0.3732638895833333 0.599609375 0.3385416666666667 0.59765625 0.33506944375000003 0.595703125 0.3142361104166667 0.58984375 0.296875 0.5751953125 0.27430555624999997 0.5634765625 0.2673611104166667 0.5458984375 0.2673611104166667
1 0.439453125 0.17881944375 0.43359375 0.19965277708333332 0.43359375 0.22395833333333334 0.435546875 0.234375 0.4521484375 0.2604166666666667 0.4560546875 0.26388888958333334 0.47265625 0.26215277708333334 0.4775390625 0.2604166666666667 0.48828125 0.24479166666666666 0.494140625 0.22395833333333334 0.494140625 0.19270833333333334 0.4921875 0.18229166666666666 0.4814453125 0.16319444375 0.4697265625 0.15625 0.4619140625 0.15625 0.4443359375 0.17013888958333334 0.439453125 0.17881944375
1 0.4052734375 0.13541666666666666 0.4140625 0.140625 0.4248046875 0.13541666666666666 0.43359375 0.11631944375 0.43359375 0.09548611041666667 0.431640625 0.08854166666666667 0.4189453125 0.07638888958333333 0.4072265625 0.07986111041666667 0.3984375 0.09548611041666667 0.396484375 0.10590277708333334 0.3984375 0.12326388958333333 0.4052734375 0.13541666666666666
1 0.326171875 0.21006944375 0.3349609375 0.23263888958333334 0.3427734375 0.23958333333333334 0.357421875 0.23784722291666668 0.37109375 0.22048611041666666 0.375 0.20659722291666668 0.375 0.17534722291666668 0.3662109375 0.15625 0.3564453125 0.14930555625 0.3505859375 0.14930555625 0.3369140625 0.15972222291666668 0.330078125 0.171875 0.326171875 0.18576388958333334 0.326171875 0.21006944375
1 0.3095703125 0.17708333333333334 0.3173828125 0.18402777708333332 0.3212890625 0.19444444375 0.32421875 0.19270833333333334 0.32421875 0.16493055625 0.3173828125 0.14930555625 0.3115234375 0.14583333333333334 0.2998046875 0.14583333333333334 0.2958984375 0.14930555625 0.287109375 0.16145833333333334 0.283203125 0.17534722291666668 0.2841796875 0.1875 0.2939453125 0.17708333333333334 0.3095703125 0.17708333333333334
1 0.3193359375 0.15277777708333332 0.326171875 0.171875 0.326171875 0.17881944375 0.328125 0.17881944375 0.33203125 0.16493055625 0.33203125 0.15451388958333334 0.3359375 0.14409722291666668 0.333984375 0.13368055625 0.3251953125 0.12152777708333334 0.3115234375 0.12152777708333334 0.302734375 0.13368055625 0.30078125 0.14409722291666668 0.3115234375 0.14583333333333334 0.3193359375 0.15277777708333332
1 0.6904296875 0.5208333333333334 0.6845703125 0.5208333333333334 0.6650390625 0.5381944437499999 0.650390625 0.5677083333333334 0.640625 0.5989583333333334 0.640625 0.609375 0.638671875 0.6128472229166667 0.638671875 0.6510416666666666 0.6416015625 0.65625 0.6552734375 0.65625 0.6806640625 0.6701388895833333 0.6923828125 0.6840277770833333 0.70703125 0.7100694437499999 0.7177734375 0.7465277770833333 0.724609375 0.7447916666666666 0.7412109375 0.7291666666666666 0.755859375 0.6996527770833333 0.765625 0.6545138895833333 0.765625 0.6128472229166667 0.75390625 0.5642361104166667 0.7314453125 0.5277777770833334 0.7275390625 0.5277777770833334 0.7158203125 0.5173611104166667 0.6923828125 0.5173611104166667 0.6904296875 0.5208333333333334
0 0.8623046875 0.34722222291666666 0.8662109375 0.34375 0.8740234375 0.35069444375000003 0.888671875 0.3732638895833333 0.896484375 0.4045138895833333 0.8984375 0.4392361104166667 0.90234375 0.4392361104166667 0.9140625 0.4114583333333333 0.9140625 0.3732638895833333 0.912109375 0.36284722291666666 0.90625 0.3420138895833333 0.8974609375 0.3263888895833333 0.8857421875 0.31597222291666666 0.8740234375 0.31597222291666666 0.8701171875 0.31944444375000003 0.859375 0.3420138895833333 0.8623046875 0.34722222291666666
0 0.830078125 0.38715277708333334 0.8447265625 0.3923611104166667 0.8564453125 0.40277777708333334 0.869140625 0.42534722291666666 0.873046875 0.45659722291666666 0.875 0.46006944375000003 0.875 0.48784722291666666 0.880859375 0.48784722291666666 0.89453125 0.46006944375000003 0.8984375 0.4392361104166667 0.896484375 0.4357638895833333 0.896484375 0.4045138895833333 0.890625 0.3802083333333333 0.8701171875 0.34722222291666666 0.8525390625 0.34722222291666666 0.8388671875 0.3576388895833333 0.833984375 0.36631944375000003 0.830078125 0.38715277708333334
0 0.8564453125 0.40277777708333334 0.8388671875 0.3888888895833333 0.8271484375 0.3888888895833333 0.8056640625 0.40625 0.79296875 0.4357638895833333 0.791015625 0.44965277708333334 0.8154296875 0.47222222291666666 0.828125 0.4947916666666667 0.837890625 0.5329861104166667 0.83984375 0.5642361104166667 0.845703125 0.5642361104166667 0.8564453125 0.5555555562500001 0.865234375 0.5399305562500001 0.87109375 0.52256944375 0.875 0.5017361104166667 0.875 0.48090277708333334 0.876953125 0.47743055624999997 0.875 0.4739583333333333 0.875 0.45659722291666666 0.8671875 0.421875 0.8564453125 0.40277777708333334
0 0.8154296875 0.47222222291666666 0.7958984375 0.4548611104166667 0.7763671875 0.4548611104166667 0.7548828125 0.47222222291666666 0.75 0.48090277708333334 0.736328125 0.52256944375 0.736328125 0.5329861104166667 0.75 0.5538194437499999 0.76171875 0.5885416666666666 0.765625 0.609375 0.765625 0.6510416666666666 0.7744140625 0.6631944437499999 0.794921875 0.6614583333333334 0.8017578125 0.6597222229166667 0.82421875 0.6302083333333334 0.833984375 0.6024305562500001 0.837890625 0.5711805562500001 0.83984375 0.5677083333333334 0.83984375 0.5538194437499999 0.837890625 0.5503472229166667 0.8359375 0.52256944375 0.830078125 0.5017361104166667 0.8154296875 0.47222222291666666
0 0.6962890625 0.375 0.6748046875 0.375 0.6572265625 0.3888888895833333 0.642578125 0.4114583333333333 0.6328125 0.44618055624999997 0.630859375 0.484375 0.6328125 0.48784722291666666 0.6328125 0.5017361104166667 0.63671875 0.5121527770833334 0.63671875 0.5190972229166666 0.64453125 0.5399305562500001 0.6533203125 0.5520833333333334 0.65625 0.5503472229166667 0.6728515625 0.5277777770833334 0.6962890625 0.5138888895833333 0.7099609375 0.5138888895833333 0.7275390625 0.52430555625 0.732421875 0.5190972229166666 0.73828125 0.4947916666666667 0.73828125 0.453125 0.732421875 0.42534722291666666 0.7177734375 0.3923611104166667 0.6962890625 0.375
0 0.7294921875 0.3125 0.7275390625 0.31597222291666666 0.7119140625 0.31944444375000003 0.7041015625 0.3263888895833333 0.69140625 0.3489583333333333 0.6875 0.36284722291666666 0.6875 0.3732638895833333 0.7041015625 0.37847222291666666 0.7177734375 0.3923611104166667 0.7265625 0.4079861104166667 0.736328125 0.4392361104166667 0.740234375 0.47743055624999997 0.748046875 0.47743055624999997 0.7548828125 0.47222222291666666 0.767578125 0.44965277708333334 0.775390625 0.42534722291666666 0.77734375 0.39756944375000003 0.775390625 0.39409722291666666 0.7734375 0.3732638895833333 0.765625 0.3489583333333333 0.7451171875 0.31944444375000003 0.7392578125 0.31944444375000003 0.7294921875 0.3125
0 0.7783203125 0.28472222291666666 0.7724609375 0.28472222291666666 0.7607421875 0.2986111104166667 0.75390625 0.3107638895833333 0.751953125 0.328125 0.76953125 0.35590277708333334 0.76953125 0.36284722291666666 0.77734375 0.39409722291666666 0.77734375 0.42534722291666666 0.7841796875 0.43055555624999997 0.7890625 0.42881944375000003 0.7939453125 0.4270833333333333 0.8095703125 0.39930555624999997 0.822265625 0.38715277708333334 0.82421875 0.35243055624999997 0.81640625 0.3177083333333333 0.8056640625 0.2951388895833333 0.7998046875 0.2916666666666667 0.7958984375 0.28472222291666666 0.7802734375 0.28125 0.7783203125 0.28472222291666666
0 0.7431640625 0.18402777708333332 0.736328125 0.19965277708333332 0.734375 0.21006944375 0.736328125 0.24479166666666666 0.7490234375 0.27430555624999997 0.7568359375 0.28125 0.76953125 0.2829861104166667 0.7744140625 0.28125 0.787109375 0.26215277708333334 0.7890625 0.2552083333333333 0.7890625 0.21701388958333334 0.78515625 0.20659722291666668 0.78515625 0.19965277708333332 0.7783203125 0.1875 0.7666015625 0.17708333333333334 0.7509765625 0.17708333333333334 0.7431640625 0.18402777708333332
0 0.78515625 0.20659722291666668 0.787109375 0.20659722291666668 0.787109375 0.19270833333333334 0.783203125 0.17534722291666668 0.7666015625 0.15277777708333332 0.7529296875 0.15277777708333332 0.73828125 0.17534722291666668 0.7392578125 0.19097222291666668 0.7529296875 0.17708333333333334 0.7705078125 0.18055555625 0.7802734375 0.19097222291666668 0.78515625 0.20659722291666668
0 0.5126953125 0.3333333333333333 0.4931640625 0.31944444375000003 0.4755859375 0.31944444375000003 0.4580078125 0.3333333333333333 0.4501953125 0.34375 0.44140625 0.36284722291666666 0.44140625 0.3697916666666667 0.4375 0.3802083333333333 0.4375 0.39756944375000003 0.435546875 0.4010416666666667 0.435546875 0.421875 0.4375 0.42534722291666666 0.439453125 0.44618055624999997 0.443359375 0.46006944375000003 0.4482421875 0.46875 0.44921875 0.4670138895833333 0.4697265625 0.4270833333333333 0.4853515625 0.41319444375000003 0.4912109375 0.41319444375000003 0.4931640625 0.40972222291666666 0.5166015625 0.40972222291666666 0.5341796875 0.4236111104166667 0.537109375 0.41840277708333334 0.537109375 0.4045138895833333 0.529296875 0.36284722291666666 0.5126953125 0.3333333333333333
0 0.5859375 0.6475694437499999 0.576171875 0.6059027770833333 0.5703125 0.5920138895833333 0.5537109375 0.5659722229166667 0.5361328125 0.5520833333333334 0.5009765625 0.5520833333333334 0.4990234375 0.5555555562500001 0.4912109375 0.5555555562500001 0.4697265625 0.5763888895833333 0.44921875 0.6197916666666666 0.4453125 0.640625 0.4453125 0.6545138895833333 0.443359375 0.6579861104166667 0.443359375 0.7100694437499999 0.447265625 0.7309027770833333 0.455078125 0.7552083333333334 0.4609375 0.7690972229166667 0.4716796875 0.7847222229166667 0.4814453125 0.7916666666666666 0.4853515625 0.7986111104166667 0.4970703125 0.8020833333333334 0.4990234375 0.8055555562500001 0.5068359375 0.8055555562500001 0.5087890625 0.8090277770833333 0.52734375 0.8072916666666666 0.5341796875 0.8020833333333334 0.5400390625 0.8020833333333334 0.55859375 0.7795138895833333 0.55859375 0.7725694437499999 0.5625 0.7621527770833333 0.5625 0.7517361104166667 0.5703125 0.7309027770833333 0.5703125 0.7239583333333334 0.587890625 0.6892361104166667 0.5859375 0.6475694437499999
0 0.6826171875 0.6736111104166667 0.6611328125 0.6597222229166667 0.6494140625 0.6597222229166667 0.6474609375 0.65625 0.6259765625 0.6597222229166667 0.6142578125 0.6666666666666666 0.6025390625 0.6805555562500001 0.5986328125 0.6805555562500001 0.5888671875 0.6909722229166667 0.5703125 0.7274305562500001 0.5703125 0.734375 0.564453125 0.7517361104166667 0.5625 0.7725694437499999 0.560546875 0.7760416666666666 0.560546875 0.8489583333333334 0.572265625 0.8871527770833333 0.5849609375 0.9097222229166667 0.5986328125 0.9270833333333334 0.6220703125 0.9409722229166667 0.640625 0.9427083333333334 0.6494140625 0.9375 0.6572265625 0.9375 0.6845703125 0.9131944437499999 0.703125 0.8767361104166667 0.71875 0.8177083333333334 0.71875 0.7690972229166667 0.716796875 0.765625 0.71484375 0.7413194437499999 0.70703125 0.7135416666666666 0.6826171875 0.6736111104166667
0 0.1337890625 0.50694444375 0.12109375 0.5329861104166667 0.115234375 0.5642361104166667 0.115234375 0.5850694437499999 0.123046875 0.6302083333333334 0.1357421875 0.65625 0.1513671875 0.6701388895833333 0.1640625 0.6684027770833333 0.1728515625 0.6631944437499999 0.1806640625 0.6527777770833333 0.1875 0.6371527770833333 0.193359375 0.609375 0.1953125 0.5711805562500001 0.1875 0.5329861104166667 0.1767578125 0.5104166666666666 0.1591796875 0.49652777708333334 0.1474609375 0.49652777708333334 0.1337890625 0.50694444375
0 0.0791015625 0.6840277770833333 0.0673828125 0.6840277770833333 0.0595703125 0.6909722229166667 0.048828125 0.7100694437499999 0.044921875 0.7309027770833333 0.044921875 0.7447916666666666 0.04296875 0.7482638895833333 0.04296875 0.765625 0.044921875 0.7690972229166667 0.046875 0.796875 0.05859375 0.8350694437499999 0.0654296875 0.8472222229166667 0.0703125 0.8454861104166667 0.0732421875 0.8368055562500001 0.0869140625 0.8229166666666666 0.1025390625 0.8229166666666666 0.1103515625 0.8298611104166667 0.1162109375 0.8298611104166667 0.119140625 0.8177083333333334 0.1171875 0.765625 0.107421875 0.7239583333333334 0.0908203125 0.6944444437499999 0.0791015625 0.6840277770833333
0 0.0986328125 0.8229166666666666 0.0888671875 0.8229166666666666 0.0791015625 0.8298611104166667 0.0703125 0.8454861104166667 0.06640625 0.859375 0.064453125 0.8871527770833333 0.0625 0.890625 0.06640625 0.9392361104166667 0.078125 0.9809027770833333 0.0888671875 1 0.16015625 0.9982638895833333 0.162109375 0.9947916666666666 0.162109375 0.9704861104166667 0.16015625 0.9670138895833333 0.158203125 0.9288194437499999 0.150390625 0.8975694437499999 0.140625 0.8732638895833333 0.1240234375 0.84375 0.1123046875 0.8298611104166667 0.1005859375 0.8263888895833333 0.0986328125 0.8229166666666666
0 0.15234375 0.359375 0.154296875 0.3697916666666667 0.1630859375 0.3854166666666667 0.1689453125 0.3888888895833333 0.1796875 0.38715277708333334 0.1904296875 0.37847222291666666 0.19921875 0.35243055624999997 0.19921875 0.3142361104166667 0.1953125 0.30034722291666666 0.1865234375 0.28819444375000003 0.1728515625 0.28819444375000003 0.1650390625 0.2951388895833333 0.15625 0.3107638895833333 0.15234375 0.32465277708333334 0.15234375 0.359375
0 0.275390625 0.21354166666666666 0.275390625 0.23784722291666668 0.279296875 0.25173611041666666 0.2880859375 0.26388888958333334 0.2939453125 0.2673611104166667 0.30078125 0.265625 0.3115234375 0.2604166666666667 0.318359375 0.24826388958333334 0.32421875 0.22395833333333334 0.322265625 0.19618055625 0.3173828125 0.18402777708333332 0.3056640625 0.17361111041666666 0.2939453125 0.17708333333333334 0.2841796875 0.1875 0.27734375 0.203125 0.275390625 0.21354166666666666