1 0.57421875 0.11284722291666666 0.572265625 0.13020833333333334 0.57421875 0.13368055625 0.57421875 0.14409722291666668 0.5849609375 0.16319444375 0.5908203125 0.16666666666666666 0.59765625 0.16493055625 0.6025390625 0.16319444375 0.611328125 0.14756944375 0.61328125 0.140625 0.61328125 0.11979166666666667 0.6025390625 0.09722222291666666 0.5888671875 0.09375 0.5830078125 0.09722222291666666 0.57421875 0.11284722291666666
1 0.546875 0.109375 0.546875 0.13368055625 0.5576171875 0.15277777708333332 0.5615234375 0.15625 0.5703125 0.15451388958333334 0.57421875 0.15104166666666666 0.572265625 0.11979166666666667 0.576171875 0.109375 0.576171875 0.10243055625 0.5712890625 0.09375 0.5576171875 0.09027777708333334 0.5537109375 0.09375 0.546875 0.109375
1 0.51953125 0.09201388958333333 0.5263671875 0.09722222291666666 0.533203125 0.11631944375 0.53125 0.140625 0.5390625 0.140625 0.544921875 0.13368055625 0.546875 0.12326388958333333 0.546875 0.10590277708333334 0.548828125 0.10243055625 0.546875 0.09548611041666667 0.5341796875 0.07986111041666667 0.5224609375 0.08333333333333333 0.51953125 0.09201388958333333
1 0.498046875 0.10590277708333334 0.498046875 0.13020833333333334 0.5 0.140625 0.5107421875 0.15625 0.51953125 0.15451388958333334 0.5244140625 0.15277777708333332 0.533203125 0.13715277708333332 0.533203125 0.11284722291666666 0.53125 0.10590277708333334 0.5224609375 0.09375 0.5166015625 0.09027777708333334 0.5048828125 0.09375 0.498046875 0.10590277708333334
1 0.466796875 0.109375 0.4609375 0.1267361104166667 0.462890625 0.15451388958333334 0.4736328125 0.17013888958333334 0.486328125 0.16840277708333332 0.498046875 0.15104166666666666 0.5 0.140625 0.498046875 0.12326388958333333 0.49609375 0.11631944375 0.4873046875 0.10416666666666667 0.4814453125 0.10069444375 0.4716796875 0.10416666666666667 0.466796875 0.109375
1 0.4951171875 0.11458333333333333 0.49609375 0.11284722291666666 0.498046875 0.109375 0.498046875 0.09895833333333333 0.4931640625 0.09027777708333334 0.4873046875 0.08680555625 0.4736328125 0.09027777708333334 0.466796875 0.10590277708333334 0.4873046875 0.10416666666666667 0.4951171875 0.11458333333333333
1 0.435546875 0.14409722291666668 0.4423828125 0.15972222291666668 0.4482421875 0.16319444375 0.458984375 0.16145833333333334 0.462890625 0.15798611041666666 0.4609375 0.12326388958333333 0.46484375 0.11284722291666666 0.4599609375 0.10069444375 0.4482421875 0.10069444375 0.4375 0.11631944375 0.435546875 0.12326388958333333 0.435546875 0.14409722291666668
1 0.58203125 0.09201388958333333 0.5732421875 0.07986111041666667 0.5615234375 0.07986111041666667 0.556640625 0.08854166666666667 0.5673828125 0.09027777708333334 0.5771484375 0.10069444375 0.58203125 0.09895833333333333 0.58203125 0.09201388958333333
1 0.55859375 0.060763889583333335 0.5498046875 0.052083333333333336 0.53515625 0.060763889583333335 0.5361328125 0.07291666666666667 0.55078125 0.07118055625 0.5576171875 0.06944444375 0.55859375 0.060763889583333335
1 0.6064453125 0.045138889583333335 0.5947265625 0.052083333333333336 0.58984375 0.06423611041666667 0.5927734375 0.06944444375 0.6171875 0.06770833333333333 0.615234375 0.057291666666666664 0.6064453125 0.045138889583333335
1 0.6494140625 0.048611110416666665 0.6396484375 0.048611110416666665 0.6328125 0.057291666666666664 0.6337890625 0.07291666666666667 0.658203125 0.07118055625 0.658203125 0.060763889583333335 0.6494140625 0.048611110416666665
0 0.8603515625 0.10416666666666667 0.8544921875 0.10416666666666667 0.849609375 0.109375 0.8603515625 0.13194444375 0.8671875 0.13020833333333334 0.869140625 0.11979166666666667 0.8603515625 0.10416666666666667
0 0.8701171875 0.125 0.8671875 0.13020833333333334 0.8681640625 0.13541666666666666 0.8779296875 0.14236111041666666 0.88671875 0.140625 0.8759765625 0.125 0.8701171875 0.125