1 0.897265625 0.6163194437499999 0.885546875 0.6510416666666666 0.881640625 0.671875 0.881640625 0.6892361104166667 0.8796875 0.6927083333333334 0.8796875 0.7274305562500001 0.881640625 0.7309027770833333 0.881640625 0.7413194437499999 0.89140625 0.7725694437499999 0.9021484375 0.7916666666666666 0.9099609375 0.7986111104166667 0.9158203125 0.7986111104166667 0.9177734375 0.8020833333333334 0.928515625 0.8003472229166667 0.9451171875 0.7881944437499999 0.955859375 0.7690972229166667 0.971484375 0.7204861104166667 0.971484375 0.703125 0.971875 0.7024305562500001 0.971875 0.6434027770833333 0.965625 0.6128472229166667 0.9548828125 0.59375 0.9392578125 0.5833333333333334 0.9236328125 0.5833333333333334 0.9060546875 0.6006944437499999 0.897265625 0.6163194437499999
1 0.9775390625 0.43715277708333333 0.9697265625 0.43020833333333336 0.9619140625 0.43020833333333336 0.9560546875 0.4336805541666667 0.9453125 0.4493055541666667 0.9359375 0.47930555416666665 0.9359375 0.5263888875 0.9375 0.5291666666666667 0.9375 0.5430555541666667 0.94140625 0.5534722208333334 0.94140625 0.5604166666666667 0.9501953125 0.5795138875 0.9521484390625 0.58125 0.974609375 0.58125 0.98828125 0.5604166666666667 0.9921875 0.5465277770833333 0.9921875 0.5361111104166666 0.99375 0.53333333125 0.99375 0.47916666458333335 0.986328125 0.45277777708333333 0.9775390625 0.43715277708333333
1 0.9220703125 0.32118055624999997 0.9220703125 0.33506944375000003 0.9298828125 0.3697916666666667 0.934765625 0.37847222291666666 0.937890625 0.38125 0.942968746875 0.38125 0.9494140625 0.3802083333333333 0.9611328125 0.36284722291666666 0.9625 0.3409722229166666 0.9625 0.3292534729166666 0.9552734375 0.30034722291666666 0.9450086796875 0.28541666666666665 0.9362413203125 0.28541666666666665 0.9259765625 0.30034722291666666 0.9220703125 0.32118055624999997
1 0.8234375 0.2079861125 0.815625 0.20104166874999999 0.801953125 0.20451388958333333 0.7931640625 0.22013888958333333 0.7912109375 0.23055555625000002 0.7931640625 0.26180555625 0.805859375 0.28784722291666665 0.81171875 0.28784722291666665 0.8126953125 0.28958333333333336 0.8224609375 0.28958333333333336 0.8322265625 0.27569444583333336 0.8359375 0.2625 0.8359375 0.23680555833333333 0.8322265625 0.2236111125 0.8234375 0.2079861125
1 0.5453125 0.184375 0.5453125 0.19023919791666666 0.5537109375 0.21180555625 0.5615234375 0.21875 0.576171875 0.21701388958333334 0.5830078125 0.20833333333333334 0.5875 0.19715277916666668 0.5875 0.17395833333333333 0.583984375 0.16145833333333334 0.5771484375 0.14930555625 0.5732421875 0.14583333333333334 0.5595703125 0.14583333333333334 0.546875 0.16493055625 0.5453125 0.184375
1 0.48828125 0.16493055625 0.490234375 0.18923611041666666 0.5023654515625 0.20416666666666666 0.507226559375 0.20416666666666666 0.513671875 0.203125 0.525390625 0.18576388958333334 0.525390625 0.17534722291666668 0.52734375 0.171875 0.525390625 0.16840277708333332 0.525390625 0.15798611041666666 0.5234375 0.15104166666666666 0.51515066875 0.13958333333333334 0.5004991328124999 0.13958333333333334 0.490234375 0.15451388958333334 0.48828125 0.16493055625
1 0.35859375 0.17986111249999998 0.3478515625 0.19895833333333332 0.3439453125 0.21284722291666666 0.3439453125 0.23020833333333332 0.3522321421875 0.24166666666666667 0.35781250625 0.24166666666666667 0.3654296875 0.240625 0.3765625 0.22413194583333332 0.3765625 0.19761904791666665 0.3703125 0.18333333333333332 0.35859375 0.17986111249999998
1 0.35546875 0.18246527916666666 0.3544921875 0.17725694583333332 0.3447265625 0.17725694583333332 0.3369140625 0.18420138958333335 0.33203125 0.19982638958333335 0.33203125 0.20677083541666666 0.337744140625 0.22708333333333333 0.34375 0.22708333333333333 0.34375 0.20677083541666666 0.35546875 0.18246527916666666
1 0.16328125 0.35104166666666664 0.1515625 0.3579861125 0.1466796875 0.36666666666666664 0.1408203125 0.39097222291666667 0.1408203125 0.4048611125 0.1447265625 0.42222222291666667 0.1515625 0.434375 0.155078125 0.4375 0.15800781875 0.4375 0.1681640625 0.4361111125 0.1740234375 0.42916666666666664 0.1759765625 0.41875 0.1798828125 0.41180555625 0.18125 0.3923611125 0.18125 0.38194444583333337 0.1759765625 0.3631944458333333 0.16328125 0.35104166666666664
1 0.1404296875 0.4423611104166667 0.13359375 0.43020833333333336 0.1296875 0.4267361104166667 0.116015625 0.4267361104166667 0.1033203125 0.45277777708333333 0.1033203125 0.4701388875 0.1013671875 0.47708333333333336 0.1033203125 0.4805555541666667 0.1052734375 0.5013888875 0.1072265625 0.5083333333333333 0.11725260468750001 0.5229166666666667 0.1279296796875 0.5229166666666667 0.1345703125 0.5222222208333334 0.1404296875 0.5118055541666666 0.1443359375 0.49444444375 0.1443359375 0.48402777708333333 0.1453125 0.4822916666666667 0.1453125 0.46840277708333333 0.1443359375 0.45625 0.1404296875 0.4423611104166667
0 0.31640625 0.7861111104166666 0.3037109375 0.7635416666666667 0.2783203125 0.7357638875 0.2646484375 0.7322916666666667 0.2626953125 0.72881944375 0.2490234375 0.72881944375 0.2275390625 0.7427083333333333 0.212890625 0.7652777770833333 0.201171875 0.8034722208333334 0.201171875 0.8138888875 0.2 0.8159722208333334 0.2 0.8693055541666667 0.208984375 0.9076388875 0.212890625 0.9145833333333333 0.21484375 0.925 0.224609375 0.9423611104166666 0.2275390625 0.9545138875 0.2333984375 0.9545138875 0.2607421875 0.97881944375 0.2705078125 0.97881944375 0.271875 0.98125 0.27773437031250003 0.98125 0.28125 0.9805555541666667 0.2998046875 0.9753472208333334 0.3076171875 0.9684027770833333 0.32421875 0.9388888875 0.33125 0.9013888875 0.33125 0.83819444375 0.32421875 0.80694444375 0.31640625 0.7861111104166666
0 0.451171875 0.7128472229166667 0.44921875 0.709375 0.44921875 0.6989583333333333 0.44140625 0.6746527791666667 0.4248046875 0.6451388895833333 0.4130859375 0.63125 0.4091796875 0.63125 0.4033203125 0.6243055562500001 0.3974609375 0.6243055562500001 0.3916015625 0.6173611124999999 0.3642578125 0.6173611124999999 0.3525390625 0.6243055562500001 0.3427734375 0.6381944458333333 0.3369140625 0.6416666666666667 0.322265625 0.6746527791666667 0.3125 0.7128472229166667 0.3125 0.7440972229166667 0.314453125 0.7475694458333333 0.31640625 0.7788194458333333 0.328125 0.8170138895833333 0.3447265625 0.8465277791666667 0.3564453125 0.8569444458333333 0.3740234375 0.8638888895833333 0.3755859375 0.8666666666666667 0.383398446875 0.8666666666666667 0.39453125 0.865625 0.4208984375 0.85 0.4287109375 0.8395833333333333 0.4453125 0.8065972229166667 0.453125 0.7684027791666667 0.453125 0.7302083333333333 0.451171875 0.7267361124999999 0.451171875 0.7128472229166667
0 0.8388671875 0.5482638875 0.8251953125 0.5309027770833333 0.8193359375 0.5309027770833333 0.8095703125 0.5239583333333333 0.7939453125 0.5239583333333333 0.7822265625 0.5309027770833333 0.7666015625 0.5482638875 0.751953125 0.58125 0.7421875 0.6229166666666667 0.7421875 0.675 0.74609375 0.6958333333333333 0.755859375 0.7166666666666667 0.7578125 0.7270833333333333 0.7685546875 0.7461805541666667 0.7873535171875 0.7583333333333333 0.8046875 0.7583333333333333 0.8310546875 0.7392361104166666 0.845703125 0.7166666666666667 0.857421875 0.675 0.857421875 0.6611111104166666 0.859375 0.6576388875 0.859375 0.61944444375 0.849609375 0.5708333333333333 0.8388671875 0.5482638875
0 0.7650390625 0.18090277916666667 0.7552734375 0.17743055625 0.7455078125 0.184375 0.740625 0.19305555625 0.73671875 0.20694444583333332 0.73671875 0.22430555625 0.740625 0.24166666666666667 0.7494140625 0.26076388958333335 0.7533203125 0.2642361125 0.7630859375 0.2642361125 0.764453125 0.26666666666666666 0.766796875 0.26666666666666666 0.76796875 0.26597222291666667 0.781640625 0.24513888958333335 0.7828125 0.23055555625000002 0.7828125 0.21820987708333334 0.7748046875 0.19131944583333332 0.7650390625 0.18090277916666667
0 0.3005859375 0.40381944583333335 0.291796875 0.38819444583333335 0.276171875 0.37777777916666666 0.260546875 0.38125 0.252734375 0.38819444583333335 0.2380859375 0.41770833333333335 0.2361328125 0.42465277916666666 0.2361328125 0.46631944583333335 0.2419921875 0.48715277916666666 0.252734375 0.50625 0.2615234359375 0.5125 0.2714843859375 0.5125 0.2849609375 0.5114583333333333 0.295703125 0.5027777791666667 0.3044921875 0.48020833333333335 0.3064453125 0.459375 0.3078125 0.4569444458333333 0.3078125 0.4465277791666667 0.3064453125 0.42465277916666666 0.3005859375 0.40381944583333335
0 0.31796875 0.20815972291666668 0.30625 0.21857638958333334 0.3013671875 0.23072916666666668 0.3033203125 0.2550347229166667 0.312109375 0.2706597229166666 0.312988278125 0.2708333333333333 0.32412109375 0.2708333333333333 0.331640625 0.2671875 0.3375 0.25379464375 0.3375 0.22155257916666665 0.331640625 0.20815972291666668 0.31796875 0.20815972291666668
0 0.313671875 0.1946180541666667 0.3048828125 0.20677083333333332 0.303125 0.21302083333333333 0.303125 0.22065972083333335 0.3048828125 0.22065972083333335 0.31171875 0.21197916666666666 0.315625 0.21197916666666666 0.31953125 0.20503472083333335 0.33125 0.20850694374999998 0.33125 0.20205853125 0.325390625 0.1946180541666667 0.313671875 0.1946180541666667
0 0.294140625 0.275 0.3029296875 0.2559027770833333 0.3009765625 0.24895833333333334 0.3009765625 0.228125 0.294140625 0.21597222083333334 0.282421875 0.21597222083333334 0.2736328125 0.228125 0.2697265625 0.24201388750000002 0.2697265625 0.259375 0.27787642031250004 0.27708333333333335 0.28867186875 0.27708333333333335 0.2912109375 0.2767361104166667 0.294140625 0.275
0 0.4388671875 0.13819444583333332 0.4310546875 0.14513888958333335 0.42421875 0.15729166666666666 0.422265625 0.17465277916666666 0.42421875 0.18506944583333332 0.4310546875 0.19722222291666666 0.4341796859375 0.2 0.43769531562499997 0.2 0.441796875 0.19895833333333332 0.4466796875 0.19722222291666666 0.453515625 0.18854166666666666 0.45625 0.1788194458333333 0.45625 0.15821759375 0.4486328125 0.14166666666666666 0.4388671875 0.13819444583333332
0 0.4224609375 0.13506944583333333 0.413671875 0.15069444583333333 0.41171875 0.16805555625000002 0.415625 0.18194444583333333 0.4199218734375 0.18958333333333333 0.423437503125 0.18958333333333333 0.425390625 0.18888888958333333 0.421484375 0.17500000208333333 0.4234375 0.15763888958333333 0.434375 0.1414351875 0.434375 0.1361111125 0.4341796875 0.13506944583333333 0.4224609375 0.13506944583333333
0 0.4572265625 0.15798611041666666 0.4572265625 0.18229166666666666 0.46796875 0.20138888958333334 0.47109375 0.20416666666666666 0.4738281234375 0.20416666666666666 0.4767578125 0.203125 0.48359375 0.20138888958333334 0.4904296875 0.18923611041666666 0.4884765625 0.17881944375 0.4904296875 0.15104166666666666 0.485546875 0.14236111041666666 0.4746093734375 0.13958333333333334 0.470703125 0.13958333333333334 0.466015625 0.14236111041666666 0.4572265625 0.15798611041666666