1 0.65625 0.4704861104166667 0.642578125 0.5190972229166666 0.640625 0.5572916666666666 0.6484375 0.5989583333333334 0.65234375 0.6059027770833333 0.654296875 0.6163194437499999 0.6630859375 0.6319444437499999 0.6857421890625 0.6520833333333333 0.69628905625 0.6520833333333333 0.7109375 0.6510416666666666 0.7236328125 0.6458333333333334 0.7333984375 0.6354166666666666 0.73828125 0.6197916666666666 0.7412109375 0.6180555562500001 0.751953125 0.5954861104166667 0.7578125 0.5677083333333334 0.7578125 0.5260416666666666 0.75 0.48090277708333334 0.7412109375 0.46180555624999997 0.7197265625 0.4375 0.7003906234375 0.43125 0.697293528125 0.43125 0.6650390625 0.4548611104166667 0.65625 0.4704861104166667
1 0.73046875 0.4111111104166667 0.7470703125 0.3815972208333333 0.7607421875 0.3711805541666667 0.763671875 0.3659722208333333 0.763671875 0.35902777708333333 0.7578125 0.32777777708333333 0.7490234375 0.3086805541666667 0.7333984375 0.29131944375 0.7138671875 0.284375 0.6962890625 0.2947916666666667 0.68359375 0.3138888875 0.67578125 0.33819444375 0.67578125 0.3486111104166667 0.673828125 0.35208333333333336 0.673828125 0.38333333333333336 0.6796875 0.41458333333333336 0.6884765625 0.43020833333333336 0.7080078125 0.43020833333333336 0.71533203125 0.4354166666666667 0.72265625 0.4354166666666667 0.7265625 0.4284722208333333 0.73046875 0.4111111104166667
1 0.6373046875 0.31024305625 0.6353515625 0.2998263895833333 0.62265625 0.27725694375000004 0.603125 0.26336805625 0.581640625 0.26684027708333335 0.56796875 0.2842013895833333 0.5572265625 0.30329861041666667 0.5533203125 0.3171875 0.5513671875 0.35538194375000004 0.5572265625 0.38315972291666667 0.562109375 0.39184027708333335 0.5673502609375001 0.3958333333333333 0.5695638015625 0.3958333333333333 0.5875 0.36059027708333335 0.603125 0.3467013895833333 0.6265625 0.34322916666666664 0.636328125 0.35017361041666667 0.6421875 0.34868551666666664 0.6421875 0.3328125 0.6412109375 0.3171875 0.6373046875 0.31024305625
1 0.83671875 0.24947916666666667 0.823046875 0.2390625 0.81328125 0.2390625 0.8015625 0.24947916666666667 0.7927734375 0.26510416666666664 0.8025390625 0.2859375 0.8083984375 0.3067708333333333 0.810302734375 0.32708333333333334 0.8144856765625 0.32708333333333334 0.82109375 0.31197916666666664 0.8328125 0.3015625 0.8515625 0.30314979999999997 0.8515625 0.28315972291666663 0.8474609375 0.2685763895833333 0.83671875 0.24947916666666667
1 0.807421875 0.18784722083333336 0.8015625 0.18437499791666667 0.787890625 0.18437499791666667 0.780078125 0.19131944374999998 0.7732421875 0.20694444374999998 0.78203125 0.21909722083333336 0.7869140625 0.23124999791666667 0.7908203125 0.2451388875 0.7908203125 0.2555555541666667 0.7935546875 0.2604166666666667 0.7943359359375 0.2604166666666667 0.7966796875 0.2590277770833333 0.807421875 0.24340277708333333 0.825 0.23993055416666667 0.825 0.23067129583333335 0.8201171875 0.21041666458333333 0.807421875 0.18784722083333336
1 0.74765625 0.16840277708333332 0.749609375 0.17534722291666668 0.7583984375 0.19791666666666666 0.7671875015625 0.20416666666666666 0.7701171859375 0.20416666666666666 0.773046875 0.203125 0.7798828125 0.19097222291666668 0.7876953125 0.18402777708333332 0.7935546875 0.18402777708333332 0.79375 0.18298611041666665 0.79375 0.17604166666666668 0.792578125 0.171875 0.7783804078125 0.15 0.7576171875 0.15 0.7544921875 0.15277777708333332 0.74765625 0.16840277708333332
1 0.7525390625 0.12204861041666668 0.7466796875 0.12204861041666668 0.745703125 0.13072916666666667 0.749609375 0.14461805625000002 0.749609375 0.15416666666666667 0.7562825531249999 0.15416666666666667 0.7640625 0.14586805625 0.7640625 0.14193948541666668 0.7583984375 0.12899305625 0.7525390625 0.12204861041666668
1 0.6345703125 0.06788194583333333 0.6345703125 0.0875 0.64121845 0.0875 0.655078125 0.06614583541666667 0.666796875 0.0626736125 0.6671875 0.05920138958333333 0.6671875 0.05341435208333333 0.6595117171875 0.04583333333333333 0.6466796890625 0.04583333333333333 0.643359375 0.04878472291666667 0.6345703125 0.06788194583333333
1 0.624609375 0.037847222916666666 0.6197265625 0.046527779166666665 0.6275390625 0.06041666875 0.6294921875 0.07777777916666667 0.6314453125 0.08125 0.6333984375 0.08125 0.6373046875 0.06041666875 0.64375 0.04895833541666667 0.64375 0.041319445833333336 0.63828125 0.034375002083333335 0.624609375 0.037847222916666666
1 0.4953125 0.048611110416666665 0.49140625 0.052083333333333336 0.4845703125 0.06423611041666667 0.4828125 0.07361111041666667 0.4828125 0.07604166666666666 0.4845703125 0.08854166666666667 0.497265625 0.10763888958333333 0.5119140625 0.10590277708333334 0.51875 0.09071180625 0.51875 0.0625 0.5109375 0.048611110416666665 0.4953125 0.048611110416666665
1 0.666796875 0.08333333333333333 0.6609375 0.07986111041666667 0.64140625 0.08680555625 0.6345703125 0.09895833333333333 0.6326171875 0.109375 0.6345703125 0.11284722291666666 0.6365234375 0.13368055625 0.639453125 0.13888888958333334 0.6423828125 0.13715277708333332 0.6453125 0.12847222291666666 0.65703125 0.11458333333333333 0.674609375 0.11458333333333333 0.6765625 0.10879629583333333 0.6765625 0.10243055625 0.6755859375 0.09895833333333333 0.666796875 0.08333333333333333
1 0.63349609375 0.12118055624999999 0.62568359375 0.11076388958333333 0.61396484375 0.10381944583333333 0.60029296875 0.10729166875 0.58955078125 0.11944444583333333 0.58857421875 0.12812500208333333 0.59638671875 0.12812500208333333 0.60419921875 0.13506944583333333 0.61884765625 0.15763888958333333 0.623576275 0.18958333333333333 0.6278320359375 0.18958333333333333 0.63056640625 0.18888888958333333 0.6375 0.17039930625000002 0.6375 0.13524305625000002 0.63447265625 0.12986111250000001 0.63349609375 0.12118055624999999
0 0.616796875 0.0454861125 0.603125 0.04201388958333333 0.5904296875 0.05763888958333333 0.5884765625 0.07847222291666665 0.5929408484375001 0.08958333333333333 0.59423828125 0.08958333333333333 0.59921875 0.08368055625 0.616796875 0.08368055625 0.6234375 0.08958333333333333 0.6275390640625 0.08958333333333333 0.628125 0.089375 0.628125 0.06944444583333334 0.6275390625 0.0611111125 0.616796875 0.0454861125
0 0.600390625 0.07256944375 0.59453125 0.07256944375 0.5896484375 0.07777777708333335 0.5922265624999999 0.08541666666666667 0.5943359359375 0.08541666666666667 0.5955078125 0.08472222083333333 0.600390625 0.0795138875 0.609375 0.07806186875 0.609375 0.07743055416666667 0.60234375 0.07604166666666666 0.600390625 0.07256944375
0 0.58955078125 0.060763889583333335 0.59044921875 0.06875 0.5924804671875 0.06875 0.59541015625 0.06770833333333333 0.59541015625 0.060763889583333335 0.6046875 0.05026830833333333 0.6046875 0.04583333333333333 0.59794921875 0.04583333333333333 0.58955078125 0.060763889583333335
0 0.68046875 0.03906249791666667 0.66875 0.03906249791666667 0.6619140625 0.04774305416666667 0.670623225 0.06666666666666667 0.680029296875 0.06666666666666667 0.6814453125 0.06163194375 0.6859375 0.056307868750000004 0.6859375 0.045312497916666666 0.684375 0.04253472083333333 0.68046875 0.03906249791666667
0 0.678125 0.06852903958333334 0.688146034375 0.08958333333333333 0.6896484375 0.08958333333333333 0.69140625 0.08854166666666667 0.6982421875 0.07638888958333333 0.7046875 0.071478175 0.7046875 0.0704861125 0.6982421875 0.05902777708333333 0.6888671859375 0.05625 0.68602120625 0.05625 0.678125 0.06716821041666667 0.678125 0.06852903958333334
0 0.675 0.06597222291666667 0.659375 0.0625 0.6486328125 0.07465277708333334 0.649609375 0.08333333333333333 0.659375 0.07986111041666667 0.669140625 0.08680555625 0.676953125 0.10416666666666667 0.6837890625 0.10243055625 0.688671875 0.10069444375 0.6890625 0.09722222291666666 0.6890625 0.08993055624999999 0.6876953125 0.08506944375 0.675 0.06597222291666667
0 0.5708984375 0.13888888958333334 0.5640625 0.15104166666666666 0.56015625 0.16493055625 0.56015625 0.19618055625 0.5640625 0.21006944375 0.5708984375 0.22222222291666668 0.5740234375 0.225 0.5759765625 0.225 0.577734375 0.22395833333333334 0.5904296875 0.19791666666666666 0.5982421875 0.19097222291666668 0.6041015625 0.19097222291666668 0.6060546875 0.1875 0.6158203125 0.1875 0.6197265625 0.19097222291666668 0.621875 0.18715277916666664 0.621875 0.18159722291666666 0.616796875 0.15451388958333334 0.6001953125 0.13194444375 0.5955078125 0.12916666666666668 0.5912109390625 0.12916666666666668 0.5787109375 0.13194444375 0.5708984375 0.13888888958333334
0 0.6333984375 0.19826388958333335 0.6236328125 0.19131944583333332 0.6158203125 0.19131944583333332 0.6138671875 0.18784722291666667 0.5982421875 0.19131944583333332 0.5884765625 0.20173611249999998 0.581640625 0.21388888958333335 0.577734375 0.22777777916666667 0.577734375 0.24166666666666667 0.581640625 0.25555555625 0.5865234375 0.2642361125 0.6099609375 0.2677083333333333 0.6275390625 0.28506944375000004 0.634375 0.30416666666666664 0.63671875 0.30833333333333335 0.6390625 0.30833333333333335 0.640234375 0.3076388895833333 0.648046875 0.29375 0.6515625 0.278125 0.6515625 0.24351851875000002 0.64609375 0.22083333333333333 0.6333984375 0.19826388958333335
0 0.5708984375 0.22881944375 0.5630859375 0.221875 0.5572265625 0.221875 0.5552734375 0.21840277708333333 0.5376953125 0.21840277708333333 0.5181640625 0.23576388750000002 0.509375 0.25486111041666665 0.50546875 0.27569444375 0.50546875 0.3 0.509375 0.32083333333333336 0.5240234375 0.3503472208333333 0.53232421875 0.35625 0.5437499921875 0.35625 0.550390625 0.3555555541666667 0.550390625 0.3347222208333333 0.55625 0.3034722208333333 0.5669921875 0.284375 0.5787109375 0.2704861104166667 0.5828125 0.26027777708333333 0.5828125 0.25601851875000003 0.577734375 0.24097222083333333 0.5708984375 0.22881944375
0 0.7291015625 0.15642361249999998 0.7115234375 0.16336805625 0.70078125 0.18246527916666666 0.698828125 0.19288194583333332 0.6998046875 0.19809027916666666 0.7134765625 0.21197916875 0.7203125 0.22760416875 0.72216796875 0.2375 0.724365234375 0.2375 0.728125 0.22413194583333332 0.7369140625 0.20850694583333332 0.7447265625 0.20156250208333332 0.7544921875 0.20156250208333332 0.75625 0.19843750208333333 0.75625 0.19362981041666666 0.7447265625 0.16684027916666666 0.7291015625 0.15642361249999998
0 0.72822265625 0.22395833333333334 0.72431640625 0.23784722291666668 0.72431640625 0.27256944375000003 0.7289822046875 0.2875 0.7319335921875 0.2875 0.73603515625 0.2864583333333333 0.74482421875 0.26388888958333334 0.75849609375 0.25347222291666666 0.77802734375 0.25347222291666666 0.790625 0.2630704375 0.790625 0.24444444375 0.78681640625 0.23090277708333332 0.77412109375 0.20833333333333334 0.7653320296875 0.20208333333333334 0.74404296875 0.20208333333333334 0.73701171875 0.20833333333333334 0.72822265625 0.22395833333333334
0 0.7876953125 0.2598958333333333 0.7779296875 0.25295138958333335 0.7583984375 0.25295138958333335 0.7427734375 0.26684027708333335 0.733984375 0.28940972291666667 0.753515625 0.3171875 0.761328125 0.34149305625 0.76328125 0.36579861041666667 0.7908854187500001 0.375 0.795556640625 0.375 0.800390625 0.3692708333333333 0.8078125 0.34288194583333337 0.8078125 0.30862268541666665 0.80234375 0.2859375 0.7876953125 0.2598958333333333
0 0.8583984375 0.4239583333333333 0.8759765625 0.4239583333333333 0.87890625 0.41875 0.87890625 0.4083333333333333 0.880859375 0.4048611125 0.880859375 0.36666666666666664 0.876953125 0.3458333333333333 0.8603515625 0.31284722291666667 0.8486328125 0.30243055625 0.8330078125 0.30243055625 0.8212890625 0.31284722291666667 0.810546875 0.33541666666666664 0.806640625 0.3527777791666667 0.806640625 0.3944444458333333 0.81640625 0.4152777791666667 0.822265625 0.4395833333333333 0.824609375 0.44375 0.8304687515625 0.44375 0.833984375 0.44305555625 0.8583984375 0.4239583333333333
0 0.8017578125 0.38940972291666665 0.7900390625 0.37552083333333336 0.7841796875 0.37552083333333336 0.7822265625 0.3720486104166667 0.7607421875 0.3720486104166667 0.7548828125 0.37552083333333336 0.7509765625 0.38246527708333333 0.7451171875 0.3859375 0.734375 0.40503472291666665 0.725 0.4317013895833333 0.725 0.44034455 0.75 0.47795138958333333 0.75 0.48489583333333336 0.755859375 0.5057291666666667 0.75966796875 0.5395833333333333 0.7642352765625 0.5395833333333333 0.7783203125 0.5178819437500001 0.7958984375 0.5005208333333333 0.8017578125 0.4970486104166667 0.8173828125 0.4970486104166667 0.821875 0.4826736104166667 0.821875 0.44496527916666667 0.814453125 0.4119791666666667 0.8017578125 0.38940972291666665
0 0.9048828125 0.47118055416666665 0.886328125 0.43472222083333334 0.870703125 0.42430555416666665 0.8609375 0.42430555416666665 0.858984375 0.42777777708333337 0.847265625 0.43125 0.84140625 0.43819444375 0.8306640625 0.45729166666666665 0.8228515625 0.48506944375 0.8228515625 0.49201388749999997 0.827734375 0.50069444375 0.835546875 0.5041666666666667 0.8453125 0.5145833333333333 0.8560546875 0.5336805541666667 0.8658203125 0.5684027770833333 0.8658203125 0.5788194437499999 0.8677734375 0.5857638875000001 0.869921875 0.5895833333333333 0.871484375 0.5895833333333333 0.8716796875 0.5892361104166667 0.89609375 0.55625 0.905859375 0.5527777770833333 0.9087890625 0.5475694437499999 0.909375 0.5454861104166666 0.909375 0.5034722208333333 0.9087890625 0.5024305541666666 0.9048828125 0.47118055416666665
0 0.9552734375 0.6095486104166666 0.9494140625 0.5887152770833333 0.93671875 0.5626736104166666 0.925 0.55225694375 0.91328125 0.55225694375 0.909375 0.5487847208333334 0.907421875 0.55225694375 0.895703125 0.5557291666666667 0.8732421875 0.5887152770833333 0.8693359375 0.59913194375 0.8673828125 0.6199652770833333 0.865625 0.6230902770833333 0.865625 0.6478402770833332 0.88984375 0.6598958333333333 0.9064453125 0.6859375 0.9162109375 0.7206597208333334 0.9181640625 0.75538194375 0.9201171875 0.7623263875 0.9220703125 0.7623263875 0.926953125 0.7605902770833333 0.9396484375 0.7414930541666667 0.9513671875 0.7067708333333333 0.95625 0.6807291666666667 0.95625 0.6251736104166666 0.9552734375 0.6234375 0.9552734375 0.6095486104166666
0 0.98828125 0.5503472229166667 0.982421875 0.5295138895833333 0.9697265625 0.50694444375 0.9541015625 0.5 0.9384765625 0.5104166666666666 0.92578125 0.5329861104166667 0.921875 0.546875 0.9267578125 0.5555555562500001 0.9345703125 0.5590277770833333 0.94921875 0.5885416666666666 0.955078125 0.609375 0.955078125 0.6232638895833333 0.95703125 0.6267361104166667 0.95703125 0.6788194437499999 0.955078125 0.6822916666666666 0.9580078125 0.6875 0.96484375 0.6857638895833333 0.978515625 0.6649305562500001 0.98046875 0.6545138895833333 0.984375 0.6475694437499999 0.9921875 0.6059027770833333 0.9921875 0.578125 0.990234375 0.5746527770833333 0.98828125 0.5503472229166667
0 0.913671875 0.7135416666666666 0.9078125 0.6927083333333334 0.90390625 0.6822916666666666 0.8912109375 0.6631944437499999 0.8794921875 0.6527777770833333 0.8501953125 0.6527777770833333 0.8384765625 0.6597222229166667 0.8189453125 0.6805555562500001 0.804296875 0.7100694437499999 0.804296875 0.7170138895833333 0.800390625 0.7239583333333334 0.792578125 0.7552083333333334 0.792578125 0.7690972229166667 0.788671875 0.7829861104166667 0.788671875 0.8142361104166667 0.792578125 0.8315972229166667 0.792578125 0.8454861104166667 0.796484375 0.8524305562500001 0.7984375 0.8663194437499999 0.8111328125 0.8784722229166667 0.8287109375 0.90625 0.8365234375 0.90625 0.8384765625 0.9097222229166667 0.851171875 0.9079861104166667 0.8658203125 0.9027777770833333 0.8775390625 0.8923611104166667 0.898046875 0.859375 0.909765625 0.8246527770833333 0.9171875 0.7817708333333333 0.9171875 0.740625 0.915625 0.7378472229166667 0.913671875 0.7135416666666666