1 0.503125 0.1326388875 0.4875 0.13611111041666665 0.4767578125 0.15868055416666668 0.4767578125 0.18298611041666665 0.481640625 0.19513888750000002 0.4917968765625 0.20416666666666666 0.5035156187500001 0.20416666666666666 0.5060546875 0.20381944375 0.5119140625 0.196875 0.5171875 0.18124999791666668 0.5171875 0.15386904791666664 0.5109375 0.13958333333333334 0.503125 0.1326388875
1 0.490625 0.10069444375 0.4818359375 0.109375 0.4818359375 0.11979166666666667 0.4798828125 0.12326388958333333 0.480859375 0.13888888958333334 0.492578125 0.13194444375 0.50234375 0.13194444375 0.508203125 0.13888888958333334 0.5111328125 0.13715277708333332 0.5125 0.12743055625 0.5125 0.12203282916666666 0.50234375 0.10069444375 0.490625 0.10069444375
1 0.4759765625 0.09409722291666665 0.469140625 0.09930555625 0.4701171875 0.10451388958333332 0.4740234375 0.10451388958333332 0.47900390625 0.11041666666666666 0.481640625 0.11041666666666666 0.4828125 0.10972222291666665 0.4875 0.10416666875 0.4875 0.10128968333333334 0.4818359375 0.09409722291666665 0.4759765625 0.09409722291666665
1 0.527734375 0.09375 0.5375 0.09722222291666666 0.5423828125 0.10590277708333334 0.5443359375 0.11979166666666667 0.547265625 0.125 0.5501953125 0.12326388958333333 0.5515625 0.12083333333333333 0.5515625 0.10109127083333333 0.5453125 0.08680555625 0.54140625 0.08333333333333333 0.531640625 0.08333333333333333 0.5267578125 0.08854166666666667 0.527734375 0.09375
0 0.5921875 0.18521825416666668 0.5921875 0.21423611041666665 0.5958984375 0.22743055625 0.60859375 0.24652777708333332 0.614453125 0.25 0.6271484375 0.24826388958333334 0.633984375 0.24305555625 0.6408203125 0.23090277708333332 0.64375 0.2204861125 0.64375 0.18923611041666666 0.6408203125 0.17881944375 0.63203125 0.16319444375 0.622265625 0.15625 0.6125 0.15625 0.598828125 0.16666666666666666 0.5921875 0.18521825416666668
0 0.7068359375 0.27118055625 0.6931640625 0.26076388958333335 0.6755859375 0.26076388958333335 0.6619140625 0.27118055625 0.653125 0.28680555625 0.6453125 0.31805555625 0.647265625 0.3458333333333333 0.653125 0.3701388895833333 0.6658203125 0.3927083333333333 0.6763671875 0.40208333333333335 0.69335938125 0.40208333333333335 0.70390625 0.4013888895833333 0.7078125 0.39791666666666664 0.709765625 0.3875 0.717578125 0.3736111125 0.721875 0.3583333354166667 0.721875 0.3076388895833333 0.71953125 0.29722222291666667 0.7068359375 0.27118055625
0 0.92109375 0.35833333333333334 0.91328125 0.35138888749999997 0.899609375 0.35138888749999997 0.89375 0.3548611104166667 0.8810546875 0.37743055416666665 0.8771484375 0.39131944375 0.8751953125 0.4017361104166667 0.8751953125 0.43993055416666665 0.8791015625 0.46076388749999997 0.891796875 0.48680555416666665 0.9019531265625 0.49583333333333335 0.9136718687500001 0.49583333333333335 0.9162109375 0.4954861104166667 0.92109375 0.49375 0.9337890625 0.47118055416666665 0.9390625 0.44305555416666664 0.9390625 0.4125 0.9337890625 0.384375 0.92109375 0.35833333333333334
0 0.6796875 0.20659722291666668 0.6796875 0.22395833333333334 0.685546875 0.24826388958333334 0.6923828125 0.2604166666666667 0.7011718765625 0.26666666666666666 0.7103515578125 0.26666666666666666 0.72265625 0.265625 0.73046875 0.25173611041666666 0.734375 0.234375 0.734375 0.22048611041666666 0.728515625 0.19270833333333334 0.7177734375 0.17708333333333334 0.7072265609375 0.17083333333333334 0.7042968765625 0.17083333333333334 0.6884765625 0.17708333333333334 0.6796875 0.20659722291666668
0 0.6796875 0.22708333541666667 0.681640625 0.19583333541666667 0.685546875 0.18194444583333333 0.6904296875 0.1767361125 0.693359375 0.16805555625000002 0.6826171875 0.15243055625000002 0.6708984375 0.14895833541666667 0.6611328125 0.15590277916666664 0.65234375 0.17152777916666664 0.650390625 0.17847222291666667 0.650390625 0.20277777916666664 0.654296875 0.21666666874999999 0.6650390625 0.23576388958333333 0.6669921859375 0.2375 0.6796875015625 0.2375 0.681640625 0.23402777916666664 0.6796875 0.22708333541666667
0 0.419921875 0.23784722291666668 0.416015625 0.24826388958333334 0.4125 0.2763888895833333 0.4125 0.28136574166666667 0.41796875 0.3072916666666667 0.4267578125 0.3229166666666667 0.4423828125 0.3333333333333333 0.453125 0.33159722291666666 0.4619140625 0.3298611104166667 0.466796875 0.32118055624999997 0.4765625 0.29340277708333334 0.478125 0.27395833333333336 0.478125 0.2672453708333334 0.47265625 0.24131944375 0.4658203125 0.22916666666666666 0.4541015625 0.21875 0.4384765625 0.21875 0.4287109375 0.22569444375 0.419921875 0.23784722291666668
0 0.332421875 0.15260416458333334 0.31875 0.15260416458333334 0.3099609375 0.17170138750000002 0.3119140625 0.19253472083333334 0.316796875 0.20121527708333334 0.3211914109375 0.20208333333333334 0.328027340625 0.20208333333333334 0.33046875 0.20121527708333334 0.3390625 0.179147375 0.3390625 0.17690972083333334 0.3373046875 0.16128472083333334 0.332421875 0.15260416458333334
0 0.228125 0.2258680541666667 0.21640625 0.22934027708333332 0.2076171875 0.2484375 0.2076171875 0.26579861041666664 0.2095703125 0.27274305416666667 0.214453125 0.2814236104166667 0.2232421875 0.2831597208333333 0.228125 0.2814236104166667 0.2359375 0.2613618833333333 0.2359375 0.2467013875 0.2349609375 0.23454861041666666 0.228125 0.2258680541666667
0 0.5611328125 0.14340277916666666 0.550390625 0.12777777916666666 0.534765625 0.12777777916666666 0.5220703125 0.146875 0.5220703125 0.15729166666666666 0.5201171875 0.16076388958333335 0.5220703125 0.178125 0.52890625 0.19375 0.5359374984375 0.2 0.5433593828125 0.2 0.5533203125 0.19895833333333332 0.5572265625 0.19548611249999998 0.5630859375 0.178125 0.5640625 0.17291666666666666 0.5640625 0.15902777916666666 0.5630859375 0.15034722291666666 0.5611328125 0.14340277916666666
0 0.5134765625 0.11284722291666666 0.5134765625 0.13368055625 0.5154296875 0.140625 0.518359375 0.14583333333333334 0.5232421875 0.14409722291666668 0.530078125 0.13194444375 0.5453125 0.12716503125 0.5453125 0.11458333333333333 0.5447265625 0.109375 0.533984375 0.09375 0.526171875 0.09375 0.518359375 0.10069444375 0.5134765625 0.11284722291666666
0 0.4595703125 0.10746527708333334 0.452734375 0.11961805416666667 0.452734375 0.14045138750000002 0.4546875 0.14739583333333334 0.4595703125 0.15607638750000002 0.46044922499999996 0.15625 0.47451171406250003 0.15625 0.4751953125 0.15607638750000002 0.4796875 0.14489583541666665 0.4796875 0.11217757916666667 0.4732421875 0.10399305416666667 0.4595703125 0.10746527708333334
0 0.4369140625 0.10694444583333333 0.428125 0.11909722291666666 0.426171875 0.13993055625 0.428125 0.146875 0.4364118296875 0.15833333333333333 0.4412109421875 0.15833333333333333 0.44765625 0.15729166666666666 0.453125 0.14756944375 0.453125 0.11512896874999999 0.4466796875 0.10694444583333333 0.4369140625 0.10694444583333333
1 0.26015625 0.19756944583333333 0.2474609375 0.21666666874999999 0.2474609375 0.24097222291666667 0.25549665 0.2520833333333333 0.2626953203125 0.2520833333333333 0.2669921875 0.25138888958333333 0.2728515625 0.24444444583333333 0.2765625 0.23125 0.2765625 0.21270833541666667 0.271875 0.20104166874999999 0.26015625 0.19756944583333333