1 0.509765625 0.30034722291666666 0.5185546875 0.31944444375000003 0.5283203125 0.3298611104166667 0.5546875 0.328125 0.5703125 0.29340277708333334 0.5703125 0.25868055625 0.56640625 0.24479166666666666 0.5576171875 0.22916666666666666 0.5439453125 0.21875 0.5322265625 0.21875 0.5185546875 0.22916666666666666 0.5078125 0.25173611041666666 0.505859375 0.2795138895833333 0.509765625 0.30034722291666666
1 0.6875 0.28993055624999997 0.689453125 0.29340277708333334 0.69140625 0.3142361104166667 0.6943359375 0.31944444375000003 0.7109375 0.3177083333333333 0.7177734375 0.31597222291666666 0.7333984375 0.3020833333333333 0.7421875 0.2760416666666667 0.744140625 0.265625 0.7421875 0.25173611041666666 0.7275390625 0.23611111041666666 0.7119140625 0.23611111041666666 0.7041015625 0.24305555625 0.689453125 0.27256944375000003 0.6875 0.28993055624999997
1 0.79296875 0.265625 0.798828125 0.2795138895833333 0.8056640625 0.28819444375000003 0.8115234375 0.2916666666666667 0.822265625 0.28993055624999997 0.8251953125 0.28819444375000003 0.8359375 0.265625 0.8359375 0.23784722291666668 0.83203125 0.22395833333333334 0.8232421875 0.20833333333333334 0.8134765625 0.20138888958333334 0.8017578125 0.20486111041666666 0.79296875 0.22048611041666666 0.791015625 0.23090277708333332 0.79296875 0.265625
1 0.923828125 0.33506944375000003 0.923828125 0.3489583333333333 0.9296875 0.3697916666666667 0.9384765625 0.38194444375000003 0.947265625 0.38368055624999997 0.9541015625 0.37847222291666666 0.958984375 0.3697916666666667 0.962890625 0.35590277708333334 0.962890625 0.33159722291666666 0.95703125 0.30381944375000003 0.9482421875 0.28819444375000003 0.9365234375 0.28472222291666666 0.92578125 0.30034722291666666 0.921875 0.33159722291666666 0.923828125 0.33506944375000003
1 0.4775390625 0.22916666666666666 0.48828125 0.25173611041666666 0.490234375 0.25868055625 0.490234375 0.28993055624999997 0.501953125 0.28993055624999997 0.505859375 0.2864583333333333 0.5078125 0.25173611041666666 0.517578125 0.23090277708333332 0.517578125 0.22048611041666666 0.5029296875 0.19791666666666666 0.4873046875 0.19444444375 0.4736328125 0.20486111041666666 0.46484375 0.22048611041666666 0.4677734375 0.22569444375 0.4775390625 0.22916666666666666
1 0.5068359375 0.20486111041666666 0.5126953125 0.20833333333333334 0.5205078125 0.22569444375 0.5234375 0.22395833333333334 0.53515625 0.21701388958333334 0.53515625 0.19965277708333332 0.5263671875 0.17708333333333334 0.5185546875 0.17013888958333334 0.5048828125 0.17013888958333334 0.4970703125 0.17708333333333334 0.490234375 0.18923611041666666 0.4912109375 0.19444444375 0.5029296875 0.19791666666666666 0.5068359375 0.20486111041666666
1 0.439453125 0.22048611041666666 0.439453125 0.22743055625 0.4423828125 0.23263888958333334 0.4453125 0.23090277708333332 0.4501953125 0.22569444375 0.4599609375 0.22569444375 0.4638671875 0.22222222291666668 0.4755859375 0.20486111041666666 0.48046875 0.19270833333333334 0.4736328125 0.18402777708333332 0.4599609375 0.18402777708333332 0.4521484375 0.19097222291666668 0.4453125 0.19965277708333332 0.439453125 0.22048611041666666
1 0.396484375 0.22743055625 0.3984375 0.24826388958333334 0.4033203125 0.25347222291666666 0.4091796875 0.25347222291666666 0.4150390625 0.2604166666666667 0.421875 0.25868055625 0.427734375 0.25173611041666666 0.43359375 0.234375 0.43359375 0.21006944375 0.431640625 0.203125 0.4228515625 0.1875 0.4169921875 0.18402777708333332 0.4072265625 0.18402777708333332 0.3974609375 0.19097222291666668 0.390625 0.21354166666666666 0.396484375 0.22743055625
1 0.392578125 0.21006944375 0.392578125 0.203125 0.3974609375 0.19097222291666668 0.416015625 0.18229166666666666 0.4091796875 0.16666666666666666 0.4052734375 0.16319444375 0.3935546875 0.16319444375 0.380859375 0.18229166666666666 0.380859375 0.20659722291666668 0.3857421875 0.21180555625 0.392578125 0.21006944375
1 0.3515625 0.234375 0.35546875 0.22395833333333334 0.365234375 0.21006944375 0.365234375 0.19618055625 0.3564453125 0.17708333333333334 0.3427734375 0.17708333333333334 0.333984375 0.18923611041666666 0.33203125 0.20659722291666668 0.3408203125 0.23263888958333334 0.3447265625 0.23611111041666666 0.3515625 0.234375
1 0.4365234375 0.22569444375 0.439453125 0.22395833333333334 0.44140625 0.21006944375 0.4521484375 0.19097222291666668 0.470703125 0.18229166666666666 0.4638671875 0.17013888958333334 0.4580078125 0.16666666666666666 0.4482421875 0.16666666666666666 0.4404296875 0.17361111041666666 0.431640625 0.19618055625 0.43359375 0.22048611041666666 0.4365234375 0.22569444375
0 0.541015625 0.19618055625 0.541015625 0.21701388958333334 0.5556640625 0.22569444375 0.5712890625 0.25347222291666666 0.572265625 0.25173611041666666 0.5771484375 0.25 0.587890625 0.23090277708333332 0.58984375 0.22395833333333334 0.58984375 0.19618055625 0.5791015625 0.17361111041666666 0.5693359375 0.16666666666666666 0.5595703125 0.16666666666666666 0.5517578125 0.17361111041666666 0.54296875 0.18923611041666666 0.541015625 0.19618055625
0 0.4296875 0.265625 0.4296875 0.29340277708333334 0.43359375 0.3072916666666667 0.4423828125 0.3229166666666667 0.4501953125 0.3298611104166667 0.462890625 0.33159722291666666 0.4755859375 0.3263888895833333 0.48828125 0.30034722291666666 0.4921875 0.2795138895833333 0.486328125 0.24826388958333334 0.4755859375 0.22916666666666666 0.4697265625 0.22569444375 0.4521484375 0.22569444375 0.4404296875 0.23611111041666666 0.431640625 0.2552083333333333 0.4296875 0.265625
0 0.4873046875 0.15625 0.4833984375 0.15277777708333332 0.4697265625 0.15277777708333332 0.4609375 0.16145833333333334 0.4619140625 0.17013888958333334 0.4814453125 0.19444444375 0.490234375 0.19270833333333334 0.49609375 0.17534722291666668 0.4873046875 0.15625
0 0.37109375 0.2795138895833333 0.3671875 0.30034722291666666 0.3671875 0.32118055624999997 0.373046875 0.3454861104166667 0.3779296875 0.3541666666666667 0.3916015625 0.3645833333333333 0.408203125 0.36284722291666666 0.4150390625 0.3576388895833333 0.42578125 0.33506944375000003 0.4296875 0.3142361104166667 0.4296875 0.29340277708333334 0.419921875 0.265625 0.4130859375 0.25694444375 0.4072265625 0.25347222291666666 0.3916015625 0.25347222291666666 0.3818359375 0.2604166666666667 0.37109375 0.2795138895833333
0 0.43359375 0.18576388958333334 0.4443359375 0.17013888958333334 0.458984375 0.16493055625 0.4609375 0.15798611041666666 0.4521484375 0.13888888958333334 0.4404296875 0.13541666666666666 0.431640625 0.14409722291666668 0.427734375 0.15451388958333334 0.427734375 0.17881944375 0.4326171875 0.1875 0.43359375 0.18576388958333334
0 0.353515625 0.26909722291666666 0.3623046875 0.28472222291666666 0.3662109375 0.28819444375000003 0.369140625 0.2864583333333333 0.3818359375 0.2604166666666667 0.3955078125 0.25347222291666666 0.3984375 0.24826388958333334 0.39453125 0.22395833333333334 0.3837890625 0.20833333333333334 0.3662109375 0.20833333333333334 0.35546875 0.22395833333333334 0.3515625 0.23784722291666668 0.3515625 0.26215277708333334 0.353515625 0.26909722291666666
0 0.30078125 0.24479166666666666 0.302734375 0.2552083333333333 0.3115234375 0.2708333333333333 0.3154296875 0.27430555624999997 0.322265625 0.27256944375000003 0.3310546875 0.2673611104166667 0.3359375 0.25868055625 0.337890625 0.23784722291666668 0.33984375 0.234375 0.3291015625 0.19791666666666666 0.3251953125 0.19444444375 0.3134765625 0.19444444375 0.306640625 0.203125 0.302734375 0.21701388958333334 0.30078125 0.24479166666666666
0 0.2802734375 0.27777777708333334 0.291015625 0.2760416666666667 0.2939453125 0.27430555624999997 0.302734375 0.2552083333333333 0.30078125 0.24826388958333334 0.30078125 0.22395833333333334 0.2939453125 0.21527777708333332 0.2822265625 0.21527777708333332 0.2734375 0.22743055625 0.26953125 0.24131944375 0.26953125 0.2552083333333333 0.2802734375 0.27777777708333334
0 0.29296875 0.32465277708333334 0.2890625 0.3489583333333333 0.296875 0.36631944375000003 0.302734375 0.39756944375000003 0.3154296875 0.40972222291666666 0.322265625 0.4079861104166667 0.3349609375 0.40277777708333334 0.34375 0.390625 0.349609375 0.36631944375000003 0.349609375 0.33506944375000003 0.345703125 0.3177083333333333 0.3369140625 0.3020833333333333 0.3291015625 0.2951388895833333 0.3134765625 0.2951388895833333 0.3056640625 0.3020833333333333 0.29296875 0.32465277708333334
0 0.244140625 0.35243055624999997 0.244140625 0.359375 0.24609375 0.359375 0.2607421875 0.34375 0.2802734375 0.34375 0.2880859375 0.35069444375000003 0.291015625 0.3385416666666667 0.291015625 0.328125 0.2802734375 0.3125 0.2646484375 0.3125 0.2587890625 0.31597222291666666 0.248046875 0.33506944375000003 0.244140625 0.35243055624999997
0 0.2509765625 0.35069444375000003 0.244140625 0.36284722291666666 0.23828125 0.38715277708333334 0.23828125 0.421875 0.2421875 0.4392361104166667 0.2529296875 0.4583333333333333 0.2646484375 0.46527777708333334 0.2734375 0.4635416666666667 0.2841796875 0.4583333333333333 0.296875 0.4357638895833333 0.296875 0.42881944375000003 0.30078125 0.41840277708333334 0.30078125 0.38368055624999997 0.296875 0.36631944375000003 0.2861328125 0.34722222291666666 0.2802734375 0.34375 0.2626953125 0.34375 0.2509765625 0.35069444375000003