1 0.1044921875 0.5555555562500001 0.09375 0.5746527770833333 0.08984375 0.5885416666666666 0.087890625 0.6128472229166667 0.0859375 0.6163194437499999 0.087890625 0.6475694437499999 0.09765625 0.6822916666666666 0.1083984375 0.6979166666666666 0.1142578125 0.7013888895833333 0.130859375 0.6996527770833333 0.1376953125 0.6944444437499999 0.1484375 0.671875 0.1484375 0.6649305562500001 0.15234375 0.6545138895833333 0.15234375 0.6128472229166667 0.14453125 0.5815972229166667 0.1318359375 0.5590277770833333 0.1240234375 0.5520833333333334 0.1103515625 0.5520833333333334 0.1044921875 0.5555555562500001
1 0.4765625 0.20659722291666668 0.47265625 0.234375 0.4765625 0.2552083333333333 0.4873046875 0.27430555624999997 0.4990234375 0.28125 0.50390625 0.2795138895833333 0.5146484375 0.27430555624999997 0.525390625 0.2552083333333333 0.529296875 0.23784722291666668 0.529296875 0.22048611041666666 0.52734375 0.21006944375 0.5185546875 0.19097222291666668 0.5048828125 0.18055555625 0.4951171875 0.18055555625 0.48046875 0.19618055625 0.4765625 0.20659722291666668
1 0.4951171875 0.18055555625 0.5068359375 0.18055555625 0.5205078125 0.19444444375 0.5234375 0.19270833333333334 0.525390625 0.18923611041666666 0.525390625 0.171875 0.5234375 0.16493055625 0.5126953125 0.14930555625 0.5068359375 0.14583333333333334 0.4931640625 0.14930555625 0.486328125 0.15798611041666666 0.48046875 0.17534722291666668 0.4814453125 0.19444444375 0.4951171875 0.18055555625
1 0.41015625 0.203125 0.404296875 0.22395833333333334 0.404296875 0.23090277708333332 0.408203125 0.23784722291666668 0.412109375 0.25868055625 0.4150390625 0.26388888958333334 0.416015625 0.26215277708333334 0.416015625 0.24131944375 0.419921875 0.22395833333333334 0.4306640625 0.20486111041666666 0.4462890625 0.20138888958333334 0.447265625 0.19618055625 0.4443359375 0.19097222291666668 0.4365234375 0.18402777708333332 0.4267578125 0.18402777708333332 0.4169921875 0.19097222291666668 0.41015625 0.203125
1 0.6494140625 0.25 0.640625 0.26215277708333334 0.6328125 0.2864583333333333 0.630859375 0.3142361104166667 0.638671875 0.3454861104166667 0.6455078125 0.3576388895833333 0.6611328125 0.37152777708333334 0.6669921875 0.37152777708333334 0.6689453125 0.375 0.67578125 0.3732638895833333 0.6904296875 0.3611111104166667 0.701171875 0.3385416666666667 0.703125 0.33159722291666666 0.703125 0.29340277708333334 0.697265625 0.27256944375000003 0.6845703125 0.25 0.6806640625 0.25 0.6748046875 0.24305555625 0.6591796875 0.24305555625 0.6494140625 0.25
0 0.9716796875 0.49652777708333334 0.9560546875 0.49652777708333334 0.9501953125 0.5 0.9375 0.5190972229166666 0.92578125 0.5572916666666666 0.92578125 0.5711805562500001 0.921875 0.5920138895833333 0.923828125 0.6232638895833333 0.9296875 0.6545138895833333 0.9423828125 0.6770833333333334 0.9501953125 0.6840277770833333 0.9609375 0.6822916666666666 0.9755859375 0.6736111104166667 0.984375 0.6579861104166667 0.994140625 0.6302083333333334 0.99609375 0.609375 0.998046875 0.6059027770833333 0.998046875 0.5642361104166667 0.99609375 0.5607638895833333 0.994140625 0.5399305562500001 0.990234375 0.5260416666666666 0.9716796875 0.49652777708333334
0 0.86328125 0.32118055624999997 0.861328125 0.32465277708333334 0.86328125 0.35590277708333334 0.8671875 0.3767361104166667 0.8779296875 0.3958333333333333 0.8896484375 0.39930555624999997 0.8916015625 0.40277777708333334 0.89453125 0.4010416666666667 0.9052734375 0.3923611104166667 0.912109375 0.3767361104166667 0.916015625 0.36284722291666666 0.916015625 0.33159722291666666 0.9052734375 0.2951388895833333 0.8935546875 0.28125 0.8818359375 0.28125 0.8759765625 0.28472222291666666 0.86328125 0.3107638895833333 0.86328125 0.32118055624999997
0 0.916015625 0.33159722291666666 0.916015625 0.36631944375000003 0.9306640625 0.38194444375000003 0.935546875 0.3802083333333333 0.9423828125 0.375 0.951171875 0.35590277708333334 0.953125 0.32465277708333334 0.947265625 0.296875 0.9384765625 0.28125 0.9345703125 0.27777777708333334 0.9248046875 0.27777777708333334 0.916015625 0.28993055624999997 0.91015625 0.3072916666666667 0.916015625 0.33159722291666666
0 0.86328125 0.2760416666666667 0.86328125 0.30381944375000003 0.865234375 0.30381944375000003 0.8759765625 0.28472222291666666 0.8818359375 0.28125 0.8974609375 0.28472222291666666 0.9091796875 0.3020833333333333 0.91015625 0.28993055624999997 0.904296875 0.26909722291666666 0.8955078125 0.25347222291666666 0.8916015625 0.25 0.8759765625 0.25 0.86328125 0.2760416666666667
0 0.7060546875 0.23263888958333334 0.693359375 0.25868055625 0.693359375 0.265625 0.701171875 0.2829861104166667 0.703125 0.29340277708333334 0.703125 0.328125 0.705078125 0.33506944375000003 0.7138671875 0.34722222291666666 0.734375 0.3454861104166667 0.7412109375 0.34027777708333334 0.75 0.32465277708333334 0.75390625 0.3107638895833333 0.755859375 0.30034722291666666 0.75390625 0.265625 0.7392578125 0.23611111041666666 0.7314453125 0.22916666666666666 0.7255859375 0.22569444375 0.7099609375 0.22916666666666666 0.7060546875 0.23263888958333334
0 0.529296875 0.21701388958333334 0.529296875 0.24131944375 0.5341796875 0.25 0.5439453125 0.25694444375 0.560546875 0.2552083333333333 0.5634765625 0.25347222291666666 0.57421875 0.23090277708333332 0.576171875 0.22048611041666666 0.57421875 0.19270833333333334 0.5654296875 0.17361111041666666 0.5576171875 0.16666666666666666 0.5419921875 0.16666666666666666 0.5283203125 0.18055555625 0.5234375 0.19618055625 0.529296875 0.21701388958333334
0 0.4345703125 0.20138888958333334 0.419921875 0.22395833333333334 0.416015625 0.24131944375 0.416015625 0.25868055625 0.419921875 0.27256944375000003 0.4306640625 0.2916666666666667 0.4365234375 0.2951388895833333 0.455078125 0.29340277708333334 0.46875 0.27256944375000003 0.47265625 0.25868055625 0.47265625 0.234375 0.46875 0.22048611041666666 0.4619140625 0.20833333333333334 0.4541015625 0.20138888958333334 0.4482421875 0.20138888958333334 0.4462890625 0.19791666666666666 0.4443359375 0.20138888958333334 0.4345703125 0.20138888958333334
0 0.361328125 0.24479166666666666 0.357421875 0.26215277708333334 0.357421875 0.2795138895833333 0.361328125 0.29340277708333334 0.3701171875 0.30902777708333334 0.3818359375 0.31597222291666666 0.390625 0.3142361104166667 0.3955078125 0.3125 0.408203125 0.28993055624999997 0.412109375 0.2760416666666667 0.412109375 0.25173611041666666 0.408203125 0.23784722291666668 0.4013671875 0.22569444375 0.3916015625 0.21875 0.3798828125 0.21875 0.3662109375 0.23263888958333334 0.361328125 0.24479166666666666
0 0.162109375 0.41840277708333334 0.16015625 0.44618055624999997 0.162109375 0.44965277708333334 0.1640625 0.4704861104166667 0.1748046875 0.4895833333333333 0.1826171875 0.49652777708333334 0.197265625 0.4947916666666667 0.20703125 0.484375 0.21484375 0.46006944375000003 0.216796875 0.44965277708333334 0.216796875 0.421875 0.212890625 0.4045138895833333 0.2021484375 0.3854166666666667 0.1884765625 0.37847222291666666 0.1767578125 0.3854166666666667 0.166015625 0.4045138895833333 0.162109375 0.41840277708333334
0 0.02734375 0.6927083333333334 0.021484375 0.7204861104166667 0.021484375 0.7517361104166667 0.0234375 0.7552083333333334 0.02734375 0.7864583333333334 0.033203125 0.8038194437499999 0.0458984375 0.8263888895833333 0.0498046875 0.8298611104166667 0.06640625 0.828125 0.07421875 0.8177083333333334 0.080078125 0.7899305562500001 0.080078125 0.7586805562500001 0.078125 0.7552083333333334 0.076171875 0.734375 0.068359375 0.7065972229166667 0.0556640625 0.6840277770833333 0.0517578125 0.6805555562500001 0.0361328125 0.6805555562500001 0.02734375 0.6927083333333334