0 0.975390625 0.3923611104166667 0.963671875 0.40277777708333334 0.9568359375 0.41840277708333334 0.9509765625 0.44965277708333334 0.9509765625 0.4739583333333333 0.9587890625 0.5121527770833334 0.965625 0.52430555625 0.97734375 0.5347222229166667 0.9861328125 0.5329861104166667 0.9984375 0.5079861104166666 0.9984375 0.42259259375 0.98515625 0.3958333333333333 0.975390625 0.3923611104166667
0 0.80546875 0.2774305541666667 0.795703125 0.2704861104166667 0.778125 0.27395833333333336 0.7615234375 0.3 0.7576171875 0.3138888875 0.7576171875 0.3486111104166667 0.7595703125 0.35208333333333336 0.7595703125 0.3625 0.7654296875 0.3798611104166667 0.780078125 0.4024305541666667 0.783984375 0.4024305541666667 0.78896484375 0.4083333333333333 0.79863280625 0.4083333333333333 0.8044921875 0.4076388875 0.8201171875 0.38333333333333336 0.825 0.36597222291666665 0.825 0.32083333125 0.8181640625 0.29652777708333333 0.80546875 0.2774305541666667
0 0.5669921875 0.19062500208333333 0.5533203125 0.19062500208333333 0.5396484375 0.20104166874999999 0.5328125 0.21319444583333333 0.52890625 0.22708333541666667 0.52890625 0.26180555625 0.5328125 0.27569444583333336 0.5455078125 0.2947916666666667 0.5528320296875 0.3 0.57578125 0.3 0.589453125 0.27222222291666665 0.590625 0.26597222291666667 0.590625 0.22548077083333334 0.5787109375 0.20104166874999999 0.5669921875 0.19062500208333333
0 0.811328125 0.19375 0.80546875 0.19027777916666666 0.791796875 0.19027777916666666 0.787890625 0.19375 0.7791015625 0.21631944583333332 0.7791015625 0.24756944583333332 0.7830078125 0.26145833333333335 0.787890625 0.2701388895833333 0.795703125 0.2701388895833333 0.8105468734375 0.2833333333333333 0.814062503125 0.2833333333333333 0.8181640625 0.28229166666666666 0.8240234375 0.271875 0.8265625 0.2628472229166667 0.8265625 0.22800926041666666 0.8220703125 0.209375 0.811328125 0.19375
0 0.78046875 0.16979166874999999 0.76484375 0.16631944583333333 0.7521484375 0.18541666874999999 0.7501953125 0.21319444583333333 0.7560546875 0.23402777916666664 0.762890625 0.24618055625000002 0.771191403125 0.2520833333333333 0.775585940625 0.2520833333333333 0.7775390625 0.25138888958333333 0.7794921875 0.24791666874999999 0.7794921875 0.21666666874999999 0.7833984375 0.20277777916666664 0.790625 0.18993055625000002 0.790625 0.18680555625 0.7892578125 0.18194444583333333 0.78046875 0.16979166874999999
0 0.72734375 0.16319444375 0.71171875 0.16319444375 0.70390625 0.17013888958333334 0.6970703125 0.18576388958333334 0.6970703125 0.21701388958333334 0.7009765625 0.23090277708333332 0.713671875 0.25 0.71953125 0.25347222291666666 0.7322265625 0.25173611041666666 0.7419921875 0.23784722291666668 0.7453125 0.22604166666666667 0.7453125 0.19756944375 0.7419921875 0.18576388958333334 0.72734375 0.16319444375
0 0.6640625 0.14479166666666668 0.6494140625 0.12222222083333333 0.6376953125 0.12222222083333333 0.6298828125 0.12916666666666668 0.6234375 0.14717261875 0.6234375 0.16678240833333333 0.62890625 0.18298611041666665 0.6366908484375 0.19375 0.652539053125 0.19375 0.65625 0.19340277708333334 0.6640625 0.17604166666666668 0.6640625 0.165625 0.665625 0.16284722083333333 0.665625 0.16145833333333334 0.6640625 0.15868055416666668 0.6640625 0.14479166666666668
0 0.636328125 0.08993055416666666 0.63046875 0.08645833333333333 0.62265625 0.08645833333333333 0.6119140625 0.10208333333333333 0.6119140625 0.12291666666666666 0.6197265625 0.14027777708333333 0.6216796875 0.14375 0.6236328125 0.14375 0.63046875 0.128125 0.6421875 0.12118055416666666 0.64375 0.11840277708333334 0.64375 0.10989583125 0.6412109375 0.09861111041666668 0.636328125 0.08993055416666666
0 0.5599609375 0.0859375 0.551171875 0.09809027708333334 0.551171875 0.12239583333333333 0.5599609375 0.13802083333333334 0.5643554703125 0.13958333333333334 0.565527340625 0.13958333333333334 0.5716796875 0.13802083333333334 0.5765625 0.12934027708333334 0.578125 0.12100694375000001 0.578125 0.09739583333333333 0.5716796875 0.0859375 0.5599609375 0.0859375
0 0.53046875 0.08628472291666665 0.5236328125 0.0984375 0.521875 0.1109375 0.521875 0.11336805624999999 0.5236328125 0.12274305625 0.528515625 0.13142361041666667 0.536751303125 0.13541666666666666 0.54267578125 0.13541666666666666 0.544140625 0.13489583333333333 0.55 0.12447916666666667 0.55 0.09670138958333332 0.544140625 0.08628472291666665 0.53046875 0.08628472291666665
0 0.42421875 0.11180555416666667 0.4125 0.11180555416666667 0.4037109375 0.12743055416666665 0.4037109375 0.14826388750000002 0.413498265625 0.1625 0.419921871875 0.1625 0.4212890625 0.16215277708333334 0.4310546875 0.14826388750000002 0.4328125 0.1295138875 0.4328125 0.1267361104166667 0.4310546875 0.12048611041666667 0.42421875 0.11180555416666667
0 0.3150390625 0.1670138875 0.3033203125 0.17048611041666667 0.29453125 0.18958333125000001 0.29453125 0.20694444374999998 0.296484375 0.2138888875 0.3013671875 0.22256944374999998 0.305468753125 0.225 0.3101562453125 0.225 0.312109375 0.22430555416666667 0.3189453125 0.21909722083333336 0.325 0.2021825375 0.325 0.19166666458333334 0.323828125 0.17916666458333333 0.3150390625 0.1670138875
1 0.3541015625 0.1454861125 0.3462890625 0.15243055625000002 0.34140625 0.16458333541666667 0.34140625 0.18541666874999999 0.3496093734375 0.2 0.35664063281249997 0.2 0.3609375 0.19930555625000002 0.370703125 0.18541666874999999 0.371875 0.17291666875 0.371875 0.16288580416666668 0.3638671875 0.1454861125 0.3541015625 0.1454861125
1 0.604296875 0.1173611125 0.588671875 0.12083333333333333 0.5798828125 0.13993055625 0.5798828125 0.16423611249999998 0.58671875 0.17986111249999998 0.5976562484375 0.18958333333333333 0.6019531296875 0.18958333333333333 0.6072265625 0.18854166666666666 0.6189453125 0.17118055625 0.6203125 0.1517361125 0.6203125 0.14217171874999998 0.61015625 0.12083333333333333 0.604296875 0.1173611125
1 0.5947265625 0.1173611125 0.6044921875 0.1173611125 0.6083984375 0.12083333333333333 0.609375 0.1017361125 0.5966796875 0.0861111125 0.5908203125 0.0861111125 0.5810546875 0.09305555624999999 0.578125 0.1017361125 0.578125 0.12256944583333333 0.5806640625 0.12708333333333333 0.5830078140625 0.12708333333333333 0.5859375 0.12604166666666666 0.5947265625 0.1173611125
1 0.625390625 0.07986111041666667 0.6224609375 0.08506944375 0.6234375 0.08680555625 0.629296875 0.08680555625 0.63125 0.09027777708333334 0.633203125 0.09027777708333334 0.6400390625 0.10243055625 0.6400390625 0.10590277708333334 0.6419921875 0.109375 0.6419921875 0.11631944375 0.64453125 0.12083333333333333 0.651171875 0.12083333333333333 0.6515625 0.12013888958333332 0.6515625 0.11944444375 0.6498046875 0.11631944375 0.6498046875 0.10590277708333334 0.6478515625 0.10243055625 0.6478515625 0.09895833333333333 0.6458984375 0.09548611041666667 0.6458984375 0.09201388958333333 0.6390625 0.07986111041666667 0.63515625 0.07986111041666667 0.63359375 0.07708333333333334 0.62890625 0.07708333333333334 0.62734375 0.07986111041666667 0.625390625 0.07986111041666667
1 0.5841796875 0.08871527708333334 0.579296875 0.08003472083333334 0.571484375 0.08003472083333334 0.5666015625 0.08524305416666667 0.5802734375 0.09565972083333334 0.583203125 0.09392361041666668 0.5841796875 0.08871527708333334