1 0.446875 0.93194444375 0.44296875 0.9111111104166666 0.43515625 0.8833333333333333 0.4166015625 0.846875 0.3892578125 0.815625 0.3716796875 0.8086805541666667 0.3697265625 0.8052083333333333 0.3365234375 0.8052083333333333 0.3345703125 0.8086805541666667 0.3228515625 0.8121527770833333 0.3169921875 0.8190972208333334 0.3130859375 0.8190972208333334 0.2994140625 0.8364583333333333 0.2828125 0.86944444375 0.280859375 0.8833333333333333 0.276953125 0.8902777770833333 0.275 0.9180555541666667 0.273046875 0.9215277770833333 0.273046875 0.95625 0.275 0.9597222208333334 0.276953125 0.9875 0.2818359375 0.9961805541666667 0.2847656265625 0.9979166666666667 0.2984375 0.9979166666666667 0.2994140625 0.9961805541666667 0.3023437515625 0.9979166666666667 0.444921875 0.9979166666666667 0.4484375 0.9854166666666667 0.4484375 0.9486111104166667 0.446875 0.9458333333333333 0.446875 0.93194444375
1 0.6263671875 0.2451388875 0.613671875 0.2295138875 0.6078125 0.22604166458333333 0.586328125 0.22604166458333333 0.58046875 0.2295138875 0.5619140625 0.2590277770833333 0.5619140625 0.26597222083333333 0.5580078125 0.27638888749999996 0.5580078125 0.3145833333333333 0.5658203125 0.33888888749999996 0.574609375 0.35451388749999996 0.5916015640625 0.3645833333333333 0.5958984234375 0.3645833333333333 0.6107421875 0.36319444375000004 0.6234375 0.35451388749999996 0.6361328125 0.325 0.6375 0.2982638875 0.6375 0.28368055416666665 0.6341796875 0.26597222083333333 0.6263671875 0.2451388875
1 0.5728515625 0.14565972083333334 0.5650390625 0.13871527708333334 0.5513671875 0.13871527708333334 0.5494140625 0.13524305416666668 0.5474609375 0.13871527708333334 0.5416015625 0.13871527708333334 0.530859375 0.15781249791666668 0.52890625 0.16475694375 0.52890625 0.19600694375 0.5376953125 0.21857638750000002 0.5455078125 0.22899305416666668 0.5463867265625 0.22916666666666666 0.5657226453125 0.22916666666666666 0.5669921875 0.22899305416666668 0.57578125 0.21684027708333334 0.581640625 0.19947916458333334 0.5828125 0.18489583125 0.5828125 0.17170138750000002 0.5796875 0.15781249791666668 0.5728515625 0.14565972083333334
1 0.562890625 0.11059027708333334 0.558984375 0.10711805625 0.543359375 0.10711805625 0.539453125 0.11059027708333334 0.5287109375 0.13315972291666667 0.5287109375 0.14357638958333335 0.5267578125 0.14704861041666667 0.5284830734375 0.15625 0.531195746875 0.15625 0.5375 0.14184027708333333 0.547265625 0.13489583333333333 0.5609375 0.13489583333333333 0.570703125 0.1453125 0.574609375 0.1453125 0.575 0.14322916666666666 0.575 0.13697916666666668 0.5736328125 0.1296875 0.562890625 0.11059027708333334
1 0.5119140625 0.11770833333333333 0.4962890625 0.11770833333333333 0.4904296875 0.12118055416666666 0.48359375 0.13333333333333333 0.4796875 0.14722222083333333 0.4796875 0.16458333333333333 0.48359375 0.17847222083333333 0.4943359375 0.19409722083333333 0.4962890640625 0.19583333333333333 0.508984375 0.19583333333333333 0.5158203125 0.19409722083333333 0.5265625 0.17152777708333333 0.5265625 0.14027777708333333 0.5197265625 0.12465277708333335 0.5119140625 0.11770833333333333
1 0.4115234375 0.13506944583333333 0.3939453125 0.13506944583333333 0.3900390625 0.13854166874999999 0.383203125 0.15069444583333333 0.379296875 0.16458333541666667 0.379296875 0.18194444583333333 0.38125 0.18888888958333333 0.3900390625 0.20451388958333333 0.3966796859375 0.21041666666666667 0.3996093765625 0.21041666666666667 0.40078125 0.20972222291666667 0.4134765625 0.20451388958333333 0.421875 0.18294753125 0.421875 0.15277777916666666 0.4203125 0.14722222291666667 0.4115234375 0.13506944583333333
1 0.2953125 0.21145833333333333 0.2958984375 0.21875 0.3095703125 0.22222222291666668 0.3169921875 0.23541666666666666 0.3177734375 0.23541666666666666 0.318359375 0.234375 0.3296875 0.20752314791666665 0.3296875 0.20590277916666666 0.3251953125 0.19791666666666666 0.3134765625 0.19444444375 0.3119140625 0.19166666666666668 0.310785590625 0.19166666666666668 0.2953125 0.206229575 0.2953125 0.21145833333333333
1 0.30234375 0.18003472291666667 0.2876953125 0.20260416666666667 0.28587890625 0.21875 0.291015625 0.21875 0.2935546875 0.21649305625 0.2984375 0.20086805625 0.30625 0.19392361041666667 0.321875 0.192289625 0.321875 0.19083719166666666 0.3140625 0.18003472291666667 0.30234375 0.18003472291666667
1 0.256640625 0.25711805416666667 0.24296875 0.25711805416666667 0.23515625 0.2640625 0.2263671875 0.2796875 0.2244140625 0.29010416666666666 0.24296875 0.28836805416666667 0.25078125 0.2953125 0.2576171875 0.3074652770833334 0.2615234375 0.32135416666666666 0.2615234375 0.33524305416666667 0.2654296875 0.33524305416666667 0.271875 0.31232638749999997 0.271875 0.2840277770833334 0.2693359375 0.27274305416666667 0.256640625 0.25711805416666667
1 0.2578125 0.3770833333333333 0.26171875 0.35625 0.26171875 0.325 0.2578125 0.3076388895833333 0.2509765625 0.2954861125 0.2431640625 0.28854166666666664 0.2275390625 0.28854166666666664 0.212890625 0.3111111125 0.20703125 0.3319444458333333 0.208984375 0.36666666666666664 0.21484375 0.3840277791666667 0.2252790171875 0.3958333333333333 0.229296884375 0.3958333333333333 0.244140625 0.3944444458333333 0.2578125 0.3770833333333333
1 0.125 0.3248263875 0.1234375 0.33315972083333334 0.1234375 0.34149305416666664 0.125 0.36649305416666667 0.1318359375 0.37864583333333335 0.1344726578125 0.37916666666666665 0.14404296875 0.37916666666666665 0.1455078125 0.37864583333333335 0.154296875 0.36302083333333335 0.1578125 0.34427083333333336 0.1578125 0.3380208333333333 0.15625 0.32135416666666666 0.14775390625 0.30625 0.13515625 0.30625 0.1318359375 0.3092013875 0.125 0.3248263875
1 0.124609375 0.30399305416666667 0.1228271484375 0.31666666666666665 0.1287434890625 0.31666666666666665 0.1294921875 0.3126736104166667 0.1373046875 0.30572916666666666 0.1451171875 0.30572916666666666 0.1509765625 0.3126736104166667 0.153125 0.30885416666666665 0.153125 0.30329861041666667 0.151953125 0.2970486104166667 0.14541015625 0.28541666666666665 0.134765625 0.28541666666666665 0.1314453125 0.28836805416666667 0.124609375 0.30399305416666667
0 0.1392578125 0.41302083333333334 0.1294921875 0.4060763895833333 0.1158203125 0.41302083333333334 0.10703125 0.42864583333333334 0.101171875 0.4529513895833333 0.101171875 0.4876736125 0.108984375 0.5119791666666667 0.1119140625 0.5171875 0.11806640625 0.5208333333333334 0.120966796875 0.5208333333333334 0.1265625 0.4876736125 0.134375 0.4703125 0.1412109375 0.46163194583333333 0.1515625 0.45661300624999995 0.1515625 0.4543402791666667 0.14609375 0.4251736125 0.1392578125 0.41302083333333334
0 0.1849609375 0.4875 0.172265625 0.46493055624999996 0.164453125 0.45798611250000004 0.146875 0.45798611250000004 0.1390625 0.46493055624999996 0.1283203125 0.48402777916666667 0.1224609375 0.5013888895833333 0.1224609375 0.5152777791666667 0.1205078125 0.51875 0.1224609375 0.55694444375 0.1322265625 0.58819444375 0.141015625 0.6003472229166668 0.1476562484375 0.60625 0.1599609515625 0.60625 0.1673828125 0.60555555625 0.17421875 0.6003472229166668 0.1869140625 0.5777777770833333 0.1908203125 0.55694444375 0.1908203125 0.5395833354166667 0.1921875 0.5371527770833333 0.1921875 0.5277777770833334 0.1908203125 0.5083333333333333 0.1849609375 0.4875
0 0.3181640625 0.50868055625 0.303515625 0.4826388895833333 0.28203125 0.46527777708333334 0.26640625 0.46527777708333334 0.264453125 0.46875 0.25859375 0.46875 0.244921875 0.4826388895833333 0.2302734375 0.515625 0.2244140625 0.546875 0.2244140625 0.5850694437499999 0.2361328125 0.6232638895833333 0.248828125 0.6458333333333334 0.26640625 0.6597222229166667 0.2888671875 0.6579861104166667 0.303515625 0.6493055562500001 0.3201171875 0.6163194437499999 0.3259765625 0.5920138895833333 0.3259765625 0.5746527770833333 0.3265625 0.5736111104166667 0.3265625 0.546875 0.3259765625 0.5364583333333334 0.3181640625 0.50868055625
0 0.31171875 0.30520833333333336 0.3185546875 0.2861111104166667 0.3185546875 0.2375 0.309765625 0.221875 0.30390625 0.21840277708333333 0.290234375 0.21840277708333333 0.2755859375 0.2375 0.2697265625 0.2618055541666667 0.2697265625 0.2722222208333333 0.2736328125 0.2930555541666667 0.282421875 0.3086805541666667 0.2890625 0.3145833333333333 0.2966796828125 0.3145833333333333 0.3009765625 0.3138888875 0.31171875 0.30520833333333336
0 0.3599609375 0.20104166666666667 0.3560546875 0.19756944375 0.3384765625 0.19756944375 0.321875 0.22013888750000002 0.31796875 0.23402777708333333 0.31796875 0.2618055541666667 0.3306640625 0.28784722291666665 0.3373046875 0.29375 0.3484375046875 0.29375 0.355078125 0.29305555624999996 0.3619140625 0.28784722291666665 0.36875 0.27222222291666665 0.371875 0.25833333333333336 0.371875 0.22777777708333333 0.36875 0.21666666666666667 0.3599609375 0.20104166666666667
0 0.491796875 0.19184027708333332 0.48203125 0.18489583125 0.4625 0.18489583125 0.45078125 0.19531249791666666 0.4419921875 0.21440972083333334 0.4400390625 0.2560763875 0.4419921875 0.2664930541666667 0.4546875 0.2890625 0.4623046875 0.29583333333333334 0.4822265625 0.29583333333333334 0.48984375 0.2890625 0.4966796875 0.2769097208333333 0.503125 0.2539930541666667 0.503125 0.22262731458333332 0.4986328125 0.2039930541666667 0.491796875 0.19184027708333332
0 0.1861328125 0.25 0.1763671875 0.25694444375 0.16953125 0.27256944375000003 0.167578125 0.2795138895833333 0.167578125 0.30381944375000003 0.16953125 0.3107638895833333 0.1783203125 0.3229166666666667 0.1890625 0.32118055624999997 0.20078125 0.30381944375000003 0.2015625 0.29131944375 0.2015625 0.27002314791666665 0.1939453125 0.25347222291666666 0.1861328125 0.25
0 0.266796875 0.2116319458333333 0.258984375 0.21857638958333334 0.2501953125 0.2376736125 0.2501953125 0.24809027916666665 0.2484375 0.2512152770833333 0.2484375 0.2519097229166667 0.251171875 0.25677083333333334 0.25703125 0.25677083333333334 0.264453125 0.26666666666666666 0.270149740625 0.26666666666666666 0.2755859375 0.2376736125 0.284375 0.22517361249999998 0.284375 0.21907242083333334 0.278515625 0.2116319458333333 0.266796875 0.2116319458333333
0 0.125 0.32083333333333336 0.1220703125 0.315625 0.1123046875 0.315625 0.1015625 0.33819444375 0.1 0.3576388895833333 0.1 0.36359126875 0.1064453125 0.3815972208333333 0.10839843906249999 0.38333333333333336 0.12109375 0.38333333333333336 0.1265625 0.37037036874999996 0.1265625 0.36805555416666663 0.123046875 0.3555555541666667 0.125 0.32083333333333336
0 0.0638671875 0.3927083333333333 0.055078125 0.4048611125 0.051171875 0.41875 0.051171875 0.45 0.0580078125 0.465625 0.0615234375 0.46875 0.063281253125 0.46875 0.06875 0.4673611125 0.078125 0.44736111250000005 0.078125 0.4109127 0.0716796875 0.39618055625 0.0638671875 0.3927083333333333
0 0.0224609375 0.46840277916666667 0.017578125 0.47708333333333336 0.0140625 0.49270833541666664 0.0140625 0.5204861104166667 0.017578125 0.5361111104166666 0.0218749984375 0.54375 0.028906257812500002 0.54375 0.033203125 0.54305555625 0.0390625 0.5326388895833333 0.040625 0.52430555625 0.040625 0.48640873125 0.0341796875 0.46840277916666667 0.0224609375 0.46840277916666667