1 0.597265625 0.3625 0.5845703125 0.3399305541666667 0.5669921875 0.3260416666666667 0.5416015625 0.3260416666666667 0.5259765625 0.3399305541666667 0.511328125 0.3659722208333333 0.50546875 0.3972222208333333 0.507421875 0.4388888875 0.511328125 0.45625 0.519140625 0.4736111104166667 0.5337890625 0.49270833333333336 0.5425781265625 0.4979166666666667 0.569921875 0.4979166666666667 0.5806640625 0.49270833333333336 0.5904296875 0.47881944375 0.601171875 0.45625 0.60625 0.42916666666666664 0.60625 0.4111111104166667 0.605078125 0.39027777708333333 0.597265625 0.3625
1 0.8697265625 0.27430555624999997 0.8580078125 0.2673611104166667 0.8462890625 0.2708333333333333 0.8384765625 0.27777777708333334 0.83359375 0.2864583333333333 0.827734375 0.3142361104166667 0.827734375 0.33506944375000003 0.8296875 0.3385416666666667 0.831640625 0.359375 0.8404296875 0.38194444375000003 0.8482421875 0.3888888895833333 0.851171875 0.38715277708333334 0.855078125 0.36284722291666666 0.858984375 0.35243055624999997 0.8697265625 0.3333333333333333 0.8775390625 0.3263888895833333 0.8859375 0.3247299375 0.8859375 0.309375 0.882421875 0.296875 0.8697265625 0.27430555624999997
1 0.7771484375 0.234375 0.7732421875 0.22048611041666666 0.764453125 0.20486111041666666 0.752734375 0.19444444375 0.737109375 0.19444444375 0.733203125 0.19791666666666666 0.7205078125 0.22395833333333334 0.7205078125 0.234375 0.7185546875 0.23784722291666668 0.7205078125 0.24479166666666666 0.7205078125 0.26215277708333334 0.7244140625 0.2760416666666667 0.737109375 0.2986111104166667 0.748828125 0.30555555624999997 0.7595703125 0.30381944375000003 0.768359375 0.2951388895833333 0.7771484375 0.27256944375000003 0.7771484375 0.2552083333333333 0.778125 0.2534722208333334 0.778125 0.25 0.7771484375 0.24826388958333334 0.7771484375 0.234375
1 0.505859375 0.23020833333333332 0.4892578125 0.20416666666666666 0.4716796875 0.20069444583333332 0.4599609375 0.20763888958333335 0.44921875 0.22673611249999998 0.4453125 0.240625 0.4453125 0.25104166666666666 0.44375 0.2538194458333333 0.44375 0.259375 0.4453125 0.27881944583333335 0.451171875 0.29618055625 0.4638671875 0.31180555625 0.4697265625 0.31180555625 0.4712890625 0.3145833333333333 0.4783203203125 0.3145833333333333 0.48828125 0.31354166666666666 0.4912109375 0.31180555625 0.5078125 0.27881944583333335 0.5078125 0.26840277916666666 0.509375 0.265625 0.509375 0.259375 0.5078125 0.23715277916666666 0.505859375 0.23020833333333332
1 0.0646484375 0.6993055541666667 0.0548828125 0.6645833333333333 0.0421875 0.6489583333333333 0.028515625 0.6489583333333333 0.024609375 0.6524305541666667 0.0158203125 0.675 0.0158203125 0.6993055541666667 0.0140625 0.7086805541666668 0.0140625 0.7104166645833333 0.0177734375 0.7236111104166666 0.0177734375 0.7340277770833333 0.0255859375 0.7618055541666667 0.0294921875 0.76875 0.0314453125 0.76875 0.040234375 0.753125 0.0578125 0.753125 0.063671875 0.76006944375 0.065625 0.7565972208333334 0.065625 0.71493055625 0.0646484375 0.71319444375 0.0646484375 0.6993055541666667
1 0.987109375 0.39895833333333336 0.9724609375 0.42152777708333333 0.9685546875 0.4388888875 0.9666015625 0.4666666666666667 0.9705078125 0.4875 0.9705078125 0.5083333333333333 0.984029446875 0.5291666666666667 0.9958984375 0.5291666666666667 0.9984375 0.5201388875 0.9984375 0.40270833333333333 0.994921875 0.39895833333333336 0.987109375 0.39895833333333336
0 0.9033203125 0.46458333333333335 0.9140625 0.44548611250000003 0.919921875 0.42118055625 0.919921875 0.38645833333333335 0.9140625 0.35868055625 0.8994140625 0.3326388895833333 0.8955078125 0.3326388895833333 0.8896484375 0.32569444583333335 0.8798828125 0.32569444583333335 0.8701171875 0.3326388895833333 0.8623046875 0.34305555625 0.85546875 0.36215277916666666 0.85546875 0.37256944583333335 0.853515625 0.37604166666666666 0.853515625 0.40729166666666666 0.861328125 0.44548611250000003 0.8720703125 0.46458333333333335 0.8791015609375 0.4708333333333333 0.88574219375 0.4708333333333333 0.89453125 0.46979166666666666 0.9033203125 0.46458333333333335
0 0.61875 0.16805555625000002 0.6060546875 0.14895833541666667 0.6001953125 0.1454861125 0.5826171875 0.14895833541666667 0.5787109375 0.15243055625000002 0.56796875 0.17500000208333333 0.56796875 0.20972222291666667 0.569921875 0.21666666874999999 0.5845703125 0.2392361125 0.588671871875 0.24166666666666667 0.5992187609374999 0.24166666666666667 0.605078125 0.24097222291666667 0.6158203125 0.22881944583333333 0.620703125 0.21666666874999999 0.621875 0.21041666875 0.621875 0.19375000208333332 0.620703125 0.17500000208333333 0.61875 0.16805555625000002
0 0.5671875 0.1477430541666667 0.5671875 0.17083333333333334 0.571625434375 0.17083333333333334 0.5779296875 0.15642361041666666 0.5916015625 0.14600694374999998 0.5994140625 0.14600694374999998 0.6111328125 0.15642361041666666 0.6125 0.15642361041666666 0.6125 0.14793244791666668 0.6033203125 0.12864583333333332 0.59033203125 0.11875 0.58896484375 0.11875 0.5759765625 0.12864583333333332 0.5671875 0.1477430541666667
0 0.3724609375 0.35104166666666664 0.3568359375 0.340625 0.3470703125 0.340625 0.3451171875 0.34409722291666667 0.3333984375 0.3475694458333333 0.31484375 0.3736111125 0.308984375 0.39791666666666664 0.30703125 0.42916666666666664 0.308984375 0.4326388895833333 0.3109375 0.4569444458333333 0.3216796875 0.4829861125 0.33890625 0.5 0.3437500109375 0.5 0.36171875 0.4986111125 0.3744140625 0.48993055625 0.387109375 0.4638888895833333 0.3921875 0.442824075 0.3921875 0.39166666875 0.387109375 0.3736111125 0.3724609375 0.35104166666666664
0 0.2939453125 0.54131944375 0.3046875 0.5222222229166666 0.310546875 0.49097222291666665 0.310546875 0.45972222291666665 0.30859375 0.45625 0.30859375 0.44583333333333336 0.30078125 0.42152777916666667 0.2880859375 0.40243055624999996 0.2802734375 0.39548611250000004 0.2607421875 0.39548611250000004 0.2470703125 0.409375 0.236328125 0.42847222291666665 0.228515625 0.45625 0.23046875 0.45972222291666665 0.228515625 0.46319444583333336 0.228515625 0.49444444583333336 0.23046875 0.4979166666666667 0.23046875 0.5083333333333333 0.236328125 0.5256944458333334 0.2470703125 0.54479166875 0.2576171859375 0.5541666666666667 0.2734375171875 0.5541666666666667 0.283203125 0.5534722229166668 0.2939453125 0.54131944375
0 0.2076171875 0.5755208333333334 0.1998046875 0.5651041666666666 0.1861328125 0.5546875 0.1685546875 0.5546875 0.1568359375 0.5651041666666666 0.14609375 0.5842013875000001 0.136328125 0.6258680541666667 0.136328125 0.6536458333333334 0.13828125 0.6571180541666667 0.140234375 0.6848958333333334 0.148046875 0.7092013875000001 0.1646484375 0.7352430541666667 0.1744140625 0.7421875 0.1858398484375 0.74375 0.18837890156249998 0.74375 0.1998046875 0.7421875 0.2076171875 0.7352430541666667 0.218359375 0.7161458333333334 0.218359375 0.7092013875000001 0.225 0.6885416666666667 0.225 0.6276041666666666 0.218359375 0.5980902770833333 0.2076171875 0.5755208333333334
0 0.0921875 0.8208333333333333 0.078515625 0.7791666666666667 0.0658203125 0.76006944375 0.0580078125 0.753125 0.0404296875 0.753125 0.031640625 0.76875 0.02578125 0.8 0.02578125 0.8243055541666667 0.027734375 0.8277777770833333 0.031640625 0.8625 0.0453125 0.90069444375 0.0580078125 0.9197916666666667 0.0667968765625 0.925 0.078515625 0.925 0.0833984375 0.9232638875 0.090234375 0.9145833333333333 0.0953125 0.89351851875 0.0953125 0.84375 0.094140625 0.8416666666666667 0.0921875 0.8208333333333333