1 0.1060546875 0.4961805541666667 0.0943359375 0.4892361104166667 0.0845703125 0.4961805541666667 0.077734375 0.5083333333333333 0.071875 0.5256944437500001 0.071875 0.5465277770833333 0.069921875 0.5534722208333334 0.071875 0.55694444375 0.071875 0.5708333333333333 0.077734375 0.5916666666666667 0.0859375 0.60625 0.098828115625 0.60625 0.10703125 0.6055555541666667 0.1099609375 0.60381944375 0.11875 0.5847222208333334 0.11875 0.5743055541666667 0.1203125 0.5715277770833332 0.1203125 0.5344907395833334 0.11484375 0.5118055541666666 0.1060546875 0.4961805541666667
1 0.034375 0.5920138895833333 0.040234375 0.578125 0.040234375 0.5642361104166667 0.0421875 0.5607638895833333 0.040234375 0.5329861104166667 0.0333984375 0.5138888895833333 0.0216796875 0.5104166666666666 0.012890625 0.5295138895833333 0.012890625 0.5399305562500001 0.0109375 0.5434027770833333 0.012890625 0.5711805562500001 0.0236328125 0.59375 0.034375 0.5920138895833333
1 0.14609375 0.40381944583333335 0.1373046875 0.38125 0.1333984375 0.37777777916666666 0.1197265625 0.37777777916666666 0.1158203125 0.38125 0.10703125 0.40034722291666663 0.105078125 0.43159722291666663 0.1158203125 0.43680555625 0.1216796875 0.44375 0.128515625 0.459375 0.128515625 0.46631944583333335 0.1310546875 0.4708333333333333 0.1326171890625 0.4708333333333333 0.134375 0.46979166666666666 0.1421875 0.459375 0.14609375 0.43854166666666666 0.14609375 0.42465277916666666 0.146875 0.42326388958333333 0.146875 0.4190972229166666 0.14609375 0.41770833333333335 0.14609375 0.40381944583333335
1 0.16875 0.29131944375 0.153125 0.29131944375 0.1443359375 0.3034722208333333 0.1443359375 0.3104166666666667 0.1404296875 0.32083333333333336 0.1404296875 0.3486111104166667 0.1423828125 0.3555555541666667 0.15041852656250002 0.36666666666666664 0.15996093125 0.36666666666666664 0.1658203125 0.3659722208333333 0.1736328125 0.35208333333333336 0.1755859375 0.3416666666666667 0.1755859375 0.33125 0.1765625 0.32951388958333333 0.1765625 0.3173611104166667 0.1755859375 0.30694444375 0.16875 0.29131944375
1 0.9048828125 0.25 0.8970703125 0.24305555625 0.8853515625 0.23958333333333334 0.87265625 0.2552083333333333 0.866796875 0.2829861104166667 0.866796875 0.30381944375000003 0.87265625 0.328125 0.8833984375 0.35069444375000003 0.8892578125 0.3541666666666667 0.898046875 0.35243055624999997 0.9048828125 0.35069444375000003 0.913671875 0.3385416666666667 0.9171875 0.3260416666666667 0.9171875 0.28472222291666666 0.913671875 0.26909722291666666 0.9048828125 0.25
1 0.701953125 0.05954861041666667 0.690234375 0.05954861041666667 0.6814453125 0.07170138958333333 0.6794921875 0.07864583333333333 0.6794921875 0.09600694375 0.6921875 0.12204861041666668 0.69755859375 0.12291666666666666 0.70537109375 0.12291666666666666 0.7078125 0.12204861041666668 0.715625 0.10815972083333333 0.715625 0.08353851041666666 0.705859375 0.06302083333333333 0.701953125 0.05954861041666667
1 0.7251953125 0.05902777708333333 0.718359375 0.07118055625 0.71640625 0.08159722291666666 0.718359375 0.10243055625 0.7271484375 0.11805555625 0.737890625 0.11631944375 0.737890625 0.09201388958333333 0.746875 0.07604166666666666 0.746875 0.0735164125 0.7369140625 0.05902777708333333 0.7251953125 0.05902777708333333
1 0.8333984375 0.09114583333333333 0.83046875 0.09635416666666667 0.83828125 0.11371527916666667 0.83828125 0.12413194583333334 0.840234375 0.12760416666666666 0.8366350453125 0.15 0.8475260421874999 0.15 0.853125 0.14253472291666666 0.853125 0.11554608541666668 0.8431640625 0.09461805625 0.8333984375 0.09114583333333333
1 0.799609375 0.09027777708333334 0.791796875 0.09027777708333334 0.7849609375 0.09895833333333333 0.7810546875 0.11284722291666666 0.7830078125 0.13368055625 0.791796875 0.15625 0.79765625 0.15972222291666668 0.8083984375 0.15798611041666666 0.8162109375 0.14409722291666668 0.8171875 0.13541666666666666 0.8171875 0.12345678958333334 0.809375 0.09722222291666666 0.799609375 0.09027777708333334
0 0.840625 0.21145833333333333 0.83671875 0.20798611041666665 0.82109375 0.20798611041666665 0.811328125 0.21840277708333333 0.8025390625 0.24097222083333333 0.8025390625 0.27569444375 0.8103515625 0.3034722208333333 0.819140625 0.3190972208333333 0.8291015625 0.325 0.8337890609375 0.325 0.8357421875 0.3243055541666667 0.8484375 0.315625 0.8533203125 0.30694444375 0.8578125 0.2909722208333333 0.8578125 0.25104166666666666 0.8552734375 0.2375 0.840625 0.21145833333333333
0 0.745703125 0.20659722291666668 0.741796875 0.22048611041666666 0.73984375 0.23090277708333332 0.741796875 0.25868055625 0.745703125 0.27256944375000003 0.7564453125 0.2951388895833333 0.7662109375 0.3020833333333333 0.7828125 0.30034722291666666 0.7896484375 0.2951388895833333 0.8015625 0.2706997875 0.8015625 0.23368055625 0.800390625 0.22743055625 0.796484375 0.21354166666666666 0.7876953125 0.19791666666666666 0.7759765625 0.1875 0.7623046875 0.1875 0.7564453125 0.19097222291666668 0.745703125 0.20659722291666668
0 0.8798828125 0.15243055625000002 0.8701171875 0.14895833541666667 0.857421875 0.16458333541666667 0.85625 0.17083333541666665 0.85625 0.18472222291666668 0.857421875 0.19930555625000002 0.8681640625 0.22534722291666667 0.8701171859375 0.22708333333333333 0.8847656265625 0.22708333333333333 0.892578125 0.21666666874999999 0.89375 0.19791666875 0.89375 0.18263889166666666 0.890625 0.17152777916666664 0.8798828125 0.15243055625000002
0 0.930859375 0.16284722291666667 0.92109375 0.15937500208333333 0.9171875 0.16284722291666667 0.9125 0.17451389166666667 0.9125 0.19652777916666667 0.9181640625 0.21666666874999999 0.923046875 0.22534722291666667 0.9249999984375 0.22708333333333333 0.933789065625 0.22708333333333333 0.93671875 0.22534722291666667 0.940625 0.21562500208333332 0.940625 0.18541666666666667 0.9376953125 0.17500000208333333 0.930859375 0.16284722291666667
0 0.897265625 0.1357638875 0.8923828125 0.14791666458333333 0.8923828125 0.16874999791666667 0.901171875 0.19131944374999998 0.9039062515625 0.19375 0.90917968125 0.19375 0.9119140625 0.19305555416666667 0.9119140625 0.17569444374999998 0.9171875 0.16319444375 0.9171875 0.15034722083333335 0.908984375 0.1357638875 0.897265625 0.1357638875
0 0.879296875 0.10729166666666666 0.875390625 0.1107638875 0.8705078125 0.12291666666666666 0.8705078125 0.14722222083333333 0.879296875 0.15243055416666668 0.887841796875 0.16458333333333333 0.8900390625 0.16458333333333333 0.8953125 0.13958333125 0.8953125 0.12534722083333333 0.887109375 0.1107638875 0.879296875 0.10729166666666666
0 0.81484375 0.090625 0.8099609375 0.09930555625 0.8119140625 0.10972222291666665 0.8158203125 0.11666666666666667 0.8158203125 0.14444444583333332 0.8138671875 0.14791666666666667 0.8185546875 0.15625 0.82128906875 0.15625 0.8314453125 0.15486111249999998 0.8373046875 0.14444444583333332 0.8390625 0.12256944583333333 0.8390625 0.11966540416666667 0.828515625 0.09409722291666665 0.81484375 0.090625
0 0.6693359375 0.05277777708333333 0.6634765625 0.04930555416666667 0.6576171875 0.04930555416666667 0.6498046875 0.05625 0.644921875 0.06840277708333334 0.644921875 0.08923611041666667 0.646875 0.09618055416666667 0.656662328125 0.11041666666666666 0.6693359296875 0.11041666666666666 0.672265625 0.11006944375000001 0.6796875 0.09357638958333332 0.6796875 0.07048611041666668 0.678125 0.06493055416666667 0.6693359375 0.05277777708333333
0 0.273046875 0.171875 0.273046875 0.18576388958333334 0.2779296875 0.20138888958333334 0.2857421875 0.20833333333333334 0.296484375 0.20659722291666668 0.304296875 0.19618055625 0.3078125 0.1805555541666667 0.3078125 0.16408179166666667 0.2994140625 0.14583333333333334 0.2857421875 0.14583333333333334 0.276953125 0.15798611041666666 0.273046875 0.171875
0 0.31953125 0.1171875 0.3048828125 0.13975694375 0.3048828125 0.15017361041666666 0.3087890625 0.17100694375 0.313671875 0.1796875 0.321582034375 0.18125 0.323144528125 0.18125 0.329296875 0.1796875 0.3341796875 0.17100694375 0.3375 0.1592013875 0.3375 0.13200231458333334 0.329296875 0.12065972083333333 0.31953125 0.1171875
0 0.1939453125 0.24270833541666667 0.1822265625 0.24270833541666667 0.171484375 0.25833333541666664 0.167578125 0.28611111250000004 0.177604165625 0.3104166666666667 0.191015625 0.3104166666666667 0.198828125 0.3 0.2015625 0.2902777791666667 0.2015625 0.25520833541666665 0.198828125 0.24791666874999999 0.1939453125 0.24270833541666667
0 0.1494140625 0.27118055625 0.1455078125 0.2746527791666667 0.140625 0.2833333333333333 0.1390625 0.2916666666666667 0.1390625 0.29416666666666663 0.142578125 0.29791666666666666 0.1464843765625 0.29791666666666666 0.1484375 0.29722222291666667 0.1552734375 0.2920138895833333 0.1650390625 0.2920138895833333 0.165625 0.28472222291666666 0.165625 0.27936508125 0.1591796875 0.27118055625 0.1494140625 0.27118055625
0 0.1158203125 0.4375 0.1099609375 0.43402777708333334 0.1001953125 0.4375 0.0875 0.46006944375000003 0.08359375 0.48784722291666666 0.0865234375 0.49305555624999997 0.0962890625 0.4895833333333333 0.1060546875 0.49652777708333334 0.11484375 0.5121527770833334 0.11875 0.5295138895833333 0.1216796875 0.5347222229166667 0.124609375 0.5329861104166667 0.1296875 0.5119212958333333 0.1296875 0.46770833333333334 0.1265625 0.45659722291666666 0.1158203125 0.4375
0 0.05546875 0.4482638895833333 0.0505859375 0.4569444458333333 0.0466796875 0.47430555625 0.0466796875 0.5090277791666666 0.051422990625 0.5208333333333334 0.052148439062499996 0.5208333333333334 0.0544921875 0.5194444458333334 0.0564453125 0.5159722229166667 0.0544921875 0.4986111125 0.0583984375 0.48125 0.07109375 0.4621527791666667 0.075 0.4607638895833333 0.075 0.4555941375 0.0671875 0.44479166666666664 0.05546875 0.4482638895833333
0 0.0576171875 0.5142361125 0.0634765625 0.5142361125 0.0654296875 0.5107638895833333 0.0751953125 0.5142361125 0.083984375 0.49166666666666664 0.0859375 0.4708333333333333 0.0771484375 0.4621527791666667 0.07421875 0.45347222291666667 0.0673828125 0.44479166666666664 0.0556640625 0.4482638895833333 0.05078125 0.4569444458333333 0.046875 0.47430555625 0.046875 0.5090277791666666 0.053515625 0.5208333333333334 0.05390625 0.5208333333333334 0.0546875 0.5194444458333334 0.0576171875 0.5142361125
1 0.380859375 0.15034722291666666 0.380859375 0.14340277916666666 0.376953125 0.1329861125 0.376953125 0.115625 0.380859375 0.10520833333333333 0.3740234375 0.09652777916666667 0.3681640625 0.09652777916666667 0.357421875 0.11215277916666667 0.353515625 0.13993055625 0.361985084375 0.15833333333333333 0.36738281875 0.15833333333333333 0.375 0.15729166666666666 0.380859375 0.15034722291666666
1 0.343359375 0.10381944375 0.3384765625 0.11597222083333333 0.3384765625 0.13680555416666668 0.347265625 0.15243055416666668 0.3492187515625 0.15416666666666667 0.3560546875 0.15416666666666667 0.3580078125 0.15069444375 0.3560546875 0.14375 0.3560546875 0.12291666666666666 0.3580078125 0.1125 0.3625 0.10451388958333332 0.3625 0.096875 0.34921875 0.096875 0.343359375 0.10381944375
0 0.3072265625 0.1142361125 0.296484375 0.12986111250000001 0.29453125 0.14375 0.3 0.14791666666666667 0.3031249984375 0.14791666666666667 0.304296875 0.14722222083333333 0.308203125 0.12986111250000001 0.3171875 0.12027777916666667 0.3171875 0.11527777916666666 0.3169921875 0.1142361125 0.3072265625 0.1142361125
0 0.165234375 0.24618055416666668 0.1583984375 0.2618055541666667 0.1583984375 0.26875 0.1666015625 0.2833333333333333 0.1677734375 0.2833333333333333 0.1681640625 0.28263888958333333 0.1740234375 0.25486111041666665 0.1796875 0.24814814791666664 0.1796875 0.2473379625 0.176953125 0.23923611041666665 0.165234375 0.24618055416666668