0 0.3435546875 0.28229166666666666 0.3396484375 0.27534722291666663 0.3376953125 0.26493055625 0.326953125 0.24930555625 0.311328125 0.24236111249999998 0.29375 0.25277777916666666 0.2849609375 0.26840277916666666 0.2771484375 0.29965277916666666 0.2771484375 0.3170138895833333 0.2810546875 0.33784722291666663 0.291796875 0.36041666666666666 0.3005859359375 0.36666666666666664 0.30898438437500003 0.36666666666666664 0.3201171875 0.365625 0.330859375 0.35694444583333335 0.3357421875 0.3482638895833333 0.3376953125 0.33784722291666663 0.3416015625 0.33090277916666666 0.3435546875 0.31006944583333335 0.34375 0.3097222229166666 0.34375 0.30347222291666665 0.3435546875 0.303125 0.3435546875 0.28229166666666666
0 0.294094403125 0.4713197104166667 0.285305340625 0.4487502666666667 0.273586590625 0.43486137708333333 0.256008465625 0.4279169333333333 0.232570965625 0.4418058208333333 0.219875653125 0.4643752666666667 0.212063153125 0.4956252666666667 0.212063153125 0.5338197104166666 0.214016278125 0.5372919333333334 0.214016278125 0.5511808208333334 0.217922528125 0.5581252666666666 0.219875653125 0.5685419333333334 0.234524090625 0.5945836 0.242336590625 0.6015280437499999 0.266750653125 0.5997919333333334 0.273586590625 0.5945836 0.285305340625 0.5772224875 0.292141278125 0.5615974875 0.296875 0.5391561395833333 0.296875 0.49709632708333334 0.296047528125 0.4956252666666667 0.294094403125 0.4713197104166667
0 0.068359375 0.390625 0.064453125 0.3697916666666667 0.0576171875 0.3611111104166667 0.0537109375 0.3611111104166667 0.046875 0.3697916666666667 0.04296875 0.38368055624999997 0.041015625 0.4079861104166667 0.04296875 0.41840277708333334 0.0478515625 0.4270833333333333 0.0517578125 0.43055555624999997 0.05859375 0.42881944375000003 0.06640625 0.4114583333333333 0.068359375 0.390625
1 0.0919921875 0.33819444375 0.08515625 0.3260416666666667 0.075390625 0.3260416666666667 0.0666015625 0.3416666666666667 0.0646484375 0.35208333333333336 0.0646484375 0.3763888875 0.071484375 0.3920138875 0.0734375015625 0.39375 0.0822265625 0.39375 0.0900390625 0.38333333333333336 0.09375 0.3536458333333333 0.09375 0.3517361104166667 0.0919921875 0.3486111104166667 0.0919921875 0.33819444375
0 0.099609375 0.27256944375000003 0.095703125 0.28993055624999997 0.095703125 0.3072916666666667 0.099609375 0.3177083333333333 0.1044921875 0.3229166666666667 0.11328125 0.32118055624999997 0.119140625 0.3107638895833333 0.12109375 0.28993055624999997 0.123046875 0.2864583333333333 0.12109375 0.2829861104166667 0.12109375 0.27256944375000003 0.1142578125 0.2604166666666667 0.1103515625 0.2604166666666667 0.1044921875 0.26388888958333334 0.099609375 0.27256944375000003
1 0.1849609375 0.19270833333333334 0.1849609375 0.21006944375 0.1869140625 0.21701388958333334 0.195703125 0.22916666666666666 0.2005859375 0.22743055625 0.20546875 0.22569444375 0.2140625 0.20362654375 0.2140625 0.18159722291666666 0.2123046875 0.17534722291666668 0.203515625 0.16666666666666666 0.199609375 0.16666666666666666 0.18984375 0.17708333333333334 0.1849609375 0.19270833333333334
0 0.27421875 0.12881944375 0.2625 0.12534722083333333 0.2498046875 0.14097222083333336 0.2478515625 0.14791666458333333 0.2478515625 0.16874999791666667 0.2498046875 0.17569444374999998 0.2558203140625 0.18333333333333332 0.2642578 0.18333333333333332 0.2693359375 0.1826388875 0.2771484375 0.17222222083333336 0.2796875 0.15642360833333332 0.2796875 0.14062499791666666 0.2791015625 0.13749999791666667 0.27421875 0.12881944375
1 0.36015625 0.06944444375 0.350390625 0.06944444375 0.3396484375 0.08506944375 0.3376953125 0.09201388958333333 0.3376953125 0.11284722291666666 0.3484375 0.12847222291666666 0.3572265625 0.1267361104166667 0.3640625 0.12152777708333334 0.3689453125 0.109375 0.3703125 0.09479166666666666 0.3703125 0.08720238125 0.3640625 0.07291666666666667 0.36015625 0.06944444375
0 0.4193359375 0.05034722291666667 0.4173828125 0.06770833333333333 0.42779447187499997 0.08958333333333333 0.43242187187500003 0.08958333333333333 0.4388671875 0.08854166666666667 0.44375 0.08680555625 0.4466796875 0.08159722291666666 0.45 0.06979166666666667 0.45 0.05248015833333333 0.44375 0.03819444375 0.4343749984375 0.035416666666666666 0.430859375 0.035416666666666666 0.426171875 0.03819444375 0.4193359375 0.05034722291666667
1 0.4173828125 0.06770833333333333 0.42779447187499997 0.08958333333333333 0.43242187187500003 0.08958333333333333 0.4388671875 0.08854166666666667 0.44375 0.08680555625 0.4466796875 0.08159722291666666 0.45 0.06979166666666667 0.45 0.05248015833333333 0.44375 0.03819444375 0.4343749984375 0.035416666666666666 0.4314670140625 0.035416666666666666 0.4193359375 0.05034722291666667 0.4173828125 0.06770833333333333
1 0 0.5190972229166666 0.0010114984375 0.5690410124999999 0.0263671875 0.5833333333333334 0.03125 0.5572916666666666 0.03125 0.5260416666666666 0.0205078125 0.5 0 0.5190972229166666
1 0.4794921875 0.30486111250000003 0.4677734375 0.29097222291666663 0.4560546875 0.28402777916666666 0.4423828125 0.28402777916666666 0.4267578125 0.29444444583333335 0.412109375 0.32048611250000003 0.408203125 0.33090277916666666 0.4046875 0.3652777791666667 0.4046875 0.3697916666666667 0.40625 0.37256944583333335 0.40625 0.38993055625 0.4169921875 0.41944444583333335 0.43587239375 0.4395833333333333 0.44394532187499997 0.4395833333333333 0.455078125 0.43854166666666666 0.4638671875 0.43680555625 0.4716796875 0.42986111250000003 0.486328125 0.40729166666666666 0.4921875 0.38645833333333335 0.49375 0.35868055625 0.49375 0.3502083354166666 0.484375 0.31354166666666666 0.4794921875 0.30486111250000003
0 0.488671875 0.27256944375000003 0.484765625 0.2864583333333333 0.484765625 0.3142361104166667 0.492578125 0.33506944375000003 0.492578125 0.3420138895833333 0.496484375 0.35243055624999997 0.496484375 0.36284722291666666 0.5033203125 0.375 0.5111328125 0.38194444375000003 0.5208984375 0.38194444375000003 0.5228515625 0.3854166666666667 0.531640625 0.38368055624999997 0.5384765625 0.38194444375000003 0.5501953125 0.37152777708333334 0.5609375 0.35243055624999997 0.565625 0.3329861104166667 0.565625 0.2857638895833333 0.562890625 0.2760416666666667 0.5482421875 0.25 0.5345703125 0.23958333333333334 0.5150390625 0.23958333333333334 0.4994140625 0.25347222291666666 0.488671875 0.27256944375000003
0 0.5068359375 0.10034722291666666 0.4990234375 0.09340277916666667 0.4873046875 0.09340277916666667 0.4775390625 0.10034722291666666 0.470703125 0.11250000208333333 0.4671875 0.125 0.4671875 0.1517361125 0.470703125 0.1611111125 0.4814453125 0.1767361125 0.485546871875 0.17916666666666667 0.49257813125 0.17916666666666667 0.49609375 0.17847222291666667 0.5087890625 0.16979166874999999 0.513671875 0.1611111125 0.5171875 0.14861111249999998 0.5171875 0.12152777916666667 0.513671875 0.10902777916666667 0.5068359375 0.10034722291666666
0 0.641015625 0.16736111041666665 0.6234375 0.15347222083333334 0.613671875 0.15347222083333334 0.598046875 0.16736111041666665 0.5912109375 0.18298611041666665 0.5892578125 0.18993055416666668 0.5892578125 0.22465277708333334 0.5951171875 0.24548611041666665 0.605859375 0.2611111104166667 0.6136718765625 0.26666666666666666 0.6289062421875 0.26666666666666666 0.6322265625 0.26631944375 0.641015625 0.2576388875 0.6498046875 0.24201388750000002 0.653125 0.22725694375 0.653125 0.2013888875 0.6478515625 0.17951388750000002 0.641015625 0.16736111041666665
0 0.541796875 0.052083333333333336 0.5310546875 0.060763889583333335 0.5251953125 0.07465277708333334 0.5232421875 0.09201388958333333 0.5251953125 0.10243055625 0.533984375 0.11805555625 0.54375 0.125 0.5466796875 0.12326388958333333 0.5486328125 0.11979166666666667 0.5466796875 0.09548611041666667 0.5505859375 0.08159722291666666 0.557421875 0.07291666666666667 0.559375 0.06712962916666668 0.559375 0.0625 0.55546875 0.05555555625 0.541796875 0.052083333333333336
0 0.5078125 0.050000002083333335 0.4951171875 0.03090277916666667 0.4833984375 0.03090277916666667 0.4765625 0.04305555625 0.4775390625 0.04826388958333334 0.4814453125 0.04826388958333334 0.4847656234375 0.05416666666666667 0.49062500625 0.05416666666666667 0.494140625 0.053472222916666666 0.5078125 0.050000002083333335
1 0.5716796875 0.006423610416666667 0.566796875 0.015104166666666667 0.566796875 0.025520833333333333 0.570703125 0.032465277083333334 0.5725423171874999 0.052083333333333336 0.58896484375 0.052083333333333336 0.59375 0.0435763875 0.59375 0.018095620833333333 0.5814453125 0.002951389583333333 0.5716796875 0.006423610416666667
0 0.6109375 0.010416666666666666 0.603125 0.017361110416666665 0.5962890625 0.029513889583333335 0.5962890625 0.04340277708333333 0.60703125 0.0625 0.6216796875 0.060763889583333335 0.628125 0.04930555625 0.628125 0.03001543125 0.620703125 0.013888889583333335 0.6109375 0.010416666666666666
0 0.627734375 0.0027777791666666668 0.6228515625 0.011458333333333333 0.6228515625 0.018402779166666668 0.6287109375 0.03229166666666667 0.6287109375 0.04965277916666667 0.63125 0.05416666666666667 0.6351562546875 0.05416666666666667 0.6404296875 0.053125 0.646875 0.04453125 0.646875 0.015972222916666667 0.64140625 0.00625 0.627734375 0.0027777791666666668
0 0.662109375 0.029861112500000002 0.66796875 0.012499997916666667 0.6591796875 0.00034722083333333335 0.6513671875 0.00034722083333333335 0.64453125 0.009027779166666666 0.6484375 0.022916664583333336 0.6484375 0.04375 0.65234375 0.04791666666666667 0.6585937453125 0.04791666666666667 0.662109375 0.047222220833333335 0.662109375 0.029861112500000002
0 0.7041015625 0.0592013875 0.6904296875 0.0592013875 0.68359375 0.06788194375 0.6796875 0.08524305416666667 0.6796875 0.09565972083333334 0.68359375 0.10954861041666668 0.6904296875 0.1217013875 0.703125 0.12690972083333332 0.7119140625 0.1217013875 0.716796875 0.11302083333333333 0.71875 0.1060763875 0.71875 0.08177083333333333 0.7119140625 0.06614583333333333 0.7041015625 0.0592013875
0 0.7142578125 0.028472220833333332 0.7025390625 0.03194444375 0.69765625 0.040625 0.7015625 0.04756944375 0.703515625 0.05798611041666667 0.7172626203125 0.07916666666666666 0.722070309375 0.07916666666666666 0.723046875 0.07881944375000001 0.726953125 0.071875 0.728125 0.065625 0.728125 0.05798611041666667 0.725 0.04409722083333333 0.7142578125 0.028472220833333332
0 0.690234375 0.03402777916666667 0.682421875 0.03402777916666667 0.6716796875 0.04965277916666667 0.6697265625 0.06354166666666666 0.6736328125 0.07743055624999999 0.678125 0.08541666666666667 0.67890625 0.08541666666666667 0.6794921875 0.084375 0.684375 0.06527777916666667 0.690234375 0.058333333333333334 0.7015625 0.05678418958333333 0.7015625 0.04722222291666667 0.698046875 0.04097222291666667 0.690234375 0.03402777916666667
1 0.5107421875 0.013194445833333334 0.50625 0.024374999999999997 0.50625 0.02650463125 0.51171875 0.042708333333333334 0.51171875 0.05659722291666667 0.5162109375 0.06458333333333334 0.5177734390625 0.06458333333333334 0.51953125 0.06354166666666666 0.5234375 0.06006944583333333 0.525390625 0.04965277916666667 0.5328125 0.036458333333333336 0.5328125 0.027926589583333335 0.5263671875 0.013194445833333334 0.5107421875 0.013194445833333334
1 0.5443359375 0.00677083125 0.5365234375 0.013715279166666667 0.53359375 0.02239583125 0.53359375 0.035416666666666666 0.53701171875 0.035416666666666666 0.5384765625 0.0345486125 0.5462890625 0.01718749791666667 0.5560546875 0.01718749791666667 0.55625 0.01614583125 0.55625 0.01114583125 0.5521484375 0.00677083125 0.5443359375 0.00677083125
1 0.6021484375 0.0001736125 0.59140625 0.012326387500000001 0.5933227546875 0.03958333333333333 0.5953857421875 0.03958333333333333 0.597265625 0.026215279166666668 0.6001953125 0.021006945833333335 0.6119140625 0.014062502083333334 0.6140625 0.010243058333333332 0.6140625 0.007465279166666667 0.6119140625 0.0036458354166666665 0.6021484375 0.0001736125