1 0.5244140625 0.8611111104166667 0.5185546875 0.8611111104166667 0.5068359375 0.8715277770833333 0.48046875 0.9079861104166667 0.4765625 0.921875 0.46875 0.9357638895833333 0.458984375 0.9774305562500001 0.4599609375 1 0.65234375 0.9982638895833333 0.654296875 0.9947916666666666 0.65234375 0.9600694437499999 0.640625 0.9184027770833333 0.6201171875 0.8819444437499999 0.6083984375 0.8680555562500001 0.5751953125 0.8472222229166667 0.5498046875 0.8472222229166667 0.5478515625 0.8506944437499999 0.5400390625 0.8506944437499999 0.5244140625 0.8611111104166667
1 0.4814453125 0.26388888958333334 0.4677734375 0.26388888958333334 0.4521484375 0.27430555624999997 0.439453125 0.296875 0.431640625 0.328125 0.431640625 0.35243055624999997 0.4375 0.38368055624999997 0.4482421875 0.40625 0.4638671875 0.4201388895833333 0.4697265625 0.4201388895833333 0.4716796875 0.4236111104166667 0.4765625 0.421875 0.4873046875 0.4201388895833333 0.4990234375 0.40972222291666666 0.515625 0.38368055624999997 0.521484375 0.35590277708333334 0.521484375 0.33506944375000003 0.515625 0.30381944375000003 0.51171875 0.29340277708333334 0.4970703125 0.2708333333333333 0.4833984375 0.2673611104166667 0.4814453125 0.26388888958333334
1 0.3359375 0.3072916666666667 0.328125 0.33506944375000003 0.326171875 0.36631944375000003 0.33203125 0.39409722291666666 0.3408203125 0.40972222291666666 0.3583984375 0.4236111104166667 0.37890625 0.421875 0.3837890625 0.4201388895833333 0.39453125 0.4079861104166667 0.40625 0.36631944375000003 0.408203125 0.3385416666666667 0.400390625 0.3072916666666667 0.3916015625 0.2916666666666667 0.3798828125 0.28125 0.3642578125 0.27777777708333334 0.3486328125 0.28819444375000003 0.3359375 0.3072916666666667
1 0.38671875 0.25173611041666666 0.37890625 0.2795138895833333 0.3896484375 0.28819444375000003 0.40234375 0.3107638895833333 0.408203125 0.33506944375000003 0.408203125 0.35590277708333334 0.4111328125 0.3611111104166667 0.416015625 0.359375 0.4228515625 0.3576388895833333 0.431640625 0.3454861104166667 0.431640625 0.32118055624999997 0.44140625 0.28993055624999997 0.451171875 0.27256944375000003 0.443359375 0.24826388958333334 0.4345703125 0.23611111041666666 0.4248046875 0.22916666666666666 0.4052734375 0.22916666666666666 0.38671875 0.25173611041666666
1 0.5556640625 0.20138888958333334 0.546875 0.21701388958333334 0.54296875 0.23090277708333332 0.54296875 0.265625 0.548828125 0.28993055624999997 0.5576171875 0.30555555624999997 0.5712890625 0.31944444375000003 0.583984375 0.3177083333333333 0.5908203125 0.31597222291666666 0.6025390625 0.30555555624999997 0.607421875 0.296875 0.611328125 0.2829861104166667 0.61328125 0.23090277708333332 0.609375 0.21701388958333334 0.5927734375 0.19444444375 0.5869140625 0.19097222291666668 0.5673828125 0.19097222291666668 0.5556640625 0.20138888958333334
1 0.6259765625 0.21875 0.615234375 0.23784722291666668 0.611328125 0.2552083333333333 0.611328125 0.28993055624999997 0.6171875 0.3107638895833333 0.6279296875 0.3298611104166667 0.630859375 0.328125 0.63671875 0.296875 0.642578125 0.2829861104166667 0.6513671875 0.2708333333333333 0.6650390625 0.2604166666666667 0.685546875 0.25868055625 0.681640625 0.24131944375 0.6689453125 0.21875 0.6552734375 0.20833333333333334 0.6376953125 0.20833333333333334 0.6259765625 0.21875
1 0.5458984375 0.13888888958333334 0.5361328125 0.14583333333333334 0.53125 0.15451388958333334 0.52734375 0.16840277708333332 0.52734375 0.17881944375 0.533203125 0.19965277708333332 0.533203125 0.22048611041666666 0.5400390625 0.23263888958333334 0.54296875 0.23090277708333332 0.546875 0.21701388958333334 0.5595703125 0.19791666666666666 0.5673828125 0.19097222291666668 0.5791015625 0.19097222291666668 0.58203125 0.18576388958333334 0.580078125 0.16493055625 0.576171875 0.15451388958333334 0.5693359375 0.14583333333333334 0.5595703125 0.13888888958333334 0.5458984375 0.13888888958333334
1 0.515625 0.1267361104166667 0.515625 0.13368055625 0.51953125 0.13368055625 0.5302734375 0.11805555625 0.5419921875 0.11805555625 0.5517578125 0.125 0.5556640625 0.13194444375 0.560546875 0.13020833333333334 0.5537109375 0.11111111041666667 0.5380859375 0.10069444375 0.5361328125 0.10416666666666667 0.5244140625 0.10763888958333333 0.515625 0.1267361104166667
1 0.4775390625 0.11805555625 0.470703125 0.13020833333333334 0.466796875 0.14756944375 0.4697265625 0.15277777708333332 0.470703125 0.15104166666666666 0.4814453125 0.13888888958333334 0.4873046875 0.13888888958333334 0.4892578125 0.13541666666666666 0.5029296875 0.13888888958333334 0.5107421875 0.14930555625 0.513671875 0.14409722291666668 0.513671875 0.13368055625 0.5029296875 0.11458333333333333 0.4853515625 0.11111111041666667 0.4775390625 0.11805555625
1 0.4453125 0.15451388958333334 0.4453125 0.14409722291666668 0.4365234375 0.12847222291666666 0.4306640625 0.125 0.4189453125 0.125 0.40625 0.140625 0.4072265625 0.14583333333333334 0.4130859375 0.14236111041666666 0.4306640625 0.14236111041666666 0.4423828125 0.15625 0.4453125 0.15451388958333334
1 0.33203125 0.19618055625 0.3349609375 0.20138888958333334 0.345703125 0.19965277708333332 0.34765625 0.18576388958333334 0.3603515625 0.16319444375 0.3662109375 0.16319444375 0.369140625 0.15798611041666666 0.3662109375 0.15277777708333332 0.3623046875 0.14930555625 0.3486328125 0.14930555625 0.3359375 0.16493055625 0.33203125 0.18229166666666666 0.33203125 0.19618055625
0 0.6220703125 0.37152777708333334 0.6005859375 0.3888888895833333 0.587890625 0.4114583333333333 0.578125 0.4427083333333333 0.578125 0.453125 0.57421875 0.4670138895833333 0.57421875 0.48090277708333334 0.576171875 0.484375 0.576171875 0.5017361104166667 0.58203125 0.5260416666666666 0.5986328125 0.5555555562500001 0.6220703125 0.5763888895833333 0.640625 0.5746527770833333 0.6572265625 0.5625 0.671875 0.5399305562500001 0.67578125 0.52256944375 0.69140625 0.48784722291666666 0.69140625 0.453125 0.68359375 0.41840277708333334 0.677734375 0.4045138895833333 0.6669921875 0.3888888895833333 0.6416015625 0.37152777708333334 0.6220703125 0.37152777708333334
0 0.791015625 0.5364583333333334 0.783203125 0.5121527770833334 0.7626953125 0.4791666666666667 0.7412109375 0.46527777708333334 0.7177734375 0.46875 0.6982421875 0.4861111104166667 0.6796875 0.515625 0.66796875 0.5572916666666666 0.66796875 0.5711805562500001 0.666015625 0.5746527770833333 0.66796875 0.6163194437499999 0.677734375 0.6579861104166667 0.6904296875 0.6840277770833333 0.7041015625 0.6944444437499999 0.7333984375 0.6944444437499999 0.7353515625 0.6979166666666666 0.751953125 0.6961805562500001 0.7568359375 0.6944444437499999 0.7626953125 0.6840277770833333 0.7685546875 0.6805555562500001 0.78125 0.6579861104166667 0.7890625 0.6336805562500001 0.79296875 0.5989583333333334 0.794921875 0.5954861104166667 0.794921875 0.5677083333333334 0.79296875 0.5642361104166667 0.791015625 0.5364583333333334
0 0.6328125 0.8038194437499999 0.6328125 0.796875 0.642578125 0.7621527770833333 0.642578125 0.734375 0.640625 0.7309027770833333 0.638671875 0.703125 0.626953125 0.6614583333333334 0.6123046875 0.6319444437499999 0.6005859375 0.6180555562500001 0.5830078125 0.6041666666666666 0.5751953125 0.6041666666666666 0.5732421875 0.6006944437499999 0.5498046875 0.6006944437499999 0.5478515625 0.6041666666666666 0.5419921875 0.6041666666666666 0.5205078125 0.6215277770833333 0.5048828125 0.6423611104166667 0.490234375 0.671875 0.48046875 0.7135416666666666 0.48046875 0.734375 0.478515625 0.7378472229166667 0.48046875 0.7447916666666666 0.478515625 0.7482638895833333 0.48046875 0.7864583333333334 0.4921875 0.828125 0.5107421875 0.8611111104166667 0.51953125 0.859375 0.5322265625 0.8506944437499999 0.5498046875 0.8472222229166667 0.5517578125 0.84375 0.5693359375 0.84375 0.5712890625 0.8472222229166667 0.5830078125 0.8472222229166667 0.5966796875 0.8576388895833333 0.6064453125 0.8576388895833333 0.6171875 0.8420138895833333 0.6328125 0.8038194437499999
0 0.794921875 0.8107638895833333 0.79296875 0.8072916666666666 0.7890625 0.7760416666666666 0.78125 0.7517361104166667 0.7568359375 0.7118055562500001 0.7333984375 0.6979166666666666 0.7080078125 0.6979166666666666 0.7060546875 0.7013888895833333 0.6884765625 0.7048611104166667 0.6806640625 0.7118055562500001 0.6689453125 0.7256944437499999 0.6484375 0.7586805562500001 0.642578125 0.7725694437499999 0.62890625 0.8246527770833333 0.62890625 0.8385416666666666 0.626953125 0.8420138895833333 0.626953125 0.8802083333333334 0.62890625 0.890625 0.642578125 0.9149305562500001 0.6484375 0.9322916666666666 0.65625 0.9461805562500001 0.66015625 0.9635416666666666 0.6650390625 0.96875 0.6669921875 0.9756944437499999 0.6806640625 0.9895833333333334 0.6923828125 0.9930555562500001 0.6943359375 0.9965277770833333 0.72265625 0.9947916666666666 0.7490234375 0.9791666666666666 0.7548828125 0.9722222229166667 0.7607421875 0.9583333333333334 0.7646484375 0.9583333333333334 0.775390625 0.9392361104166667 0.78125 0.9184027770833333 0.787109375 0.9079861104166667 0.7890625 0.890625 0.79296875 0.8802083333333334 0.794921875 0.8107638895833333
0 0.4482421875 0.625 0.4267578125 0.6041666666666666 0.4150390625 0.6006944437499999 0.4130859375 0.5972222229166667 0.3955078125 0.5972222229166667 0.3935546875 0.6006944437499999 0.3720703125 0.6076388895833333 0.3603515625 0.6180555562500001 0.341796875 0.6510416666666666 0.33203125 0.6822916666666666 0.330078125 0.7100694437499999 0.328125 0.7135416666666666 0.328125 0.7378472229166667 0.330078125 0.7413194437499999 0.330078125 0.7586805562500001 0.333984375 0.7795138895833333 0.341796875 0.8038194437499999 0.3505859375 0.8159722229166667 0.3740234375 0.8159722229166667 0.3759765625 0.8194444437499999 0.3837890625 0.8194444437499999 0.4013671875 0.8333333333333334 0.4052734375 0.8333333333333334 0.4169921875 0.8472222229166667 0.4296875 0.8559027770833333 0.4462890625 0.84375 0.4541015625 0.8333333333333334 0.466796875 0.8107638895833333 0.474609375 0.7864583333333334 0.4765625 0.7760416666666666 0.4765625 0.6996527770833333 0.47265625 0.6892361104166667 0.47265625 0.6822916666666666 0.4609375 0.6475694437499999 0.4482421875 0.625
0 0.3857421875 0.8229166666666666 0.3798828125 0.8229166666666666 0.3779296875 0.8194444437499999 0.3466796875 0.8194444437499999 0.3447265625 0.8229166666666666 0.3330078125 0.8263888895833333 0.3173828125 0.8402777770833333 0.298828125 0.8697916666666666 0.2890625 0.8975694437499999 0.28515625 0.9184027770833333 0.28515625 0.9774305562500001 0.287109375 0.9809027770833333 0.287109375 0.9947916666666666 0.2900390625 1 0.451171875 0.9982638895833333 0.4541015625 0.9965277770833333 0.45703125 0.9878472229166667 0.4609375 0.9600694437499999 0.458984375 0.9565972229166667 0.45703125 0.9357638895833333 0.4453125 0.8975694437499999 0.4267578125 0.8611111104166667 0.4189453125 0.8541666666666666 0.4130859375 0.84375 0.3857421875 0.8229166666666666
0 0.3076171875 0.4236111104166667 0.3017578125 0.4236111104166667 0.2841796875 0.44097222291666666 0.2734375 0.4635416666666667 0.265625 0.4947916666666667 0.265625 0.5399305562500001 0.2734375 0.5746527770833333 0.2900390625 0.6041666666666666 0.3076171875 0.6180555562500001 0.32421875 0.6163194437499999 0.3349609375 0.6111111104166667 0.3505859375 0.59375 0.36328125 0.5642361104166667 0.3671875 0.5434027770833333 0.3671875 0.4982638895833333 0.359375 0.4635416666666667 0.3466796875 0.4375 0.3330078125 0.4236111104166667 0.3095703125 0.4201388895833333 0.3076171875 0.4236111104166667
0 0.3095703125 0.2708333333333333 0.3017578125 0.27777777708333334 0.287109375 0.30381944375000003 0.283203125 0.32118055624999997 0.283203125 0.35590277708333334 0.291015625 0.3802083333333333 0.3056640625 0.39930555624999997 0.3115234375 0.40277777708333334 0.318359375 0.4010416666666667 0.330078125 0.39409722291666666 0.326171875 0.3732638895833333 0.326171875 0.3489583333333333 0.33203125 0.3177083333333333 0.3359375 0.3107638895833333 0.337890625 0.30034722291666666 0.34375 0.29340277708333334 0.3369140625 0.27777777708333334 0.3291015625 0.2708333333333333 0.3095703125 0.2708333333333333
0 0.234375 0.30381944375000003 0.23046875 0.3177083333333333 0.23046875 0.3489583333333333 0.232421875 0.35243055624999997 0.232421875 0.3697916666666667 0.2392578125 0.3854166666666667 0.2509765625 0.3958333333333333 0.263671875 0.39409722291666666 0.2744140625 0.3854166666666667 0.283203125 0.36631944375000003 0.283203125 0.32118055624999997 0.28515625 0.3177083333333333 0.28515625 0.30381944375000003 0.2724609375 0.28125 0.2666015625 0.27777777708333334 0.2529296875 0.27777777708333334 0.2451171875 0.28472222291666666 0.234375 0.30381944375000003
0 0.302734375 0.26909722291666666 0.3037109375 0.27430555624999997 0.3095703125 0.2708333333333333 0.3291015625 0.2708333333333333 0.3349609375 0.27430555624999997 0.3447265625 0.2916666666666667 0.345703125 0.28993055624999997 0.3603515625 0.28125 0.36328125 0.2760416666666667 0.36328125 0.26909722291666666 0.361328125 0.265625 0.361328125 0.2552083333333333 0.3447265625 0.22916666666666666 0.3251953125 0.22916666666666666 0.3173828125 0.23611111041666666 0.306640625 0.2552083333333333 0.302734375 0.26909722291666666
0 0.3232421875 0.22916666666666666 0.3466796875 0.22916666666666666 0.3603515625 0.25347222291666666 0.36328125 0.25173611041666666 0.36328125 0.23784722291666668 0.359375 0.22048611041666666 0.3447265625 0.20138888958333334 0.3310546875 0.20138888958333334 0.3212890625 0.20833333333333334 0.3125 0.22395833333333334 0.306640625 0.24131944375 0.3076171875 0.24652777708333332 0.3115234375 0.24652777708333332 0.3232421875 0.22916666666666666
0 0.3857421875 0.19444444375 0.375 0.21354166666666666 0.37109375 0.22743055625 0.37109375 0.2552083333333333 0.373046875 0.265625 0.3779296875 0.27430555624999997 0.380859375 0.27256944375000003 0.38671875 0.25173611041666666 0.4052734375 0.22916666666666666 0.4248046875 0.22916666666666666 0.4287109375 0.23263888958333334 0.431640625 0.22743055625 0.4296875 0.21354166666666666 0.4169921875 0.19097222291666668 0.4111328125 0.1875 0.3935546875 0.1875 0.3857421875 0.19444444375
0 0.4111328125 0.1875 0.4248046875 0.20138888958333334 0.4296875 0.21701388958333334 0.4326171875 0.22222222291666668 0.43359375 0.22048611041666666 0.4443359375 0.19791666666666666 0.4501953125 0.19097222291666668 0.4609375 0.18576388958333334 0.458984375 0.171875 0.4482421875 0.15625 0.4423828125 0.15277777708333332 0.4248046875 0.15625 0.4189453125 0.16319444375 0.41015625 0.18229166666666666 0.4111328125 0.1875
0 0.46484375 0.18229166666666666 0.4677734375 0.1875 0.474609375 0.18576388958333334 0.478515625 0.17534722291666668 0.4873046875 0.16319444375 0.4990234375 0.15625 0.5107421875 0.15972222291666668 0.51171875 0.15104166666666666 0.4990234375 0.13541666666666666 0.4873046875 0.13541666666666666 0.4736328125 0.14583333333333334 0.466796875 0.15798611041666666 0.46484375 0.18229166666666666
0 0.513671875 0.16145833333333334 0.5244140625 0.17361111041666666 0.52734375 0.171875 0.5341796875 0.14930555625 0.5478515625 0.13888888958333334 0.5556640625 0.13888888958333334 0.556640625 0.13368055625 0.5517578125 0.125 0.5419921875 0.11805555625 0.5322265625 0.11805555625 0.5244140625 0.125 0.513671875 0.14409722291666668 0.513671875 0.16145833333333334
0 0.5732421875 0.14930555625 0.578125 0.15798611041666666 0.5830078125 0.17708333333333334 0.59375 0.17534722291666668 0.60546875 0.15798611041666666 0.607421875 0.15104166666666666 0.607421875 0.13020833333333334 0.603515625 0.11631944375 0.5947265625 0.10069444375 0.5771484375 0.09722222291666666 0.564453125 0.11284722291666666 0.560546875 0.12326388958333333 0.560546875 0.13715277708333332 0.5732421875 0.14930555625