0 0.8701171875 0.3996527791666667 0.8583984375 0.3927083333333333 0.8408203125 0.3927083333333333 0.8330078125 0.3996527791666667 0.818359375 0.4256944458333333 0.8125 0.4465277791666667 0.8125 0.46041666666666664 0.8109375 0.46319444583333336 0.8109375 0.47222222291666666 0.8125 0.5055555562499999 0.818359375 0.5298611125 0.8369140625 0.559375 0.8421874984375 0.5625 0.8468750093749999 0.5625 0.86328125 0.5611111125 0.8720703125 0.5559027791666666 0.8828125 0.53680555625 0.890625 0.5125 0.8921875 0.5041666666666667 0.8921875 0.452199075 0.880859375 0.4152777791666667 0.8701171875 0.3996527791666667
0 0.8734375 0.3329861104166667 0.8578125 0.315625 0.840234375 0.315625 0.834375 0.3190972208333333 0.8236328125 0.3347222208333333 0.8177734375 0.3555555541666667 0.8177734375 0.4041666666666667 0.820703125 0.4128472208333333 0.8421875 0.3920138875 0.8578125 0.3920138875 0.871484375 0.4024305541666667 0.8783203125 0.41458333333333336 0.8841796875 0.41458333333333336 0.8859375 0.40833333125 0.8859375 0.3754629625 0.8802734375 0.3486111104166667 0.8734375 0.3329861104166667
0 0.7388671875 0.359375 0.7291015625 0.39756944375000003 0.7291015625 0.4322916666666667 0.7388671875 0.4704861104166667 0.753515625 0.49305555624999997 0.76328125 0.5 0.7857421875 0.4982638895833333 0.79453125 0.49305555624999997 0.8111328125 0.45659722291666666 0.8150390625 0.42534722291666666 0.815625 0.42430555625 0.815625 0.4 0.8150390625 0.390625 0.8052734375 0.36284722291666666 0.796484375 0.34722222291666666 0.77890625 0.3333333333333333 0.761328125 0.3333333333333333 0.7515625 0.34027777708333334 0.7388671875 0.359375
0 0.69609375 0.43819444375 0.684375 0.42430555416666665 0.67265625 0.4173611104166667 0.653125 0.41388888749999997 0.651171875 0.4173611104166667 0.643359375 0.4173611104166667 0.631640625 0.42430555416666665 0.6130859375 0.45034722083333334 0.6052734375 0.478125 0.6052734375 0.49201388749999997 0.6013671875 0.509375 0.6013671875 0.540625 0.6111328125 0.5788194437499999 0.623828125 0.6013888875000001 0.64140625 0.61875 0.651171875 0.61875 0.65234375 0.6208333333333333 0.6617187453125 0.6208333333333333 0.6638671875 0.6204861104166667 0.67265625 0.61875 0.684375 0.6083333333333333 0.68828125 0.6013888875000001 0.694140625 0.5979166666666667 0.7009765625 0.5822916666666667 0.7068359375 0.5753472208333333 0.7146484375 0.5475694437499999 0.715625 0.5284722208333333 0.715625 0.5045138895833333 0.7068359375 0.46076388749999997 0.69609375 0.43819444375
0 0.647265625 0.2982638875 0.631640625 0.284375 0.608203125 0.284375 0.596484375 0.2947916666666667 0.5818359375 0.3173611104166667 0.5740234375 0.3555555541666667 0.5759765625 0.38333333333333336 0.5818359375 0.4076388875 0.5984375 0.43715277708333333 0.606575521875 0.44583333333333336 0.6130859375 0.44583333333333336 0.635546875 0.4197916666666667 0.65703125 0.4128472208333333 0.6638671875 0.39375 0.6638671875 0.38333333333333336 0.6640625 0.3829861104166667 0.6640625 0.33229166666666665 0.6638671875 0.33125 0.647265625 0.2982638875
0 0.798828125 0.28958333333333336 0.7841796875 0.2670138875 0.7724609375 0.26006944375 0.7529296875 0.2635416666666667 0.73828125 0.2861111104166667 0.7328125 0.31203703541666666 0.7328125 0.33194444375000004 0.734375 0.3347222208333333 0.734375 0.3451388875 0.7388392859375 0.35625 0.73984375 0.35625 0.7451171875 0.346875 0.7626953125 0.3329861104166667 0.7783203125 0.3329861104166667 0.7958984375 0.346875 0.801171875 0.35625 0.8035156234375 0.35625 0.8046875 0.3555555541666667 0.80625 0.35 0.80625 0.31875 0.802734375 0.3 0.798828125 0.28958333333333336
0 0.8314453125 0.2597222229166667 0.8197265625 0.24583333333333332 0.8041015625 0.24236111249999998 0.7923828125 0.24930555625 0.785546875 0.26840277916666666 0.79921875 0.28923611250000003 0.805078125 0.30659722291666663 0.80703125 0.3170138895833333 0.80703125 0.35173611250000003 0.805078125 0.35868055625 0.8113671859375 0.36666666666666664 0.8138671890625 0.36666666666666664 0.816796875 0.365625 0.82265625 0.33784722291666663 0.8294921875 0.32569444583333335 0.84375 0.31386574166666664 0.84375 0.29756944583333333 0.840234375 0.27881944583333335 0.8314453125 0.2597222229166667
0 0.79296875 0.22725694375 0.787109375 0.20295138750000002 0.779296875 0.18559027708333334 0.7685546875 0.17690972083333334 0.7509765625 0.17690972083333334 0.7470703125 0.18038194375 0.740234375 0.19253472083333334 0.73828125 0.20295138750000002 0.7490234375 0.20468749791666668 0.7607421875 0.21510416458333334 0.771484375 0.23420138750000002 0.7770141609375 0.2604166666666667 0.7858593734375 0.2604166666666667 0.79296875 0.24461805416666668 0.79296875 0.22725694375
0 0.760546875 0.21527777708333332 0.746875 0.20486111041666666 0.7390625 0.20486111041666666 0.72734375 0.21180555625 0.7185546875 0.22743055625 0.7126953125 0.24826388958333334 0.7126953125 0.2760416666666667 0.7185546875 0.30034722291666666 0.72734375 0.31597222291666666 0.7322265625 0.3142361104166667 0.7380859375 0.2864583333333333 0.748828125 0.2673611104166667 0.760546875 0.2604166666666667 0.772265625 0.2604166666666667 0.77421875 0.26388888958333334 0.7765625 0.2597222229166667 0.7765625 0.25625 0.7712890625 0.234375 0.760546875 0.21527777708333332
0 0.862890625 0.19131944583333332 0.858984375 0.18784722291666667 0.843359375 0.18784722291666667 0.8365234375 0.19652777916666667 0.8326171875 0.21041666666666667 0.8326171875 0.23819444583333332 0.8345703125 0.24861111249999998 0.847265625 0.27465277708333335 0.85 0.27708333333333335 0.858789065625 0.27708333333333335 0.8638671875 0.2763888895833333 0.8755859375 0.25902777916666664 0.8765625 0.25555555625 0.8765625 0.22430555625 0.8716796875 0.20694444583333332 0.862890625 0.19131944583333332
1 0.6923828125 0.21909722291666667 0.6806640625 0.20868055625 0.6611328125 0.20868055625 0.6494140625 0.21909722291666667 0.642578125 0.23125 0.6375 0.24930555625 0.6375 0.28564814791666665 0.6396484375 0.2920138895833333 0.6455078125 0.2954861125 0.658203125 0.3145833333333333 0.6650390625 0.3371527791666667 0.6677734375 0.33958333333333335 0.6730468765625 0.33958333333333335 0.67578125 0.3388888895833333 0.6904296875 0.3302083333333333 0.69921875 0.31805555625 0.70625 0.29305555624999996 0.70625 0.253125 0.69921875 0.23125 0.6923828125 0.21909722291666667
1 0.83203125 0.20642361041666665 0.8359375 0.19600694375 0.833984375 0.17517361041666665 0.8212890625 0.14913194375 0.8154296875 0.14565972083333334 0.8037109375 0.14913194375 0.796875 0.16475694375 0.8037109375 0.16649305416666668 0.8134765625 0.17690972083333334 0.8203125 0.18906249791666668 0.8240234375 0.21875 0.8290039046875 0.21875 0.83203125 0.21336805416666668 0.83203125 0.20642361041666665
1 0.6009765625 0.04479166875 0.5892578125 0.04479166875 0.578515625 0.06041666875 0.582421875 0.09166666666666666 0.5899553562500001 0.10208333333333333 0.601953125 0.10208333333333333 0.61171875 0.08819444583333333 0.6125 0.0798611125 0.6125 0.06481481666666666 0.6048828125 0.04826388958333334 0.6009765625 0.04479166875
1 0.51015625 0.08368055416666667 0.50625 0.08368055416666667 0.490625 0.09409722083333333 0.4837890625 0.10972222083333333 0.4818359375 0.12708333333333333 0.4857421875 0.14444444583333332 0.490625 0.153125 0.4994140625 0.1625 0.5056640578125 0.1625 0.5091796875 0.16180555416666667 0.51796875 0.15659722083333336 0.5248046875 0.14097222083333336 0.5265625 0.13472222291666666 0.5265625 0.10927579166666666 0.519921875 0.09409722083333333 0.51015625 0.08368055416666667
1 0.4576171875 0.06284722291666667 0.446875 0.07847222291666665 0.444921875 0.09930555625 0.446875 0.10625 0.45690104218750005 0.12083333333333333 0.465234378125 0.12083333333333333 0.4703125 0.12013888958333332 0.47421875 0.11319444583333334 0.47421875 0.09930555625 0.4796875 0.08634259166666666 0.4796875 0.07777777916666667 0.4712890625 0.06284722291666667 0.4576171875 0.06284722291666667
1 0.5521484375 0.0421875 0.5482421875 0.045659722916666666 0.54140625 0.061284722916666666 0.54140625 0.06666666666666667 0.5466936390625 0.06666666666666667 0.5560546875 0.05607638958333334 0.571875 0.0577308 0.571875 0.05586805625 0.5677734375 0.045659722916666666 0.5521484375 0.0421875
1 0.35703125 0.11284722291666666 0.355078125 0.11979166666666667 0.355078125 0.13715277708333332 0.35703125 0.14409722291666668 0.3658203125 0.15625 0.378515625 0.15451388958333334 0.3814453125 0.15277777708333332 0.3890625 0.13622685208333335 0.3890625 0.10767045416666667 0.3794921875 0.09375 0.3716796875 0.09375 0.3658203125 0.09722222291666666 0.35703125 0.11284722291666666
1 0.21171875 0.18385416458333334 0.2078125 0.18732638750000002 0.1990234375 0.20642361041666665 0.1990234375 0.23072916458333334 0.205859375 0.24288194375 0.21025391093749998 0.24375 0.215787759375 0.24375 0.221484375 0.23940972083333334 0.2265625 0.2252232125 0.2265625 0.19546130833333333 0.221484375 0.18385416458333334 0.21171875 0.18385416458333334
1 0.188671875 0.36527777708333337 0.1828125 0.36180555416666665 0.1671875 0.36527777708333337 0.159375 0.37222222083333334 0.1505859375 0.39479166666666665 0.1486328125 0.40520833333333334 0.1486328125 0.43645833333333334 0.1525390625 0.45034722083333334 0.1605468765625 0.46458333333333335 0.165234371875 0.46458333333333335 0.1662109375 0.4642361104166667 0.1681640625 0.42951388749999997 0.1720703125 0.42256944375 0.1740234375 0.41215277708333337 0.17890625 0.40347222083333334 0.190625 0.39305555416666665 0.19453125 0.39305555416666665 0.196875 0.3888888875 0.196875 0.3847222208333333 0.1955078125 0.37743055416666665 0.188671875 0.36527777708333337
1 0.2048828125 0.4979166666666667 0.19609375 0.4822916666666667 0.18046875 0.471875 0.166796875 0.4753472208333333 0.15703125 0.4857638875 0.1482421875 0.5013888875 0.1423828125 0.5222222208333334 0.1404296875 0.5534722208333334 0.1423828125 0.55694444375 0.1423828125 0.5743055541666667 0.1443359375 0.58125 0.14921875 0.5864583333333333 0.158984375 0.5760416666666667 0.1765625 0.57256944375 0.178515625 0.5760416666666667 0.184375 0.5760416666666667 0.2001953125 0.5916666666666667 0.2068359375 0.5916666666666667 0.2078125 0.5847222229166668 0.2078125 0.5737268520833333 0.2029296875 0.5534722208333334 0.2048828125 0.4979166666666667
1 0.255078125 0.36805555624999997 0.2404296875 0.39756944375000003 0.2365234375 0.41493055624999997 0.2365234375 0.44618055624999997 0.239453125 0.4513888895833333 0.25703125 0.4513888895833333 0.262890625 0.4548611104166667 0.27265625 0.46527777708333334 0.287934028125 0.49583333333333335 0.2917968734375 0.49583333333333335 0.2970703125 0.4947916666666667 0.3048828125 0.48090277708333334 0.3125 0.4470486125 0.3125 0.41041666666666665 0.3107421875 0.4010416666666667 0.3068359375 0.38715277708333334 0.298046875 0.37152777708333334 0.28828125 0.3611111104166667 0.28359375 0.35833333333333334 0.278125003125 0.35833333333333334 0.2609375 0.3611111104166667 0.255078125 0.36805555624999997
1 0.39375 0.5138888895833333 0.378125 0.5277777770833334 0.3615234375 0.5607638895833333 0.3556640625 0.5815972229166667 0.3556640625 0.6302083333333334 0.3537109375 0.6336805562500001 0.3556640625 0.6371527770833333 0.3556640625 0.6510416666666666 0.3615234375 0.671875 0.3732421875 0.6996527770833333 0.3859375 0.7152777770833333 0.409375 0.7291666666666666 0.4298828125 0.7274305562500001 0.442578125 0.71875 0.4650390625 0.6857638895833333 0.4748046875 0.6545138895833333 0.4748046875 0.6440972229166667 0.4765625 0.6409722229166667 0.4765625 0.6015972229166666 0.4669921875 0.5607638895833333 0.45234375 0.53125 0.438671875 0.5173611104166667 0.426953125 0.5104166666666666 0.4015625 0.5104166666666666 0.399609375 0.5138888895833333 0.39375 0.5138888895833333
0 0.3513671875 0.6545138895833333 0.3435546875 0.6371527770833333 0.3435546875 0.6302083333333334 0.326953125 0.6006944437499999 0.311328125 0.5868055562500001 0.29765625 0.5833333333333334 0.295703125 0.5798611104166667 0.276171875 0.5833333333333334 0.2625 0.5972222229166667 0.2498046875 0.6163194437499999 0.2419921875 0.640625 0.2419921875 0.6475694437499999 0.2380859375 0.6545138895833333 0.2380859375 0.6684027770833333 0.2361328125 0.671875 0.2361328125 0.7100694437499999 0.2380859375 0.7135416666666666 0.2380859375 0.7239583333333334 0.2498046875 0.7621527770833333 0.264453125 0.7881944437499999 0.2703125 0.7916666666666666 0.27421875 0.7986111104166667 0.287890625 0.8020833333333334 0.28984375 0.8055555562500001 0.3162109375 0.8038194437499999 0.330859375 0.7916666666666666 0.3435546875 0.7690972229166667 0.3513671875 0.7413194437499999 0.3513671875 0.7309027770833333 0.3546875 0.7161458333333334 0.3546875 0.6881944437499999 0.3533203125 0.6857638895833333 0.3513671875 0.6545138895833333
0 0.19609375 0.5873263895833334 0.184375 0.5769097229166668 0.166796875 0.5734375 0.151171875 0.5838541666666667 0.1404296875 0.6029513895833334 0.1326171875 0.6307291666666667 0.1326171875 0.6480902770833333 0.1306640625 0.6515625 0.1326171875 0.6550347229166668 0.1326171875 0.68975694375 0.1423828125 0.7244791666666667 0.15703125 0.7470486104166666 0.16875 0.75399305625 0.17041014999999998 0.7541666666666667 0.18916015625 0.7541666666666667 0.198046875 0.7505208333333333 0.2107421875 0.7279513895833334 0.2171875 0.69930555625 0.2171875 0.6426215270833333 0.2107421875 0.6168402770833333 0.19609375 0.5873263895833334
0 0.169921875 0.421875 0.166015625 0.4427083333333333 0.166015625 0.4704861104166667 0.1689453125 0.47569444375000003 0.1728515625 0.47222222291666666 0.1904296875 0.47569444375000003 0.203645834375 0.49583333333333335 0.2060546859375 0.49583333333333335 0.208984375 0.4947916666666667 0.212890625 0.48090277708333334 0.2236328125 0.46180555624999997 0.232421875 0.453125 0.232421875 0.4427083333333333 0.2265625 0.41493055624999997 0.2158203125 0.3958333333333333 0.2070312484375 0.38958333333333334 0.1955078125 0.38958333333333334 0.1767578125 0.40625 0.169921875 0.421875
0 0.358984375 0.40277777708333334 0.353125 0.40625 0.3443359375 0.421875 0.3345703125 0.453125 0.3326171875 0.4635416666666667 0.3326171875 0.5017361104166667 0.3345703125 0.5121527770833334 0.3404296875 0.5329861104166667 0.353125 0.5555555562500001 0.35625 0.5583333333333333 0.3589843734375 0.5583333333333333 0.3619140625 0.5572916666666666 0.38046875 0.52430555625 0.3921875 0.5138888895833333 0.398046875 0.5138888895833333 0.4 0.5104166666666666 0.429296875 0.5104166666666666 0.43125 0.5046296291666666 0.43125 0.4557291666666667 0.4283203125 0.4427083333333333 0.4205078125 0.421875 0.41171875 0.40625 0.401953125 0.3958333333333333 0.38828125 0.3923611104166667 0.38671875 0.38958333333333334 0.3839843765625 0.38958333333333334 0.362890625 0.3958333333333333 0.358984375 0.40277777708333334
0 0.2822265625 0.14583333333333334 0.2685546875 0.15277777708333332 0.259765625 0.171875 0.259765625 0.18923611041666666 0.2666015625 0.20486111041666666 0.2705078125 0.20833333333333334 0.28125 0.20659722291666668 0.2890625 0.19965277708333332 0.294921875 0.17534722291666668 0.291015625 0.15451388958333334 0.2822265625 0.14583333333333334
0 0.580078125 0.07378472291666666 0.57421875 0.05989583541666667 0.5693359375 0.05468750208333333 0.5537109375 0.05468750208333333 0.54375 0.0691761375 0.54375 0.09947916875 0.5537109375 0.1171875 0.5633788984375 0.11875 0.5647460953125 0.11875 0.5732421875 0.11371527916666667 0.580078125 0.09809027916666667 0.58125 0.0939236125 0.58125 0.08975694583333334 0.580078125 0.0876736125 0.580078125 0.07378472291666666