0 0.3818359375 0.3263888895833333 0.369140625 0.3489583333333333 0.36328125 0.3697916666666667 0.36328125 0.390625 0.365234375 0.39409722291666666 0.3671875 0.41493055624999997 0.3818359375 0.44444444375000003 0.3994140625 0.4548611104166667 0.408203125 0.453125 0.4150390625 0.4513888895833333 0.4267578125 0.44097222291666666 0.43359375 0.42881944375000003 0.4375 0.41493055624999997 0.44140625 0.3767361104166667 0.435546875 0.3489583333333333 0.4228515625 0.3263888895833333 0.4091796875 0.31597222291666666 0.3955078125 0.31597222291666666 0.3818359375 0.3263888895833333
0 0.83984375 0.3767361104166667 0.83203125 0.4079861104166667 0.83203125 0.44618055624999997 0.841796875 0.484375 0.8505859375 0.5 0.8623046875 0.5104166666666666 0.876953125 0.50868055625 0.8857421875 0.5034722229166666 0.90234375 0.4704861104166667 0.90625 0.42881944375000003 0.904296875 0.42534722291666666 0.90234375 0.4010416666666667 0.8896484375 0.36805555624999997 0.8740234375 0.3541666666666667 0.8603515625 0.3541666666666667 0.8505859375 0.3611111104166667 0.83984375 0.3767361104166667
0 0.677734375 0.2829861104166667 0.673828125 0.30034722291666666 0.673828125 0.33159722291666666 0.677734375 0.3489583333333333 0.6904296875 0.375 0.7060546875 0.3854166666666667 0.71484375 0.38368055624999997 0.7236328125 0.38194444375000003 0.734375 0.36631944375000003 0.7421875 0.3420138895833333 0.7421875 0.3072916666666667 0.736328125 0.2864583333333333 0.7236328125 0.26388888958333334 0.7119140625 0.25694444375 0.7001953125 0.25694444375 0.6884765625 0.26388888958333334 0.677734375 0.2829861104166667
1 0.927734375 0.515625 0.919921875 0.5503472229166667 0.91796875 0.5850694437499999 0.92578125 0.6267361104166667 0.9345703125 0.6493055562500001 0.9423828125 0.65625 0.9609375 0.6545138895833333 0.9716796875 0.6458333333333334 0.984375 0.6163194437499999 0.990234375 0.5850694437499999 0.990234375 0.546875 0.982421875 0.50868055625 0.9697265625 0.4861111104166667 0.9638671875 0.4826388895833333 0.9482421875 0.4826388895833333 0.9404296875 0.4895833333333333 0.927734375 0.515625
1 0.775390625 0.3107638895833333 0.76953125 0.3385416666666667 0.76953125 0.35590277708333334 0.77734375 0.390625 0.7900390625 0.41319444375000003 0.7939453125 0.4166666666666667 0.810546875 0.41840277708333334 0.8212890625 0.41319444375000003 0.830078125 0.39756944375000003 0.8359375 0.3767361104166667 0.8359375 0.3385416666666667 0.828125 0.3107638895833333 0.8154296875 0.2916666666666667 0.8115234375 0.28819444375000003 0.7958984375 0.28819444375000003 0.7841796875 0.2951388895833333 0.775390625 0.3107638895833333
1 0.6201171875 0.25 0.609375 0.26909722291666666 0.60546875 0.2829861104166667 0.603515625 0.30381944375000003 0.611328125 0.3385416666666667 0.6162109375 0.34722222291666666 0.6357421875 0.3645833333333333 0.64453125 0.36284722291666666 0.6572265625 0.3576388895833333 0.6640625 0.3454861104166667 0.671875 0.32118055624999997 0.671875 0.30381944375000003 0.673828125 0.296875 0.66796875 0.26909722291666666 0.6552734375 0.25 0.6455078125 0.24305555625 0.6279296875 0.24305555625 0.6201171875 0.25
1 0.052734375 0.5260416666666666 0.060546875 0.50868055625 0.060546875 0.47743055624999997 0.0537109375 0.4583333333333333 0.0458984375 0.4548611104166667 0.0419921875 0.4583333333333333 0.03515625 0.4739583333333333 0.03515625 0.50868055625 0.0419921875 0.52430555625 0.0458984375 0.5277777770833334 0.052734375 0.5260416666666666
0 0.1796875 0.3802083333333333 0.177734375 0.390625 0.177734375 0.41493055624999997 0.1796875 0.42534722291666666 0.1923828125 0.4479166666666667 0.1982421875 0.4479166666666667 0.2001953125 0.4513888895833333 0.205078125 0.44965277708333334 0.2099609375 0.4479166666666667 0.22265625 0.42881944375000003 0.2265625 0.4114583333333333 0.2265625 0.38368055624999997 0.224609375 0.3732638895833333 0.2158203125 0.3576388895833333 0.2080078125 0.35069444375000003 0.1962890625 0.35069444375000003 0.1923828125 0.3541666666666667 0.1796875 0.3802083333333333
1 0 0.5989583333333334 0.0048828125 0.6076388895833333 0.013671875 0.6059027770833333 0.01953125 0.5920138895833333 0.018912937499999997 0.5671129958333334 0.017611660937500002 0.5486093875000001 0.013171078125 0.5370129625000001 0 0.5289504500000001 0 0.5989583333333334
1 0.7626953125 0.25 0.7490234375 0.26388888958333334 0.7421875 0.2829861104166667 0.7421875 0.3107638895833333 0.748046875 0.3385416666666667 0.7587890625 0.3611111104166667 0.76953125 0.3697916666666667 0.771484375 0.36631944375000003 0.76953125 0.3385416666666667 0.771484375 0.33506944375000003 0.7734375 0.3142361104166667 0.7841796875 0.2951388895833333 0.798828125 0.2864583333333333 0.796875 0.27256944375000003 0.7880859375 0.25694444375 0.7802734375 0.25 0.7626953125 0.25
0 0.7158203125 0.2604166666666667 0.7236328125 0.26388888958333334 0.7392578125 0.2916666666666667 0.7421875 0.28993055624999997 0.74609375 0.26909722291666666 0.759765625 0.25173611041666666 0.7578125 0.23784722291666668 0.7451171875 0.21875 0.7392578125 0.21527777708333332 0.7255859375 0.21527777708333332 0.7158203125 0.22222222291666668 0.708984375 0.234375 0.712890625 0.2552083333333333 0.7158203125 0.2604166666666667
0 0.658203125 0.25173611041666666 0.669921875 0.27256944375000003 0.671875 0.2864583333333333 0.6748046875 0.2916666666666667 0.67578125 0.28993055624999997 0.6865234375 0.2673611104166667 0.7001953125 0.25694444375 0.7119140625 0.25694444375 0.712890625 0.25173611041666666 0.7109375 0.24479166666666666 0.7041015625 0.23263888958333334 0.6904296875 0.22222222291666668 0.6787109375 0.22222222291666668 0.6689453125 0.22916666666666666 0.658203125 0.25173611041666666
1 0 0.6024305562500001 0.0048828125 0.6076388895833333 0.0126953125 0.6076388895833333 0.013671875 0.6059027770833333 0.01953125 0.5920138895833333 0.01953125 0.5572916666666666 0.0234375 0.546875 0.0234375 0.5121527770833334 0.021484375 0.50868055625 0.021484375 0.5052083333333334 0.0146484375 0.49652777708333334 0.0126953125 0.49652777708333334 0.0107421875 0.5 0.0009765625 0.5 0 0.5017361104166667 0 0.6024305562500001