1 0.6298828125 0.20208333333333334 0.638671875 0.18298611041666665 0.638671875 0.15868055416666668 0.63671875 0.15173611041666665 0.6318359375 0.13958333333333334 0.6240234375 0.1326388875 0.6103515625 0.1326388875 0.6044921875 0.13611111041666665 0.59765625 0.14826388750000002 0.595703125 0.15868055416666668 0.595703125 0.17604166666666668 0.599609375 0.18993055416666668 0.6111762171875 0.20416666666666666 0.6240234296875 0.20416666666666666 0.626953125 0.20381944375 0.6298828125 0.20208333333333334
0 0.5712890625 0.19826388958333335 0.576171875 0.18611111249999998 0.576171875 0.15833333333333333 0.57421875 0.15138888958333335 0.5634765625 0.13576388958333335 0.5576171875 0.13576388958333335 0.5556640625 0.13229166666666667 0.5439453125 0.13576388958333335 0.533203125 0.15833333333333333 0.533203125 0.18611111249999998 0.53515625 0.19305555625 0.5475694437499999 0.20833333333333334 0.5511718828125 0.20833333333333334 0.564453125 0.20694444583333332 0.5712890625 0.19826388958333335
0 0.67578125 0.15104166666666666 0.6796875 0.16493055625 0.6884765625 0.18055555625 0.6931640625 0.18333333333333332 0.6978515609375 0.18333333333333332 0.703125 0.18229166666666666 0.712890625 0.16840277708333332 0.71484375 0.15798611041666666 0.712890625 0.13715277708333332 0.700656959375 0.11875 0.6861328125 0.11875 0.677734375 0.13368055625 0.67578125 0.15104166666666666
0 0.8447265625 0.16284722291666667 0.8369140625 0.15590277916666664 0.8291015625 0.15590277916666664 0.8203125 0.16805555625000002 0.81875 0.17638888958333335 0.81875 0.18263888958333335 0.8203125 0.19930555625000002 0.8291015625 0.21840277916666664 0.8318359359375 0.22083333333333333 0.8394531328125 0.22083333333333333 0.84375 0.22013888958333333 0.8515625 0.20972222291666667 0.8515625 0.19930555625000002 0.853125 0.19652777916666667 0.853125 0.19305555833333335 0.8515625 0.18194444583333333 0.8447265625 0.16284722291666667
0 0.8716796875 0.17743055416666667 0.8619140625 0.17743055416666667 0.8580078125 0.18090277708333333 0.853125 0.19305555416666667 0.851171875 0.20347222083333336 0.853125 0.22083333125000001 0.8619140625 0.24340277708333333 0.8646484390625 0.24583333333333332 0.8734374875 0.24583333333333332 0.878515625 0.2451388875 0.884375 0.23472222083333336 0.8859375 0.22638888750000002 0.8859375 0.19910714166666665 0.8794921875 0.18437499791666667 0.8716796875 0.17743055416666667
0 0.9298828125 0.27708333333333335 0.9455078125 0.28055555625 0.9484375 0.26840277916666666 0.946484375 0.24409722291666666 0.942578125 0.23368055625 0.9337890625 0.22152777916666666 0.9220703125 0.225 0.9171875 0.23715277916666666 0.9171875 0.26145833333333335 0.92109375 0.27881944583333335 0.9236328109375 0.2833333333333333 0.9244140625 0.2833333333333333 0.925 0.28229166666666666 0.9298828125 0.27708333333333335
1 0.9287109375 0.22187500208333333 0.9375 0.2236111125 0.935546875 0.20972222291666667 0.9306640625 0.20104166874999999 0.9208984375 0.19756944583333333 0.916015625 0.20625000208333333 0.9140625 0.22013888958333333 0.9185267843749999 0.23125 0.9207031265625 0.23125 0.921875 0.23055555625000002 0.9287109375 0.22187500208333333
1 0.90703125 0.20451388958333333 0.903125 0.20104166874999999 0.893359375 0.20104166874999999 0.889453125 0.20451388958333333 0.8865234375 0.21319444583333333 0.8865234375 0.22708333541666667 0.8845703125 0.23055555625000002 0.8865234375 0.24791666874999999 0.8953125 0.26701388958333333 0.8972656234375 0.26875 0.9099609375 0.26875 0.9171875 0.25590277916666665 0.9171875 0.22847222291666666 0.9138671875 0.21666666874999999 0.90703125 0.20451388958333333
1 0.945703125 0.28159722291666667 0.930078125 0.278125 0.9193359375 0.29375 0.9173828125 0.30416666666666664 0.9173828125 0.33541666666666664 0.9232421875 0.35625 0.93203125 0.371875 0.935546875 0.375 0.9376953171875 0.375 0.9447265625 0.3736111125 0.9544921875 0.35972222291666667 0.9544921875 0.3527777791666667 0.9578125 0.34392361250000003 0.9578125 0.3184027791666667 0.9544921875 0.3006944458333333 0.945703125 0.28159722291666667
0 0.987109375 0.31979166666666664 0.97734375 0.31284722291666667 0.9646484375 0.325 0.9607421875 0.3423611125 0.9607421875 0.3701388895833333 0.9666015625 0.39791666666666664 0.9784505203125 0.4125 0.9822265640625 0.4125 0.9841796875 0.41180555625 0.9958984375 0.3944444458333333 0.996875 0.3892361125 0.996875 0.34872685416666666 0.9919921875 0.32847222291666667 0.987109375 0.31979166666666664
0 1 0.5013888875 0.99609375 0.49444444375 0.994140625 0.48402777708333333 0.9814453125 0.4649305541666667 0.9775390625 0.46145833333333336 0.9658203125 0.46145833333333336 0.9541015625 0.471875 0.94140625 0.5013888875 0.9375 0.5222222208333334 0.9375 0.5743055541666667 0.943359375 0.6055555541666667 0.9560546875 0.628125 0.9619140625 0.6333333333333333 0.974609375 0.6333333333333333 0.9853515625 0.6246527770833333 0.9921875 0.6125 1 0.58819444375 1 0.5013888875