1 0.557421875 0.22951388958333335 0.54375 0.21909722291666667 0.53203125 0.21909722291666667 0.518359375 0.22951388958333335 0.5076171875 0.2520833333333333 0.5056640625 0.2798611125 0.5095703125 0.3006944458333333 0.518359375 0.31979166666666664 0.5271484375 0.32916666666666666 0.54394531875 0.32916666666666666 0.5544921875 0.32847222291666667 0.56875 0.29678819375000004 0.56875 0.25416666875 0.5662109375 0.24513888958333335 0.557421875 0.22951388958333335
1 0.727734375 0.23680555416666668 0.712109375 0.23680555416666668 0.704296875 0.24375 0.6896484375 0.27326388749999997 0.6876953125 0.290625 0.6896484375 0.29409722083333334 0.6916015625 0.31493055416666665 0.69375 0.31875 0.7078124921875 0.31875 0.7111328125 0.31840277708333337 0.71796875 0.31666666666666665 0.73359375 0.30277777708333337 0.7423828125 0.2767361104166667 0.74375 0.26944444375000004 0.74375 0.26215277708333334 0.7423828125 0.25243055416666665 0.727734375 0.23680555416666668
1 0.8234375 0.2079861125 0.813671875 0.20104166874999999 0.801953125 0.20451388958333333 0.7931640625 0.22013888958333333 0.7912109375 0.23055555625000002 0.7931640625 0.26527777916666667 0.7990234375 0.2791666666666667 0.805859375 0.28784722291666665 0.8087890609375 0.28958333333333336 0.8224609375 0.28958333333333336 0.825390625 0.28784722291666665 0.8359375 0.26568813333333335 0.8359375 0.23680555833333333 0.8322265625 0.2236111125 0.8234375 0.2079861125
1 0.9484375 0.28802083333333334 0.93671875 0.2845486125 0.9259765625 0.3001736125 0.9220703125 0.3314236125 0.9240234375 0.33489583333333334 0.9240234375 0.3487847229166666 0.9298828125 0.36961805625 0.9382952015624999 0.38125 0.9504231781250001 0.38125 0.954296875 0.3782986125 0.9591796875 0.36961805625 0.9625 0.3578125 0.9625 0.32864583541666664 0.9572265625 0.30364583333333334 0.9484375 0.28802083333333334
1 0.487109375 0.19496527708333333 0.4734375 0.20538194375 0.4646484375 0.22100694375 0.467578125 0.22621527708333333 0.47734375 0.2296875 0.4880859375 0.25225694375 0.4900390625 0.25920138958333333 0.4900390625 0.28958333333333336 0.502734375 0.28958333333333336 0.5056640625 0.2869791666666667 0.5076171875 0.25225694375 0.515625 0.23517361041666665 0.515625 0.21829861041666668 0.502734375 0.1984375 0.487109375 0.19496527708333333
1 0.490625 0.18888888750000002 0.490625 0.19027777708333332 0.49140625 0.19444444375 0.503125 0.19791666666666666 0.50703125 0.20486111041666666 0.512890625 0.20833333333333334 0.520390625 0.225 0.521875 0.225 0.5236328125 0.22395833333333334 0.534375 0.21759259375 0.534375 0.19714506041666666 0.5265625 0.17708333333333334 0.51953125 0.17083333333333334 0.504296875 0.17083333333333334 0.497265625 0.17708333333333334 0.490625 0.18888888750000002
1 0.459765625 0.18402777708333332 0.451953125 0.19097222291666668 0.4451171875 0.19965277708333332 0.4392578125 0.22048611041666666 0.4392578125 0.22743055625 0.4421875 0.23263888958333334 0.4451171875 0.23090277708333332 0.45 0.22569444375 0.459765625 0.22569444375 0.463671875 0.22222222291666668 0.475390625 0.20486111041666666 0.4796875 0.19416666666666668 0.4796875 0.19196428541666669 0.4734375 0.18402777708333332 0.459765625 0.18402777708333332
1 0.4224609375 0.18784722083333336 0.4166015625 0.18437499791666667 0.4068359375 0.18437499791666667 0.3970703125 0.19131944374999998 0.390234375 0.2138888875 0.39609375 0.22777777708333333 0.398046875 0.24861111041666667 0.4029296875 0.25381944375 0.4087890625 0.25381944375 0.4143554703125 0.2604166666666667 0.4160156203125 0.2604166666666667 0.421484375 0.2590277770833333 0.42734375 0.25208333125 0.4328125 0.23587962916666666 0.4328125 0.209027775 0.43125 0.20347222083333336 0.4224609375 0.18784722083333336
1 0.4052734375 0.16319444375 0.3935546875 0.16319444375 0.38125 0.18170406041666667 0.38125 0.20701388958333336 0.3857421875 0.21180555625 0.392578125 0.21006944375 0.392578125 0.203125 0.3974609375 0.19097222291666668 0.415625 0.18247441458333336 0.415625 0.18139881041666667 0.4091796875 0.16666666666666666 0.4052734375 0.16319444375
1 0.3556640625 0.22430555416666667 0.3654296875 0.21041666458333333 0.3654296875 0.19652777708333333 0.356640625 0.17743055416666667 0.34296875 0.17743055416666667 0.3341796875 0.18958333125000001 0.3322265625 0.20694444374999998 0.341015625 0.23298611041666667 0.3437500015625 0.23541666666666666 0.34902343125 0.23541666666666666 0.3517578125 0.23472222083333336 0.3556640625 0.22430555416666667
1 0.4583984375 0.1670138875 0.4486328125 0.1670138875 0.4408203125 0.17395833125000001 0.43203125 0.19652777708333333 0.433984375 0.22083333125000001 0.4363281265625 0.225 0.438671871875 0.225 0.43984375 0.22430555416666667 0.441796875 0.21041666458333333 0.4525390625 0.19131944374999998 0.4703125 0.18300438541666667 0.4703125 0.18124999791666668 0.4642578125 0.17048611041666667 0.4583984375 0.1670138875
0 0.569140625 0.16631944583333333 0.559375 0.16631944583333333 0.5515625 0.17326388958333333 0.5427734375 0.18888888958333333 0.5408203125 0.19583333541666667 0.5408203125 0.21666666874999999 0.55546875 0.22534722291666667 0.5705078109375 0.2520833333333333 0.5716796875 0.2520833333333333 0.5720703125 0.25138888958333333 0.576953125 0.24965277916666664 0.5876953125 0.23055555625000002 0.5890625 0.2256944458333333 0.5890625 0.194602275 0.57890625 0.17326388958333333 0.569140625 0.16631944583333333
0 0.48828125 0.30086805624999996 0.4921875 0.28003472291666665 0.486328125 0.24878472291666667 0.4755859375 0.2296875 0.4697265625 0.22621527708333333 0.4521484375 0.22621527708333333 0.4404296875 0.23663194375 0.431640625 0.2557291666666667 0.4296875 0.26614583333333336 0.4296875 0.2939236104166667 0.43359375 0.3078125 0.4423828125 0.3234375 0.4501953125 0.33038194375 0.45654296875 0.33125 0.4650065125 0.33125 0.4755859375 0.32690972291666665 0.48828125 0.30086805624999996
0 0.4830078125 0.15347222083333334 0.4693359375 0.15347222083333334 0.460546875 0.16215277708333334 0.4615234375 0.17083333333333334 0.47993861718749997 0.19375 0.4880859328125 0.19375 0.48984375 0.19340277708333334 0.4953125 0.17719907499999998 0.4953125 0.17519290208333332 0.4869140625 0.15694444375 0.4830078125 0.15347222083333334
0 0.4130859375 0.2565972229166667 0.4072265625 0.25312500208333333 0.3916015625 0.25312500208333333 0.3818359375 0.2600694458333333 0.37109375 0.2791666666666667 0.3671875 0.3 0.3671875 0.32083333333333336 0.373046875 0.34513888958333333 0.3779296875 0.35381944583333336 0.38932291406249997 0.3625 0.408203125 0.3625 0.4150390625 0.3572916666666667 0.42578125 0.33472222291666665 0.4296875 0.31388888958333333 0.4296875 0.29305555624999996 0.419921875 0.26527777916666667 0.4130859375 0.2565972229166667
0 0.440234375 0.13541666666666666 0.4314453125 0.14409722291666668 0.4275390625 0.15451388958333334 0.4275390625 0.17881944375 0.432421875 0.1875 0.4333984375 0.18576388958333334 0.444140625 0.17013888958333334 0.4587890625 0.16493055625 0.459375 0.16284722291666667 0.459375 0.15501543125 0.451953125 0.13888888958333334 0.440234375 0.13541666666666666
0 0.3818359375 0.26076388958333335 0.3955078125 0.2538194458333333 0.3984375 0.24861111249999998 0.39453125 0.22430555625 0.3837890625 0.20868055625 0.3662109375 0.20868055625 0.35546875 0.22430555625 0.3515625 0.23819444583333332 0.3515625 0.2625 0.353515625 0.26944444375000004 0.3623046875 0.28506944375000004 0.3650390625 0.2875 0.36796875 0.2875 0.369140625 0.28680555625 0.3818359375 0.26076388958333335
0 0.322265625 0.27256944375000003 0.3310546875 0.2673611104166667 0.3359375 0.25868055625 0.337890625 0.23784722291666668 0.33984375 0.234375 0.3291015625 0.19791666666666666 0.3251953125 0.19444444375 0.3134765625 0.19444444375 0.306640625 0.203125 0.302734375 0.21701388958333334 0.30078125 0.24479166666666666 0.302734375 0.2552083333333333 0.3115234375 0.2708333333333333 0.3154296875 0.27430555624999997 0.322265625 0.27256944375000003
0 0.294140625 0.275 0.3029296875 0.2559027770833333 0.3009765625 0.24895833333333334 0.3009765625 0.22465277708333334 0.294140625 0.21597222083333334 0.282421875 0.21597222083333334 0.2736328125 0.228125 0.2697265625 0.24201388750000002 0.2697265625 0.2559027770833333 0.2798076921875 0.27708333333333335 0.2890624953125 0.27708333333333335 0.2912109375 0.2767361104166667 0.294140625 0.275
0 0.33671875 0.3013888895833333 0.32890625 0.29444444583333335 0.31328125 0.29444444583333335 0.30546875 0.3013888895833333 0.2927734375 0.32395833333333335 0.2888671875 0.3482638895833333 0.2966796875 0.365625 0.3025390625 0.396875 0.31450892656249996 0.4083333333333333 0.317968753125 0.4083333333333333 0.3220703125 0.40729166666666666 0.334765625 0.40208333333333335 0.3435546875 0.38993055625 0.3484375 0.36967592708333336 0.3484375 0.33003472291666663 0.3455078125 0.3170138895833333 0.33671875 0.3013888895833333
0 0.2650390625 0.31302083333333336 0.2591796875 0.31649305624999996 0.2484375 0.33559027708333333 0.24453125 0.35295138958333333 0.24453125 0.35833333333333334 0.24794921875 0.35833333333333334 0.2611328125 0.34427083333333336 0.2806640625 0.34427083333333336 0.2884765625 0.35121527708333333 0.290625 0.3423032395833333 0.290625 0.32750946875 0.2806640625 0.31302083333333336 0.2650390625 0.31302083333333336
0 0.2869140625 0.3475694458333333 0.2810546875 0.34409722291666667 0.2634765625 0.34409722291666667 0.2517578125 0.35104166666666664 0.244921875 0.3631944458333333 0.2390625 0.3875 0.2390625 0.42222222291666667 0.24296875 0.4395833333333333 0.2537109375 0.45868055625 0.263671875 0.46458333333333335 0.2707031265625 0.46458333333333335 0.27421875 0.4638888895833333 0.2849609375 0.45868055625 0.29765625 0.4361111125 0.29765625 0.42916666666666664 0.3 0.42291666666666666 0.3 0.3770833333333333 0.29765625 0.36666666666666664 0.2869140625 0.3475694458333333