1 0.4033203125 0.34375 0.3955078125 0.35069444375000003 0.37890625 0.38368055624999997 0.375 0.4010416666666667 0.373046875 0.4357638895833333 0.3828125 0.4739583333333333 0.3935546875 0.4895833333333333 0.4150390625 0.5034722229166666 0.4296875 0.5017361104166667 0.4462890625 0.4826388895833333 0.45703125 0.46006944375000003 0.462890625 0.4322916666666667 0.462890625 0.4114583333333333 0.455078125 0.3767361104166667 0.4404296875 0.35069444375000003 0.4306640625 0.34375 0.4228515625 0.34375 0.4208984375 0.34027777708333334 0.4033203125 0.34375
1 0.2548828125 0.31597222291666666 0.248046875 0.328125 0.244140625 0.3385416666666667 0.240234375 0.36631944375000003 0.2421875 0.3697916666666667 0.2421875 0.3802083333333333 0.2509765625 0.40625 0.2666015625 0.4166666666666667 0.2734375 0.41493055624999997 0.2822265625 0.40972222291666666 0.29296875 0.38715277708333334 0.296875 0.3732638895833333 0.296875 0.3489583333333333 0.294921875 0.3454861104166667 0.294921875 0.33506944375000003 0.2861328125 0.31597222291666666 0.2783203125 0.30902777708333334 0.2626953125 0.30902777708333334 0.2548828125 0.31597222291666666
1 0.142578125 0.44618055624999997 0.1494140625 0.46875 0.1552734375 0.47569444375000003 0.169921875 0.48090277708333334 0.1748046875 0.4791666666666667 0.1875 0.453125 0.189453125 0.4427083333333333 0.189453125 0.4045138895833333 0.1806640625 0.38194444375000003 0.1630859375 0.375 0.1552734375 0.38194444375000003 0.14453125 0.4045138895833333 0.142578125 0.41493055624999997 0.142578125 0.44618055624999997
1 0.16015625 0.4982638895833333 0.1513671875 0.4861111104166667 0.1357421875 0.4861111104166667 0.1279296875 0.49305555624999997 0.12109375 0.5052083333333334 0.115234375 0.5260416666666666 0.115234375 0.5399305562500001 0.11328125 0.5434027770833333 0.115234375 0.578125 0.119140625 0.5954861104166667 0.1220703125 0.6006944437499999 0.126953125 0.5989583333333334 0.1337890625 0.59375 0.1416015625 0.59375 0.1435546875 0.5972222229166667 0.150390625 0.5954861104166667 0.1484375 0.5885416666666666 0.1484375 0.5434027770833333 0.150390625 0.5399305562500001 0.15234375 0.5190972229166666 0.16015625 0.5017361104166667 0.16015625 0.4982638895833333
1 0.04296875 0.5850694437499999 0.044921875 0.5885416666666666 0.044921875 0.6059027770833333 0.0576171875 0.6354166666666666 0.0654296875 0.6423611104166667 0.076171875 0.640625 0.087890625 0.6163194437499999 0.087890625 0.5711805562500001 0.083984375 0.5503472229166667 0.0751953125 0.5347222229166667 0.0673828125 0.5277777770833334 0.0615234375 0.5277777770833334 0.048828125 0.546875 0.044921875 0.5607638895833333 0.044921875 0.5815972229166667 0.04296875 0.5850694437499999
1 0.0419921875 0.5104166666666666 0.037109375 0.5190972229166666 0.033203125 0.5399305562500001 0.033203125 0.5642361104166667 0.0390625 0.5920138895833333 0.0419921875 0.5972222229166667 0.04296875 0.5954861104166667 0.044921875 0.5850694437499999 0.04296875 0.5815972229166667 0.044921875 0.578125 0.044921875 0.5607638895833333 0.048828125 0.546875 0.0576171875 0.53125 0.06640625 0.5260416666666666 0.06640625 0.52256944375 0.0537109375 0.5034722229166666 0.0419921875 0.5104166666666666
1 0.021484375 0.6857638895833333 0.021484375 0.6510416666666666 0.017578125 0.6371527770833333 0.017578125 0.6267361104166667 0.005859375 0.6024305562500001 0.0009765625 0.5972222229166667 0 0.6961805562500001 0.0068359375 0.7048611104166667 0.015625 0.703125 0.021484375 0.6857638895833333
0 0.111328125 0.6197916666666666 0.10546875 0.640625 0.103515625 0.6510416666666666 0.103515625 0.6927083333333334 0.10546875 0.6961805562500001 0.10546875 0.7065972229166667 0.11328125 0.734375 0.1259765625 0.7569444437499999 0.1318359375 0.7638888895833333 0.1376953125 0.7638888895833333 0.1474609375 0.7708333333333334 0.158203125 0.7690972229166667 0.1630859375 0.7673611104166667 0.1796875 0.734375 0.185546875 0.703125 0.18359375 0.6649305562500001 0.177734375 0.640625 0.171875 0.6267361104166667 0.1611328125 0.6111111104166667 0.1474609375 0.5972222229166667 0.1279296875 0.5972222229166667 0.111328125 0.6197916666666666
0 0.1787109375 0.4861111104166667 0.1650390625 0.49652777708333334 0.154296875 0.515625 0.1484375 0.5434027770833333 0.1484375 0.5850694437499999 0.150390625 0.5954861104166667 0.1748046875 0.6319444437499999 0.1884765625 0.6423611104166667 0.201171875 0.640625 0.212890625 0.6232638895833333 0.220703125 0.5954861104166667 0.220703125 0.5850694437499999 0.21484375 0.5677083333333334 0.21484375 0.5538194437499999 0.212890625 0.5503472229166667 0.212890625 0.50868055625 0.2080078125 0.5 0.1962890625 0.4895833333333333 0.1787109375 0.4861111104166667
0 0.2626953125 0.4513888895833333 0.2470703125 0.4513888895833333 0.2255859375 0.47222222291666666 0.21875 0.48784722291666666 0.21875 0.4947916666666667 0.21484375 0.5052083333333334 0.21484375 0.5190972229166666 0.212890625 0.52256944375 0.21484375 0.5642361104166667 0.22265625 0.5885416666666666 0.2373046875 0.6111111104166667 0.2470703125 0.6180555562500001 0.26953125 0.6163194437499999 0.2783203125 0.6076388895833333 0.294921875 0.5746527770833333 0.296875 0.5503472229166667 0.298828125 0.546875 0.298828125 0.5190972229166666 0.296875 0.515625 0.294921875 0.4947916666666667 0.291015625 0.484375 0.2744140625 0.4583333333333333 0.2626953125 0.4513888895833333
0 0.0830078125 1 0.16015625 0.9982638895833333 0.1416015625 0.9583333333333334 0.1318359375 0.9444444437499999 0.1103515625 0.9270833333333334 0.0888671875 0.9270833333333334 0.0830078125 0.9305555562500001 0.0703125 0.953125 0.0703125 0.9635416666666666 0.068359375 0.9670138895833333 0.068359375 0.9739583333333334 0.0830078125 1
0 0.6201171875 0.36805555624999997 0.6181640625 0.37152777708333334 0.6123046875 0.37152777708333334 0.6064453125 0.375 0.595703125 0.390625 0.583984375 0.42881944375000003 0.58203125 0.4392361104166667 0.58203125 0.47743055624999997 0.583984375 0.48090277708333334 0.583984375 0.4947916666666667 0.59375 0.5260416666666666 0.6064453125 0.5451388895833333 0.6220703125 0.5555555562500001 0.642578125 0.5538194437499999 0.6650390625 0.53125 0.677734375 0.5017361104166667 0.685546875 0.46006944375000003 0.68359375 0.4322916666666667 0.677734375 0.4079861104166667 0.6650390625 0.3854166666666667 0.6552734375 0.375 0.6513671875 0.375 0.6455078125 0.36805555624999997 0.6201171875 0.36805555624999997
0 0.8974609375 0.40972222291666666 0.88671875 0.4322916666666667 0.8828125 0.44965277708333334 0.8828125 0.4704861104166667 0.8857421875 0.47569444375000003 0.8896484375 0.47222222291666666 0.9072265625 0.47222222291666666 0.9248046875 0.4861111104166667 0.931640625 0.4982638895833333 0.9375 0.5190972229166666 0.9375 0.5260416666666666 0.939453125 0.5329861104166667 0.94140625 0.5329861104166667 0.94921875 0.515625 0.951171875 0.49131944375000003 0.953125 0.48784722291666666 0.953125 0.46006944375000003 0.94921875 0.4392361104166667 0.94140625 0.41493055624999997 0.9326171875 0.40277777708333334 0.9208984375 0.3958333333333333 0.9072265625 0.39930555624999997 0.8974609375 0.40972222291666666
0 1 0.453125 0.9912109375 0.43402777708333334 0.9833984375 0.4270833333333333 0.9736328125 0.4270833333333333 0.9658203125 0.43402777708333334 0.95703125 0.44965277708333334 0.953125 0.4635416666666667 0.953125 0.48784722291666666 0.951171875 0.49131944375000003 0.951171875 0.5121527770833334 0.94921875 0.515625 0.951171875 0.52256944375 0.951171875 0.5434027770833333 0.9599609375 0.5659722229166667 0.9755859375 0.5798611104166667 0.986328125 0.578125 1 0.5572916666666666 1 0.453125
1 0.615234375 0.3177083333333333 0.61328125 0.328125 0.61328125 0.35590277708333334 0.6181640625 0.3645833333333333 0.6376953125 0.3645833333333333 0.6396484375 0.36805555624999997 0.6533203125 0.37152777708333334 0.6689453125 0.3888888895833333 0.6728515625 0.39930555624999997 0.677734375 0.4010416666666667 0.6875 0.38715277708333334 0.693359375 0.36631944375000003 0.693359375 0.32465277708333334 0.68359375 0.29340277708333334 0.6806640625 0.2916666666666667 0.6787109375 0.28472222291666666 0.6630859375 0.2708333333333333 0.6435546875 0.2708333333333333 0.6279296875 0.28472222291666666 0.615234375 0.3177083333333333
0 0.419921875 0.24826388958333334 0.4326171875 0.27430555624999997 0.4384765625 0.27777777708333334 0.453125 0.2760416666666667 0.4580078125 0.27430555624999997 0.46484375 0.265625 0.47265625 0.234375 0.470703125 0.21701388958333334 0.4599609375 0.19444444375 0.4482421875 0.1875 0.4365234375 0.19097222291666668 0.421875 0.21354166666666666 0.419921875 0.22395833333333334 0.419921875 0.24826388958333334
0 0.017578125 0.6267361104166667 0.01953125 0.6440972229166667 0.0224609375 0.6493055562500001 0.02734375 0.6475694437499999 0.033203125 0.640625 0.0390625 0.6232638895833333 0.0390625 0.5885416666666666 0.033203125 0.5642361104166667 0.0263671875 0.5520833333333334 0.0205078125 0.5486111104166667 0.0126953125 0.5555555562500001 0.0078125 0.5711805562500001 0.005859375 0.6024305562500001 0.017578125 0.6267361104166667