0 0.666015625 0.12326388958333333 0.662109375 0.13715277708333332 0.6630859375 0.15277777708333332 0.6689453125 0.15277777708333332 0.6708984375 0.14930555625 0.6884765625 0.15277777708333332 0.703125 0.17534722291666668 0.7080078125 0.19097222291666668 0.7109375 0.18923611041666666 0.716796875 0.171875 0.716796875 0.14756944375 0.7109375 0.1267361104166667 0.7041015625 0.11458333333333333 0.7001953125 0.11458333333333333 0.6943359375 0.10763888958333333 0.6787109375 0.10763888958333333 0.666015625 0.12326388958333333
0 0.646484375 0.109375 0.6591796875 0.13194444375 0.6640625 0.13020833333333334 0.6708984375 0.11458333333333333 0.69140625 0.10243055625 0.6875 0.078125 0.6728515625 0.0625 0.6611328125 0.0625 0.6513671875 0.06944444375 0.646484375 0.078125 0.646484375 0.109375
0 0.78125 0.13368055625 0.7919921875 0.15972222291666668 0.8017578125 0.16666666666666666 0.80859375 0.16493055625 0.8115234375 0.16319444375 0.8203125 0.14409722291666668 0.8203125 0.11979166666666667 0.8076171875 0.09375 0.7919921875 0.09027777708333334 0.7880859375 0.09375 0.78125 0.109375 0.78125 0.13368055625
0 0.76953125 0.10243055625 0.7763671875 0.12152777708333334 0.78125 0.11979166666666667 0.78125 0.109375 0.7880859375 0.09375 0.80078125 0.08854166666666667 0.7978515625 0.07638888958333333 0.7880859375 0.06944444375 0.7802734375 0.06944444375 0.771484375 0.08159722291666666 0.76953125 0.10243055625
0 0.7021484375 0.25 0.6826171875 0.26388888958333334 0.673828125 0.2795138895833333 0.66796875 0.296875 0.66796875 0.3072916666666667 0.666015625 0.3107638895833333 0.666015625 0.3454861104166667 0.67578125 0.3802083333333333 0.6884765625 0.40277777708333334 0.7021484375 0.41319444375000003 0.71875 0.4114583333333333 0.7333984375 0.40277777708333334 0.744140625 0.38368055624999997 0.75 0.36284722291666666 0.751953125 0.328125 0.74609375 0.296875 0.7294921875 0.26388888958333334 0.7177734375 0.25347222291666666 0.7021484375 0.25
0 0.7998046875 0.31944444375000003 0.7783203125 0.31944444375000003 0.7626953125 0.3333333333333333 0.751953125 0.35590277708333334 0.744140625 0.390625 0.744140625 0.42534722291666666 0.74609375 0.42881944375000003 0.74609375 0.4392361104166667 0.75 0.44618055624999997 0.751953125 0.45659722291666666 0.76171875 0.47743055624999997 0.7724609375 0.49305555624999997 0.7822265625 0.5 0.796875 0.4982638895833333 0.8037109375 0.49305555624999997 0.8095703125 0.49305555624999997 0.826171875 0.4670138895833333 0.833984375 0.4357638895833333 0.8359375 0.4010416666666667 0.828125 0.359375 0.8154296875 0.3333333333333333 0.7998046875 0.31944444375000003
0 0.9287109375 0.34722222291666666 0.9130859375 0.34722222291666666 0.9052734375 0.3541666666666667 0.896484375 0.3697916666666667 0.890625 0.390625 0.888671875 0.4010416666666667 0.888671875 0.4357638895833333 0.890625 0.4392361104166667 0.892578125 0.4635416666666667 0.8984375 0.48090277708333334 0.9111328125 0.5034722229166666 0.9208984375 0.5104166666666666 0.923828125 0.50868055625 0.9306640625 0.50694444375 0.9423828125 0.49652777708333334 0.953125 0.4739583333333333 0.95703125 0.453125 0.95703125 0.41840277708333334 0.94921875 0.3802083333333333 0.9365234375 0.3541666666666667 0.9287109375 0.34722222291666666
0 0.85546875 0.8420138895833333 0.85546875 0.8003472229166667 0.853515625 0.796875 0.8515625 0.7725694437499999 0.83984375 0.7378472229166667 0.8310546875 0.7222222229166667 0.8076171875 0.7013888895833333 0.8017578125 0.7013888895833333 0.7998046875 0.6979166666666666 0.7744140625 0.7013888895833333 0.7626953125 0.7083333333333334 0.7490234375 0.7222222229166667 0.7265625 0.7586805562500001 0.71484375 0.7864583333333334 0.71484375 0.7934027770833333 0.70703125 0.8211805562500001 0.70703125 0.8315972229166667 0.705078125 0.8350694437499999 0.705078125 0.8802083333333334 0.712890625 0.921875 0.7353515625 0.9652777770833333 0.7451171875 0.9722222229166667 0.7548828125 0.9722222229166667 0.7587890625 0.9756944437499999 0.7607421875 0.9826388895833333 0.76171875 0.9809027770833333 0.7880859375 0.9791666666666666 0.7939453125 0.9722222229166667 0.8037109375 0.96875 0.8154296875 0.9548611104166667 0.833984375 0.9253472229166667 0.8515625 0.8697916666666666 0.8515625 0.859375 0.85546875 0.8420138895833333
0 0.466796875 0.5295138895833333 0.470703125 0.4982638895833333 0.47265625 0.4947916666666667 0.470703125 0.46006944375000003 0.466796875 0.4392361104166667 0.4501953125 0.40277777708333334 0.4443359375 0.3958333333333333 0.4267578125 0.3854166666666667 0.4111328125 0.3854166666666667 0.3935546875 0.3958333333333333 0.37890625 0.41493055624999997 0.365234375 0.453125 0.36328125 0.49131944375000003 0.365234375 0.4947916666666667 0.365234375 0.5121527770833334 0.3671875 0.52256944375 0.37109375 0.5295138895833333 0.37109375 0.5364583333333334 0.3798828125 0.5555555562500001 0.3828125 0.5538194437499999 0.3955078125 0.5347222229166667 0.4189453125 0.5208333333333334 0.4404296875 0.5208333333333334 0.4482421875 0.5277777770833334 0.4541015625 0.5277777770833334 0.4599609375 0.5347222229166667 0.4638671875 0.5347222229166667 0.466796875 0.5295138895833333
0 0.4521484375 0.09375 0.4423828125 0.09375 0.4345703125 0.10069444375 0.42578125 0.11631944375 0.423828125 0.1267361104166667 0.42578125 0.14756944375 0.4345703125 0.16666666666666666 0.4375 0.16493055625 0.439453125 0.15451388958333334 0.4482421875 0.13888888958333334 0.4560546875 0.13194444375 0.4677734375 0.13194444375 0.470703125 0.1267361104166667 0.466796875 0.109375 0.4619140625 0.10069444375 0.4521484375 0.09375
0 0.421875 0.09548611041666667 0.423828125 0.109375 0.4267578125 0.11458333333333333 0.427734375 0.11284722291666666 0.4345703125 0.10069444375 0.4423828125 0.09375 0.4599609375 0.09722222291666666 0.4609375 0.09201388958333333 0.4501953125 0.06944444375 0.4365234375 0.06944444375 0.4267578125 0.07986111041666667 0.421875 0.09548611041666667
0 0.2041015625 0.23263888958333334 0.21484375 0.23090277708333332 0.22265625 0.21354166666666666 0.22265625 0.19270833333333334 0.2138671875 0.18055555625 0.2080078125 0.18055555625 0.2041015625 0.18402777708333332 0.197265625 0.19965277708333332 0.197265625 0.22395833333333334 0.2041015625 0.23263888958333334
0 0.11328125 0.32118055624999997 0.1162109375 0.3263888895833333 0.125 0.328125 0.1328125 0.3177083333333333 0.134765625 0.3072916666666667 0.134765625 0.2864583333333333 0.1279296875 0.27430555624999997 0.1181640625 0.27777777708333334 0.111328125 0.29340277708333334 0.111328125 0.3142361104166667 0.11328125 0.32118055624999997
0 0.02734375 0.46006944375000003 0.0302734375 0.46527777708333334 0.03125 0.4635416666666667 0.0380859375 0.4548611104166667 0.048828125 0.453125 0.048828125 0.4322916666666667 0.0458984375 0.4236111104166667 0.0341796875 0.4201388895833333 0.029296875 0.42881944375000003 0.02734375 0.4357638895833333 0.02734375 0.46006944375000003
1 0.005859375 0.5052083333333334 0.0107421875 0.5173611104166667 0.0146484375 0.5208333333333334 0.017578125 0.5190972229166666 0.015625 0.4982638895833333 0.017578125 0.4947916666666667 0.017578125 0.484375 0.0234375 0.4704861104166667 0.0185546875 0.46180555624999997 0.0126953125 0.46180555624999997 0.005859375 0.47743055624999997 0.005859375 0.5052083333333334
1 0.0361328125 0.52430555625 0.044921875 0.52256944375 0.046875 0.5190972229166666 0.044921875 0.49131944375000003 0.05078125 0.46006944375000003 0.0458984375 0.4513888895833333 0.0400390625 0.4513888895833333 0.029296875 0.4670138895833333 0.029296875 0.5052083333333334 0.0361328125 0.52430555625
1 0.0634765625 0.44097222291666666 0.0673828125 0.44444444375000003 0.07421875 0.4427083333333333 0.080078125 0.4322916666666667 0.08203125 0.421875 0.08203125 0.39756944375000003 0.0751953125 0.38194444375000003 0.0693359375 0.37847222291666666 0.05859375 0.39409722291666666 0.056640625 0.42534722291666666 0.0634765625 0.44097222291666666
1 0.2578125 0.16840277708333332 0.2607421875 0.17361111041666666 0.26953125 0.17881944375 0.2783203125 0.17361111041666666 0.283203125 0.16145833333333334 0.283203125 0.140625 0.2744140625 0.12847222291666666 0.2685546875 0.12847222291666666 0.2607421875 0.13541666666666666 0.255859375 0.15104166666666666 0.2578125 0.16840277708333332
1 0.306640625 0.16840277708333332 0.302734375 0.18576388958333334 0.302734375 0.19618055625 0.3115234375 0.21875 0.3154296875 0.22222222291666668 0.330078125 0.22048611041666666 0.33984375 0.21006944375 0.34375 0.19618055625 0.345703125 0.17534722291666668 0.34375 0.16493055625 0.3369140625 0.15277777708333332 0.3330078125 0.14930555625 0.3193359375 0.14930555625 0.306640625 0.16840277708333332
1 0.4560546875 0.13194444375 0.4482421875 0.13888888958333334 0.439453125 0.15451388958333334 0.4375 0.16145833333333334 0.4375 0.19270833333333334 0.44140625 0.20659722291666668 0.4482421875 0.21875 0.4580078125 0.22569444375 0.47265625 0.22395833333333334 0.4775390625 0.22222222291666668 0.486328125 0.20659722291666668 0.4921875 0.18229166666666666 0.4921875 0.16493055625 0.48828125 0.15104166666666666 0.4794921875 0.13541666666666666 0.4736328125 0.13194444375 0.4560546875 0.13194444375
1 0.5068359375 0.11805555625 0.5 0.13368055625 0.498046875 0.140625 0.498046875 0.16493055625 0.501953125 0.17881944375 0.5146484375 0.19791666666666666 0.5185546875 0.20138888958333334 0.53125 0.19965277708333332 0.5400390625 0.19444444375 0.55078125 0.17534722291666668 0.552734375 0.14409722291666668 0.548828125 0.13020833333333334 0.5400390625 0.11458333333333333 0.5322265625 0.10763888958333333 0.5185546875 0.10763888958333333 0.5068359375 0.11805555625
1 0.5556640625 0.045138889583333335 0.5517578125 0.048611110416666665 0.544921875 0.06423611041666667 0.544921875 0.08506944375 0.546875 0.09201388958333333 0.5576171875 0.10763888958333333 0.5625 0.10590277708333334 0.5625 0.09548611041666667 0.560546875 0.09201388958333333 0.5625 0.08854166666666667 0.5625 0.078125 0.5712890625 0.0625 0.578125 0.057291666666666664 0.5693359375 0.045138889583333335 0.5556640625 0.045138889583333335
1 0.6015625 0.09201388958333333 0.6015625 0.109375 0.603515625 0.11631944375 0.6201171875 0.13888888958333334 0.6328125 0.13715277708333332 0.642578125 0.12326388958333333 0.646484375 0.109375 0.646484375 0.09548611041666667 0.642578125 0.078125 0.6298828125 0.0625 0.6123046875 0.06597222291666667 0.603515625 0.08159722291666666 0.6015625 0.09201388958333333
1 0.69140625 0.09548611041666667 0.6982421875 0.11111111041666667 0.7041015625 0.11458333333333333 0.7099609375 0.125 0.720703125 0.12326388958333333 0.73046875 0.10243055625 0.73046875 0.08506944375 0.7216796875 0.0625 0.7138671875 0.05555555625 0.7041015625 0.05555555625 0.693359375 0.07118055625 0.69140625 0.078125 0.69140625 0.09548611041666667
1 0.6787109375 0.14930555625 0.6708984375 0.14930555625 0.6572265625 0.15972222291666668 0.6484375 0.17881944375 0.64453125 0.19965277708333332 0.64453125 0.22048611041666666 0.654296875 0.24826388958333334 0.6650390625 0.26388888958333334 0.6708984375 0.2673611104166667 0.6796875 0.265625 0.6923828125 0.25347222291666666 0.7021484375 0.25 0.708984375 0.23090277708333332 0.7109375 0.21006944375 0.705078125 0.17881944375 0.6923828125 0.15625 0.6806640625 0.15277777708333332 0.6787109375 0.14930555625
1 0.49609375 0.6197916666666666 0.494140625 0.6163194437499999 0.494140625 0.6059027770833333 0.484375 0.5746527770833333 0.4599609375 0.5347222229166667 0.4365234375 0.5208333333333334 0.4130859375 0.52430555625 0.3935546875 0.5381944437499999 0.373046875 0.578125 0.36328125 0.6197916666666666 0.36328125 0.6684027770833333 0.37109375 0.6996527770833333 0.376953125 0.7135416666666666 0.3935546875 0.7430555562500001 0.4013671875 0.75 0.4072265625 0.75 0.4169921875 0.7569444437499999 0.42578125 0.7552083333333334 0.4296875 0.7482638895833333 0.4296875 0.7413194437499999 0.435546875 0.7204861104166667 0.4521484375 0.6875 0.4755859375 0.6631944437499999 0.4931640625 0.65625 0.49609375 0.6510416666666666 0.49609375 0.6197916666666666