1 0.740234375 0.36631944375000003 0.740234375 0.3767361104166667 0.73828125 0.3802083333333333 0.73828125 0.41840277708333334 0.7431640625 0.43055555624999997 0.74609375 0.42881944375000003 0.7587890625 0.40277777708333334 0.7744140625 0.3923611104166667 0.7978515625 0.3923611104166667 0.8037109375 0.3958333333333333 0.8212890625 0.4201388895833333 0.82421875 0.4114583333333333 0.822265625 0.3732638895833333 0.81640625 0.35590277708333334 0.8017578125 0.3298611104166667 0.7900390625 0.31944444375000003 0.7666015625 0.31944444375000003 0.7587890625 0.3263888895833333 0.74609375 0.3489583333333333 0.740234375 0.36631944375000003
1 0.744140625 0.4322916666666667 0.736328125 0.4635416666666667 0.734375 0.5121527770833334 0.744140625 0.5503472229166667 0.7568359375 0.5763888895833333 0.7716796875 0.5895833333333333 0.7806640578125 0.5895833333333333 0.79296875 0.5885416666666666 0.8076171875 0.5798611104166667 0.81640625 0.5642361104166667 0.822265625 0.5399305562500001 0.833984375 0.515625 0.8359375 0.484375 0.833984375 0.48090277708333334 0.83203125 0.453125 0.822265625 0.42534722291666666 0.8095703125 0.40277777708333334 0.7978515625 0.3923611104166667 0.7853515609375 0.38958333333333334 0.7810546890625 0.38958333333333334 0.7587890625 0.40277777708333334 0.744140625 0.4322916666666667
1 0.8224609375 0.5434027770833333 0.8126953125 0.5850694437499999 0.8126953125 0.640625 0.8224609375 0.6788194437499999 0.8283203125 0.6927083333333334 0.837109375 0.7048611104166667 0.8480468765625 0.7145833333333333 0.8578124953125 0.7145833333333333 0.8712890625 0.7135416666666666 0.878125 0.7118055562500001 0.89375 0.6944444437499999 0.9025390625 0.6788194437499999 0.9044921875 0.6684027770833333 0.9083984375 0.6614583333333334 0.915625 0.6261284729166667 0.915625 0.5715277770833332 0.9103515625 0.5434027770833333 0.9064453125 0.5364583333333334 0.9044921875 0.5260416666666666 0.89375 0.50694444375 0.88076171875 0.49375 0.85390625 0.49375 0.84296875 0.5034722229166666 0.8224609375 0.5434027770833333
1 0.5951171875 0.41458333333333336 0.58046875 0.38506944375 0.555078125 0.36770833333333336 0.5375 0.36770833333333336 0.516015625 0.3815972208333333 0.50625 0.3954861104166667 0.4994140625 0.4111111104166667 0.4896484375 0.4493055541666667 0.4896484375 0.4875 0.4955078125 0.51875 0.512109375 0.5517361104166666 0.53359375 0.5708333333333333 0.5560546875 0.5708333333333333 0.5765625 0.5586805541666667 0.5931640625 0.5291666666666667 0.6009765625 0.5048611104166667 0.6009765625 0.49444444375 0.6046875 0.47795138958333333 0.6046875 0.4739583333333333 0.6029296875 0.44583333333333336 0.5951171875 0.41458333333333336
1 0.4517578125 0.328125 0.4498046875 0.3489583333333333 0.4478515625 0.35243055624999997 0.4478515625 0.38715277708333334 0.4556640625 0.41493055624999997 0.46640625 0.43055555624999997 0.48125 0.44375 0.4855468734375 0.44375 0.4908203125 0.4427083333333333 0.4966796875 0.41840277708333334 0.51328125 0.3854166666666667 0.534375 0.3674818833333333 0.534375 0.34348958333333335 0.5279296875 0.3177083333333333 0.5171875 0.2986111104166667 0.4986328109375 0.28541666666666665 0.4850781265625 0.28541666666666665 0.464453125 0.3020833333333333 0.4517578125 0.328125
1 0.66875 0.34097222083333334 0.653125 0.33055555416666665 0.647265625 0.33402777708333337 0.631640625 0.33402777708333337 0.616015625 0.34791666666666665 0.6033203125 0.3704861104166667 0.5974609375 0.39131944375 0.5955078125 0.41215277708333337 0.6052734375 0.45034722083333334 0.6052734375 0.47465277708333337 0.6072265625 0.48506944375 0.616015625 0.50069444375 0.6339843765625 0.5166666666666667 0.6566406125 0.5166666666666667 0.6619140625 0.51631944375 0.6765625 0.5076388875 0.6892578125 0.48506944375 0.6984375 0.44916666666666666 0.6984375 0.40659722083333333 0.6892578125 0.37395833333333334 0.66875 0.34097222083333334
1 0.596875 0.2708333333333333 0.579296875 0.25694444375 0.559765625 0.25694444375 0.54609375 0.2673611104166667 0.5373046875 0.2829861104166667 0.5296875 0.31006944583333335 0.5296875 0.32523148125 0.5353515625 0.3420138895833333 0.5373046875 0.359375 0.544140625 0.36805555624999997 0.559765625 0.36805555624999997 0.5734375 0.37847222291666666 0.5861328125 0.3767361104166667 0.602734375 0.3611111104166667 0.6125 0.34375 0.6125 0.3125 0.6095703125 0.296875 0.596875 0.2708333333333333
1 0.73046875 0.38697916666666665 0.732421875 0.3765625 0.73046875 0.3314236125 0.72265625 0.30711805625 0.7099609375 0.28802083333333334 0.6943359375 0.27760416666666665 0.6748046875 0.2810763895833333 0.6669921875 0.28802083333333334 0.65234375 0.3140625 0.650390625 0.3279513895833333 0.6533203125 0.3331597229166666 0.6669921875 0.33663194583333333 0.6806640625 0.35399305625 0.689453125 0.36961805625 0.697265625 0.3939236125 0.7010830968749999 0.43125 0.7095424109375 0.43125 0.724609375 0.4078125 0.73046875 0.38697916666666665
1 0.7234375 0.16041666666666668 0.715625 0.15347222083333334 0.7 0.15347222083333334 0.6921875 0.16041666666666668 0.6833984375 0.17951388750000002 0.6833984375 0.21076388750000002 0.6912109375 0.23506944375 0.7093750015625 0.24583333333333332 0.72187499375 0.24583333333333332 0.7244140625 0.24548611041666665 0.7322265625 0.23159722083333334 0.734375 0.22204861041666665 0.734375 0.18368055416666668 0.7322265625 0.17604166666666668 0.7234375 0.16041666666666668
1 0.8173828125 0.24340277708333333 0.826171875 0.22430555416666667 0.826171875 0.18958333125000001 0.8134765625 0.16354166458333333 0.7978515625 0.15659722083333336 0.7939453125 0.16006944374999998 0.783203125 0.1826388875 0.783203125 0.21041666458333333 0.787109375 0.22777777708333333 0.7900390625 0.2295138875 0.7939453125 0.23993055416666667 0.802246096875 0.24583333333333332 0.8101562390625 0.24583333333333332 0.814453125 0.2451388875 0.8173828125 0.24340277708333333
1 0.8857421875 0.28125 0.892578125 0.26909722291666666 0.896484375 0.24131944375 0.892578125 0.22048611041666666 0.8837890625 0.20138888958333334 0.8779296875 0.19444444375 0.8642578125 0.19444444375 0.857421875 0.203125 0.853515625 0.22048611041666666 0.85546875 0.25173611041666666 0.8662109375 0.28125 0.8720703125 0.28472222291666666 0.880859375 0.2829861104166667 0.8857421875 0.28125