1 0.517578125 0.17534722291666668 0.5224609375 0.1875 0.5361328125 0.19791666666666666 0.5419921875 0.20833333333333334 0.5458984375 0.21180555625 0.552734375 0.21006944375 0.56640625 0.18923611041666666 0.5703125 0.171875 0.568359375 0.15451388958333334 0.5556640625 0.12847222291666666 0.5400390625 0.12152777708333334 0.5302734375 0.12847222291666666 0.51953125 0.14756944375 0.517578125 0.17534722291666668
1 0.2626953125 0.19097222291666668 0.255859375 0.203125 0.251953125 0.21701388958333334 0.251953125 0.23784722291666668 0.25390625 0.24479166666666666 0.2607421875 0.25694444375 0.2666015625 0.2604166666666667 0.271484375 0.25868055625 0.2802734375 0.25347222291666666 0.28515625 0.24479166666666666 0.28515625 0.23784722291666668 0.2890625 0.22743055625 0.287109375 0.19965277708333332 0.2822265625 0.19097222291666668 0.2763671875 0.1875 0.2626953125 0.19097222291666668
1 0.193359375 0.25868055625 0.1982421875 0.27777777708333334 0.2060546875 0.28472222291666666 0.212890625 0.2829861104166667 0.21484375 0.2795138895833333 0.208984375 0.26215277708333334 0.208984375 0.24131944375 0.212890625 0.23090277708333332 0.212890625 0.22048611041666666 0.2060546875 0.21875 0.1953125 0.23784722291666668 0.193359375 0.25868055625
1 0.15234375 0.296875 0.15234375 0.32465277708333334 0.1611328125 0.34375 0.1650390625 0.34722222291666666 0.171875 0.3454861104166667 0.181640625 0.33506944375000003 0.185546875 0.32118055624999997 0.1875 0.30034722291666666 0.1806640625 0.27777777708333334 0.1689453125 0.2708333333333333 0.1630859375 0.27430555624999997 0.154296875 0.28993055624999997 0.15234375 0.296875
1 0.0966796875 0.4479166666666667 0.083984375 0.4739583333333333 0.08203125 0.484375 0.08203125 0.52256944375 0.083984375 0.5260416666666666 0.083984375 0.5364583333333334 0.087890625 0.546875 0.0908203125 0.5520833333333334 0.091796875 0.5503472229166667 0.091796875 0.5190972229166666 0.09765625 0.48784722291666666 0.1083984375 0.46875 0.1220703125 0.46527777708333334 0.125 0.46006944375000003 0.1142578125 0.44444444375000003 0.1005859375 0.44444444375000003 0.0966796875 0.4479166666666667
0 0.083984375 0.39756944375000003 0.0927734375 0.41319444375000003 0.099609375 0.4114583333333333 0.109375 0.39756944375000003 0.11328125 0.3767361104166667 0.111328125 0.35590277708333334 0.1044921875 0.34027777708333334 0.0947265625 0.34027777708333334 0.0859375 0.35590277708333334 0.08203125 0.3732638895833333 0.083984375 0.39756944375000003
0 0.4853515625 0.3645833333333333 0.4775390625 0.3541666666666667 0.4677734375 0.34722222291666666 0.4462890625 0.34375 0.4228515625 0.3576388895833333 0.41015625 0.3767361104166667 0.3984375 0.41493055624999997 0.3984375 0.453125 0.40234375 0.4635416666666667 0.40234375 0.4739583333333333 0.40625 0.48784722291666666 0.4189453125 0.5104166666666666 0.4326171875 0.52430555625 0.455078125 0.5295138895833333 0.4716796875 0.52430555625 0.4755859375 0.5173611104166667 0.4814453125 0.5138888895833333 0.49609375 0.48784722291666666 0.50390625 0.453125 0.50390625 0.42534722291666666 0.49609375 0.38715277708333334 0.4853515625 0.3645833333333333
0 0.142578125 0.48090277708333334 0.1318359375 0.46527777708333334 0.1259765625 0.46180555624999997 0.1103515625 0.46527777708333334 0.1005859375 0.47569444375000003 0.095703125 0.48784722291666666 0.095703125 0.4947916666666667 0.091796875 0.5017361104166667 0.0908203125 0.5208333333333334 0.09765625 0.5746527770833333 0.1083984375 0.59375 0.1162109375 0.6006944437499999 0.1328125 0.5989583333333334 0.1396484375 0.59375 0.1484375 0.578125 0.150390625 0.5572916666666666 0.15234375 0.5538194437499999 0.15234375 0.5190972229166666 0.150390625 0.515625 0.150390625 0.5052083333333334 0.142578125 0.48090277708333334
0 0 0.6788194437499999 0.01171875 0.6788194437499999 0.017578125 0.6684027770833333 0.01953125 0.6336805562500001 0.017578125 0.6302083333333334 0.017578125 0.6163194437499999 0.013671875 0.5989583333333334 0.0068359375 0.5833333333333334 0.0009765625 0.5798611104166667 0 0.6788194437499999
0 0.2255859375 0.21180555625 0.2177734375 0.21875 0.208984375 0.23784722291666668 0.208984375 0.265625 0.212890625 0.2760416666666667 0.2197265625 0.28472222291666666 0.23046875 0.2829861104166667 0.2353515625 0.28125 0.240234375 0.27256944375000003 0.24609375 0.25173611041666666 0.24609375 0.24479166666666666 0.244140625 0.24131944375 0.244140625 0.23090277708333332 0.2392578125 0.21875 0.2255859375 0.21180555625
0 0.2255859375 0.21180555625 0.232421875 0.19618055625 0.2216796875 0.19444444375 0.2177734375 0.19791666666666666 0.2109375 0.21354166666666666 0.2119140625 0.21875 0.216796875 0.22048611041666666 0.2255859375 0.21180555625
0 0.380859375 0.18576388958333334 0.3828125 0.19270833333333334 0.3896484375 0.20486111041666666 0.3974609375 0.21180555625 0.404296875 0.21006944375 0.4169921875 0.20138888958333334 0.42578125 0.171875 0.421875 0.14756944375 0.4130859375 0.13541666666666666 0.3974609375 0.13541666666666666 0.3916015625 0.13888888958333334 0.380859375 0.16145833333333334 0.380859375 0.18576388958333334
0 0.5126953125 0.1875 0.5009765625 0.19444444375 0.490234375 0.21006944375 0.48828125 0.22048611041666666 0.484375 0.22743055625 0.482421875 0.26215277708333334 0.48828125 0.2864583333333333 0.5048828125 0.30902777708333334 0.5107421875 0.30902777708333334 0.5126953125 0.3125 0.525390625 0.3107638895833333 0.5341796875 0.30555555624999997 0.548828125 0.2795138895833333 0.552734375 0.26215277708333334 0.552734375 0.24131944375 0.546875 0.21701388958333334 0.5361328125 0.19791666666666666 0.5205078125 0.1875 0.5126953125 0.1875
0 0.556640625 0.13020833333333334 0.5615234375 0.13541666666666666 0.568359375 0.15104166666666666 0.5703125 0.16145833333333334 0.568359375 0.18576388958333334 0.5859375 0.18576388958333334 0.595703125 0.171875 0.599609375 0.15798611041666666 0.599609375 0.13715277708333332 0.595703125 0.12326388958333333 0.5849609375 0.10763888958333333 0.5673828125 0.10763888958333333 0.556640625 0.12326388958333333 0.556640625 0.13020833333333334
0 0.7392578125 0.22222222291666668 0.7333984375 0.22916666666666666 0.72265625 0.25173611041666666 0.720703125 0.26215277708333334 0.720703125 0.296875 0.72265625 0.3072916666666667 0.7412109375 0.34375 0.7470703125 0.34375 0.7490234375 0.34722222291666666 0.763671875 0.3454861104166667 0.7744140625 0.34027777708333334 0.78125 0.328125 0.7890625 0.30381944375000003 0.7890625 0.2760416666666667 0.78515625 0.2552083333333333 0.7724609375 0.22916666666666666 0.7607421875 0.21875 0.7392578125 0.22222222291666668
0 0.13671875 0.296875 0.13671875 0.3072916666666667 0.142578125 0.328125 0.1474609375 0.3333333333333333 0.150390625 0.33159722291666666 0.15234375 0.328125 0.15234375 0.30034722291666666 0.15625 0.2864583333333333 0.162109375 0.2760416666666667 0.1591796875 0.2673611104166667 0.1474609375 0.2673611104166667 0.140625 0.2795138895833333 0.13671875 0.296875