0 0.41796875 0.20659722291666668 0.4248046875 0.21875 0.4326171875 0.22569444375 0.443359375 0.22395833333333334 0.4501953125 0.21875 0.458984375 0.19965277708333332 0.458984375 0.171875 0.45703125 0.16493055625 0.4482421875 0.15277777708333332 0.4423828125 0.14930555625 0.4287109375 0.15277777708333332 0.419921875 0.16840277708333332 0.416015625 0.18229166666666666 0.41796875 0.20659722291666668
1 0.478515625 0.16145833333333334 0.478515625 0.18229166666666666 0.4853515625 0.20138888958333334 0.4970703125 0.21180555625 0.501953125 0.21006944375 0.5087890625 0.20833333333333334 0.51953125 0.18923611041666666 0.521484375 0.16493055625 0.517578125 0.15104166666666666 0.5107421875 0.13888888958333334 0.5068359375 0.13541666666666666 0.4951171875 0.13541666666666666 0.4873046875 0.14236111041666666 0.48046875 0.15451388958333334 0.478515625 0.16145833333333334
0 0.5751953125 0.17013888958333334 0.5810546875 0.17361111041666666 0.587890625 0.171875 0.59765625 0.16145833333333334 0.6015625 0.14756944375 0.6015625 0.13020833333333334 0.599609375 0.12326388958333333 0.5888671875 0.10763888958333333 0.5751953125 0.10763888958333333 0.5712890625 0.11111111041666667 0.5625 0.13020833333333334 0.564453125 0.15104166666666666 0.5751953125 0.17013888958333334
0 0.7255859375 0.18055555625 0.7294921875 0.18402777708333332 0.73828125 0.18229166666666666 0.748046875 0.16840277708333332 0.75 0.14756944375 0.74609375 0.13368055625 0.7392578125 0.12152777708333334 0.7353515625 0.11805555625 0.7236328125 0.11805555625 0.716796875 0.1267361104166667 0.712890625 0.140625 0.71484375 0.16145833333333334 0.7255859375 0.18055555625
0 0.751953125 0.18229166666666666 0.7587890625 0.19444444375 0.7685546875 0.20138888958333334 0.775390625 0.19965277708333332 0.7783203125 0.19791666666666666 0.78515625 0.18229166666666666 0.78515625 0.15451388958333334 0.783203125 0.14756944375 0.7724609375 0.13194444375 0.7626953125 0.12847222291666666 0.75 0.14756944375 0.75 0.16145833333333334 0.748046875 0.16493055625 0.751953125 0.18229166666666666
1 0.7998046875 0.21875 0.8125 0.21701388958333334 0.818359375 0.21006944375 0.822265625 0.19618055625 0.8203125 0.16840277708333332 0.8076171875 0.14930555625 0.8017578125 0.14583333333333334 0.7939453125 0.14930555625 0.787109375 0.16145833333333334 0.78515625 0.18923611041666666 0.7958984375 0.21527777708333332 0.7998046875 0.21875
1 0.814453125 0.26909722291666666 0.81640625 0.2795138895833333 0.8203125 0.28993055624999997 0.8330078125 0.30902777708333334 0.8369140625 0.3125 0.849609375 0.3107638895833333 0.857421875 0.30034722291666666 0.861328125 0.2864583333333333 0.86328125 0.2760416666666667 0.861328125 0.24826388958333334 0.8486328125 0.21875 0.8427734375 0.21527777708333332 0.8291015625 0.21527777708333332 0.81640625 0.234375 0.814453125 0.24479166666666666 0.814453125 0.26909722291666666
1 0.82421875 0.17881944375 0.82421875 0.17534722291666668 0.8330078125 0.16319444375 0.849609375 0.16493055625 0.8408203125 0.14583333333333334 0.8291015625 0.14236111041666666 0.8251953125 0.14583333333333334 0.8203125 0.15798611041666666 0.8203125 0.17534722291666668 0.8232421875 0.18055555625 0.82421875 0.17881944375
0 0.8525390625 0.22569444375 0.85546875 0.22395833333333334 0.859375 0.19965277708333332 0.853515625 0.17534722291666668 0.8388671875 0.15972222291666668 0.8310546875 0.16319444375 0.822265625 0.17881944375 0.822265625 0.203125 0.82421875 0.21006944375 0.8271484375 0.21527777708333332 0.8427734375 0.21527777708333332 0.8525390625 0.22569444375
0 0.869140625 0.26215277708333334 0.8671875 0.27256944375000003 0.8671875 0.30034722291666666 0.8779296875 0.3333333333333333 0.8857421875 0.34027777708333334 0.89453125 0.3420138895833333 0.8994140625 0.34027777708333334 0.91015625 0.32118055624999997 0.912109375 0.3142361104166667 0.912109375 0.2829861104166667 0.90625 0.26215277708333334 0.8974609375 0.24652777708333332 0.8935546875 0.24305555625 0.8798828125 0.24305555625 0.8740234375 0.25 0.869140625 0.26215277708333334
0 1 0.3767361104166667 0.9970703125 0.37152777708333334 0.9873046875 0.36805555624999997 0.9775390625 0.375 0.970703125 0.38715277708333334 0.96875 0.4079861104166667 0.966796875 0.4114583333333333 0.966796875 0.4427083333333333 0.974609375 0.47743055624999997 0.9853515625 0.4895833333333333 0.994140625 0.49131944375000003 1 0.48784722291666666 1 0.3767361104166667
0 0.828125 0.42881944375000003 0.822265625 0.453125 0.8203125 0.49131944375000003 0.828125 0.5295138895833333 0.8427734375 0.5590277770833333 0.8583984375 0.5729166666666666 0.873046875 0.5711805562500001 0.8876953125 0.5590277770833333 0.8984375 0.5399305562500001 0.90625 0.5052083333333334 0.90625 0.47743055624999997 0.8984375 0.4322916666666667 0.8837890625 0.40277777708333334 0.8701171875 0.3923611104166667 0.8544921875 0.3923611104166667 0.8408203125 0.40277777708333334 0.828125 0.42881944375000003
1 0.787109375 0.140625 0.7802734375 0.12847222291666666 0.7705078125 0.12152777708333334 0.7685546875 0.125 0.7626953125 0.125 0.759765625 0.13020833333333334 0.7744140625 0.13541666666666666 0.7861328125 0.15972222291666668 0.7890625 0.15798611041666666 0.787109375 0.140625