0 0.076171875 0.9357638895833333 0.072265625 0.953125 0.072265625 0.984375 0.0830078125 1 0.169921875 0.9982638895833333 0.166015625 0.9809027770833333 0.1474609375 0.9444444437499999 0.1259765625 0.9166666666666666 0.1201171875 0.9131944437499999 0.1123046875 0.9131944437499999 0.1103515625 0.9097222229166667 0.0908203125 0.9131944437499999 0.076171875 0.9357638895833333
0 0.1787109375 0.5902777770833333 0.1650390625 0.5763888895833333 0.1494140625 0.5729166666666666 0.1357421875 0.5833333333333334 0.125 0.6024305562500001 0.119140625 0.6232638895833333 0.119140625 0.6371527770833333 0.1171875 0.640625 0.119140625 0.6822916666666666 0.125 0.7065972229166667 0.1396484375 0.7361111104166667 0.1552734375 0.7465277770833333 0.169921875 0.7482638895833333 0.1767578125 0.7465277770833333 0.189453125 0.7274305562500001 0.19921875 0.6927083333333334 0.19921875 0.6788194437499999 0.201171875 0.6753472229166667 0.19921875 0.640625 0.19140625 0.6128472229166667 0.1787109375 0.5902777770833333
0 0.1923828125 0.46875 0.1767578125 0.4826388895833333 0.16796875 0.5017361104166667 0.1640625 0.5190972229166666 0.1640625 0.5329861104166667 0.162109375 0.5364583333333334 0.162109375 0.5642361104166667 0.1689453125 0.5798611104166667 0.1748046875 0.5833333333333334 0.1845703125 0.5972222229166667 0.1943359375 0.6180555562500001 0.2041015625 0.625 0.2109375 0.6232638895833333 0.224609375 0.609375 0.236328125 0.5746527770833333 0.236328125 0.5607638895833333 0.23046875 0.5399305562500001 0.23046875 0.4982638895833333 0.2216796875 0.4791666666666667 0.2099609375 0.46875 0.1923828125 0.46875
0 0.2822265625 0.43402777708333334 0.2685546875 0.43055555624999997 0.2666015625 0.43402777708333334 0.2548828125 0.4375 0.236328125 0.4670138895833333 0.23046875 0.4982638895833333 0.23046875 0.5295138895833333 0.236328125 0.5607638895833333 0.2490234375 0.5833333333333334 0.2548828125 0.5902777770833333 0.2666015625 0.59375 0.2685546875 0.5972222229166667 0.283203125 0.5954861104166667 0.2939453125 0.5868055562500001 0.310546875 0.5538194437499999 0.3125 0.5329861104166667 0.314453125 0.5295138895833333 0.314453125 0.49131944375000003 0.30859375 0.4670138895833333 0.2958984375 0.44444444375000003 0.2822265625 0.43402777708333334
0 0.4482421875 0.18402777708333332 0.4345703125 0.19791666666666666 0.4296875 0.21006944375 0.4296875 0.22048611041666666 0.427734375 0.22395833333333334 0.427734375 0.24131944375 0.43359375 0.25868055625 0.4443359375 0.2708333333333333 0.453125 0.27256944375000003 0.4599609375 0.2708333333333333 0.4697265625 0.2604166666666667 0.474609375 0.25173611041666666 0.478515625 0.234375 0.4765625 0.20659722291666668 0.4677734375 0.19097222291666668 0.4599609375 0.18402777708333332 0.4482421875 0.18402777708333332
0 0.935546875 0.4079861104166667 0.9248046875 0.3923611104166667 0.9130859375 0.3888888895833333 0.9111328125 0.3854166666666667 0.8955078125 0.3923611104166667 0.884765625 0.4114583333333333 0.876953125 0.4427083333333333 0.876953125 0.48090277708333334 0.880859375 0.5017361104166667 0.8916015625 0.52430555625 0.8955078125 0.5277777770833334 0.900390625 0.5260416666666666 0.9111328125 0.5104166666666666 0.9248046875 0.5 0.9384765625 0.5 0.9404296875 0.5034722229166666 0.9453125 0.49131944375000003 0.9453125 0.4427083333333333 0.939453125 0.41840277708333334 0.935546875 0.4079861104166667
0 1 0.45659722291666666 0.994140625 0.4357638895833333 0.9814453125 0.41319444375000003 0.9658203125 0.41319444375000003 0.9619140625 0.4166666666666667 0.94921875 0.4427083333333333 0.947265625 0.4704861104166667 0.9453125 0.4739583333333333 0.9453125 0.4982638895833333 0.958984375 0.5260416666666666 0.9677734375 0.5555555562500001 0.984375 0.5538194437499999 1 0.5190972229166666 1 0.45659722291666666
1 0.1630859375 0.46875 0.1513671875 0.46875 0.1416015625 0.47569444375000003 0.12890625 0.5052083333333334 0.12890625 0.515625 0.126953125 0.5190972229166666 0.126953125 0.5572916666666666 0.130859375 0.5746527770833333 0.1357421875 0.5833333333333334 0.13671875 0.5815972229166667 0.1474609375 0.5729166666666666 0.162109375 0.5711805562500001 0.162109375 0.5329861104166667 0.1640625 0.5295138895833333 0.1640625 0.515625 0.166015625 0.5052083333333334 0.17578125 0.484375 0.1630859375 0.46875
1 0.158203125 0.38368055624999997 0.15234375 0.4079861104166667 0.15234375 0.42881944375000003 0.158203125 0.453125 0.1630859375 0.46180555624999997 0.1728515625 0.46875 0.18359375 0.4670138895833333 0.1953125 0.453125 0.201171875 0.421875 0.201171875 0.4045138895833333 0.1923828125 0.375 0.1865234375 0.36805555624999997 0.1728515625 0.3645833333333333 0.1650390625 0.37152777708333334 0.158203125 0.38368055624999997
1 0.2763671875 0.2986111104166667 0.2666015625 0.30555555624999997 0.2578125 0.32118055624999997 0.25390625 0.33506944375000003 0.251953125 0.36284722291666666 0.255859375 0.3802083333333333 0.2666015625 0.39930555624999997 0.2763671875 0.40625 0.28515625 0.4045138895833333 0.2900390625 0.40277777708333334 0.30078125 0.38368055624999997 0.306640625 0.36631944375000003 0.30859375 0.3489583333333333 0.302734375 0.3177083333333333 0.2958984375 0.30555555624999997 0.2861328125 0.2986111104166667 0.2763671875 0.2986111104166667
1 0.4189453125 0.3298611104166667 0.4072265625 0.34027777708333334 0.39453125 0.36631944375000003 0.388671875 0.39409722291666666 0.388671875 0.421875 0.39453125 0.44618055624999997 0.4033203125 0.46527777708333334 0.4169921875 0.4791666666666667 0.4228515625 0.4791666666666667 0.4287109375 0.4861111104166667 0.44140625 0.484375 0.4541015625 0.47222222291666666 0.46875 0.44618055624999997 0.474609375 0.42534722291666666 0.474609375 0.390625 0.466796875 0.359375 0.4580078125 0.34027777708333334 0.4443359375 0.3298611104166667 0.4189453125 0.3298611104166667
1 0.6669921875 0.26388888958333334 0.6650390625 0.2604166666666667 0.6455078125 0.26388888958333334 0.6357421875 0.27430555624999997 0.625 0.296875 0.625 0.30381944375000003 0.62109375 0.3142361104166667 0.62109375 0.3454861104166667 0.62890625 0.3732638895833333 0.6376953125 0.3888888895833333 0.6552734375 0.40277777708333334 0.669921875 0.4010416666666667 0.6826171875 0.3888888895833333 0.6953125 0.36284722291666666 0.6953125 0.35243055624999997 0.697265625 0.3489583333333333 0.697265625 0.3142361104166667 0.69140625 0.29340277708333334 0.6728515625 0.26388888958333334 0.6669921875 0.26388888958333334
1 0.0673828125 0.5173611104166667 0.056640625 0.5364583333333334 0.052734375 0.5503472229166667 0.052734375 0.5885416666666666 0.05859375 0.609375 0.0673828125 0.625 0.0712890625 0.6284722229166667 0.083984375 0.6267361104166667 0.0869140625 0.625 0.095703125 0.6059027770833333 0.09765625 0.5642361104166667 0.095703125 0.5607638895833333 0.09375 0.5399305562500001 0.0830078125 0.5208333333333334 0.0732421875 0.5138888895833333 0.0673828125 0.5173611104166667
1 0.044921875 0.50868055625 0.041015625 0.52256944375 0.041015625 0.5642361104166667 0.044921875 0.5815972229166667 0.0478515625 0.5868055562500001 0.05078125 0.5850694437499999 0.052734375 0.5503472229166667 0.056640625 0.5364583333333334 0.0654296875 0.5208333333333334 0.072265625 0.515625 0.072265625 0.50868055625 0.0615234375 0.49305555624999997 0.0517578125 0.49652777708333334 0.044921875 0.50868055625
1 0 0.6788194437499999 0.0068359375 0.6909722229166667 0.0126953125 0.6944444437499999 0.021484375 0.6927083333333334 0.02734375 0.6753472229166667 0.02734375 0.640625 0.021484375 0.6197916666666666 0.021484375 0.6128472229166667 0.0126953125 0.5972222229166667 0.0087890625 0.5972222229166667 0 0.6163194437499999 0 0.6788194437499999
0 0.015625 0.5503472229166667 0.01171875 0.5677083333333334 0.01171875 0.5920138895833333 0.021484375 0.609375 0.025390625 0.6336805562500001 0.0283203125 0.6388888895833333 0.033203125 0.6371527770833333 0.041015625 0.6267361104166667 0.044921875 0.609375 0.04296875 0.5711805562500001 0.0390625 0.5538194437499999 0.0322265625 0.5416666666666666 0.0205078125 0.5416666666666666 0.01953125 0.546875 0.015625 0.5503472229166667