1 0.6171875 0.17881944375 0.615234375 0.18923611041666666 0.6171875 0.22743055625 0.6240234375 0.24305555625 0.6357421875 0.25694444375 0.65234375 0.2552083333333333 0.6591796875 0.25 0.66796875 0.234375 0.671875 0.21701388958333334 0.671875 0.19965277708333332 0.66796875 0.18229166666666666 0.6572265625 0.16319444375 0.6494140625 0.15625 0.6337890625 0.15625 0.6259765625 0.16319444375 0.6171875 0.17881944375
1 0.57421875 0.16493055625 0.576171875 0.18923611041666666 0.578125 0.19618055625 0.5927734375 0.21875 0.609375 0.21701388958333334 0.615234375 0.21006944375 0.615234375 0.18576388958333334 0.623046875 0.16840277708333332 0.623046875 0.15451388958333334 0.6103515625 0.13541666666666666 0.6044921875 0.13541666666666666 0.6025390625 0.13194444375 0.5869140625 0.13541666666666666 0.578125 0.15104166666666666 0.57421875 0.16493055625
1 0.521484375 0.16145833333333334 0.5234375 0.20659722291666668 0.5361328125 0.22569444375 0.55078125 0.22395833333333334 0.5556640625 0.22222222291666668 0.564453125 0.20659722291666668 0.568359375 0.19270833333333334 0.5703125 0.16840277708333332 0.568359375 0.16145833333333334 0.5537109375 0.13888888958333334 0.5478515625 0.13541666666666666 0.5341796875 0.13888888958333334 0.5302734375 0.14236111041666666 0.521484375 0.16145833333333334
1 0.470703125 0.18229166666666666 0.470703125 0.21701388958333334 0.4892578125 0.24652777708333332 0.50390625 0.24479166666666666 0.5107421875 0.24305555625 0.517578125 0.23090277708333332 0.517578125 0.22395833333333334 0.5234375 0.21006944375 0.521484375 0.17881944375 0.5126953125 0.15972222291666668 0.5048828125 0.15277777708333332 0.4892578125 0.15277777708333332 0.4833984375 0.15625 0.470703125 0.18229166666666666
1 0.5029296875 0.15277777708333332 0.5185546875 0.17013888958333334 0.521484375 0.16840277708333332 0.5234375 0.15104166666666666 0.5166015625 0.13888888958333334 0.5068359375 0.13194444375 0.4990234375 0.13194444375 0.4912109375 0.13888888958333334 0.4853515625 0.14583333333333334 0.482421875 0.15451388958333334 0.4912109375 0.15625 0.4931640625 0.15277777708333332 0.5029296875 0.15277777708333332
1 0.564453125 0.15798611041666666 0.5693359375 0.16666666666666666 0.5703125 0.16493055625 0.5703125 0.14409722291666668 0.5556640625 0.12152777708333334 0.5419921875 0.12152777708333334 0.5361328125 0.125 0.529296875 0.13715277708333332 0.5302734375 0.14236111041666666 0.5361328125 0.13888888958333334 0.5517578125 0.13888888958333334 0.5595703125 0.14583333333333334 0.564453125 0.15798611041666666
1 0.5703125 0.14756944375 0.5703125 0.16145833333333334 0.5732421875 0.16666666666666666 0.57421875 0.16493055625 0.5849609375 0.13888888958333334 0.5947265625 0.13194444375 0.6103515625 0.13541666666666666 0.611328125 0.13020833333333334 0.6044921875 0.11805555625 0.5927734375 0.11111111041666667 0.5791015625 0.11805555625 0.572265625 0.13020833333333334 0.568359375 0.14409722291666668 0.5703125 0.14756944375
1 0.62890625 0.16145833333333334 0.6337890625 0.15625 0.6494140625 0.15625 0.6533203125 0.15972222291666668 0.654296875 0.14409722291666668 0.6435546875 0.125 0.6357421875 0.11805555625 0.6201171875 0.12152777708333334 0.61328125 0.13715277708333332 0.6259765625 0.16319444375 0.62890625 0.16145833333333334
1 0.67578125 0.09201388958333333 0.6650390625 0.07986111041666667 0.6533203125 0.07986111041666667 0.64453125 0.09895833333333333 0.64453125 0.10590277708333334 0.6513671875 0.11111111041666667 0.6650390625 0.11111111041666667 0.6669921875 0.11458333333333333 0.6796875 0.11284722291666666 0.67578125 0.09201388958333333
1 0.7333984375 0.13194444375 0.7412109375 0.13194444375 0.7431640625 0.13541666666666666 0.74609375 0.13368055625 0.75 0.11284722291666666 0.748046875 0.10243055625 0.7412109375 0.09027777708333334 0.7333984375 0.08333333333333333 0.7275390625 0.08333333333333333 0.71875 0.09548611041666667 0.716796875 0.11284722291666666 0.7197265625 0.125 0.7314453125 0.12847222291666666 0.7333984375 0.13194444375
1 0.7724609375 0.14583333333333334 0.7783203125 0.14583333333333334 0.7880859375 0.15277777708333332 0.796875 0.15104166666666666 0.798828125 0.14409722291666668 0.798828125 0.1267361104166667 0.7900390625 0.10763888958333333 0.7802734375 0.10069444375 0.7783203125 0.10416666666666667 0.7724609375 0.10416666666666667 0.76953125 0.109375 0.767578125 0.11631944375 0.767578125 0.13715277708333332 0.7724609375 0.14583333333333334