1 0.621484375 0.23611111041666666 0.6078125 0.22569444375 0.584375 0.22569444375 0.5765625 0.23263888958333334 0.5619140625 0.25868055625 0.5580078125 0.2760416666666667 0.5580078125 0.3107638895833333 0.570703125 0.34722222291666666 0.584375 0.3611111104166667 0.590234375 0.3611111104166667 0.598046875 0.36805555624999997 0.6048828125 0.36631944375000003 0.6234375 0.3541666666666667 0.6322265625 0.3385416666666667 0.6375 0.31979166666666664 0.6375 0.27743055624999996 0.6302734375 0.25173611041666666 0.621484375 0.23611111041666666
1 0.4373046875 0.89375 0.4353515625 0.8833333333333333 0.416796875 0.846875 0.397265625 0.82256944375 0.38359375 0.8121527770833333 0.377734375 0.8121527770833333 0.36796875 0.8052083333333333 0.338671875 0.8052083333333333 0.33671875 0.8086805541666667 0.319140625 0.815625 0.307421875 0.8260416666666667 0.2908203125 0.8520833333333333 0.2771484375 0.89375 0.2771484375 0.9076388875 0.2751953125 0.9111111104166666 0.2751953125 0.9701388875 0.2771484375 0.9736111104166666 0.2771484375 0.9840277770833333 0.28203125 0.9961805541666667 0.2849609390625 0.9979166666666667 0.4470703125 0.9979166666666667 0.4484375 0.9954861104166667 0.4484375 0.9392361104166667 0.4412109375 0.90069444375 0.4373046875 0.89375
1 0.125 0.33524305416666667 0.1234375 0.3380208333333333 0.1234375 0.34427083333333336 0.125 0.36649305416666667 0.1318359375 0.37864583333333335 0.1344726578125 0.37916666666666665 0.14404296875 0.37916666666666665 0.1455078125 0.37864583333333335 0.154296875 0.36302083333333335 0.15625 0.3421875 0.1578125 0.3394097208333333 0.1578125 0.33524305416666667 0.15625 0.32135416666666666 0.1458658859375 0.30625 0.13544921875 0.30625 0.125 0.3248263875 0.125 0.33524305416666667
1 0.1353515625 0.284375 0.128515625 0.2930555541666667 0.12265625 0.3138888875 0.12265625 0.3173611104166667 0.124609375 0.32083333333333336 0.1265625 0.32083333333333336 0.1333984375 0.3086805541666667 0.1431640625 0.30520833333333336 0.1509765625 0.31215277708333333 0.153125 0.30578703541666663 0.153125 0.30177468958333337 0.1451171875 0.284375 0.1353515625 0.284375
1 0.2125 0.3107638895833333 0.20859375 0.328125 0.20859375 0.3489583333333333 0.210546875 0.35243055624999997 0.210546875 0.36284722291666666 0.2212890625 0.3854166666666667 0.23007812656249998 0.39166666666666666 0.23535155937500002 0.39166666666666666 0.241796875 0.390625 0.2505859375 0.3854166666666667 0.257421875 0.3732638895833333 0.2625 0.3491898145833333 0.2625 0.32118055416666663 0.259375 0.3072916666666667 0.2486328125 0.28819444375000003 0.2455078125 0.28541666666666665 0.2302734375 0.28541666666666665 0.2232421875 0.2916666666666667 0.2125 0.3107638895833333
1 0.267578125 0.24479166666666666 0.2640625 0.2604166666666667 0.2640625 0.2907512625 0.2744140625 0.3125 0.2849609390625 0.31875 0.2880859359375 0.31875 0.291015625 0.3177083333333333 0.2978515625 0.31597222291666666 0.30859375 0.296875 0.3140625 0.2741898145833333 0.3140625 0.2569444458333333 0.310546875 0.24131944375 0.3037109375 0.22916666666666666 0.2949218734375 0.22291666666666668 0.2853515625 0.22291666666666668 0.2744140625 0.23263888958333334 0.267578125 0.24479166666666666
1 0.3484375 0.1767361125 0.340625 0.1767361125 0.330859375 0.18368055625000002 0.3220703125 0.19930555625000002 0.3181640625 0.21666666874999999 0.3181640625 0.23402777916666664 0.330859375 0.2600694458333333 0.3335937484375 0.2625 0.34355469843750003 0.2625 0.3494140625 0.26180555625 0.3630859375 0.24097222291666667 0.365625 0.23194444583333332 0.365625 0.20273919999999998 0.358203125 0.18368055625000002 0.3484375 0.1767361125
1 0.290625 0.19965277708333332 0.288671875 0.22048611041666666 0.3033203125 0.22916666666666666 0.31015625 0.24131944375 0.312109375 0.25173611041666666 0.3146484375 0.25625 0.3162109375 0.25625 0.31796875 0.2552083333333333 0.321875 0.24826388958333334 0.31796875 0.234375 0.31796875 0.21701388958333334 0.3234375 0.20081018541666668 0.3234375 0.18885030833333336 0.3157421875 0.18125 0.3060546875 0.18125 0.3013671875 0.18402777708333332 0.290625 0.19965277708333332
1 0.61796875 0.1357638875 0.60625 0.12534722083333333 0.592578125 0.12534722083333333 0.58671875 0.12881944375 0.5759765625 0.14791666458333333 0.5740234375 0.15486111041666667 0.5740234375 0.17916666458333333 0.5779296875 0.19305555416666667 0.590625 0.21215277708333333 0.5933593765625 0.21458333333333332 0.59863280625 0.21458333333333332 0.6013671875 0.2138888875 0.61015625 0.21215277708333333 0.6228515625 0.19305555416666667 0.625 0.18541666458333333 0.625 0.15243055416666668 0.6248046875 0.1513888875 0.61796875 0.1357638875
1 0.666796875 0.18125 0.662890625 0.18125 0.65703125 0.17430555416666668 0.643359375 0.17430555416666668 0.6375 0.17777777708333334 0.6296875 0.18819444375 0.6208984375 0.20729166666666668 0.6208984375 0.21770833333333334 0.6189453125 0.22118055416666668 0.6208984375 0.23506944375 0.6326171875 0.2559027770833333 0.6384765625 0.2767361104166667 0.6384765625 0.28368055416666665 0.640625 0.2875 0.657812490625 0.2875 0.6619140625 0.28715277708333337 0.67265625 0.27847222083333334 0.6814453125 0.259375 0.6828125 0.2520833333333333 0.6828125 0.21588541666666666 0.6755859375 0.19340277708333334 0.666796875 0.18125
1 0.6408203125 0.17378472083333335 0.6564453125 0.17378472083333335 0.6603515625 0.17725694374999998 0.665234375 0.1685763875 0.6671875 0.1477430541666667 0.66328125 0.13038194375 0.6564453125 0.11822916666666666 0.6486328125 0.11128472083333334 0.6330078125 0.11128472083333334 0.6291015625 0.11475694375 0.6203125 0.13385416666666666 0.628125 0.1789930541666667 0.6359375 0.1789930541666667 0.6408203125 0.17378472083333335
1 0.51025390625 0.11180555416666667 0.49755859375 0.13090277708333334 0.49560546875 0.13784722083333334 0.49560546875 0.15520833333333334 0.49951171875 0.16909722083333334 0.50166015625 0.17291666666666666 0.5047851546875 0.17291666666666666 0.50537109375 0.17256944375 0.50537109375 0.15173611041666665 0.50732421875 0.14479166666666668 0.51611328125 0.12916666666666668 0.52392578125 0.12222222083333333 0.5328125 0.12222222083333333 0.5328125 0.11796875 0.52587890625 0.11180555416666667 0.51025390625 0.11180555416666667
0 0.5765625 0.19444444375 0.562890625 0.19097222291666668 0.5609375 0.1875 0.5453125 0.19444444375 0.539453125 0.20138888958333334 0.5326171875 0.21354166666666666 0.5267578125 0.234375 0.5267578125 0.265625 0.5306640625 0.2829861104166667 0.5453125 0.30902777708333334 0.54921875 0.3125 0.5580078125 0.3107638895833333 0.5580078125 0.2760416666666667 0.5658203125 0.24826388958333334 0.578515625 0.22916666666666666 0.590625 0.22419871875 0.590625 0.21555555625 0.586328125 0.20486111041666666 0.5765625 0.19444444375
0 0.5546875 0.1477430541666667 0.5458984375 0.12864583333333332 0.5361328125 0.1217013875 0.5244140625 0.1217013875 0.5185546875 0.12517361041666666 0.5078125 0.14427083333333332 0.50625 0.14982638750000002 0.50625 0.17979433541666667 0.5185546875 0.20503472083333335 0.533203125 0.2102430541666667 0.5419921875 0.19809027708333332 0.552734375 0.18940972083333335 0.55625 0.17690972291666668 0.55625 0.1609375 0.5546875 0.15815972083333335 0.5546875 0.1477430541666667
0 0.266796875 0.21145833541666667 0.258984375 0.21840277916666664 0.2501953125 0.23750000208333333 0.2484375 0.26250000208333335 0.2484375 0.26577932291666667 0.25703125 0.28784722291666665 0.2589843734375 0.28958333333333336 0.2638671875 0.28958333333333336 0.2638671875 0.26180555625 0.2658203125 0.25138888958333333 0.274609375 0.23229166874999999 0.284375 0.22440025416666665 0.284375 0.21889881041666664 0.278515625 0.21145833541666667 0.266796875 0.21145833541666667
0 0.1685546875 0.24965277708333333 0.1607421875 0.25659722083333336 0.155859375 0.26875 0.15390625 0.27569444375 0.15390625 0.29652777708333333 0.162215909375 0.3145833333333333 0.17031249375 0.3145833333333333 0.175390625 0.3138888875 0.184375 0.2947222208333333 0.184375 0.26696428541666667 0.1783203125 0.253125 0.1685546875 0.24965277708333333
0 0.141796875 0.41649305625 0.137890625 0.41302083333333334 0.128125 0.41302083333333334 0.118359375 0.4199652791666667 0.1115234375 0.43211805625 0.1037109375 0.46336805625 0.1056640625 0.5015625 0.109326171875 0.5145833333333333 0.111669921875 0.5145833333333333 0.1173828125 0.48072916666666665 0.128125 0.46163194583333333 0.133984375 0.4546875 0.15625 0.4529664854166667 0.15625 0.45208333333333334 0.1525390625 0.4355902791666667 0.141796875 0.41649305625
0 0.1611328125 0.5895833333333333 0.1689453125 0.5791666666666667 0.173828125 0.5670138895833333 0.177734375 0.5461805562500001 0.177734375 0.5045138895833333 0.171875 0.48020833333333335 0.1630859375 0.46458333333333335 0.1533203125 0.45416666666666666 0.1416015625 0.45069444583333335 0.1279296875 0.46111111250000003 0.1171875 0.48020833333333335 0.11328125 0.49756944583333335 0.111328125 0.521875 0.11328125 0.5253472229166667 0.11328125 0.5461805562500001 0.119140625 0.5704861124999999 0.1357421875 0.5930555562500001 0.1404296859375 0.5958333333333333 0.1458984421875 0.5958333333333333 0.15234375 0.5947916666666667 0.1611328125 0.5895833333333333
0 0.0638671875 0.3927083333333333 0.055078125 0.4048611125 0.051171875 0.41875 0.051171875 0.45 0.0580078125 0.465625 0.0615234375 0.46875 0.063281253125 0.46875 0.06875 0.4673611125 0.078125 0.44736111250000005 0.078125 0.4109127 0.0716796875 0.39618055625 0.0638671875 0.3927083333333333
0 0.125 0.32083333333333336 0.1220703125 0.315625 0.1123046875 0.315625 0.1015625 0.33819444375 0.1 0.3576388895833333 0.1 0.36359126875 0.1064453125 0.3815972208333333 0.10839843906249999 0.38333333333333336 0.12109375 0.38333333333333336 0.1265625 0.37361111041666667 0.1265625 0.37118055624999996 0.123046875 0.3555555541666667 0.125 0.32083333333333336
0 0.0263671875 0.46527777708333334 0.017578125 0.47743055624999997 0.0140625 0.48993055416666664 0.0140625 0.5208333333333334 0.017578125 0.5364583333333334 0.0224609375 0.5451388895833333 0.033203125 0.5434027770833333 0.040625 0.5269097229166666 0.040625 0.48675595208333333 0.0341796875 0.46875 0.0263671875 0.46527777708333334