1 0.07109375 0.70850694375 0.057421875 0.6980902770833333 0.049609375 0.6980902770833333 0.04375 0.7015625 0.0349609375 0.7171875 0.0291015625 0.7449652770833333 0.0291015625 0.7657986104166666 0.0310546875 0.7692708333333333 0.0330078125 0.7970486104166666 0.0369140625 0.81788194375 0.057421875 0.8578125 0.06884765625 0.8625 0.07099609375 0.8625 0.084765625 0.8543402770833333 0.0916015625 0.8352430541666667 0.0921875 0.8321180541666667 0.0921875 0.7662615729166667 0.0876953125 0.7449652770833333 0.07109375 0.70850694375
1 0.40703125 0.26666666666666666 0.397265625 0.25625 0.385546875 0.25277777916666666 0.369921875 0.26319444583333335 0.3591796875 0.28229166666666666 0.3552734375 0.29965277916666666 0.3552734375 0.32048611250000003 0.36796875 0.32916666666666666 0.3806640625 0.35173611250000003 0.3853298609375 0.36666666666666664 0.3875000015625 0.36666666666666664 0.3904296875 0.365625 0.39921875 0.36041666666666666 0.4119140625 0.33784722291666663 0.4140625 0.3302083333333333 0.4140625 0.2833333333333333 0.4138671875 0.28229166666666666 0.40703125 0.26666666666666666
1 0.46953125 0.1875 0.463671875 0.18402777708333332 0.448046875 0.18402777708333332 0.4353515625 0.203125 0.4314453125 0.22048611041666666 0.43828125 0.25347222291666666 0.448046875 0.24652777708333332 0.463671875 0.24652777708333332 0.471484375 0.25347222291666666 0.4744140625 0.25173611041666666 0.4796875 0.23298611041666667 0.4796875 0.21145833333333333 0.4763671875 0.19965277708333332 0.46953125 0.1875
1 0.58671875 0.16944444583333332 0.569140625 0.16944444583333332 0.5583984375 0.18506944583333332 0.5583984375 0.19201388958333335 0.5671875 0.20416666666666666 0.5701171875 0.21284722291666666 0.5720703125 0.22326388958333335 0.5701171875 0.24756944583333332 0.57265625 0.2520833333333333 0.57812500625 0.2520833333333333 0.5857421875 0.25104166666666666 0.59453125 0.24583333333333332 0.5994140625 0.23715277916666666 0.6015625 0.22951388958333335 0.6015625 0.19270833333333334 0.6013671875 0.19201388958333335 0.58671875 0.16944444583333332
1 0.51796875 0.22048611041666666 0.51796875 0.24479166666666666 0.521875 0.25868055625 0.5345703125 0.27777777708333334 0.5384765625 0.28125 0.551171875 0.2795138895833333 0.5580078125 0.27430555624999997 0.56875 0.2552083333333333 0.570703125 0.234375 0.571875 0.23229166666666667 0.571875 0.22395833333333334 0.570703125 0.21354166666666666 0.5541015625 0.1875 0.5365234375 0.1875 0.5306640625 0.19097222291666668 0.51796875 0.22048611041666666
1 0.6955078125 0.30381944375000003 0.6916015625 0.32118055624999997 0.6916015625 0.359375 0.6974609375 0.3802083333333333 0.71015625 0.40277777708333334 0.72109375 0.4125 0.726953121875 0.4125 0.7345703125 0.4114583333333333 0.743359375 0.40625 0.7580078125 0.38368055624999997 0.7638671875 0.359375 0.7619140625 0.32118055624999997 0.7580078125 0.3072916666666667 0.739453125 0.27777777708333334 0.734765625 0.275 0.715234375 0.275 0.704296875 0.28472222291666666 0.6955078125 0.30381944375000003
1 0.84609375 0.3954861104166667 0.836328125 0.3885416666666667 0.81484375 0.3885416666666667 0.801171875 0.4024305541666667 0.7923828125 0.425 0.7884765625 0.44583333333333336 0.7884765625 0.4597222208333333 0.7865234375 0.46319444375 0.7884765625 0.4979166666666667 0.7962890625 0.5256944437500001 0.812890625 0.5552083333333333 0.82021484375 0.5604166666666667 0.8314453125 0.5604166666666667 0.85 0.5482638875 0.8666015625 0.5152777770833333 0.8703125 0.49878472291666665 0.8703125 0.45208333333333334 0.8607421875 0.4180555541666667 0.84609375 0.3954861104166667
1 0.9126953125 0.40208333333333335 0.9009765625 0.38819444583333335 0.8814453125 0.38819444583333335 0.8775390625 0.39166666666666666 0.86484375 0.41770833333333335 0.86484375 0.43159722291666663 0.870703125 0.45243055625 0.870703125 0.47673611250000003 0.87265625 0.48020833333333335 0.86875 0.5010416666666667 0.86875 0.5184027791666667 0.8755859375 0.5340277791666667 0.8833984375 0.5409722229166667 0.8880859359375 0.54375 0.8927734421875 0.54375 0.898046875 0.5427083333333333 0.9068359375 0.5375 0.921484375 0.51493055625 0.9265625 0.4908564833333333 0.9265625 0.4413194458333333 0.9234375 0.42465277916666666 0.9126953125 0.40208333333333335
1 0.9296875 0.484375 0.9404296875 0.49305555624999997 0.9453125 0.49131944375000003 0.955078125 0.44618055624999997 0.96484375 0.4322916666666667 0.966796875 0.41840277708333334 0.958984375 0.38368055624999997 0.9482421875 0.3645833333333333 0.9443359375 0.3611111104166667 0.9326171875 0.3611111104166667 0.9267578125 0.3645833333333333 0.919921875 0.3767361104166667 0.916015625 0.390625 0.916015625 0.4045138895833333 0.921875 0.41840277708333334 0.927734375 0.4427083333333333 0.9296875 0.484375
1 0.982421875 0.75538194375 0.98046875 0.7762152770833333 0.978515625 0.7796875 0.9765625 0.81788194375 0.978515625 0.8213541666666667 0.98046875 0.8456597208333334 0.984375 0.8456597208333334 1 0.81788194375 0.9990234375 0.7050347208333334 0.9921875 0.7206597208333334 0.982421875 0.75538194375
1 1 0.4043402791666667 0.9912109375 0.39913194583333333 0.9794921875 0.39913194583333333 0.9755859375 0.40260416666666665 0.96875 0.41475694583333333 0.96875 0.4251736125 0.9716796875 0.43038194583333333 0.9794921875 0.43038194583333333 0.9873046875 0.4373263895833333 0.99609375 0.4529513895833333 0.9977294921875 0.46458333333333335 1 0.46458333333333335 1 0.4043402791666667
0 0.9822265625 0.5951388875 0.9822265625 0.6020833333333333 0.9763671875 0.6229166666666667 0.9763671875 0.6576388875 0.9744140625 0.6611111104166666 0.9763671875 0.6645833333333333 0.9763671875 0.68194444375 0.9841796875 0.71319444375 0.9884765625 0.7208333333333333 0.9908203109375 0.7208333333333333 0.9919921875 0.7201388875 0.9984375 0.7029513875000001 0.9984375 0.5627403833333333 0.9861328125 0.58125 0.9822265625 0.5951388875
0 0.970703125 0.4111111104166667 0.98046875 0.3972222208333333 0.978515625 0.3763888875 0.974609375 0.3625 0.9658203125 0.346875 0.9501953125 0.34340277708333333 0.9462890625 0.346875 0.94140625 0.35902777708333333 0.9501953125 0.36770833333333336 0.95703125 0.3798611104166667 0.962890625 0.3972222208333333 0.96484375 0.41458333333333336 0.9671875 0.41875 0.968359375 0.41875 0.96875 0.4180555541666667 0.970703125 0.4111111104166667
0 0.8451171875 0.32743055625 0.836328125 0.31180555625 0.8265625 0.30486111250000003 0.808984375 0.30486111250000003 0.7943359375 0.32395833333333335 0.7904296875 0.334375 0.7865234375 0.365625 0.7884765625 0.36909722291666663 0.7884765625 0.38993055625 0.7923828125 0.40381944583333335 0.794921875 0.4083333333333333 0.7964843765625 0.4083333333333333 0.7982421875 0.40729166666666666 0.81484375 0.38819444583333335 0.82265625 0.38819444583333335 0.824609375 0.38472222291666663 0.844140625 0.39166666666666666 0.848046875 0.39861111250000003 0.8529296875 0.396875 0.8546875 0.390625 0.8546875 0.3645833333333333 0.8509765625 0.34479166666666666 0.8451171875 0.32743055625
0 0.89140625 0.27395833333333336 0.877734375 0.2704861104166667 0.869921875 0.2774305541666667 0.8650390625 0.28958333333333336 0.8728515625 0.3138888875 0.8728515625 0.32083333333333336 0.8751953125 0.325 0.8763671875 0.325 0.8767578125 0.3243055541666667 0.889453125 0.3086805541666667 0.901171875 0.3086805541666667 0.9046875 0.31180555416666667 0.9046875 0.29635416666666664 0.9021484375 0.28958333333333336 0.89140625 0.27395833333333336
1 0.8404296875 0.24704861041666665 0.8287109375 0.23663194375 0.8150390625 0.24010416666666667 0.808203125 0.25225694375 0.81796875 0.2765625 0.821735490625 0.3 0.8242079 0.3 0.8306640625 0.28524305624999996 0.8384765625 0.2782986104166667 0.85 0.27672275625 0.85 0.2713541666666667 0.847265625 0.25920138958333333 0.8404296875 0.24704861041666665
0 0.7693359375 0.21701388958333334 0.7673828125 0.22048611041666666 0.7693359375 0.24131944375 0.772265625 0.25 0.7771484375 0.24826388958333334 0.7771484375 0.23784722291666668 0.7859375 0.21527777708333332 0.78984375 0.21180555625 0.8078125 0.21012426875 0.8078125 0.20879629583333334 0.799609375 0.19097222291666668 0.795703125 0.1875 0.780078125 0.1875 0.7693359375 0.20659722291666668 0.7693359375 0.21701388958333334
0 0.2650390625 0.29340277708333334 0.2611328125 0.3072916666666667 0.2611328125 0.3385416666666667 0.2630859375 0.3454861104166667 0.273828125 0.3645833333333333 0.2826171890625 0.37083333333333335 0.284765625 0.37083333333333335 0.2865234375 0.3697916666666667 0.29921875 0.3611111104166667 0.3060546875 0.3454861104166667 0.3060546875 0.3385416666666667 0.309375 0.3296875 0.309375 0.3046875 0.3060546875 0.28993055624999997 0.29392361093749997 0.275 0.27890625 0.275 0.271875 0.28125 0.2650390625 0.29340277708333334
0 0.3701171875 0.3329861104166667 0.3564453125 0.32256944375 0.3447265625 0.32256944375 0.3310546875 0.3329861104166667 0.3203125 0.3486111104166667 0.3125 0.3729166666666667 0.3109375 0.3923611104166667 0.3109375 0.39791666458333336 0.3125 0.40069444375 0.3125 0.41458333333333336 0.3212890625 0.440625 0.3291015625 0.4510416666666667 0.34140625 0.46041666666666664 0.3492187453125 0.46041666666666664 0.353515625 0.4597222208333333 0.3662109375 0.4510416666666667 0.375 0.4388888875 0.384375 0.4022222208333333 0.384375 0.3712962958333333 0.37890625 0.3486111104166667 0.3701171875 0.3329861104166667
0 0.2357421875 0.4354166666666667 0.225 0.4197916666666667 0.219140625 0.41631944583333336 0.2015625 0.41631944583333336 0.19375 0.42326388958333333 0.1849609375 0.43888888958333333 0.1791015625 0.45625 0.1771484375 0.4666666666666667 0.1791015625 0.5152777791666667 0.1830078125 0.5222222229166666 0.1849609375 0.5326388895833333 0.19375 0.5482638895833334 0.203710934375 0.5541666666666667 0.21425782343750002 0.5541666666666667 0.2201171875 0.5534722229166668 0.22890625 0.5482638895833334 0.2376953125 0.5326388895833333 0.2435546875 0.51180555625 0.2435546875 0.4979166666666667 0.2453125 0.49479166874999997 0.2453125 0.49097222291666665 0.2435546875 0.45972222291666665 0.2357421875 0.4354166666666667
0 0.0296875 0.7626736104166666 0.0208984375 0.7505208333333333 0.0072265625 0.7505208333333333 0.000390625 0.7626736104166666 0.000390625 0.8251736104166666 0.02578125 0.8911458333333333 0.0306640625 0.8998263895833334 0.031152342187499998 0.9 0.0399414078125 0.9 0.0404296875 0.8998263895833334 0.047265625 0.8876736104166666 0.05 0.8779513895833334 0.05 0.8498263895833333 0.035546875 0.8112847229166668 0.0296875 0.7626736104166666