1 0.4990234375 0.10416666666666667 0.509765625 0.10243055625 0.5126953125 0.10069444375 0.5234375 0.078125 0.521484375 0.05381944375 0.5087890625 0.03819444375 0.4970703125 0.03819444375 0.4931640625 0.045138889583333335 0.4873046875 0.045138889583333335 0.482421875 0.07118055625 0.486328125 0.08506944375 0.4990234375 0.10416666666666667
1 0.48046875 0.03993055625 0.4755859375 0.027777777083333333 0.4638671875 0.027777777083333333 0.451171875 0.04340277708333333 0.451171875 0.06423611041666667 0.4599609375 0.07986111041666667 0.4765625 0.078125 0.48046875 0.06770833333333333 0.48046875 0.03993055625
1 0.439453125 0.08506944375 0.447265625 0.07465277708333334 0.451171875 0.060763889583333335 0.44921875 0.04340277708333333 0.4423828125 0.03125 0.4228515625 0.03472222291666667 0.41796875 0.04340277708333333 0.41796875 0.06770833333333333 0.419921875 0.07465277708333334 0.4267578125 0.08680555625 0.439453125 0.08506944375
1 0.4228515625 0.03472222291666667 0.4287109375 0.03472222291666667 0.4306640625 0.03125 0.4453125 0.032986110416666665 0.4365234375 0.020833333333333332 0.4267578125 0.020833333333333332 0.41796875 0.03993055625 0.41796875 0.046875 0.419921875 0.046875 0.4228515625 0.03472222291666667
1 0.451171875 0.04340277708333333 0.4560546875 0.03125 0.4599609375 0.027777777083333333 0.4716796875 0.027777777083333333 0.47265625 0.022569443749999998 0.4638671875 0.013888889583333335 0.4521484375 0.020833333333333332 0.447265625 0.032986110416666665 0.447265625 0.03993055625 0.4501953125 0.045138889583333335 0.451171875 0.04340277708333333
1 0.484375 0.03993055625 0.4892578125 0.03125 0.4951171875 0.03125 0.4970703125 0.027777777083333333 0.5068359375 0.03125 0.5078125 0.026041666666666668 0.4990234375 0.017361110416666665 0.4912109375 0.017361110416666665 0.48046875 0.032986110416666665 0.48046875 0.03993055625 0.484375 0.03993055625
1 0.4873046875 0.041666666666666664 0.509765625 0.036458333333333336 0.5048828125 0.027777777083333333 0.5029296875 0.03125 0.5009765625 0.027777777083333333 0.4833984375 0.03125 0.48046875 0.04340277708333333 0.48046875 0.05381944375 0.482421875 0.05381944375 0.4873046875 0.041666666666666664
1 0.5234375 0.07465277708333334 0.529296875 0.07465277708333334 0.533203125 0.07118055625 0.537109375 0.057291666666666664 0.537109375 0.046875 0.533203125 0.032986110416666665 0.5205078125 0.020833333333333332 0.5126953125 0.024305556250000002 0.509765625 0.029513889583333335 0.509765625 0.036458333333333336 0.521484375 0.05381944375 0.5234375 0.07465277708333334
1 0.669921875 0.05034722291666667 0.671875 0.03993055625 0.669921875 0.026041666666666668 0.6611328125 0.013888889583333335 0.6494140625 0.013888889583333335 0.642578125 0.032986110416666665 0.64453125 0.04340277708333333 0.6494140625 0.052083333333333336 0.6640625 0.05381944375 0.669921875 0.05034722291666667
1 0.63671875 0.026041666666666668 0.634765625 0.015625 0.6279296875 0.0034722229166666663 0.6181640625 0 0.609375 0.012152777083333333 0.609375 0.026041666666666668 0.6123046875 0.03472222291666667 0.6240234375 0.041666666666666664 0.6328125 0.03993055625 0.63671875 0.026041666666666668
1 0.5517578125 0 0.546875 0.00868055625 0.546875 0.015625 0.5537109375 0.020833333333333332 0.57421875 0.022569443749999998 0.572265625 0.005208333333333333 0.5693359375 0 0.5517578125 0
0 0.8740234375 0.16319444375 0.8623046875 0.15972222291666668 0.853515625 0.171875 0.8583984375 0.18055555625 0.8662109375 0.18402777708333332 0.8779296875 0.19791666666666666 0.884765625 0.19965277708333332 0.884765625 0.18576388958333334 0.8740234375 0.16319444375
0 0.888671875 0.19965277708333332 0.89453125 0.18576388958333334 0.892578125 0.16145833333333334 0.8837890625 0.14583333333333334 0.8720703125 0.14583333333333334 0.8671875 0.15798611041666666 0.876953125 0.16840277708333332 0.8828125 0.18229166666666666 0.884765625 0.19618055625 0.8876953125 0.20138888958333334 0.888671875 0.19965277708333332