1 0.021484375 0.6579861104166667 0.015625 0.6788194437499999 0.015625 0.7239583333333334 0.01953125 0.7447916666666666 0.02734375 0.7690972229166667 0.0361328125 0.7847222229166667 0.0400390625 0.7881944437499999 0.056640625 0.7864583333333334 0.0625 0.7760416666666666 0.06640625 0.7621527770833333 0.06640625 0.7170138895833333 0.064453125 0.7135416666666666 0.0625 0.6927083333333334 0.056640625 0.671875 0.0478515625 0.65625 0.0400390625 0.6493055562500001 0.0283203125 0.6493055562500001 0.021484375 0.6579861104166667
1 0.5830078125 0.33680555624999997 0.5634765625 0.3229166666666667 0.5478515625 0.3229166666666667 0.5244140625 0.34027777708333334 0.509765625 0.3697916666666667 0.505859375 0.390625 0.505859375 0.42881944375000003 0.5078125 0.4322916666666667 0.5078125 0.4427083333333333 0.51171875 0.44965277708333334 0.513671875 0.46006944375000003 0.5244140625 0.4826388895833333 0.5400390625 0.49652777708333334 0.5498046875 0.49652777708333334 0.5517578125 0.5 0.56640625 0.4982638895833333 0.5732421875 0.49652777708333334 0.5849609375 0.4861111104166667 0.6015625 0.45659722291666666 0.607421875 0.42534722291666666 0.60546875 0.421875 0.607421875 0.41840277708333334 0.60546875 0.390625 0.599609375 0.36631944375000003 0.59375 0.35243055624999997 0.5830078125 0.33680555624999997
1 0.44921875 0.22395833333333334 0.443359375 0.24826388958333334 0.4453125 0.2795138895833333 0.4580078125 0.30555555624999997 0.4677734375 0.3125 0.4755859375 0.3125 0.4775390625 0.31597222291666666 0.484375 0.3142361104166667 0.4931640625 0.30902777708333334 0.505859375 0.2829861104166667 0.5078125 0.26215277708333334 0.509765625 0.25868055625 0.5078125 0.234375 0.4951171875 0.20833333333333334 0.4873046875 0.20138888958333334 0.4677734375 0.20138888958333334 0.4560546875 0.21180555625 0.44921875 0.22395833333333334
1 0.7470703125 0.19097222291666668 0.7353515625 0.19444444375 0.724609375 0.21006944375 0.720703125 0.22395833333333334 0.720703125 0.234375 0.71875 0.23784722291666668 0.720703125 0.25868055625 0.728515625 0.2829861104166667 0.7373046875 0.2951388895833333 0.7451171875 0.3020833333333333 0.76171875 0.30034722291666666 0.7734375 0.2829861104166667 0.77734375 0.26909722291666666 0.77734375 0.25868055625 0.779296875 0.2552083333333333 0.77734375 0.23090277708333332 0.7734375 0.21701388958333334 0.7646484375 0.20138888958333334 0.7568359375 0.19444444375 0.7490234375 0.19444444375 0.7470703125 0.19097222291666668
1 0.833984375 0.2864583333333333 0.828125 0.3142361104166667 0.830078125 0.3454861104166667 0.83203125 0.35590277708333334 0.8359375 0.36284722291666666 0.8359375 0.3697916666666667 0.8427734375 0.38194444375000003 0.8466796875 0.3854166666666667 0.8515625 0.38368055624999997 0.857421875 0.35590277708333334 0.8642578125 0.34027777708333334 0.8759765625 0.3263888895833333 0.888671875 0.32118055624999997 0.8828125 0.29340277708333334 0.8720703125 0.27430555624999997 0.8642578125 0.2673611104166667 0.8486328125 0.2673611104166667 0.8408203125 0.27430555624999997 0.833984375 0.2864583333333333
1 1 0.4010416666666667 0.9853515625 0.39930555624999997 0.974609375 0.41493055624999997 0.96875 0.4392361104166667 0.966796875 0.4635416666666667 0.970703125 0.484375 0.970703125 0.5052083333333334 0.974609375 0.515625 0.9833984375 0.5277777770833334 0.9892578125 0.53125 0.99609375 0.5295138895833333 1 0.5190972229166666 1 0.4010416666666667
0 0.859375 0.3489583333333333 0.853515625 0.3732638895833333 0.853515625 0.4045138895833333 0.861328125 0.44618055624999997 0.8701171875 0.46180555624999997 0.8857421875 0.47222222291666666 0.892578125 0.4704861104166667 0.9033203125 0.46527777708333334 0.916015625 0.4392361104166667 0.919921875 0.421875 0.919921875 0.38368055624999997 0.916015625 0.36284722291666666 0.9013671875 0.3333333333333333 0.8935546875 0.3263888895833333 0.8779296875 0.3263888895833333 0.8720703125 0.3298611104166667 0.859375 0.3489583333333333
0 0.572265625 0.22048611041666666 0.5791015625 0.23263888958333334 0.5869140625 0.23958333333333334 0.607421875 0.23784722291666668 0.619140625 0.22048611041666666 0.623046875 0.20659722291666668 0.623046875 0.18229166666666666 0.6171875 0.16145833333333334 0.6103515625 0.14930555625 0.5986328125 0.14236111041666666 0.5771484375 0.15277777708333332 0.568359375 0.17534722291666668 0.568359375 0.20659722291666668 0.572265625 0.22048611041666666
0 0.568359375 0.140625 0.56640625 0.14756944375 0.56640625 0.171875 0.568359375 0.171875 0.5771484375 0.15277777708333332 0.5869140625 0.14583333333333334 0.6044921875 0.14583333333333334 0.6103515625 0.15277777708333332 0.6123046875 0.15277777708333332 0.61328125 0.14756944375 0.6044921875 0.12847222291666666 0.5869140625 0.11805555625 0.5771484375 0.125 0.568359375 0.140625
0 0.3291015625 0.35069444375000003 0.314453125 0.3732638895833333 0.306640625 0.4114583333333333 0.306640625 0.4322916666666667 0.3125 0.4635416666666667 0.318359375 0.47743055624999997 0.3271484375 0.4895833333333333 0.3408203125 0.5 0.359375 0.4982638895833333 0.3662109375 0.49652777708333334 0.3720703125 0.4895833333333333 0.388671875 0.45659722291666666 0.392578125 0.4392361104166667 0.392578125 0.39409722291666666 0.38671875 0.3732638895833333 0.3701171875 0.34722222291666666 0.3583984375 0.34027777708333334 0.3447265625 0.34027777708333334 0.3291015625 0.35069444375000003
0 0.2685546875 0.3923611104166667 0.2666015625 0.3958333333333333 0.2548828125 0.39930555624999997 0.23828125 0.421875 0.234375 0.4322916666666667 0.234375 0.4392361104166667 0.228515625 0.453125 0.228515625 0.4947916666666667 0.232421875 0.515625 0.2470703125 0.5451388895833333 0.2607421875 0.5555555562500001 0.28125 0.5538194437499999 0.2880859375 0.5486111104166667 0.3046875 0.5190972229166666 0.30859375 0.5017361104166667 0.30859375 0.48784722291666666 0.310546875 0.484375 0.310546875 0.4635416666666667 0.3046875 0.4322916666666667 0.2919921875 0.40625 0.2802734375 0.3958333333333333 0.2685546875 0.3923611104166667
0 0.1708984375 0.5555555562500001 0.1572265625 0.5659722229166667 0.142578125 0.5954861104166667 0.13671875 0.6267361104166667 0.13671875 0.6614583333333334 0.14453125 0.703125 0.1572265625 0.7291666666666666 0.1669921875 0.7395833333333334 0.1787109375 0.7430555562500001 0.1806640625 0.7465277770833333 0.193359375 0.7447916666666666 0.2021484375 0.7430555562500001 0.2138671875 0.7291666666666666 0.21875 0.7170138895833333 0.21875 0.7100694437499999 0.2265625 0.6857638895833333 0.2265625 0.640625 0.216796875 0.5954861104166667 0.2021484375 0.5694444437499999 0.1845703125 0.5555555562500001 0.1708984375 0.5555555562500001
0 0.0869140625 0.8020833333333334 0.0751953125 0.7986111104166667 0.0732421875 0.7951388895833333 0.0634765625 0.7951388895833333 0.0556640625 0.8020833333333334 0.048828125 0.8142361104166667 0.044921875 0.828125 0.044921875 0.8385416666666666 0.04296875 0.8420138895833333 0.04296875 0.8767361104166667 0.044921875 0.8802083333333334 0.046875 0.9045138895833333 0.056640625 0.9288194437499999 0.0830078125 0.9756944437499999 0.0966796875 0.9930555562500001 0.107421875 0.9913194437499999 0.1123046875 0.9895833333333334 0.123046875 0.9739583333333334 0.12890625 0.9496527770833333 0.12890625 0.9149305562500001 0.126953125 0.9114583333333334 0.126953125 0.8975694437499999 0.123046875 0.8767361104166667 0.11328125 0.8454861104166667 0.1005859375 0.8194444437499999 0.0869140625 0.8020833333333334