0 0.3767578125 0.39375 0.366015625 0.3711805541666667 0.3484375 0.3572916666666667 0.33671875 0.3572916666666667 0.319140625 0.36770833333333336 0.3064453125 0.3868055541666667 0.2986328125 0.4111111104166667 0.2966796875 0.45277777708333333 0.3025390625 0.4805555541666667 0.3064453125 0.4875 0.3123046875 0.4875 0.323046875 0.4857638875 0.325 0.4822916666666667 0.33671875 0.4822916666666667 0.338671875 0.47881944375 0.3484375 0.47881944375 0.350390625 0.4753472208333333 0.36015625 0.4753472208333333 0.362109375 0.471875 0.371875 0.471875 0.3767578125 0.4666666666666667 0.3787109375 0.44583333333333336 0.3796875 0.44409722291666665 0.3796875 0.41631944375 0.3787109375 0.41458333333333336 0.3767578125 0.39375
0 0.4162109375 0.20902777708333334 0.4083984375 0.20902777708333334 0.4064453125 0.20555555416666668 0.3888671875 0.20902777708333334 0.376171875 0.228125 0.3703125 0.24895833333333334 0.3703125 0.28020833333333334 0.372265625 0.290625 0.3810546875 0.30972222083333334 0.39290364843750003 0.31875 0.4064453046875 0.31875 0.409375 0.31840277708333337 0.4181640625 0.31319444375 0.430859375 0.28715277708333337 0.4328125 0.28020833333333334 0.4328125 0.24548611041666665 0.426953125 0.22465277708333334 0.4162109375 0.20902777708333334
1 0.4943359375 0.28993055624999997 0.4884765625 0.3107638895833333 0.4884765625 0.328125 0.4865234375 0.33506944375000003 0.4884765625 0.3385416666666667 0.4884765625 0.35243055624999997 0.4923828125 0.36284722291666666 0.4923828125 0.3697916666666667 0.505078125 0.3923611104166667 0.508984375 0.3958333333333333 0.5294921875 0.39409722291666666 0.55390625 0.3888888895833333 0.5626953125 0.3732638895833333 0.5685546875 0.35243055624999997 0.5685546875 0.3385416666666667 0.5703125 0.33541666666666664 0.5703125 0.3347222208333333 0.5685546875 0.33159722291666666 0.5685546875 0.3177083333333333 0.5646484375 0.296875 0.555859375 0.27777777708333334 0.53828125 0.2604166666666667 0.516796875 0.2604166666666667 0.505078125 0.2708333333333333 0.4943359375 0.28993055624999997
0 0.564453125 0.26909722291666666 0.5625 0.28993055624999997 0.568359375 0.3142361104166667 0.5703125 0.3385416666666667 0.5810546875 0.3576388895833333 0.5908203125 0.3645833333333333 0.611328125 0.36284722291666666 0.6240234375 0.3541666666666667 0.6328125 0.3385416666666667 0.640625 0.296875 0.638671875 0.29340277708333334 0.638671875 0.2795138895833333 0.6328125 0.25868055625 0.6201171875 0.23958333333333334 0.6044921875 0.22916666666666666 0.5927734375 0.22916666666666666 0.572265625 0.24826388958333334 0.564453125 0.26909722291666666
1 0.090625 0.39305555416666665 0.0828125 0.39305555416666665 0.07890625 0.39652777708333337 0.0701171875 0.415625 0.0681640625 0.42604166666666665 0.0681640625 0.45381944375 0.0782451921875 0.475 0.08906249375 0.475 0.0916015625 0.47465277708333337 0.0974609375 0.46770833333333334 0.1 0.45868055416666664 0.1 0.41125 0.096484375 0.4 0.090625 0.39305555416666665
1 0.06328125 0.44513888749999997 0.0515625 0.44513888749999997 0.0427734375 0.4642361104166667 0.0408203125 0.4954861104166667 0.04765625 0.5215277770833333 0.05390625156249999 0.5270833333333333 0.060937496875 0.5270833333333333 0.0623046875 0.5267361104166667 0.065234375 0.525 0.0720703125 0.509375 0.0734375 0.48506944375 0.0734375 0.47256944375000004 0.0681640625 0.45381944375 0.06328125 0.44513888749999997
0 0.062109375 0.40677083333333336 0.0533203125 0.42239583333333336 0.0533203125 0.4328125 0.0513671875 0.43628472291666665 0.05234375 0.44496527708333333 0.05966796875 0.44583333333333336 0.06748046875 0.44583333333333336 0.0689453125 0.4432291666666667 0.0689453125 0.42934027708333333 0.071875 0.41631944375 0.071875 0.40746527708333335 0.06796875 0.4032986104166667 0.062109375 0.40677083333333336
0 0.1193359375 0.32465277708333334 0.1296006953125 0.33958333333333335 0.1328124984375 0.33958333333333335 0.1369140625 0.3385416666666667 0.1447265625 0.328125 0.1484375 0.31493055416666665 0.1484375 0.29583333333333334 0.1466796875 0.2864583333333333 0.141796875 0.27777777708333334 0.1355468734375 0.275 0.133522728125 0.275 0.1212890625 0.29340277708333334 0.1193359375 0.32465277708333334
1 0.159375 0.24687499791666667 0.15546875 0.25034722083333333 0.146875 0.26902006041666665 0.146875 0.29419642916666666 0.153515625 0.309375 0.1570312515625 0.3125 0.1587890578125 0.3125 0.1642578125 0.31111111041666667 0.1740234375 0.29722222083333333 0.175 0.29201388749999996 0.175 0.2600694416666667 0.17109375 0.25034722083333333 0.159375 0.24687499791666667
0 0.2001953125 0.25 0.208984375 0.23090277708333332 0.208984375 0.20659722291666668 0.2041015625 0.19444444375 0.1923828125 0.19444444375 0.1884765625 0.19791666666666666 0.181640625 0.21701388958333334 0.181640625 0.234375 0.18359375 0.24131944375 0.1943359375 0.25347222291666666 0.197265625 0.25173611041666666 0.2001953125 0.25
1 0.29140625 0.121875 0.2806640625 0.13402777916666667 0.2787109375 0.14097222291666667 0.2787109375 0.16527777916666667 0.2872488828125 0.17708333333333334 0.28964844218749997 0.17708333333333334 0.2982421875 0.17569444583333332 0.3078125 0.15527777916666666 0.3078125 0.13701388958333333 0.303125 0.12534722291666667 0.29140625 0.121875
0 0.368359375 0.09340277916666667 0.3546875 0.09340277916666667 0.3439453125 0.10902777916666667 0.3439453125 0.12986111250000001 0.3458984375 0.13680555416666668 0.35078125 0.1454861125 0.3548828125 0.14791666666666667 0.3595703109375 0.14791666666666667 0.3615234375 0.14722222083333333 0.36640625 0.1454861125 0.3751953125 0.12986111250000001 0.3765625 0.12256944583333333 0.3765625 0.11631944583333334 0.3732421875 0.0986111125 0.368359375 0.09340277916666667
1 0.459375 0.055902779166666666 0.453515625 0.05243055625 0.43984375 0.059375 0.4349609375 0.06805555625 0.4330078125 0.07847222291666665 0.4349609375 0.09583333333333334 0.43984375 0.10451388958333332 0.446484375 0.11041666666666666 0.4494140625 0.11041666666666666 0.4505859375 0.10972222291666665 0.459375 0.10451388958333332 0.465625 0.09022817500000001 0.465625 0.06944444583333334 0.4642578125 0.06458333333333334 0.459375 0.055902779166666666
1 0.5220703125 0.03402777916666667 0.51328125 0.04965277916666667 0.515234375 0.0704861125 0.5254991312499999 0.08541666666666667 0.5302734421874999 0.08541666666666667 0.53671875 0.084375 0.54375 0.07187500208333333 0.54375 0.045100310416666664 0.5357421875 0.03402777916666667 0.5220703125 0.03402777916666667
1 0.592578125 0.10034722083333333 0.58671875 0.096875 0.573046875 0.096875 0.5603515625 0.1125 0.5564453125 0.1263888875 0.5564453125 0.14375 0.5603515625 0.15763888750000002 0.569140625 0.17326388750000002 0.5710937515625 0.175 0.5896484375 0.175 0.596484375 0.16979166666666667 0.6046875 0.14872685 0.6046875 0.1388888875 0.6033203125 0.11944444375 0.592578125 0.10034722083333333
1 0.6283203125 0.06562500208333334 0.615625 0.08472222291666666 0.613671875 0.10208333333333333 0.617578125 0.11597222291666666 0.6263671875 0.13159722291666667 0.6283203109375 0.13333333333333333 0.637109375 0.13333333333333333 0.63515625 0.10902777916666667 0.6390625 0.09513888958333333 0.6458984375 0.08645833333333333 0.6484375 0.07893518541666666 0.6484375 0.07723765625 0.6400390625 0.06562500208333334 0.6283203125 0.06562500208333334
0 0.592578125 0.10034722083333333 0.58671875 0.096875 0.573046875 0.096875 0.5603515625 0.1125 0.5564453125 0.1263888875 0.5564453125 0.14375 0.5603515625 0.15763888750000002 0.569140625 0.17326388750000002 0.5710937515625 0.175 0.5896484375 0.175 0.596484375 0.16979166666666667 0.6046875 0.14872685 0.6046875 0.1388888875 0.6033203125 0.11944444375 0.592578125 0.10034722083333333
0 0.6283203125 0.06562500208333334 0.615625 0.08472222291666666 0.613671875 0.10208333333333333 0.617578125 0.11597222291666666 0.6263671875 0.13159722291666667 0.6283203109375 0.13333333333333333 0.637109375 0.13333333333333333 0.63515625 0.10902777916666667 0.6390625 0.09513888958333333 0.6458984375 0.08645833333333333 0.6484375 0.07893518541666666 0.6484375 0.07723765625 0.6400390625 0.06562500208333334 0.6283203125 0.06562500208333334
0 0.576953125 0.03854166458333333 0.5701171875 0.047222220833333335 0.5806206609375 0.0625 0.5810546859375 0.0625 0.5828125 0.059374997916666665 0.5984375 0.06100898541666667 0.5984375 0.05274621041666667 0.588671875 0.03854166458333333 0.576953125 0.03854166458333333
1 0.6142578125 0.020486110416666665 0.6064453125 0.020486110416666665 0.6 0.03194444375 0.6 0.040277777083333334 0.603515625 0.04652777708333333 0.603515625 0.06736111041666668 0.6078125 0.075 0.6113281265625 0.075 0.61328125 0.07430555624999999 0.615234375 0.06736111041666668 0.6265625 0.05057870416666667 0.6265625 0.038611110416666664 0.6220703125 0.027430554166666666 0.6142578125 0.020486110416666665
0 0.63203125 0.024826389583333334 0.6251953125 0.03697916666666667 0.62685546875 0.04583333333333333 0.631682478125 0.04583333333333333 0.6359375 0.03524305625 0.63984375 0.03177083333333333 0.64765625 0.03177083333333333 0.649609375 0.03524305625 0.65 0.03315972291666667 0.65 0.02945601875 0.641796875 0.021354166666666667 0.63203125 0.024826389583333334
1 0.6705078125 0.0236111125 0.6607421875 0.027083333333333334 0.655859375 0.0392361125 0.659765625 0.04965277916666667 0.66171875 0.0704861125 0.6642578125 0.075 0.66972656875 0.075 0.67734375 0.07395833333333333 0.6828125 0.06423611041666667 0.6828125 0.04131944375 0.68125 0.03576388958333333 0.6705078125 0.0236111125
1 0.699609375 0.027777777083333333 0.687890625 0.027777777083333333 0.6830078125 0.036458333333333336 0.6830078125 0.05381944375 0.6869140625 0.07118055625 0.695703125 0.08680555625 0.7083984375 0.08506944375 0.711328125 0.08333333333333333 0.715625 0.07263888958333334 0.715625 0.06493055625000001 0.7142578125 0.05034722291666667 0.699609375 0.027777777083333333
0 0.6681640625 0.19965277708333332 0.6662109375 0.21006944375 0.6681640625 0.23784722291666668 0.6720703125 0.25173611041666666 0.68671875 0.27430555624999997 0.69140625 0.27708333333333335 0.698437496875 0.27708333333333335 0.7072265625 0.2760416666666667 0.7140625 0.2708333333333333 0.7228515625 0.2552083333333333 0.7265625 0.24201388750000002 0.7265625 0.2375 0.7248046875 0.203125 0.7140625 0.18055555625 0.704947915625 0.17083333333333334 0.6859375 0.17083333333333334 0.67890625 0.17708333333333334 0.6681640625 0.19965277708333332
0 0.7140625 0.03472222291666667 0.7111328125 0.03993055625 0.7111328125 0.04340277708333333 0.7130859375 0.046875 0.7130859375 0.05034722291666667 0.7150390625 0.05381944375 0.7150390625 0.057291666666666664 0.7169921875 0.060763889583333335 0.7169921875 0.078125 0.719921875 0.08333333333333333 0.727734375 0.08333333333333333 0.7287109375 0.08159722291666666 0.731640625 0.07638888958333333 0.73359375 0.07638888958333333 0.7345703125 0.07465277708333334 0.7345703125 0.07118055625 0.7359375 0.06875 0.7359375 0.05277777708333333 0.7345703125 0.05034722291666667 0.7345703125 0.046875 0.727734375 0.03472222291666667 0.72578125 0.03472222291666667 0.723828125 0.03125 0.71796875 0.03125 0.716015625 0.03472222291666667 0.7140625 0.03472222291666667
0 0.74921875 0.03854166666666667 0.747265625 0.03506944583333334 0.7453125 0.03506944583333334 0.743359375 0.03159722291666667 0.739453125 0.03159722291666667 0.7375 0.03506944583333334 0.735546875 0.03506944583333334 0.7328125 0.03993055625 0.7328125 0.044097222916666665 0.7345703125 0.04722222291666667 0.7345703125 0.05069444583333334 0.7365234375 0.05416666666666667 0.7365234375 0.075 0.7375 0.07673611041666667 0.739453125 0.07673611041666667 0.7408203125 0.07916666666666666 0.7478515625 0.07916666666666666 0.7482421875 0.07847222291666665 0.7482421875 0.0611111125 0.753125 0.05243055625 0.753125 0.04201388958333333 0.751171875 0.03854166666666667 0.74921875 0.03854166666666667
0 0.79453125 0.10902777916666667 0.7896484375 0.10034722291666666 0.7876953125 0.10034722291666666 0.7837890625 0.09340277916666667 0.7701171875 0.09340277916666667 0.7681640625 0.096875 0.7662109375 0.096875 0.765234375 0.10208333333333333 0.76328125 0.10555555624999999 0.76328125 0.10902777916666667 0.761328125 0.1125 0.761328125 0.12986111250000001 0.76328125 0.13333333333333333 0.76328125 0.14027777916666664 0.7720703125 0.15590277916666664 0.7740234375 0.15590277916666664 0.775390625 0.15833333333333333 0.786328125 0.15833333333333333 0.78671875 0.15763888750000002 0.7896484375 0.15590277916666664 0.79453125 0.14722222083333333 0.79453125 0.14375 0.7953125 0.1423611125 0.7953125 0.11388888958333333 0.79453125 0.1125 0.79453125 0.10902777916666667
0 0.7837890625 0.06944444375 0.780859375 0.07465277708333334 0.780859375 0.08159722291666666 0.7828125 0.08506944375 0.7828125 0.08854166666666667 0.78671875 0.09548611041666667 0.78671875 0.09895833333333333 0.7876953125 0.10069444375 0.7896484375 0.10069444375 0.792578125 0.10590277708333334 0.792578125 0.109375 0.796484375 0.11631944375 0.796484375 0.11979166666666667 0.7970703125 0.12083333333333333 0.8017578125 0.12083333333333333 0.80234375 0.11979166666666667 0.80625 0.11284722291666666 0.80625 0.109375 0.8078125 0.10659722083333333 0.8078125 0.08784722291666666 0.804296875 0.08159722291666666 0.804296875 0.078125 0.7994140625 0.06944444375 0.7974609375 0.06944444375 0.7958984375 0.06666666666666667 0.7873046875 0.06666666666666667 0.7857421875 0.06944444375 0.7837890625 0.06944444375
0 0.783984375 0.08194444583333334 0.7810546875 0.0767361125 0.7791015625 0.0767361125 0.7771484375 0.07326388958333332 0.7751953125 0.07326388958333332 0.7732421875 0.06979166666666667 0.7654296875 0.06979166666666667 0.7634765625 0.07326388958333332 0.7615234375 0.07326388958333332 0.75859375 0.07847222291666665 0.75859375 0.08194444583333334 0.7546875 0.08888888958333332 0.7546875 0.09583333333333334 0.756640625 0.09930555625 0.756640625 0.10625 0.75859375 0.10972222291666665 0.75859375 0.11319444583333334 0.759375 0.11458333333333333 0.76171875 0.11458333333333333 0.7625 0.11319444583333334 0.764453125 0.10972222291666665 0.764453125 0.10625 0.7712890625 0.09409722291666665 0.784375 0.09409722291666665 0.784375 0.08611111041666668 0.783984375 0.08541666666666667 0.783984375 0.08194444583333334