1 0.1650390625 0.5868055562500001 0.1416015625 0.5902777770833333 0.125 0.6163194437499999 0.119140625 0.6371527770833333 0.1171875 0.6753472229166667 0.119140625 0.6788194437499999 0.12109375 0.7065972229166667 0.1328125 0.7413194437499999 0.1474609375 0.7604166666666666 0.1591796875 0.7638888895833333 0.1611328125 0.7673611104166667 0.171875 0.765625 0.1787109375 0.7638888895833333 0.193359375 0.7378472229166667 0.19921875 0.7204861104166667 0.201171875 0.7100694437499999 0.201171875 0.6649305562500001 0.19921875 0.6614583333333334 0.19921875 0.6510416666666666 0.193359375 0.6267361104166667 0.1787109375 0.5972222229166667 0.1650390625 0.5868055562500001
1 0.037109375 0.6059027770833333 0.03515625 0.609375 0.037109375 0.6267361104166667 0.0380859375 0.6284722229166667 0.0458984375 0.6180555562500001 0.0595703125 0.6180555562500001 0.0634765625 0.6215277770833333 0.0810546875 0.65625 0.08203125 0.6545138895833333 0.083984375 0.6475694437499999 0.083984375 0.6163194437499999 0.08203125 0.6128472229166667 0.08203125 0.6024305562500001 0.072265625 0.5711805562500001 0.0595703125 0.5590277770833333 0.0537109375 0.5590277770833333 0.0458984375 0.5659722229166667 0.037109375 0.5920138895833333 0.037109375 0.6059027770833333
1 0.1298828125 0.44444444375000003 0.12109375 0.46006944375000003 0.115234375 0.48090277708333334 0.115234375 0.515625 0.12109375 0.5329861104166667 0.1318359375 0.5520833333333334 0.1435546875 0.5590277770833333 0.1484375 0.5572916666666666 0.1572265625 0.5486111104166667 0.1640625 0.5329861104166667 0.1640625 0.52256944375 0.16796875 0.50868055625 0.16796875 0.48090277708333334 0.1640625 0.4635416666666667 0.1572265625 0.4479166666666667 0.1455078125 0.4375 0.1376953125 0.4375 0.1298828125 0.44444444375000003
1 0.154296875 0.4079861104166667 0.154296875 0.4392361104166667 0.1669921875 0.46875 0.1708984375 0.46875 0.1748046875 0.47569444375000003 0.185546875 0.4739583333333333 0.197265625 0.45659722291666666 0.197265625 0.44965277708333334 0.201171875 0.4392361104166667 0.203125 0.42881944375000003 0.201171875 0.39756944375000003 0.19921875 0.390625 0.1884765625 0.375 0.1708984375 0.37152777708333334 0.16015625 0.38715277708333334 0.154296875 0.4079861104166667
1 0.23046875 0.3142361104166667 0.224609375 0.3385416666666667 0.2265625 0.3697916666666667 0.2353515625 0.3854166666666667 0.2431640625 0.3923611104166667 0.251953125 0.390625 0.2607421875 0.3854166666666667 0.265625 0.3732638895833333 0.263671875 0.3697916666666667 0.263671875 0.3385416666666667 0.26953125 0.32118055624999997 0.26953125 0.3142361104166667 0.2626953125 0.3020833333333333 0.2548828125 0.2951388895833333 0.2373046875 0.3020833333333333 0.23046875 0.3142361104166667
1 0.265625 0.33159722291666666 0.263671875 0.3420138895833333 0.263671875 0.36631944375000003 0.26953125 0.390625 0.2744140625 0.39930555624999997 0.2861328125 0.40972222291666666 0.298828125 0.4079861104166667 0.3056640625 0.40277777708333334 0.314453125 0.38715277708333334 0.3203125 0.36631944375000003 0.3203125 0.3385416666666667 0.314453125 0.3177083333333333 0.3056640625 0.30555555624999997 0.3017578125 0.3020833333333333 0.2841796875 0.3020833333333333 0.2763671875 0.30902777708333334 0.265625 0.33159722291666666
1 0.376953125 0.23090277708333332 0.373046875 0.24479166666666666 0.373046875 0.26909722291666666 0.376953125 0.2829861104166667 0.3837890625 0.2951388895833333 0.3876953125 0.2986111104166667 0.390625 0.296875 0.4013671875 0.27430555624999997 0.4150390625 0.26388888958333334 0.423828125 0.26215277708333334 0.423828125 0.24826388958333334 0.419921875 0.23090277708333332 0.4150390625 0.22222222291666668 0.4013671875 0.21180555625 0.3935546875 0.21180555625 0.3837890625 0.21875 0.376953125 0.23090277708333332
1 0.4091796875 0.2673611104166667 0.3994140625 0.27777777708333334 0.390625 0.296875 0.388671875 0.3072916666666667 0.388671875 0.3489583333333333 0.390625 0.35590277708333334 0.4013671875 0.375 0.4130859375 0.3854166666666667 0.419921875 0.38715277708333334 0.42578125 0.35590277708333334 0.4384765625 0.3298611104166667 0.447265625 0.32118055624999997 0.447265625 0.3107638895833333 0.44921875 0.3072916666666667 0.44921875 0.29340277708333334 0.4453125 0.2829861104166667 0.4404296875 0.27430555624999997 0.4248046875 0.26388888958333334 0.4091796875 0.2673611104166667
1 0.48046875 0.21354166666666666 0.48046875 0.234375 0.486328125 0.2552083333333333 0.4951171875 0.2673611104166667 0.5009765625 0.2708333333333333 0.51171875 0.26909722291666666 0.5185546875 0.26388888958333334 0.525390625 0.25173611041666666 0.529296875 0.24131944375 0.53125 0.22048611041666666 0.52734375 0.203125 0.5185546875 0.1875 0.5146484375 0.18402777708333332 0.4970703125 0.18402777708333332 0.482421875 0.20659722291666668 0.48046875 0.21354166666666666
1 0.64453125 0.24131944375 0.638671875 0.26215277708333334 0.638671875 0.2829861104166667 0.64453125 0.3072916666666667 0.6533203125 0.3229166666666667 0.6630859375 0.3333333333333333 0.677734375 0.33159722291666666 0.6845703125 0.3263888895833333 0.697265625 0.30381944375000003 0.69921875 0.29340277708333334 0.69921875 0.265625 0.6953125 0.24826388958333334 0.6865234375 0.23263888958333334 0.6748046875 0.22222222291666668 0.6630859375 0.21875 0.6513671875 0.22916666666666666 0.64453125 0.24131944375
0 0.5673828125 0.25347222291666666 0.5517578125 0.25 0.5361328125 0.2604166666666667 0.52734375 0.2760416666666667 0.521484375 0.296875 0.51953125 0.32465277708333334 0.52734375 0.35243055624999997 0.5419921875 0.375 0.5498046875 0.38194444375000003 0.564453125 0.3802083333333333 0.5712890625 0.375 0.5859375 0.35243055624999997 0.58984375 0.3420138895833333 0.591796875 0.3177083333333333 0.59375 0.3142361104166667 0.591796875 0.3107638895833333 0.591796875 0.296875 0.587890625 0.2795138895833333 0.5791015625 0.26388888958333334 0.5673828125 0.25347222291666666
0 0.4482421875 0.31944444375000003 0.4560546875 0.31944444375000003 0.4580078125 0.31597222291666666 0.4794921875 0.31944444375000003 0.4931640625 0.3333333333333333 0.50390625 0.35590277708333334 0.505859375 0.36631944375000003 0.5087890625 0.37152777708333334 0.509765625 0.3697916666666667 0.517578125 0.3489583333333333 0.51953125 0.3177083333333333 0.513671875 0.29340277708333334 0.5009765625 0.2708333333333333 0.4892578125 0.26388888958333334 0.4716796875 0.2673611104166667 0.4619140625 0.27777777708333334 0.451171875 0.296875 0.447265625 0.3142361104166667 0.4482421875 0.31944444375000003
0 0.4501953125 0.31944444375000003 0.4423828125 0.3263888895833333 0.427734375 0.35243055624999997 0.423828125 0.36631944375000003 0.421875 0.3767361104166667 0.423828125 0.41493055624999997 0.431640625 0.4392361104166667 0.4443359375 0.4583333333333333 0.4580078125 0.46875 0.474609375 0.4670138895833333 0.4892578125 0.4548611104166667 0.501953125 0.42881944375000003 0.5078125 0.4045138895833333 0.5078125 0.3732638895833333 0.501953125 0.35243055624999997 0.4873046875 0.3263888895833333 0.4794921875 0.31944444375000003 0.4677734375 0.31944444375000003 0.4658203125 0.31597222291666666 0.4501953125 0.31944444375000003
0 0.1904296875 0.375 0.19921875 0.390625 0.203125 0.4114583333333333 0.203125 0.42534722291666666 0.20703125 0.42534722291666666 0.2138671875 0.4201388895833333 0.220703125 0.4079861104166667 0.2265625 0.38368055624999997 0.2265625 0.3697916666666667 0.22265625 0.35243055624999997 0.2099609375 0.3333333333333333 0.1943359375 0.3333333333333333 0.181640625 0.35243055624999997 0.1796875 0.3697916666666667 0.1904296875 0.375
0 0.1396484375 0.4375 0.1455078125 0.4375 0.1474609375 0.44097222291666666 0.154296875 0.4392361104166667 0.154296875 0.4079861104166667 0.166015625 0.3767361104166667 0.166015625 0.3732638895833333 0.1611328125 0.36805555624999997 0.1552734375 0.36805555624999997 0.1474609375 0.375 0.140625 0.38715277708333334 0.13671875 0.4010416666666667 0.13671875 0.4322916666666667 0.1396484375 0.4375
0 0.0390625 0.5121527770833334 0.037109375 0.5329861104166667 0.03515625 0.5364583333333334 0.03515625 0.5503472229166667 0.0390625 0.5711805562500001 0.04296875 0.5711805562500001 0.0537109375 0.5590277770833333 0.0595703125 0.5590277770833333 0.0693359375 0.5659722229166667 0.072265625 0.5572916666666666 0.072265625 0.5329861104166667 0.0703125 0.52256944375 0.06640625 0.50868055625 0.0576171875 0.49652777708333334 0.0478515625 0.49652777708333334 0.0390625 0.5121527770833334
0 0.037109375 0.6302083333333334 0.03125 0.6545138895833333 0.03125 0.671875 0.029296875 0.6753472229166667 0.03125 0.703125 0.037109375 0.7274305562500001 0.0478515625 0.75 0.0634765625 0.7604166666666666 0.068359375 0.7586805562500001 0.0712890625 0.7569444437499999 0.083984375 0.7309027770833333 0.083984375 0.7100694437499999 0.0859375 0.7065972229166667 0.083984375 0.6753472229166667 0.078125 0.6475694437499999 0.0634765625 0.6215277770833333 0.0595703125 0.6180555562500001 0.0439453125 0.6180555562500001 0.037109375 0.6302083333333334
0 0.453125 0.671875 0.4365234375 0.6423611104166667 0.4091796875 0.6145833333333334 0.4013671875 0.6145833333333334 0.3994140625 0.6111111104166667 0.3779296875 0.6111111104166667 0.3603515625 0.6215277770833333 0.3486328125 0.6354166666666666 0.3359375 0.6579861104166667 0.330078125 0.6753472229166667 0.326171875 0.6961805562500001 0.326171875 0.7135416666666666 0.32421875 0.7170138895833333 0.32421875 0.7413194437499999 0.326171875 0.7447916666666666 0.326171875 0.7621527770833333 0.330078125 0.7829861104166667 0.3359375 0.8038194437499999 0.3544921875 0.8333333333333334 0.3876953125 0.8368055562500001 0.3896484375 0.8402777770833333 0.4013671875 0.84375 0.4169921875 0.8576388895833333 0.423828125 0.8559027770833333 0.4462890625 0.8333333333333334 0.455078125 0.8142361104166667 0.4609375 0.7934027770833333 0.462890625 0.7690972229166667 0.466796875 0.7552083333333334 0.466796875 0.734375 0.46484375 0.7309027770833333 0.46484375 0.7170138895833333 0.4609375 0.6961805562500001 0.453125 0.671875
0 0.3583984375 0.8333333333333334 0.3564453125 0.8368055562500001 0.3486328125 0.8368055562500001 0.3310546875 0.8472222229166667 0.3212890625 0.8611111104166667 0.3154296875 0.8645833333333334 0.3046875 0.8836805562500001 0.29296875 0.921875 0.29296875 0.9357638895833333 0.291015625 0.9392361104166667 0.291015625 0.9947916666666666 0.2939453125 1 0.4609375 0.9982638895833333 0.462890625 0.9947916666666666 0.4609375 0.953125 0.447265625 0.9079861104166667 0.4375 0.8871527770833333 0.4248046875 0.8680555562500001 0.4033203125 0.8472222229166667 0.3916015625 0.8402777770833333 0.3837890625 0.8402777770833333 0.3720703125 0.8333333333333334 0.3583984375 0.8333333333333334
0 0.615234375 0.18576388958333334 0.6240234375 0.20486111041666666 0.6318359375 0.21180555625 0.642578125 0.21006944375 0.65234375 0.19965277708333332 0.65234375 0.19270833333333334 0.65625 0.18229166666666666 0.65625 0.171875 0.654296875 0.16145833333333334 0.6455078125 0.14236111041666666 0.6298828125 0.13888888958333334 0.619140625 0.15104166666666666 0.615234375 0.16493055625 0.615234375 0.18576388958333334
1 0.78515625 0.26215277708333334 0.78515625 0.27256944375000003 0.79296875 0.30034722291666666 0.8037109375 0.31944444375000003 0.8076171875 0.3229166666666667 0.8203125 0.32118055624999997 0.8271484375 0.31597222291666666 0.8359375 0.296875 0.8359375 0.26909722291666666 0.83203125 0.24826388958333334 0.8173828125 0.22569444375 0.8115234375 0.22569444375 0.8095703125 0.22222222291666668 0.7978515625 0.22569444375 0.79296875 0.234375 0.78515625 0.26215277708333334
0 0.947265625 0.38715277708333334 0.951171875 0.4079861104166667 0.953125 0.41493055624999997 0.9560546875 0.4201388895833333 0.95703125 0.41840277708333334 0.9677734375 0.3958333333333333 0.9755859375 0.3888888895833333 0.990234375 0.39409722291666666 0.990234375 0.3732638895833333 0.986328125 0.359375 0.9716796875 0.33680555624999997 0.9599609375 0.34027777708333334 0.953125 0.35243055624999997 0.947265625 0.3732638895833333 0.947265625 0.38715277708333334