1 0.5021484375 0.2552083333333333 0.4984375 0.26840277916666666 0.4984375 0.29756944375 0.5041015625 0.3177083333333333 0.516796875 0.34027777708333334 0.52265625 0.34375 0.5412109375 0.3420138895833333 0.55390625 0.3333333333333333 0.5646484375 0.3107638895833333 0.5646484375 0.296875 0.565625 0.2951388895833333 0.565625 0.28125 0.5646484375 0.26909722291666666 0.5568359375 0.24479166666666666 0.55 0.23611111041666666 0.540234375 0.22916666666666666 0.520703125 0.22916666666666666 0.512890625 0.23611111041666666 0.5021484375 0.2552083333333333
1 0.5552734375 0.17326388958333333 0.5494140625 0.16979166874999999 0.5376953125 0.16979166874999999 0.5337890625 0.17326388958333333 0.526953125 0.18541666874999999 0.526953125 0.19583333541666667 0.540625 0.21666666874999999 0.5435546875 0.23229166874999999 0.5533203125 0.2392361125 0.558203125 0.24791666666666667 0.562109375 0.24791666666666667 0.56875 0.23020833541666666 0.56875 0.1986111125 0.566015625 0.18888888958333333 0.5552734375 0.17326388958333333
1 0.4947265625 0.16996527916666665 0.4908203125 0.1734375 0.483984375 0.18559027916666665 0.480078125 0.19947916666666668 0.483984375 0.2203125 0.485302734375 0.225 0.4883138015625 0.225 0.48984375 0.21684027916666665 0.5005859375 0.19774305625000002 0.5103515625 0.1907986125 0.521875 0.1907986125 0.521875 0.18388573333333333 0.5123046875 0.16996527916666665 0.4947265625 0.16996527916666665
1 0.490234375 0.17135416666666667 0.4833984375 0.16267361041666667 0.4697265625 0.15920138958333335 0.4619140625 0.16614583333333333 0.455078125 0.17829861041666667 0.4560546875 0.18697916666666667 0.4658203125 0.18697916666666667 0.47900390625 0.19791666666666666 0.4810384109375 0.19791666666666666 0.490234375 0.17829861041666667 0.490234375 0.17135416666666667
1 0.451953125 0.15659722083333336 0.4392578125 0.17222222083333336 0.4373046875 0.17916666458333333 0.4373046875 0.19999999791666667 0.4396484390625 0.20416666666666666 0.4408203109375 0.20416666666666666 0.4412109375 0.20347222083333336 0.465625 0.16340811875 0.465625 0.16006944374999998 0.463671875 0.15659722083333336 0.451953125 0.15659722083333336
1 0.5048828125 0.13819444583333332 0.4951171875 0.13819444583333332 0.4828125 0.15333867708333332 0.4828125 0.16145833333333334 0.4853515625 0.16597222291666666 0.4884765609375 0.16875 0.49277344218749997 0.16875 0.498046875 0.16770833333333332 0.501953125 0.15729166666666666 0.509375 0.14739583333333334 0.509375 0.14479166666666668 0.5087890625 0.14166666666666666 0.5048828125 0.13819444583333332
1 0.385546875 0.21145833541666667 0.3796875 0.21145833541666667 0.369921875 0.21840277916666664 0.3630859375 0.23055555625000002 0.3572265625 0.2548611125 0.3591796875 0.27569444583333336 0.36796875 0.2947916666666667 0.3738281234375 0.3 0.3923828125 0.3 0.4021484375 0.28611111250000004 0.4046875 0.27708333333333335 0.4046875 0.23437500208333334 0.39921875 0.22187500208333333 0.385546875 0.21145833541666667
1 0.3400390625 0.2942708333333333 0.329296875 0.2786458333333333 0.31171875 0.2786458333333333 0.30390625 0.2855902791666667 0.2912109375 0.31163194583333337 0.2912109375 0.32899305624999997 0.2892578125 0.3324652791666667 0.2912109375 0.3359375 0.2912109375 0.3532986125 0.3 0.3723958333333333 0.3076171859375 0.37916666666666665 0.324446615625 0.37916666666666665 0.33125 0.37586805624999997 0.3419921875 0.3532986125 0.3453125 0.3385416666666667 0.3453125 0.32760416666666664 0.3439453125 0.30815972291666666 0.3400390625 0.2942708333333333
1 0.337109375 0.19791666666666666 0.33515625 0.20138888958333334 0.32734375 0.20138888958333334 0.3185546875 0.21701388958333334 0.3146484375 0.23090277708333332 0.3146484375 0.24479166666666666 0.3166015625 0.2552083333333333 0.321484375 0.26388888958333334 0.329296875 0.2708333333333333 0.3380859375 0.26909722291666666 0.34296875 0.2673611104166667 0.3515625 0.24868827291666668 0.3515625 0.21666666666666667 0.34296875 0.20138888958333334 0.337109375 0.19791666666666666
1 0.366015625 0.19531249791666666 0.362109375 0.19878472083333334 0.3513671875 0.22135416458333335 0.3513671875 0.24565972083333334 0.3545572921875 0.25416666666666665 0.357584634375 0.25416666666666665 0.3611328125 0.2352430541666667 0.369921875 0.2196180541666667 0.3796875 0.21267361041666666 0.3875 0.21267361041666666 0.3875 0.20302854791666666 0.3796875 0.19531249791666666 0.366015625 0.19531249791666666
1 0.3638671875 0.17274305625 0.35703125 0.18836805625 0.35703125 0.20208333333333334 0.3591657375 0.20208333333333334 0.3716796875 0.19010416875 0.3796875 0.17270447708333334 0.3796875 0.17090010833333333 0.3677734375 0.16927083541666665 0.3638671875 0.17274305625
1 0.3234375 0.19965277708333332 0.3263671875 0.20486111041666666 0.3302734375 0.20138888958333334 0.3400390625 0.20138888958333334 0.34931640625 0.21458333333333332 0.3509765625 0.21458333333333332 0.352734375 0.21354166666666666 0.3546875 0.21006944375 0.3546875 0.19618055625 0.3517578125 0.1875 0.3447265625 0.18125 0.3333984375 0.18125 0.3302734375 0.18402777708333332 0.3234375 0.19965277708333332
0 0.462109375 0.22534722291666667 0.450390625 0.21493055625000002 0.440625 0.21145833541666667 0.42890625 0.21840277916666664 0.4201171875 0.23055555625000002 0.4142578125 0.24791666874999999 0.4142578125 0.27222222291666665 0.4181640625 0.28958333333333336 0.426953125 0.30520833333333336 0.4342773421875 0.3104166666666667 0.4494140625 0.3104166666666667 0.454296875 0.30868055624999996 0.4650390625 0.29305555624999996 0.4703125 0.27430555624999997 0.4703125 0.24826388958333334 0.4689453125 0.24097222291666667 0.462109375 0.22534722291666667
0 0.47578125 0.1946180541666667 0.466015625 0.18767361041666666 0.454296875 0.18767361041666666 0.446484375 0.1946180541666667 0.4396484375 0.2102430541666667 0.45625 0.21892361041666666 0.462109375 0.2258680541666667 0.4689453125 0.2414930541666667 0.4708618171875 0.26875 0.4734375 0.26875 0.4767578125 0.26579861041666664 0.484375 0.24548611041666665 0.484375 0.21649305625 0.4806640625 0.20329861041666666 0.47578125 0.1946180541666667
0 0.5126953125 0.23576388958333333 0.5205078125 0.22881944583333333 0.5419921875 0.22881944583333333 0.54296875 0.2236111125 0.541015625 0.21666666874999999 0.5302734375 0.19756944583333333 0.5205078125 0.19062500208333333 0.5107421875 0.19062500208333333 0.5009765625 0.19756944583333333 0.490234375 0.21666666874999999 0.48828125 0.22708333541666667 0.48828125 0.25138888958333333 0.490234375 0.25833333541666664 0.4960937484375 0.26875 0.498046875 0.26875 0.501953125 0.2548611125 0.5126953125 0.23576388958333333
0 0.516796875 0.14270833125000001 0.50703125 0.14965277708333333 0.5021484375 0.15833333125000001 0.5001953125 0.16527777708333333 0.501171875 0.17048611041666667 0.512890625 0.17048611041666667 0.5243750015625 0.1875 0.5248046875 0.1875 0.5255859375 0.18611111041666667 0.540625 0.16940103958333333 0.540625 0.16751893750000002 0.53046875 0.14618055416666667 0.516796875 0.14270833125000001
0 0.403515625 0.19010416875 0.395703125 0.1970486125 0.3908203125 0.20572916875 0.3908203125 0.2126736125 0.399609375 0.22135416875 0.4064453125 0.2335069458333333 0.40838758750000004 0.26458333333333334 0.4142578125 0.26458333333333334 0.4142578125 0.24739583541666665 0.4181640625 0.2335069458333333 0.425 0.22482638958333334 0.43125 0.21054067499999998 0.43125 0.20831997916666667 0.419140625 0.19010416875 0.403515625 0.19010416875
0 0.3951171875 0.17430555416666668 0.3814453125 0.17430555416666668 0.374609375 0.18298611041666665 0.37265625 0.18993055416666668 0.3755859375 0.19513888750000002 0.3794921875 0.19513888750000002 0.3879557296875 0.20416666666666666 0.3916015609375 0.20416666666666666 0.3921875 0.20381944375 0.403125 0.19085647916666665 0.403125 0.18798611041666666 0.3990234375 0.17777777708333334 0.3951171875 0.17430555416666668
0 0.309375 0.19756944583333333 0.3015625 0.20451388958333333 0.2947265625 0.21666666874999999 0.2927734375 0.2236111125 0.2927734375 0.24097222291666667 0.3015625 0.2600694458333333 0.3042968734375 0.2625 0.3095703171875 0.2625 0.3123046875 0.26180555625 0.3162109375 0.25833333541666664 0.3142578125 0.23055555625000002 0.3203125 0.21171875208333332 0.3203125 0.20312500208333334 0.319140625 0.20104166874999999 0.309375 0.19756944583333333
0 0.2802734375 0.30625 0.2724609375 0.29930555416666665 0.2607421875 0.29930555416666665 0.24609375 0.31840277708333337 0.240625 0.3378472208333333 0.240625 0.34965277708333337 0.2412109375 0.36527777708333337 0.2451171875 0.36527777708333337 0.2490234375 0.35833333333333334 0.2548828125 0.3548611104166667 0.2724609375 0.3548611104166667 0.2783203125 0.35833333333333334 0.2871093765625 0.37083333333333335 0.2888671875 0.37083333333333335 0.2890625 0.3704861104166667 0.290625 0.36493055625 0.290625 0.35520833333333335 0.2890625 0.321875 0.2802734375 0.30625
0 0.2337890625 0.38368055624999997 0.2298828125 0.4010416666666667 0.2298828125 0.4357638895833333 0.2357421875 0.45659722291666666 0.242578125 0.46875 0.250390625 0.47569444375000003 0.258203125 0.47569444375000003 0.26015625 0.4791666666666667 0.2669921875 0.47743055624999997 0.277734375 0.47222222291666666 0.2884765625 0.453125 0.29375 0.428125 0.29375 0.3957702020833333 0.28359375 0.3645833333333333 0.271875 0.3541666666666667 0.254296875 0.3541666666666667 0.242578125 0.3645833333333333 0.2337890625 0.38368055624999997
0 0.2505859375 0.24687499791666667 0.2408203125 0.24687499791666667 0.228125 0.26597222083333333 0.226171875 0.28680555416666664 0.228125 0.29722222083333333 0.23671875 0.3125 0.239453115625 0.3125 0.249609375 0.31111111041666667 0.257421875 0.30069444375000004 0.2609375 0.28506944375000004 0.2609375 0.2683531729166667 0.2544921875 0.25034722083333333 0.2505859375 0.24687499791666667
0 0.2072265625 0.3456597208333333 0.2091796875 0.33524305416666667 0.2091796875 0.3144097208333333 0.2052734375 0.30052083333333335 0.196484375 0.2918402770833334 0.18671875 0.2953125 0.1759765625 0.31788194375 0.1759765625 0.3456597208333333 0.1779296875 0.35260416666666666 0.184765625 0.3612847208333333 0.18955078281249998 0.3625 0.1936523421875 0.3625 0.1984375 0.3612847208333333 0.2072265625 0.3456597208333333
0 0.141796875 0.3543402770833334 0.130078125 0.35086805416666667 0.1193359375 0.36649305416666667 0.1173828125 0.3769097208333333 0.1203125 0.38211805416666667 0.126171875 0.38211805416666667 0.1349609375 0.39774305416666667 0.1369140625 0.4185763875 0.1408203125 0.4185763875 0.1466796875 0.41163194375 0.15 0.38506944375 0.15 0.3777777770833334 0.1466796875 0.36302083333333335 0.141796875 0.3543402770833334
0 0.125390625 0.38194444375000003 0.115625 0.38194444375000003 0.1029296875 0.4010416666666667 0.0990234375 0.42534722291666666 0.1029296875 0.44618055624999997 0.109765625 0.4583333333333333 0.113671875 0.46180555624999997 0.1244140625 0.46006944375000003 0.1341796875 0.4427083333333333 0.1359375 0.4114583333333333 0.1359375 0.40734126875 0.129296875 0.3854166666666667 0.125390625 0.38194444375000003
0 0.091796875 0.41840277708333334 0.1001953125 0.43333333333333335 0.1009765625 0.43333333333333335 0.1015625 0.4322916666666667 0.1015625 0.4114583333333333 0.107421875 0.390625 0.099804684375 0.38958333333333334 0.0943359375 0.38958333333333334 0.087890625 0.4010416666666667 0.091796875 0.41840277708333334