1 0.0744140625 0.515625 0.0705078125 0.5329861104166667 0.0705078125 0.5677083333333334 0.0763671875 0.5920138895833333 0.08515625 0.6076388895833333 0.08828125 0.6104166666666667 0.094921871875 0.6104166666666667 0.1037109375 0.609375 0.10859375 0.6076388895833333 0.1173828125 0.5885416666666666 0.11875 0.58125 0.11875 0.5314236104166666 0.1154296875 0.52256944375 0.1154296875 0.515625 0.1046875 0.49652777708333334 0.1 0.49375 0.09570312656249999 0.49375 0.083203125 0.49652777708333334 0.0744140625 0.515625
1 0.1376953125 0.46805555625 0.142578125 0.45590277916666666 0.14453125 0.43506944583333335 0.146484375 0.43159722291666663 0.146484375 0.41423611250000003 0.142578125 0.39340277916666666 0.1376953125 0.38472222291666663 0.1298828125 0.37777777916666666 0.1220703125 0.37777777916666666 0.1162109375 0.38125 0.107421875 0.396875 0.103515625 0.41423611250000003 0.103515625 0.43159722291666663 0.1064453125 0.43680555625 0.1123046875 0.43680555625 0.1220703125 0.44722222291666663 0.1296595984375 0.4708333333333333 0.1318359390625 0.4708333333333333 0.134765625 0.46979166666666666 0.1376953125 0.46805555625
1 0.165234375 0.2920138895833333 0.15546875 0.2920138895833333 0.14765625 0.2989583333333333 0.1390625 0.3244212958333333 0.1390625 0.35 0.1408203125 0.35625 0.14765625 0.3684027791666667 0.1517578125 0.37083333333333335 0.1576171890625 0.37083333333333335 0.1603515625 0.3701388895833333 0.165234375 0.3684027791666667 0.1720703125 0.35625 0.175 0.340625 0.175 0.32152777708333335 0.1740234375 0.3076388895833333 0.165234375 0.2920138895833333
1 0.7123046875 0.07881944375000001 0.703515625 0.06319444375 0.7015625 0.06319444375 0.699609375 0.05972222083333333 0.687890625 0.05972222083333333 0.6859375 0.06319444375 0.683984375 0.06319444375 0.6791015625 0.071875 0.6791015625 0.07534722083333333 0.6771484375 0.07881944375000001 0.6771484375 0.09618055416666667 0.6791015625 0.09965277708333334 0.6791015625 0.103125 0.6890625 0.12083333333333333 0.70625 0.12083333333333333 0.7064453125 0.12048611041666667 0.7123046875 0.11006944375000001 0.7123046875 0.10659722083333333 0.7140625 0.10347222291666666 0.7140625 0.08541666458333334 0.7123046875 0.08229166666666667 0.7123046875 0.07881944375000001
1 0.73671875 0.0625 0.734765625 0.05902777708333333 0.723046875 0.05902777708333333 0.7162109375 0.07118055625 0.7162109375 0.10243055625 0.725 0.11805555625 0.734765625 0.11805555625 0.7357421875 0.11631944375 0.7357421875 0.09201388958333333 0.7396484375 0.08506944375 0.7396484375 0.08159722291666666 0.740625 0.07986111041666667 0.742578125 0.07986111041666667 0.7453125 0.075 0.7453125 0.07430555416666666 0.738671875 0.0625 0.73671875 0.0625
1 0.8078125 0.09722222291666666 0.8 0.09027777708333334 0.790234375 0.09027777708333334 0.7796875 0.11243686874999999 0.7796875 0.11493055625 0.7814453125 0.13368055625 0.7921875 0.15625 0.79609375 0.15972222291666668 0.8068359375 0.15798611041666666 0.8146484375 0.14409722291666668 0.815625 0.13888888958333334 0.815625 0.125 0.8146484375 0.11631944375 0.8078125 0.09722222291666666
1 0.865625 0.27743055624999996 0.865625 0.3054398145833333 0.87109375 0.328125 0.8798828125 0.34722222291666666 0.8896484375 0.3541666666666667 0.89453125 0.35243055624999997 0.9052734375 0.34722222291666666 0.9140625 0.33159722291666666 0.915625 0.3260416666666667 0.915625 0.28513257500000005 0.9052734375 0.25 0.8916015625 0.23958333333333334 0.8818359375 0.23958333333333334 0.869140625 0.25868055625 0.865625 0.27743055624999996
0 0.8048828125 0.22743055625 0.8009765625 0.24131944375 0.8009765625 0.2760416666666667 0.8048828125 0.29340277708333334 0.813671875 0.3125 0.82734375 0.3229166666666667 0.8380859375 0.32118055624999997 0.846875 0.31597222291666666 0.8517578125 0.3072916666666667 0.8576171875 0.2864583333333333 0.8576171875 0.2552083333333333 0.8537109375 0.23784722291666668 0.844921875 0.21875 0.83515625 0.20833333333333334 0.81953125 0.20833333333333334 0.81171875 0.21527777708333332 0.8048828125 0.22743055625
0 0.744921875 0.20659722291666668 0.741015625 0.22048611041666666 0.7390625 0.23090277708333332 0.741015625 0.25868055625 0.746875 0.2760416666666667 0.7576171875 0.2951388895833333 0.7654296875 0.3020833333333333 0.780078125 0.30034722291666666 0.7888671875 0.2951388895833333 0.8 0.2723023520833333 0.8 0.22951388958333335 0.799609375 0.22743055625 0.795703125 0.21354166666666666 0.7810546875 0.19097222291666668 0.7751953125 0.1875 0.7615234375 0.1875 0.7556640625 0.19097222291666668 0.744921875 0.20659722291666668
0 0.881640625 0.15590277916666664 0.873828125 0.14895833541666667 0.866015625 0.14895833541666667 0.862109375 0.15243055625000002 0.8552734375 0.16805555625000002 0.8552734375 0.19583333541666667 0.8572265625 0.20625000208333333 0.866015625 0.22534722291666667 0.8689453109375 0.22708333333333333 0.8806640640625 0.22708333333333333 0.8904296875 0.21666666874999999 0.890625 0.215972225 0.890625 0.17760416874999999 0.8884765625 0.16805555625000002 0.881640625 0.15590277916666664
0 0.9294921875 0.16284722291666667 0.9177734375 0.15937500208333333 0.912890625 0.16805555625000002 0.9109375 0.19583333541666667 0.9216796875 0.22534722291666667 0.9236328109375 0.22708333333333333 0.932421878125 0.22708333333333333 0.9353515625 0.22534722291666667 0.940234375 0.21319444583333333 0.940625 0.21111111249999998 0.940625 0.18888889166666667 0.940234375 0.18541666874999999 0.9294921875 0.16284722291666667
0 0.895703125 0.1357638875 0.8908203125 0.1513888875 0.8908203125 0.16527777708333333 0.899609375 0.19131944374999998 0.9023437515625 0.19375 0.90761718125 0.19375 0.9103515625 0.19305555416666667 0.9103515625 0.17916666458333333 0.9123046875 0.16874999791666667 0.915625 0.16284722083333333 0.915625 0.15034722083333335 0.907421875 0.1357638875 0.895703125 0.1357638875
0 0.8697265625 0.1267361104166667 0.8716796875 0.14756944375 0.882421875 0.15625 0.8859375 0.1625 0.8882812484375 0.1625 0.8912109375 0.16145833333333334 0.89375 0.1388888875 0.89375 0.12361111041666667 0.88828125 0.11111111041666667 0.8804687484375 0.10833333333333334 0.87796875 0.10833333333333334 0.8716796875 0.11631944375 0.8697265625 0.1267361104166667
0 0.826953125 0.09409722291666665 0.815234375 0.090625 0.8083984375 0.09930555625 0.8162109375 0.12708333333333333 0.8142578125 0.15138888958333335 0.8169921875 0.15625 0.8193359421874999 0.15625 0.8279296875 0.15486111249999998 0.8357421875 0.14444444583333332 0.8359375 0.14201388958333333 0.8359375 0.11388888958333333 0.8337890625 0.10625 0.826953125 0.09409722291666665
0 0.677734375 0.09618055416666667 0.677734375 0.071875 0.67578125 0.06493055416666667 0.6669921875 0.05277777708333333 0.6591796875 0.05277777708333333 0.6572265625 0.04930555416666667 0.6494140625 0.05277777708333333 0.642578125 0.06840277708333334 0.642578125 0.08923611041666667 0.64453125 0.09618055416666667 0.654318578125 0.11041666666666666 0.6669921796875 0.11041666666666666 0.669921875 0.11006944375000001 0.677734375 0.09618055416666667
0 0.271875 0.18159722291666666 0.271875 0.18784722291666667 0.2734375 0.19618055625 0.2822265625 0.20833333333333334 0.296875 0.20659722291666668 0.30625 0.18659722291666667 0.30625 0.1640377 0.2998046875 0.14930555625 0.2958984375 0.14583333333333334 0.2861328125 0.14583333333333334 0.2734375 0.16493055625 0.271875 0.18159722291666666
0 0.3154296875 0.12222222083333333 0.3046875 0.14131944375 0.306640625 0.17256944375 0.3144252234375 0.18333333333333332 0.3224609328125 0.18333333333333332 0.32421875 0.18298611041666665 0.3271484375 0.18125 0.3359375 0.16215277708333334 0.3359375 0.13784722083333334 0.3251953125 0.12222222083333333 0.3154296875 0.12222222083333333
0 0.201171875 0.26180555625 0.1943359375 0.24618055625000002 0.1826171875 0.24270833541666667 0.1748046875 0.24965277916666664 0.169921875 0.26180555625 0.166015625 0.2791666666666667 0.166015625 0.28958333333333336 0.1759314890625 0.3104166666666667 0.19140625 0.3104166666666667 0.201171875 0.28958333333333336 0.201171875 0.26180555625
0 0.1169921875 0.440625 0.1130859375 0.43715277916666667 0.1033203125 0.43715277916666667 0.090625 0.45277777916666667 0.084765625 0.47361111250000004 0.0828125 0.49444444583333336 0.0994140625 0.49270833333333336 0.1052734375 0.49618055624999996 0.116015625 0.5152777791666667 0.11796875 0.5291666666666667 0.1203124984375 0.5333333333333333 0.1226562515625 0.5333333333333333 0.123828125 0.5326388895833333 0.128125 0.5173611125 0.128125 0.46458333333333335 0.12578125 0.45625 0.1169921875 0.440625
0 0.055078125 0.4482638895833333 0.0482421875 0.46041666666666664 0.0443359375 0.48125 0.0443359375 0.5055555562499999 0.0491102421875 0.5208333333333334 0.050195315625 0.5208333333333334 0.0541015625 0.5194444458333334 0.0541015625 0.4951388895833333 0.0560546875 0.48472222291666667 0.06484375 0.46909722291666667 0.0734375 0.46400463125 0.0734375 0.46013257500000004 0.062890625 0.44479166666666664 0.055078125 0.4482638895833333
0 0.0767578125 0.465625 0.0669921875 0.4482638895833333 0.0611328125 0.44479166666666664 0.0552734375 0.4482638895833333 0.0484375 0.46041666666666664 0.04453125 0.48125 0.04453125 0.5055555562499999 0.049305554687499996 0.5208333333333334 0.050390628125 0.5208333333333334 0.054296875 0.5194444458333334 0.0591796875 0.5142361125 0.0689453125 0.5142361125 0.0728515625 0.5177083333333333 0.0796875 0.4986111125 0.0828125 0.48194444583333335 0.0828125 0.4708333333333333 0.0826171875 0.46909722291666667 0.0767578125 0.465625
1 0.030078125 0.5135416666666667 0.022265625 0.5100694437500001 0.0134765625 0.5256944437500001 0.0115234375 0.5361111104166666 0.0115234375 0.5673611104166666 0.0154296875 0.58125 0.0236328125 0.5958333333333333 0.028320309375 0.5958333333333333 0.0310546875 0.5951388875 0.0388671875 0.5847222208333334 0.0390625 0.5836805541666668 0.0390625 0.5352430541666667 0.0369140625 0.5256944437500001 0.030078125 0.5135416666666667