1 0.66796875 0.7517361104166667 0.66796875 0.7378472229166667 0.6640625 0.7239583333333334 0.6640625 0.7135416666666666 0.658203125 0.6927083333333334 0.6396484375 0.6527777770833333 0.6201171875 0.6319444437499999 0.6142578125 0.6319444437499999 0.6044921875 0.625 0.5771484375 0.625 0.5751953125 0.6284722229166667 0.5673828125 0.6284722229166667 0.5498046875 0.6388888895833333 0.5341796875 0.65625 0.521484375 0.6788194437499999 0.51171875 0.703125 0.50390625 0.7309027770833333 0.5 0.7829861104166667 0.501953125 0.7864583333333334 0.501953125 0.8072916666666666 0.5078125 0.8385416666666666 0.5283203125 0.8819444437499999 0.5400390625 0.8958333333333334 0.5439453125 0.8958333333333334 0.5615234375 0.9097222229166667 0.5693359375 0.9097222229166667 0.5712890625 0.9131944437499999 0.59765625 0.9114583333333334 0.6201171875 0.9027777770833333 0.6484375 0.8663194437499999 0.658203125 0.8420138895833333 0.666015625 0.8142361104166667 0.66796875 0.7899305562500001 0.669921875 0.7864583333333334 0.669921875 0.7552083333333334 0.66796875 0.7517361104166667
1 0.2138671875 0.3576388895833333 0.2080078125 0.3611111104166667 0.19140625 0.38715277708333334 0.185546875 0.4079861104166667 0.185546875 0.45659722291666666 0.19140625 0.47743055624999997 0.2021484375 0.49652777708333334 0.2197265625 0.50694444375 0.22265625 0.5052083333333334 0.2373046875 0.49652777708333334 0.248046875 0.47743055624999997 0.255859375 0.44965277708333334 0.255859375 0.4045138895833333 0.24609375 0.3732638895833333 0.2373046875 0.3611111104166667 0.2314453125 0.3576388895833333 0.2138671875 0.3576388895833333
1 0.0966796875 0.4236111104166667 0.1044921875 0.40972222291666666 0.1201171875 0.40277777708333334 0.1220703125 0.40625 0.1279296875 0.40625 0.134765625 0.421875 0.1396484375 0.43055555624999997 0.140625 0.42881944375000003 0.142578125 0.42534722291666666 0.140625 0.39756944375000003 0.13671875 0.38368055624999997 0.1259765625 0.36805555624999997 0.1103515625 0.37152777708333334 0.099609375 0.390625 0.095703125 0.4045138895833333 0.0966796875 0.4236111104166667
1 0.2060546875 0.2673611104166667 0.1923828125 0.27430555624999997 0.181640625 0.29340277708333334 0.181640625 0.30034722291666666 0.177734375 0.3072916666666667 0.177734375 0.3385416666666667 0.185546875 0.359375 0.1943359375 0.36805555624999997 0.203125 0.36631944375000003 0.2158203125 0.3576388895833333 0.220703125 0.3489583333333333 0.2265625 0.32465277708333334 0.2265625 0.30034722291666666 0.22265625 0.2864583333333333 0.2138671875 0.2708333333333333 0.2080078125 0.2708333333333333 0.2060546875 0.2673611104166667
1 0.21875 0.23784722291666668 0.212890625 0.26909722291666666 0.224609375 0.28993055624999997 0.224609375 0.296875 0.2294921875 0.30902777708333334 0.240234375 0.3072916666666667 0.2470703125 0.3020833333333333 0.251953125 0.29340277708333334 0.2578125 0.27256944375000003 0.2578125 0.24479166666666666 0.2490234375 0.22569444375 0.2353515625 0.21875 0.2255859375 0.22569444375 0.21875 0.23784722291666668
1 0.283203125 0.18229166666666666 0.279296875 0.19618055625 0.279296875 0.22048611041666666 0.2861328125 0.23958333333333334 0.2919921875 0.24305555625 0.306640625 0.24131944375 0.31640625 0.22743055625 0.31640625 0.20659722291666668 0.322265625 0.18576388958333334 0.3134765625 0.16666666666666666 0.3095703125 0.16319444375 0.2978515625 0.16319444375 0.2900390625 0.17013888958333334 0.283203125 0.18229166666666666
1 0.3271484375 0.17361111041666666 0.322265625 0.18229166666666666 0.31640625 0.20659722291666668 0.31640625 0.22743055625 0.3271484375 0.25 0.3349609375 0.25694444375 0.345703125 0.2552083333333333 0.3505859375 0.25347222291666666 0.36328125 0.23090277708333332 0.3671875 0.21354166666666666 0.3671875 0.19965277708333332 0.365234375 0.18923611041666666 0.3583984375 0.17361111041666666 0.3408203125 0.16319444375 0.3271484375 0.17361111041666666
1 0.4365234375 0.14930555625 0.42578125 0.171875 0.42578125 0.19270833333333334 0.423828125 0.19618055625 0.42578125 0.19965277708333332 0.42578125 0.21354166666666666 0.4365234375 0.23263888958333334 0.4423828125 0.23611111041666666 0.4462890625 0.24305555625 0.44921875 0.24131944375 0.451171875 0.21701388958333334 0.45703125 0.19965277708333332 0.478515625 0.171875 0.478515625 0.16493055625 0.4736328125 0.15277777708333332 0.4580078125 0.13888888958333334 0.4443359375 0.14236111041666666 0.4365234375 0.14930555625
1 0.4287109375 0.10416666666666667 0.416015625 0.12326388958333333 0.4140625 0.15104166666666666 0.41796875 0.16493055625 0.4208984375 0.17013888958333334 0.42578125 0.171875 0.4365234375 0.14930555625 0.4443359375 0.14236111041666666 0.4541015625 0.14236111041666666 0.458984375 0.13715277708333332 0.455078125 0.11631944375 0.4501953125 0.10763888958333333 0.4462890625 0.10416666666666667 0.4287109375 0.10416666666666667
1 0.509765625 0.11284722291666666 0.51171875 0.13715277708333332 0.5146484375 0.14583333333333334 0.5283203125 0.15972222291666668 0.541015625 0.15798611041666666 0.552734375 0.140625 0.5546875 0.13020833333333334 0.552734375 0.10590277708333334 0.5478515625 0.09375 0.5400390625 0.08680555625 0.5244140625 0.08680555625 0.5205078125 0.09027777708333334 0.509765625 0.11284722291666666
1 0.6611328125 0.125 0.6533203125 0.13194444375 0.64453125 0.14756944375 0.640625 0.17534722291666668 0.646484375 0.19965277708333332 0.6533203125 0.21180555625 0.6630859375 0.22222222291666668 0.677734375 0.22048611041666666 0.6845703125 0.21527777708333332 0.693359375 0.19965277708333332 0.6953125 0.19270833333333334 0.6953125 0.16145833333333334 0.689453125 0.14409722291666668 0.6806640625 0.13194444375 0.6708984375 0.125 0.6611328125 0.125
1 0.8056640625 0.14930555625 0.7919921875 0.14930555625 0.7880859375 0.15277777708333332 0.779296875 0.171875 0.779296875 0.19965277708333332 0.783203125 0.21354166666666666 0.7939453125 0.23263888958333334 0.8017578125 0.23958333333333334 0.806640625 0.23784722291666668 0.8154296875 0.23263888958333334 0.82421875 0.21701388958333334 0.826171875 0.21006944375 0.82421875 0.18576388958333334 0.818359375 0.16493055625 0.8154296875 0.16319444375 0.8134765625 0.15625 0.8056640625 0.14930555625
0 0.634765625 0.09548611041666667 0.63671875 0.10590277708333334 0.6474609375 0.125 0.6533203125 0.12847222291666666 0.658203125 0.1267361104166667 0.6650390625 0.125 0.669921875 0.11631944375 0.673828125 0.10243055625 0.673828125 0.08854166666666667 0.6630859375 0.06597222291666667 0.6494140625 0.0625 0.638671875 0.07465277708333334 0.634765625 0.09548611041666667
0 0.5576171875 0.13888888958333334 0.5517578125 0.14236111041666666 0.54296875 0.15451388958333334 0.537109375 0.171875 0.53515625 0.19618055625 0.5390625 0.21354166666666666 0.5458984375 0.22916666666666666 0.5576171875 0.24305555625 0.568359375 0.24479166666666666 0.5830078125 0.23611111041666666 0.59375 0.21701388958333334 0.59765625 0.19965277708333332 0.59765625 0.17881944375 0.591796875 0.15798611041666666 0.5810546875 0.14236111041666666 0.5751953125 0.13888888958333334 0.5576171875 0.13888888958333334
0 0.478515625 0.16840277708333332 0.4794921875 0.17708333333333334 0.4931640625 0.17708333333333334 0.5087890625 0.19097222291666668 0.517578125 0.21006944375 0.521484375 0.234375 0.525390625 0.234375 0.53515625 0.20659722291666668 0.53515625 0.18229166666666666 0.53125 0.16840277708333332 0.5205078125 0.14930555625 0.5087890625 0.14236111041666666 0.5009765625 0.14236111041666666 0.4873046875 0.15277777708333332 0.478515625 0.16840277708333332
0 0.4775390625 0.17708333333333334 0.4677734375 0.18402777708333332 0.455078125 0.203125 0.451171875 0.21701388958333334 0.44921875 0.24131944375 0.451171875 0.24479166666666666 0.453125 0.265625 0.4658203125 0.28819444375000003 0.4775390625 0.2986111104166667 0.4921875 0.296875 0.5009765625 0.2916666666666667 0.513671875 0.27256944375000003 0.521484375 0.24479166666666666 0.521484375 0.22743055625 0.515625 0.203125 0.5029296875 0.18402777708333332 0.4931640625 0.17708333333333334 0.4775390625 0.17708333333333334
0 0.23828125 0.21701388958333334 0.2412109375 0.22222222291666668 0.2509765625 0.22569444375 0.255859375 0.234375 0.2578125 0.24131944375 0.2578125 0.26909722291666666 0.263671875 0.26909722291666666 0.2734375 0.2552083333333333 0.27734375 0.24131944375 0.27734375 0.21006944375 0.2685546875 0.19444444375 0.2548828125 0.19097222291666668 0.2451171875 0.19791666666666666 0.240234375 0.20659722291666668 0.23828125 0.21701388958333334
0 0.193359375 0.26215277708333334 0.1962890625 0.2708333333333333 0.212890625 0.26909722291666666 0.21484375 0.25173611041666666 0.21875 0.23784722291666668 0.224609375 0.22743055625 0.2236328125 0.22222222291666668 0.2177734375 0.21875 0.2041015625 0.22916666666666666 0.197265625 0.24131944375 0.193359375 0.26215277708333334
0 0.091796875 0.359375 0.08984375 0.3802083333333333 0.09375 0.39756944375000003 0.09765625 0.39756944375000003 0.1103515625 0.37152777708333334 0.126953125 0.36631944375000003 0.125 0.3454861104166667 0.1162109375 0.3298611104166667 0.1064453125 0.3298611104166667 0.1025390625 0.3333333333333333 0.095703125 0.3454861104166667 0.091796875 0.359375
0 0.1259765625 0.40625 0.1142578125 0.40277777708333334 0.1044921875 0.40972222291666666 0.09765625 0.421875 0.08984375 0.453125 0.08984375 0.484375 0.09375 0.5017361104166667 0.1044921875 0.52430555625 0.1103515625 0.5277777770833334 0.123046875 0.5260416666666666 0.1298828125 0.5208333333333334 0.138671875 0.5017361104166667 0.138671875 0.4947916666666667 0.142578125 0.484375 0.142578125 0.44618055624999997 0.138671875 0.42881944375000003 0.1318359375 0.41319444375000003 0.1259765625 0.40625
0 1 0.32118055624999997 0.9931640625 0.3125 0.9814453125 0.3125 0.9765625 0.32118055624999997 0.970703125 0.3454861104166667 0.974609375 0.38715277708333334 0.9873046875 0.40625 1 0.4045138895833333 1 0.32118055624999997
0 0.92578125 0.30381944375000003 0.92578125 0.3142361104166667 0.9287109375 0.3263888895833333 0.9345703125 0.31597222291666666 0.9423828125 0.30902777708333334 0.9501953125 0.30902777708333334 0.9560546875 0.3125 0.9677734375 0.3333333333333333 0.96875 0.33159722291666666 0.966796875 0.30381944375000003 0.962890625 0.28993055624999997 0.9560546875 0.27777777708333334 0.9482421875 0.2708333333333333 0.9423828125 0.2708333333333333 0.9365234375 0.27430555624999997 0.931640625 0.2829861104166667 0.92578125 0.30381944375000003
0 0.41796875 0.7378472229166667 0.408203125 0.6996527770833333 0.3837890625 0.6527777770833333 0.3642578125 0.6354166666666666 0.3466796875 0.6319444437499999 0.3447265625 0.6284722229166667 0.3330078125 0.6284722229166667 0.3037109375 0.6458333333333334 0.283203125 0.6788194437499999 0.275390625 0.703125 0.271484375 0.7239583333333334 0.271484375 0.734375 0.26953125 0.7378472229166667 0.271484375 0.7899305562500001 0.28515625 0.8385416666666666 0.29296875 0.8559027770833333 0.3037109375 0.8715277770833333 0.3154296875 0.8819444437499999 0.32421875 0.8802083333333334 0.3408203125 0.8576388895833333 0.3662109375 0.8402777770833333 0.4072265625 0.8402777770833333 0.4140625 0.8211805562500001 0.41796875 0.8003472229166667 0.41796875 0.7829861104166667 0.419921875 0.7795138895833333 0.41796875 0.7378472229166667
0 0.3193359375 1 0.3212890625 0.9965277770833333 0.3291015625 0.9965277770833333 0.3310546875 1 0.486328125 0.9982638895833333 0.490234375 0.9913194437499999 0.486328125 0.9774305562500001 0.484375 0.9496527770833333 0.46875 0.9079861104166667 0.4404296875 0.8645833333333334 0.4326171875 0.8611111104166667 0.4248046875 0.8506944437499999 0.4130859375 0.8472222229166667 0.4111328125 0.84375 0.4013671875 0.84375 0.3994140625 0.8402777770833333 0.3740234375 0.8402777770833333 0.3720703125 0.84375 0.3564453125 0.8472222229166667 0.3505859375 0.8541666666666666 0.3466796875 0.8541666666666666 0.3427734375 0.8611111104166667 0.3388671875 0.8611111104166667 0.3310546875 0.8715277770833333 0.314453125 0.9045138895833333 0.3125 0.9149305562500001 0.30859375 0.921875 0.302734375 0.953125 0.302734375 0.9739583333333334 0.30078125 0.9774305562500001 0.302734375 0.9809027770833333 0.302734375 0.9947916666666666 0.3056640625 1 0.3193359375 1
0 0.14453125 0.9635416666666666 0.14453125 0.9739583333333334 0.142578125 0.9774305562500001 0.1435546875 1 0.275390625 0.9982638895833333 0.26953125 0.9774305562500001 0.2490234375 0.9409722229166667 0.2412109375 0.9305555562500001 0.2099609375 0.90625 0.1806640625 0.90625 0.1669921875 0.9166666666666666 0.15234375 0.9392361104166667 0.14453125 0.9635416666666666
0 0.037109375 0.9184027770833333 0.041015625 0.921875 0.056640625 0.9565972229166667 0.0810546875 1 0.09765625 0.9982638895833333 0.09765625 0.9913194437499999 0.0859375 0.9496527770833333 0.0673828125 0.9131944437499999 0.0439453125 0.8923611104166667 0.0380859375 0.8923611104166667 0.03125 0.8975694437499999 0.03125 0.9045138895833333 0.037109375 0.9184027770833333