1 0.5146484375 0.8958333333333334 0.4912109375 0.9097222229166667 0.4736328125 0.9305555562500001 0.4609375 0.953125 0.4453125 0.9947916666666666 0.4482421875 1 0.6328125 0.9982638895833333 0.634765625 0.9878472229166667 0.626953125 0.9704861104166667 0.6240234375 0.9513888895833333 0.6201171875 0.9548611104166667 0.6064453125 0.9305555562500001 0.5869140625 0.9097222229166667 0.5615234375 0.8958333333333334 0.5458984375 0.8958333333333334 0.5439453125 0.8923611104166667 0.5146484375 0.8958333333333334
1 0.224609375 0.35243055624999997 0.220703125 0.36631944375000003 0.21875 0.4010416666666667 0.22265625 0.41493055624999997 0.2333984375 0.43402777708333334 0.2392578125 0.4375 0.255859375 0.4357638895833333 0.26953125 0.41493055624999997 0.2734375 0.4010416666666667 0.275390625 0.3732638895833333 0.2734375 0.3697916666666667 0.2734375 0.359375 0.2626953125 0.33680555624999997 0.2568359375 0.3298611104166667 0.2412109375 0.3298611104166667 0.2333984375 0.33680555624999997 0.224609375 0.35243055624999997
1 0.3017578125 0.28819444375000003 0.3173828125 0.28819444375000003 0.3291015625 0.3020833333333333 0.33203125 0.30034722291666666 0.337890625 0.2864583333333333 0.337890625 0.26215277708333334 0.3330078125 0.24652777708333332 0.3232421875 0.23611111041666666 0.3115234375 0.23611111041666666 0.298828125 0.25173611041666666 0.29296875 0.27256944375000003 0.29296875 0.2829861104166667 0.2958984375 0.2916666666666667 0.3017578125 0.28819444375000003
1 0.458984375 0.17534722291666668 0.462890625 0.19270833333333334 0.4677734375 0.20138888958333334 0.4755859375 0.20833333333333334 0.482421875 0.20659722291666668 0.4873046875 0.20486111041666666 0.494140625 0.18923611041666666 0.49609375 0.18229166666666666 0.49609375 0.16493055625 0.494140625 0.15451388958333334 0.4892578125 0.14583333333333334 0.4853515625 0.14236111041666666 0.4716796875 0.14236111041666666 0.4609375 0.15798611041666666 0.458984375 0.17534722291666668
1 0.5537109375 0.21527777708333332 0.5390625 0.23784722291666668 0.53515625 0.25173611041666666 0.53515625 0.2795138895833333 0.537109375 0.28993055624999997 0.5458984375 0.30902777708333334 0.552734375 0.3142361104166667 0.556640625 0.3072916666666667 0.55859375 0.29340277708333334 0.5712890625 0.2708333333333333 0.5810546875 0.26388888958333334 0.5947265625 0.26388888958333334 0.59765625 0.25868055625 0.591796875 0.234375 0.5771484375 0.21527777708333332 0.5712890625 0.21180555625 0.5537109375 0.21527777708333332
1 0.5712890625 0.21180555625 0.5849609375 0.22222222291666668 0.591796875 0.234375 0.595703125 0.25173611041666666 0.5986328125 0.25694444375 0.599609375 0.2552083333333333 0.6015625 0.24826388958333334 0.6015625 0.22048611041666666 0.5908203125 0.19444444375 0.5810546875 0.1875 0.5654296875 0.1875 0.5576171875 0.19444444375 0.55078125 0.21006944375 0.5517578125 0.21875 0.5615234375 0.21180555625 0.5712890625 0.21180555625
1 0.720703125 0.27256944375000003 0.71875 0.2829861104166667 0.7314453125 0.2951388895833333 0.73828125 0.3072916666666667 0.744140625 0.328125 0.744140625 0.3732638895833333 0.751953125 0.3767361104166667 0.7607421875 0.37152777708333334 0.77734375 0.33506944375000003 0.77734375 0.30381944375000003 0.771484375 0.2829861104166667 0.7548828125 0.25694444375 0.7431640625 0.25694444375 0.7412109375 0.25347222291666666 0.7392578125 0.25694444375 0.7314453125 0.25694444375 0.720703125 0.27256944375000003
1 0.669921875 0.32118055624999997 0.66796875 0.3385416666666667 0.669921875 0.3420138895833333 0.673828125 0.3732638895833333 0.6806640625 0.3854166666666667 0.6884765625 0.37847222291666666 0.7099609375 0.375 0.7119140625 0.37847222291666666 0.7255859375 0.38194444375000003 0.7314453125 0.3888888895833333 0.73828125 0.38715277708333334 0.744140625 0.36284722291666666 0.744140625 0.33159722291666666 0.73828125 0.3072916666666667 0.7333984375 0.2986111104166667 0.7275390625 0.2951388895833333 0.7138671875 0.27777777708333334 0.6962890625 0.27777777708333334 0.6865234375 0.28472222291666666 0.67578125 0.30381944375000003 0.669921875 0.32118055624999997
1 0.7099609375 0.21180555625 0.708984375 0.21701388958333334 0.720703125 0.23784722291666668 0.724609375 0.25868055625 0.73046875 0.25868055625 0.7392578125 0.25347222291666666 0.7529296875 0.25694444375 0.755859375 0.25173611041666666 0.755859375 0.23090277708333332 0.7529296875 0.22222222291666668 0.7470703125 0.21875 0.7412109375 0.20833333333333334 0.7333984375 0.20138888958333334 0.7158203125 0.20486111041666666 0.7099609375 0.21180555625
1 0.939453125 0.3142361104166667 0.9482421875 0.3298611104166667 0.9521484375 0.3333333333333333 0.9609375 0.33159722291666666 0.966796875 0.32118055624999997 0.966796875 0.3107638895833333 0.96875 0.3072916666666667 0.966796875 0.2760416666666667 0.9560546875 0.25 0.9482421875 0.24652777708333332 0.9404296875 0.25347222291666666 0.93359375 0.26909722291666666 0.935546875 0.30034722291666666 0.939453125 0.3142361104166667
1 0.7001953125 0.375 0.6982421875 0.37847222291666666 0.6904296875 0.37847222291666666 0.6806640625 0.3854166666666667 0.666015625 0.4114583333333333 0.65625 0.44965277708333334 0.65625 0.48784722291666666 0.6640625 0.5190972229166666 0.6826171875 0.5520833333333334 0.6943359375 0.5625 0.71484375 0.5607638895833333 0.7314453125 0.5486111104166667 0.7392578125 0.5381944437499999 0.75 0.515625 0.75 0.50868055625 0.755859375 0.48784722291666666 0.755859375 0.45659722291666666 0.748046875 0.41840277708333334 0.7353515625 0.3923611104166667 0.7177734375 0.37847222291666666 0.7001953125 0.375
0 0.1240234375 0.52430555625 0.1181640625 0.52430555625 0.1083984375 0.5347222229166667 0.1015625 0.5503472229166667 0.095703125 0.578125 0.095703125 0.6024305562500001 0.09765625 0.6059027770833333 0.09765625 0.6197916666666666 0.103515625 0.640625 0.1123046875 0.6597222229166667 0.1259765625 0.6701388895833333 0.134765625 0.6684027770833333 0.1455078125 0.6631944437499999 0.154296875 0.6475694437499999 0.16015625 0.6232638895833333 0.162109375 0.5954861104166667 0.16015625 0.5920138895833333 0.158203125 0.5677083333333334 0.146484375 0.5364583333333334 0.1357421875 0.52430555625 0.1259765625 0.5208333333333334 0.1240234375 0.52430555625
0 0.16796875 0.41840277708333334 0.16796875 0.453125 0.17578125 0.47743055624999997 0.1826171875 0.4861111104166667 0.1884765625 0.4895833333333333 0.201171875 0.48784722291666666 0.2080078125 0.4826388895833333 0.21875 0.45659722291666666 0.220703125 0.44618055624999997 0.220703125 0.4114583333333333 0.216796875 0.39756944375000003 0.2041015625 0.37847222291666666 0.1884765625 0.37847222291666666 0.1806640625 0.3854166666666667 0.169921875 0.4079861104166667 0.16796875 0.41840277708333334
0 0.283203125 0.3142361104166667 0.279296875 0.33159722291666666 0.279296875 0.35243055624999997 0.28125 0.35590277708333334 0.28125 0.36631944375000003 0.2880859375 0.38194444375000003 0.3017578125 0.3958333333333333 0.3125 0.39409722291666666 0.3251953125 0.38194444375000003 0.333984375 0.36284722291666666 0.3359375 0.35243055624999997 0.3359375 0.32465277708333334 0.33203125 0.3072916666666667 0.3212890625 0.2916666666666667 0.3173828125 0.28819444375000003 0.3017578125 0.28819444375000003 0.2880859375 0.3020833333333333 0.283203125 0.3142361104166667
0 0.5146484375 0.21875 0.5234375 0.21701388958333334 0.525390625 0.21354166666666666 0.525390625 0.17881944375 0.533203125 0.15798611041666666 0.5224609375 0.14583333333333334 0.5107421875 0.14583333333333334 0.498046875 0.16493055625 0.49609375 0.171875 0.49609375 0.18923611041666666 0.5068359375 0.21180555625 0.5146484375 0.21875
0 0.6162109375 0.17361111041666666 0.6220703125 0.18055555625 0.62890625 0.19270833333333334 0.630859375 0.203125 0.6337890625 0.20833333333333334 0.634765625 0.20659722291666668 0.63671875 0.19965277708333332 0.634765625 0.17534722291666668 0.6240234375 0.15625 0.6201171875 0.15277777708333332 0.6044921875 0.15277777708333332 0.59375 0.16840277708333332 0.5947265625 0.17361111041666666 0.5986328125 0.17013888958333334 0.6123046875 0.17013888958333334 0.6162109375 0.17361111041666666
0 0.55859375 0.29340277708333334 0.5546875 0.3072916666666667 0.5546875 0.3489583333333333 0.55859375 0.36284722291666666 0.5771484375 0.3923611104166667 0.5869140625 0.39930555624999997 0.59765625 0.39756944375000003 0.6083984375 0.3923611104166667 0.625 0.36631944375000003 0.62890625 0.35243055624999997 0.62890625 0.3107638895833333 0.625 0.296875 0.6123046875 0.27430555624999997 0.5986328125 0.26388888958333334 0.5791015625 0.26388888958333334 0.5712890625 0.2708333333333333 0.55859375 0.29340277708333334
0 0.6171875 0.265625 0.6171875 0.2795138895833333 0.626953125 0.30034722291666666 0.630859375 0.328125 0.6396484375 0.34375 0.66015625 0.3420138895833333 0.66796875 0.33159722291666666 0.669921875 0.3177083333333333 0.681640625 0.28993055624999997 0.6796875 0.26215277708333334 0.6689453125 0.23958333333333334 0.6513671875 0.22569444375 0.6416015625 0.22569444375 0.6318359375 0.23263888958333334 0.623046875 0.24479166666666666 0.6171875 0.265625
0 0.7001953125 0.21527777708333332 0.708984375 0.21354166666666666 0.7177734375 0.20486111041666666 0.71875 0.19965277708333332 0.7158203125 0.19097222291666668 0.7021484375 0.17708333333333334 0.6884765625 0.17708333333333334 0.677734375 0.19270833333333334 0.677734375 0.203125 0.6845703125 0.21180555625 0.6982421875 0.21180555625 0.7001953125 0.21527777708333332
0 0.75390625 0.22743055625 0.755859375 0.234375 0.755859375 0.24826388958333334 0.75390625 0.25173611041666666 0.7587890625 0.2604166666666667 0.759765625 0.25868055625 0.775390625 0.234375 0.775390625 0.21354166666666666 0.7734375 0.20659722291666668 0.7685546875 0.20138888958333334 0.7568359375 0.20486111041666666 0.7470703125 0.19791666666666666 0.7412109375 0.1875 0.7373046875 0.19097222291666668 0.734375 0.19965277708333332 0.75390625 0.22743055625
0 0.7939453125 0.23611111041666666 0.8017578125 0.24305555625 0.806640625 0.24131944375 0.8115234375 0.23958333333333334 0.81640625 0.23090277708333332 0.81640625 0.22395833333333334 0.8125 0.21006944375 0.8037109375 0.19444444375 0.7900390625 0.1875 0.779296875 0.19618055625 0.775390625 0.21006944375 0.7763671875 0.23263888958333334 0.7939453125 0.23611111041666666
0 0.76171875 0.26215277708333334 0.763671875 0.26909722291666666 0.76953125 0.2760416666666667 0.77734375 0.30381944375000003 0.77734375 0.3385416666666667 0.7822265625 0.34375 0.787109375 0.3420138895833333 0.798828125 0.32118055624999997 0.806640625 0.29340277708333334 0.814453125 0.2829861104166667 0.814453125 0.27256944375000003 0.80859375 0.2552083333333333 0.7978515625 0.23958333333333334 0.7939453125 0.23611111041666666 0.7763671875 0.23611111041666666 0.7666015625 0.24652777708333332 0.76171875 0.26215277708333334
0 0.78515625 0.36631944375000003 0.783203125 0.3697916666666667 0.78515625 0.4045138895833333 0.79296875 0.42881944375000003 0.8056640625 0.4513888895833333 0.8095703125 0.4548611104166667 0.830078125 0.453125 0.84375 0.4392361104166667 0.853515625 0.4079861104166667 0.853515625 0.36631944375000003 0.841796875 0.33159722291666666 0.8330078125 0.31944444375000003 0.8232421875 0.3125 0.8037109375 0.31597222291666666 0.7978515625 0.3229166666666667 0.787109375 0.3454861104166667 0.78515625 0.36631944375000003
0 0.8759765625 0.44097222291666666 0.8623046875 0.44097222291666666 0.8603515625 0.44444444375000003 0.8486328125 0.4479166666666667 0.8427734375 0.4548611104166667 0.828125 0.484375 0.822265625 0.515625 0.822265625 0.5607638895833333 0.828125 0.5885416666666666 0.8427734375 0.6180555562500001 0.8583984375 0.6284722229166667 0.87109375 0.6267361104166667 0.8818359375 0.6215277770833333 0.8876953125 0.6145833333333334 0.90234375 0.5850694437499999 0.908203125 0.5572916666666666 0.908203125 0.5052083333333334 0.90625 0.5017361104166667 0.90625 0.49131944375000003 0.8984375 0.4704861104166667 0.8876953125 0.4513888895833333 0.8759765625 0.44097222291666666
0 0.884765625 0.390625 0.880859375 0.4079861104166667 0.8828125 0.4427083333333333 0.896484375 0.4635416666666667 0.9052734375 0.4861111104166667 0.919921875 0.484375 0.9287109375 0.4791666666666667 0.939453125 0.453125 0.94140625 0.4427083333333333 0.94140625 0.4045138895833333 0.935546875 0.3767361104166667 0.9248046875 0.3576388895833333 0.9169921875 0.35069444375000003 0.8994140625 0.35069444375000003 0.884765625 0.3802083333333333 0.884765625 0.390625
0 0.9248046875 0.3576388895833333 0.935546875 0.3767361104166667 0.939453125 0.4010416666666667 0.9423828125 0.40625 0.943359375 0.4045138895833333 0.9453125 0.39756944375000003 0.9453125 0.36631944375000003 0.939453125 0.3420138895833333 0.9248046875 0.31944444375000003 0.9130859375 0.31944444375000003 0.9052734375 0.3263888895833333 0.900390625 0.33506944375000003 0.8984375 0.3489583333333333 0.9169921875 0.35069444375000003 0.9248046875 0.3576388895833333
0 0.875 0.3072916666666667 0.875 0.3454861104166667 0.87890625 0.36284722291666666 0.8857421875 0.375 0.88671875 0.3732638895833333 0.888671875 0.36631944375000003 0.896484375 0.35590277708333334 0.900390625 0.33506944375000003 0.9072265625 0.3229166666666667 0.91796875 0.3177083333333333 0.91796875 0.3072916666666667 0.9072265625 0.28472222291666666 0.8896484375 0.28125 0.8857421875 0.28472222291666666 0.875 0.3072916666666667