0 0.8521484375 0.3684027791666667 0.8423828125 0.3614583333333333 0.8228515625 0.3614583333333333 0.8091796875 0.37534722291666667 0.800390625 0.39097222291666667 0.792578125 0.4256944458333333 0.792578125 0.4638888895833333 0.796484375 0.48472222291666667 0.8111328125 0.5177083333333333 0.8263671875 0.53125 0.830468759375 0.53125 0.8453125 0.5298611125 0.8541015625 0.5246527791666666 0.86484375 0.5055555562499999 0.870703125 0.4881944458333333 0.8734375 0.47361111250000004 0.8734375 0.41805555624999996 0.86875 0.4013888895833333 0.8521484375 0.3684027791666667
0 0.5640625 0.27430555624999997 0.5552734375 0.28993055624999997 0.5494140625 0.3107638895833333 0.5494140625 0.3454861104166667 0.5513671875 0.35590277708333334 0.5552734375 0.3697916666666667 0.569921875 0.3958333333333333 0.585546875 0.40625 0.6060546875 0.4045138895833333 0.612890625 0.40277777708333334 0.6158203125 0.39756944375000003 0.6158203125 0.38715277708333334 0.6275390625 0.36284722291666666 0.628125 0.35972222291666667 0.628125 0.30694444375 0.6275390625 0.30381944375000003 0.61875 0.28125 0.603125 0.26388888958333334 0.597265625 0.26388888958333334 0.5953125 0.2604166666666667 0.581640625 0.2604166666666667 0.57578125 0.26388888958333334 0.5640625 0.27430555624999997
0 0.6888671875 0.19583333541666667 0.676171875 0.1767361125 0.66640625 0.16979166874999999 0.65859375 0.16979166874999999 0.65078125 0.1767361125 0.6380859375 0.19930555625000002 0.6361328125 0.20972222291666667 0.6361328125 0.23055555625000002 0.6400390625 0.24444444583333333 0.65078125 0.26354166875 0.6566406234375 0.26875 0.6830078125 0.26875 0.6859375 0.26701388958333333 0.6908203125 0.2548611125 0.6921875 0.23055555625000002 0.6921875 0.21909722291666667 0.6908203125 0.21666666874999999 0.6888671875 0.19583333541666667
0 0.6341796875 0.15312499791666667 0.6263671875 0.16006944374999998 0.617578125 0.17916666458333333 0.617578125 0.20694444374999998 0.621484375 0.22083333125000001 0.6339488640625001 0.23958333333333334 0.635156246875 0.23958333333333334 0.6390625 0.23819444374999998 0.637109375 0.22777777708333333 0.6390625 0.19999999791666667 0.6458984375 0.18437499791666667 0.659375 0.16999999791666667 0.659375 0.16704545208333332 0.6498046875 0.15312499791666667 0.6341796875 0.15312499791666667
0 0.5521484375 0.18923611041666666 0.5521484375 0.21354166666666666 0.5560546875 0.22743055625 0.56875 0.24652777708333332 0.574609375 0.25 0.5912109375 0.24826388958333334 0.5970703125 0.24131944375 0.6046875 0.21762152916666666 0.6046875 0.19201388958333335 0.6009765625 0.17881944375 0.5921875 0.16319444375 0.58046875 0.15625 0.574609375 0.15625 0.5609375 0.16666666666666666 0.5521484375 0.18923611041666666
0 0.373046875 0.24131944375 0.369140625 0.2552083333333333 0.369140625 0.2864583333333333 0.373046875 0.30034722291666666 0.3857421875 0.31944444375000003 0.3916015625 0.3229166666666667 0.412109375 0.32118055624999997 0.416015625 0.3177083333333333 0.42578125 0.2829861104166667 0.42578125 0.27256944375000003 0.427734375 0.26909722291666666 0.42578125 0.265625 0.423828125 0.24479166666666666 0.4189453125 0.23263888958333334 0.4052734375 0.21875 0.3916015625 0.21875 0.3857421875 0.22222222291666668 0.373046875 0.24131944375
0 0.5326171875 0.12777777916666666 0.5189453125 0.12777777916666666 0.5130859375 0.13472222291666666 0.504296875 0.15381944583333332 0.504296875 0.17118055625 0.51015625 0.18854166666666666 0.5202845968750001 0.2 0.5275390703125 0.2 0.5375 0.19895833333333332 0.54140625 0.19548611249999998 0.54140625 0.18854166666666666 0.546875 0.17557870416666665 0.546875 0.16840277916666666 0.5453125 0.14340277916666666 0.5326171875 0.12777777916666666
1 0.4912109375 0.13194444375 0.4794921875 0.13194444375 0.4716796875 0.13888888958333334 0.465625 0.152728175 0.465625 0.18159722291666666 0.466796875 0.18576388958333334 0.4794921875 0.20138888958333334 0.494140625 0.19965277708333332 0.503125 0.18048611041666665 0.503125 0.14826388958333334 0.501953125 0.14409722291666668 0.4912109375 0.13194444375
1 0.283984375 0.17986111249999998 0.27421875 0.18333333333333332 0.2693359375 0.19201388958333335 0.2654296875 0.209375 0.2673828125 0.22326388958333335 0.2736718734375 0.23125 0.27929688124999996 0.23125 0.2869140625 0.23020833333333332 0.29375 0.21197916666666666 0.29375 0.19548611249999998 0.2927734375 0.19201388958333335 0.283984375 0.17986111249999998
0 0.251953125 0.24895833333333334 0.255859375 0.23506944375 0.255859375 0.22118055416666668 0.2490234375 0.20555555416666668 0.2392578125 0.20555555416666668 0.23046875 0.22118055416666668 0.228515625 0.24201388750000002 0.2347439234375 0.25625 0.2439453078125 0.25625 0.24609375 0.2559027770833333 0.251953125 0.24895833333333334
0 0.45234375 0.10486111041666667 0.446484375 0.10486111041666667 0.4376953125 0.12395833333333334 0.4396484375 0.14131944375 0.4474330359375 0.15208333333333332 0.4570312453125 0.15208333333333332 0.4591796875 0.15173611041666665 0.4625 0.14583333333333334 0.4625 0.13333333333333333 0.4611328125 0.13090277708333334 0.4625 0.11631944375 0.4625 0.10949073958333333 0.454296875 0.1013888875 0.45234375 0.10486111041666667
0 0.471875 0.10104166666666667 0.4630859375 0.11319444583333334 0.4611328125 0.13055555624999998 0.4630859375 0.14097222291666667 0.4658203125 0.14583333333333334 0.4666015640625 0.14583333333333334 0.4689453125 0.14444444583333332 0.473828125 0.13576388958333335 0.4859375 0.13079594166666667 0.4859375 0.10868055624999999 0.48359375 0.10451388958333332 0.471875 0.10104166666666667
1 0.4935546875 0.10069444375 0.488671875 0.109375 0.48671875 0.1267361104166667 0.5013671875 0.14236111041666666 0.5033203125 0.14930555625 0.50625 0.14756944375 0.5171875 0.128125 0.5171875 0.11145833333333334 0.5111328125 0.10069444375 0.4935546875 0.10069444375
0 0.542578125 0.09756944375000001 0.530859375 0.09409722083333333 0.5201171875 0.10625 0.5181640625 0.11319444375000001 0.519140625 0.12881944375 0.5328125 0.12881944375 0.540625 0.1357638875 0.54228515625 0.14166666666666666 0.5443359359375 0.14166666666666666 0.5455078125 0.14097222083333336 0.5494140625 0.13402777916666667 0.55 0.13090277916666668 0.55 0.11753472083333333 0.5474609375 0.10625 0.542578125 0.09756944375000001
0 0.357421875 0.15416666874999999 0.3486328125 0.13854166874999999 0.3408203125 0.13854166874999999 0.330078125 0.15416666874999999 0.330078125 0.17500000208333333 0.3359374984375 0.18541666666666667 0.3496093765625 0.18541666666666667 0.35546875 0.17500000208333333 0.357421875 0.15416666874999999
1 0.541796875 0.08368055625 0.5369140625 0.09583333333333334 0.5466796875 0.10625 0.5486328125 0.12708333333333333 0.5509765625 0.13125 0.5533203125 0.13125 0.5544921875 0.13055555624999998 0.557421875 0.12881944583333332 0.5609375 0.12006944583333333 0.5609375 0.096875 0.553515625 0.08368055625 0.541796875 0.08368055625
1 0.4943359375 0.10104166666666667 0.4953125 0.09583333333333334 0.4884765625 0.090625 0.4796875 0.09930555625 0.48059895781249995 0.10416666666666667 0.482031253125 0.10416666666666667 0.4875 0.10277777916666667 0.4943359375 0.10104166666666667