1 0.6240234375 0.35451388749999996 0.6328125 0.33888888749999996 0.638671875 0.31111111041666667 0.638671875 0.28680555416666664 0.6328125 0.2590277770833333 0.6142578125 0.2295138875 0.6083984375 0.22604166458333333 0.5869140625 0.22604166458333333 0.5771484375 0.23298611041666667 0.564453125 0.2555555541666667 0.55859375 0.27638888749999996 0.55859375 0.29027777708333335 0.556640625 0.29375 0.55859375 0.3145833333333333 0.56640625 0.33888888749999996 0.5751953125 0.35451388749999996 0.5849609375 0.3614583333333333 0.5947265625 0.3614583333333333 0.596484375 0.3645833333333333 0.599218740625 0.3645833333333333 0.609375 0.36319444375000004 0.6240234375 0.35451388749999996
1 0.56328125 0.13506944375 0.557421875 0.128125 0.541796875 0.128125 0.530078125 0.14201388750000002 0.5251953125 0.15416666666666667 0.5232421875 0.16458333333333333 0.5251953125 0.18541666666666667 0.5291015625 0.19930555416666668 0.54064275625 0.21666666666666667 0.5603515625 0.21666666666666667 0.5671875 0.21145833333333333 0.575 0.19139660416666665 0.575 0.15204475208333335 0.5671875 0.13506944375 0.56328125 0.13506944375
1 0.503515625 0.11770833333333333 0.48984375 0.11770833333333333 0.483984375 0.12118055416666666 0.4732421875 0.14027777708333333 0.4712890625 0.15069444375 0.4732421875 0.17152777708333333 0.478125 0.18368055416666668 0.48203125 0.18368055416666668 0.49228515625 0.19583333333333333 0.5044921875 0.19583333333333333 0.5103515625 0.18888888750000002 0.5181640625 0.16805555416666668 0.51875 0.1649305541666667 0.51875 0.14548611041666665 0.5181640625 0.14027777708333333 0.503515625 0.11770833333333333
1 0.408984375 0.14201388958333333 0.405078125 0.13854166874999999 0.39140625 0.13854166874999999 0.385546875 0.14201388958333333 0.3767578125 0.15763888958333333 0.3748046875 0.16458333541666667 0.3748046875 0.1923611125 0.3767578125 0.19930555625000002 0.3875 0.21493055625000002 0.3904296859375 0.21666666666666667 0.40019531875 0.21666666666666667 0.405078125 0.21493055625000002 0.4158203125 0.19583333541666667 0.41875 0.1828125 0.41875 0.16284722291666667 0.4177734375 0.15763888958333333 0.408984375 0.14201388958333333
1 0.312109375 0.1907986125 0.2994140625 0.2064236125 0.2994140625 0.21684027916666665 0.30625 0.21857638958333334 0.3189453125 0.2376736125 0.3228515625 0.2550347229166667 0.3228515625 0.26666666666666666 0.32802734375 0.26666666666666666 0.3287109375 0.26545138958333336 0.3267578125 0.2550347229166667 0.3267578125 0.2272569458333333 0.33125 0.21394676041666666 0.33125 0.20106095833333332 0.323828125 0.1907986125 0.312109375 0.1907986125
1 0.3021484375 0.18020833541666667 0.2982421875 0.18368055625000002 0.285546875 0.20972222291666667 0.286328125 0.21666666666666667 0.2953125015625 0.21666666666666667 0.3041015625 0.19756944583333333 0.3119140625 0.19062500208333333 0.3203125 0.18896605 0.3203125 0.1881944458333333 0.3158203125 0.18020833541666667 0.3021484375 0.18020833541666667
1 0.251171875 0.3892361125 0.2599609375 0.3701388895833333 0.2619140625 0.3423611125 0.2638671875 0.3388888895833333 0.2619140625 0.31805555625 0.2560546875 0.3006944458333333 0.2453125 0.28854166666666664 0.227734375 0.28854166666666664 0.2150390625 0.3076388895833333 0.2091796875 0.325 0.2091796875 0.3388888895833333 0.2072265625 0.3423611125 0.2091796875 0.3631944458333333 0.2130859375 0.3770833333333333 0.225550425 0.3958333333333333 0.22949219687500003 0.3958333333333333 0.2443359375 0.3944444458333333 0.251171875 0.3892361125
1 0.264453125 0.26423611041666667 0.256640625 0.25729166458333336 0.24296875 0.25729166458333336 0.23515625 0.26423611041666667 0.2263671875 0.27986111041666667 0.2244140625 0.28680555416666664 0.225390625 0.29201388749999996 0.22734375 0.28854166666666664 0.244921875 0.28854166666666664 0.252734375 0.29548611041666667 0.2615234375 0.31805555416666664 0.2615234375 0.32847222083333333 0.2642578125 0.3333333333333333 0.2646484375 0.3333333333333333 0.2654296875 0.33194444375000004 0.2712890625 0.3145833333333333 0.271875 0.3072916666666667 0.271875 0.28420138749999996 0.2693359375 0.27291666666666664 0.264453125 0.26423611041666667
1 0.125 0.33506944375000003 0.1234375 0.33784722291666663 0.1234375 0.3572916666666667 0.126953125 0.3697916666666667 0.13523995625000002 0.38125 0.1376953109375 0.38125 0.140625 0.3802083333333333 0.1455078125 0.37847222291666666 0.154296875 0.36284722291666666 0.15625 0.3420138895833333 0.1578125 0.3392361104166667 0.1578125 0.33506944375000003 0.15625 0.32118055624999997 0.1478515625 0.30625 0.1353515625 0.30625 0.125 0.32465277708333334 0.125 0.33506944375000003
1 0.1353515625 0.284375 0.128515625 0.2930555541666667 0.12265625 0.3138888875 0.12265625 0.3173611104166667 0.124609375 0.32083333333333336 0.1265625 0.32083333333333336 0.1373046875 0.30520833333333336 0.1451171875 0.30520833333333336 0.1509765625 0.31215277708333333 0.153125 0.30578703541666663 0.153125 0.30177468958333337 0.1451171875 0.284375 0.1353515625 0.284375
1 0.5693359375 0.11423611041666668 0.5615234375 0.10729166666666666 0.5478515625 0.10729166666666666 0.5400390625 0.11423611041666668 0.533203125 0.1263888875 0.53125 0.13680555416666668 0.5341796875 0.13854166666666667 0.5439453125 0.128125 0.5576171875 0.128125 0.5634765625 0.13506944375 0.5673828125 0.13506944375 0.572265625 0.14722222083333333 0.576171875 0.15416666666666667 0.578125 0.15416666666666667 0.578125 0.13333333333333333 0.576171875 0.1263888875 0.5693359375 0.11423611041666668
1 0.429296875 0.86944444375 0.4166015625 0.846875 0.3892578125 0.815625 0.3716796875 0.8086805541666667 0.3697265625 0.8052083333333333 0.3365234375 0.8052083333333333 0.3345703125 0.8086805541666667 0.3228515625 0.8121527770833333 0.3169921875 0.8190972208333334 0.3130859375 0.8190972208333334 0.2974609375 0.8399305541666667 0.288671875 0.8555555541666667 0.276953125 0.89375 0.275 0.93194444375 0.273046875 0.9354166666666667 0.275 0.9423611104166666 0.275 0.9666666666666667 0.276953125 0.9701388875 0.276953125 0.9840277770833333 0.2865017359375 0.9979166666666667 0.444921875 0.9979166666666667 0.4484375 0.9916666645833333 0.4484375 0.9402777770833333 0.441015625 0.90069444375 0.429296875 0.86944444375
0 0.260546875 0.4895833333333333 0.24296875 0.47569444375000003 0.225390625 0.47569444375000003 0.209765625 0.4861111104166667 0.1951171875 0.50868055625 0.1873046875 0.5364583333333334 0.1873046875 0.5503472229166667 0.1853515625 0.5538194437499999 0.1873046875 0.5954861104166667 0.1931640625 0.6197916666666666 0.213671875 0.6527777770833333 0.2234375 0.6597222229166667 0.2439453125 0.6579861104166667 0.25859375 0.6493055562500001 0.2732421875 0.6232638895833333 0.2732421875 0.6163194437499999 0.2791015625 0.5989583333333334 0.2791015625 0.5885416666666666 0.2796875 0.5875 0.2796875 0.5442708333333334 0.2732421875 0.515625 0.260546875 0.4895833333333333
0 0.1767578125 0.46597222083333334 0.1591796875 0.46597222083333334 0.1455078125 0.4798611104166667 0.13671875 0.49895833333333334 0.13125 0.5248842583333333 0.13125 0.5598379625 0.13671875 0.5857638875000001 0.1513671875 0.6152777770833333 0.1576171890625 0.6208333333333333 0.17714842656250002 0.6208333333333333 0.181640625 0.6204861104166667 0.189453125 0.6100694437499999 0.185546875 0.5579861104166667 0.1875 0.5545138875000001 0.1875 0.5371527770833333 0.19140625 0.5267361104166667 0.19140625 0.5197916666666667 0.196875 0.5068287020833333 0.196875 0.4947916666666667 0.1845703125 0.47291666666666665 0.1767578125 0.46597222083333334
0 0.1373046875 0.409375 0.1255859375 0.40590277708333333 0.1158203125 0.4128472208333333 0.10703125 0.4284722208333333 0.101171875 0.45625 0.101171875 0.48402777708333333 0.105078125 0.5013888875 0.1158203125 0.5204861104166667 0.1185546875 0.5229166666666667 0.1261718703125 0.5229166666666667 0.13046875 0.5222222208333334 0.140234375 0.4875 0.1515625 0.47071759166666666 0.1515625 0.44409722291666665 0.148046875 0.4284722208333333 0.1373046875 0.409375
0 0.0263671875 0.46527777708333334 0.0224609375 0.46875 0.015625 0.484375 0.0140625 0.49270833333333336 0.0140625 0.5208333333333334 0.017578125 0.5364583333333334 0.0224609375 0.5451388895833333 0.033203125 0.5434027770833333 0.040625 0.5269097229166666 0.040625 0.48675595208333333 0.0341796875 0.46875 0.0263671875 0.46527777708333334
0 0.0638671875 0.3927083333333333 0.055078125 0.4048611125 0.051171875 0.41875 0.051171875 0.45 0.0580078125 0.465625 0.0615234375 0.46875 0.063281253125 0.46875 0.06875 0.4673611125 0.074609375 0.46041666666666664 0.078125 0.44791666874999997 0.078125 0.4109567916666667 0.0697265625 0.3927083333333333 0.0638671875 0.3927083333333333
0 0.125 0.32083333333333336 0.1220703125 0.315625 0.1123046875 0.315625 0.1015625 0.33819444375 0.1 0.3576388895833333 0.1 0.36359126875 0.1064453125 0.3815972208333333 0.10839843906249999 0.38333333333333336 0.12109375 0.38333333333333336 0.1265625 0.37037036874999996 0.1265625 0.36805555416666663 0.123046875 0.3555555541666667 0.125 0.32083333333333336
0 0.1880859375 0.25 0.1861328125 0.25347222291666666 0.1802734375 0.25347222291666666 0.1734375 0.26215277708333334 0.167578125 0.2795138895833333 0.167578125 0.30381944375000003 0.16953125 0.3107638895833333 0.1783203125 0.3229166666666667 0.1890625 0.32118055624999997 0.198828125 0.3072916666666667 0.2015625 0.29756944375 0.2015625 0.27002314791666665 0.1939453125 0.25347222291666666 0.1880859375 0.25
0 0.3099609375 0.221875 0.3041015625 0.21840277708333333 0.2904296875 0.21840277708333333 0.2845703125 0.221875 0.27578125 0.23402777708333333 0.269921875 0.25833333333333336 0.269921875 0.2722222208333333 0.273828125 0.2930555541666667 0.2826171875 0.3086805541666667 0.29091796875 0.3145833333333333 0.296484371875 0.3145833333333333 0.29921875 0.3138888875 0.3080078125 0.3086805541666667 0.31875 0.28958333333333336 0.3203125 0.28125 0.3203125 0.24583333333333332 0.31875 0.2375 0.3099609375 0.221875
0 0.250390625 0.24131944375 0.250390625 0.2552083333333333 0.2591796875 0.25694444375 0.2664713546875 0.26666666666666666 0.2681640625 0.26666666666666666 0.269921875 0.265625 0.273828125 0.23784722291666668 0.2787109375 0.22916666666666666 0.284375 0.22485118958333333 0.284375 0.21523919583333334 0.2705078109375 0.2125 0.2664279515625 0.2125 0.254296875 0.22743055625 0.250390625 0.24131944375
0 0.3283203125 0.21701388958333334 0.3265625 0.22326388958333335 0.3265625 0.255608975 0.3390625 0.28125 0.34609375 0.2875 0.3503906234375 0.2875 0.3556640625 0.2864583333333333 0.36640625 0.28125 0.3751953125 0.265625 0.378125 0.2552083333333333 0.378125 0.2170138875 0.3751953125 0.20659722291666668 0.3630642359375 0.19166666666666668 0.3443359375 0.19166666666666668 0.333203125 0.20486111041666666 0.3283203125 0.21701388958333334
0 0.4873046875 0.19097222291666668 0.4794921875 0.18402777708333332 0.4580078125 0.18402777708333332 0.4501953125 0.19097222291666668 0.44140625 0.20659722291666668 0.4375 0.22048611041666666 0.4375 0.25868055625 0.44140625 0.27256944375000003 0.4541015625 0.2916666666666667 0.4580078125 0.2951388895833333 0.4765625 0.29340277708333334 0.4853515625 0.28819444375000003 0.49609375 0.26909722291666666 0.5 0.2552083333333333 0.5 0.22048611041666666 0.49609375 0.20659722291666668 0.4873046875 0.19097222291666668