1 0.591796875 0.42534722291666666 0.5791015625 0.40277777708333334 0.5654296875 0.3888888895833333 0.5537109375 0.38194444375000003 0.5380859375 0.38194444375000003 0.5205078125 0.3923611104166667 0.50390625 0.41840277708333334 0.498046875 0.4357638895833333 0.4921875 0.47743055624999997 0.494140625 0.48090277708333334 0.49609375 0.50868055625 0.5 0.52256944375 0.5146484375 0.5486111104166667 0.5380859375 0.5729166666666666 0.556640625 0.5711805562500001 0.5634765625 0.5659722229166667 0.5693359375 0.5659722229166667 0.5859375 0.5434027770833333 0.595703125 0.5190972229166666 0.6015625 0.4739583333333333 0.599609375 0.4704861104166667 0.59765625 0.44618055624999997 0.591796875 0.42534722291666666
1 0.44921875 0.15104166666666666 0.4453125 0.16840277708333332 0.447265625 0.19270833333333334 0.4521484375 0.20486111041666666 0.4619140625 0.21527777708333332 0.48046875 0.21354166666666666 0.494140625 0.19270833333333334 0.49609375 0.18229166666666666 0.49609375 0.16145833333333334 0.4921875 0.14756944375 0.4794921875 0.13194444375 0.4658203125 0.13194444375 0.4560546875 0.13888888958333334 0.44921875 0.15104166666666666
1 0.4423828125 0.10763888958333333 0.43359375 0.11979166666666667 0.4296875 0.13368055625 0.4296875 0.15104166666666666 0.43359375 0.16493055625 0.4404296875 0.17361111041666666 0.4453125 0.171875 0.44921875 0.15104166666666666 0.4560546875 0.13888888958333334 0.470703125 0.13020833333333334 0.470703125 0.12326388958333333 0.4619140625 0.10763888958333333 0.4560546875 0.10763888958333333 0.4541015625 0.10416666666666667 0.4423828125 0.10763888958333333
1 0.3701171875 0.125 0.3759765625 0.13541666666666666 0.380859375 0.13715277708333332 0.384765625 0.13020833333333334 0.384765625 0.109375 0.3779296875 0.09722222291666666 0.3642578125 0.09722222291666666 0.35546875 0.109375 0.353515625 0.11631944375 0.3544921875 0.12847222291666666 0.3701171875 0.125
1 0.474609375 0.109375 0.4794921875 0.12152777708333334 0.4873046875 0.12847222291666666 0.49609375 0.1267361104166667 0.5009765625 0.125 0.5078125 0.11284722291666666 0.5078125 0.08506944375 0.5048828125 0.07638888958333333 0.4931640625 0.06597222291666667 0.4833984375 0.06944444375 0.474609375 0.08506944375 0.474609375 0.109375
1 0.56640625 0.078125 0.564453125 0.10243055625 0.5751953125 0.125 0.5791015625 0.12847222291666666 0.58984375 0.1267361104166667 0.599609375 0.11284722291666666 0.6015625 0.10590277708333334 0.6015625 0.08506944375 0.599609375 0.078125 0.5908203125 0.06597222291666667 0.5849609375 0.0625 0.5732421875 0.06597222291666667 0.56640625 0.078125
1 0.5517578125 0.10763888958333333 0.564453125 0.10590277708333334 0.564453125 0.08854166666666667 0.572265625 0.06423611041666667 0.5654296875 0.052083333333333336 0.5517578125 0.052083333333333336 0.5478515625 0.05555555625 0.541015625 0.07118055625 0.541015625 0.08506944375 0.5517578125 0.10763888958333333
1 0.638671875 0.12326388958333333 0.6494140625 0.14583333333333334 0.6572265625 0.15277777708333332 0.666015625 0.15104166666666666 0.671875 0.140625 0.671875 0.11631944375 0.677734375 0.10243055625 0.67578125 0.09548611041666667 0.6650390625 0.07986111041666667 0.6494140625 0.07986111041666667 0.638671875 0.10243055625 0.638671875 0.12326388958333333
1 0.6494140625 0.07986111041666667 0.6650390625 0.07986111041666667 0.6689453125 0.08333333333333333 0.6748046875 0.09722222291666666 0.6796875 0.09895833333333333 0.681640625 0.09548611041666667 0.681640625 0.078125 0.6748046875 0.05902777708333333 0.6669921875 0.052083333333333336 0.6572265625 0.052083333333333336 0.6484375 0.06423611041666667 0.646484375 0.07465277708333334 0.6494140625 0.07986111041666667
1 0.71875 0.09201388958333333 0.71875 0.10243055625 0.72265625 0.11631944375 0.7392578125 0.12847222291666666 0.744140625 0.1267361104166667 0.7490234375 0.12152777708333334 0.751953125 0.11284722291666666 0.751953125 0.09548611041666667 0.75 0.08854166666666667 0.7373046875 0.06944444375 0.7255859375 0.07291666666666667 0.720703125 0.08159722291666666 0.71875 0.09201388958333333
1 0.791015625 0.15451388958333334 0.79296875 0.17881944375 0.8056640625 0.20486111041666666 0.8095703125 0.20833333333333334 0.818359375 0.20659722291666668 0.8212890625 0.20486111041666666 0.830078125 0.18576388958333334 0.830078125 0.16145833333333334 0.828125 0.15104166666666666 0.8193359375 0.13541666666666666 0.8017578125 0.13194444375 0.794921875 0.140625 0.791015625 0.15451388958333334
1 0.900390625 0.21701388958333334 0.900390625 0.24131944375 0.9091796875 0.2673611104166667 0.9169921875 0.27430555624999997 0.919921875 0.27256944375000003 0.921875 0.25173611041666666 0.9267578125 0.23958333333333334 0.93359375 0.234375 0.93359375 0.22395833333333334 0.9296875 0.21006944375 0.9228515625 0.19791666666666666 0.9091796875 0.19444444375 0.900390625 0.21701388958333334
0 0.4814453125 0.2708333333333333 0.4794921875 0.2673611104166667 0.4775390625 0.2708333333333333 0.4677734375 0.2708333333333333 0.4619140625 0.27777777708333334 0.4580078125 0.27777777708333334 0.443359375 0.30381944375000003 0.439453125 0.32118055624999997 0.439453125 0.35243055624999997 0.44140625 0.35590277708333334 0.44140625 0.36631944375000003 0.4521484375 0.39930555624999997 0.4658203125 0.41319444375000003 0.486328125 0.4114583333333333 0.5029296875 0.39930555624999997 0.513671875 0.3802083333333333 0.51953125 0.35590277708333334 0.51953125 0.3177083333333333 0.513671875 0.296875 0.5068359375 0.28472222291666666 0.4931640625 0.2708333333333333 0.4814453125 0.2708333333333333
0 0.478515625 0.4392361104166667 0.47265625 0.42534722291666666 0.4541015625 0.40277777708333334 0.4208984375 0.40277777708333334 0.4150390625 0.40972222291666666 0.4111328125 0.40972222291666666 0.392578125 0.4392361104166667 0.384765625 0.4739583333333333 0.384765625 0.5121527770833334 0.38671875 0.515625 0.38671875 0.5260416666666666 0.390625 0.5329861104166667 0.390625 0.5399305562500001 0.4052734375 0.5659722229166667 0.4111328125 0.5729166666666666 0.4287109375 0.5833333333333334 0.443359375 0.5815972229166667 0.4521484375 0.5798611104166667 0.4638671875 0.5694444437499999 0.46484375 0.5642361104166667 0.482421875 0.5364583333333334 0.486328125 0.5052083333333334 0.48828125 0.5017361104166667 0.486328125 0.4704861104166667 0.478515625 0.4392361104166667
0 0.2802734375 0.4513888895833333 0.2666015625 0.4375 0.2451171875 0.4375 0.2314453125 0.4513888895833333 0.22265625 0.4670138895833333 0.216796875 0.4947916666666667 0.216796875 0.5260416666666666 0.2236328125 0.53125 0.234375 0.5503472229166667 0.2470703125 0.5902777770833333 0.2529296875 0.5902777770833333 0.2548828125 0.59375 0.259765625 0.5920138895833333 0.2685546875 0.5902777770833333 0.2802734375 0.5798611104166667 0.28125 0.5746527770833333 0.2890625 0.5642361104166667 0.296875 0.5295138895833333 0.296875 0.5052083333333334 0.291015625 0.4739583333333333 0.2802734375 0.4513888895833333
0 0.2216796875 0.53125 0.2138671875 0.52430555625 0.2041015625 0.52430555625 0.2021484375 0.5208333333333334 0.1904296875 0.52430555625 0.1787109375 0.5347222229166667 0.16796875 0.5538194437499999 0.1640625 0.5677083333333334 0.162109375 0.5885416666666666 0.16015625 0.5920138895833333 0.162109375 0.6302083333333334 0.169921875 0.6614583333333334 0.1865234375 0.6875 0.1982421875 0.6944444437499999 0.216796875 0.6927083333333334 0.2314453125 0.6805555562500001 0.2421875 0.6545138895833333 0.24609375 0.6336805562500001 0.24609375 0.5989583333333334 0.244140625 0.5954861104166667 0.244140625 0.5850694437499999 0.234375 0.5538194437499999 0.2216796875 0.53125
0 0.2939453125 0.28819444375000003 0.2919921875 0.2916666666666667 0.2861328125 0.2916666666666667 0.2783203125 0.3020833333333333 0.265625 0.328125 0.263671875 0.33506944375000003 0.263671875 0.3732638895833333 0.2763671875 0.39930555624999997 0.2900390625 0.40972222291666666 0.30078125 0.4079861104166667 0.3134765625 0.39930555624999997 0.3203125 0.38368055624999997 0.326171875 0.36284722291666666 0.326171875 0.328125 0.322265625 0.3142361104166667 0.3115234375 0.2951388895833333 0.3017578125 0.28819444375000003 0.2939453125 0.28819444375000003
0 0.2529296875 0.28472222291666666 0.2421875 0.3072916666666667 0.23828125 0.32465277708333334 0.23828125 0.3454861104166667 0.2421875 0.36284722291666666 0.2509765625 0.37847222291666666 0.2568359375 0.38194444375000003 0.265625 0.3802083333333333 0.263671875 0.3732638895833333 0.263671875 0.33506944375000003 0.26953125 0.3177083333333333 0.28515625 0.29340277708333334 0.2822265625 0.28472222291666666 0.2744140625 0.27777777708333334 0.2607421875 0.27777777708333334 0.2529296875 0.28472222291666666
0 0.27734375 0.2795138895833333 0.2861328125 0.2916666666666667 0.2998046875 0.28819444375000003 0.3115234375 0.2951388895833333 0.3193359375 0.30902777708333334 0.322265625 0.3072916666666667 0.328125 0.28993055624999997 0.328125 0.26215277708333334 0.32421875 0.24826388958333334 0.3173828125 0.23611111041666666 0.2998046875 0.22916666666666666 0.2900390625 0.23611111041666666 0.279296875 0.2552083333333333 0.27734375 0.2795138895833333
0 0.34375 0.14756944375 0.34375 0.17534722291666668 0.3505859375 0.1875 0.3583984375 0.19444444375 0.365234375 0.19270833333333334 0.3701171875 0.19097222291666668 0.376953125 0.17881944375 0.380859375 0.16493055625 0.380859375 0.14409722291666668 0.37890625 0.13715277708333332 0.3701171875 0.125 0.3583984375 0.125 0.34375 0.14756944375
0 0.310546875 0.18229166666666666 0.3125 0.18923611041666666 0.3212890625 0.20138888958333334 0.333984375 0.19965277708333332 0.3369140625 0.19791666666666666 0.34375 0.18229166666666666 0.34375 0.14756944375 0.3388671875 0.13888888958333334 0.3271484375 0.13541666666666666 0.3193359375 0.14236111041666666 0.3125 0.15451388958333334 0.310546875 0.18229166666666666
0 0.5048828125 0.07638888958333333 0.5078125 0.08506944375 0.5078125 0.109375 0.5107421875 0.11458333333333333 0.521484375 0.11284722291666666 0.529296875 0.10243055625 0.533203125 0.078125 0.5244140625 0.05902777708333333 0.5205078125 0.05555555625 0.5087890625 0.05555555625 0.501953125 0.06423611041666667 0.501953125 0.07465277708333334 0.5048828125 0.07638888958333333
0 0.671875 0.11631944375 0.669921875 0.1267361104166667 0.671875 0.14409722291666668 0.67578125 0.15451388958333334 0.6865234375 0.17013888958333334 0.697265625 0.171875 0.703125 0.16493055625 0.705078125 0.14409722291666668 0.7109375 0.13368055625 0.712890625 0.12326388958333333 0.7001953125 0.09722222291666666 0.6826171875 0.09722222291666666 0.6787109375 0.10069444375 0.671875 0.11631944375
0 0.712890625 0.1267361104166667 0.705078125 0.14756944375 0.705078125 0.17534722291666668 0.7197265625 0.20486111041666666 0.7255859375 0.20833333333333334 0.734375 0.20659722291666668 0.7412109375 0.20138888958333334 0.748046875 0.18923611041666666 0.751953125 0.16840277708333332 0.75 0.15104166666666666 0.7392578125 0.12847222291666666 0.7314453125 0.12152777708333334 0.7177734375 0.12152777708333334 0.712890625 0.1267361104166667
0 0.830078125 0.14409722291666668 0.8349609375 0.15277777708333332 0.8408203125 0.15625 0.849609375 0.15451388958333334 0.85546875 0.140625 0.85546875 0.12326388958333333 0.853515625 0.11631944375 0.8408203125 0.09722222291666666 0.8310546875 0.10069444375 0.826171875 0.11631944375 0.826171875 0.13020833333333334 0.830078125 0.14409722291666668