1 0.525390625 0.4114583333333333 0.517578125 0.390625 0.4990234375 0.3645833333333333 0.4892578125 0.3576388895833333 0.4619140625 0.3611111104166667 0.4482421875 0.375 0.4375 0.4010416666666667 0.43359375 0.4045138895833333 0.427734375 0.4357638895833333 0.4296875 0.4739583333333333 0.439453125 0.5017361104166667 0.4521484375 0.5208333333333334 0.4658203125 0.5347222229166667 0.4716796875 0.5381944437499999 0.48046875 0.5364583333333334 0.48828125 0.5329861104166667 0.48828125 0.515625 0.490234375 0.5121527770833334 0.4921875 0.48784722291666666 0.5 0.4635416666666667 0.5107421875 0.44444444375000003 0.52734375 0.42534722291666666 0.525390625 0.4114583333333333
1 0.490234375 0.11284722291666666 0.48828125 0.11979166666666667 0.48828125 0.140625 0.4970703125 0.16319444375 0.5048828125 0.17013888958333334 0.51953125 0.16840277708333332 0.5263671875 0.16319444375 0.533203125 0.15104166666666666 0.53515625 0.14409722291666668 0.53515625 0.11979166666666667 0.533203125 0.11284722291666666 0.5205078125 0.09375 0.5029296875 0.09375 0.490234375 0.11284722291666666
1 0.521484375 0.057291666666666664 0.521484375 0.07465277708333334 0.5341796875 0.09722222291666666 0.5390625 0.09548611041666667 0.5390625 0.07118055625 0.541015625 0.06423611041666667 0.55078125 0.05034722291666667 0.55078125 0.046875 0.5439453125 0.03819444375 0.5341796875 0.03819444375 0.5263671875 0.045138889583333335 0.521484375 0.057291666666666664
1 0.57421875 0.09201388958333333 0.5830078125 0.11111111041666667 0.5927734375 0.11805555625 0.6015625 0.11631944375 0.611328125 0.10243055625 0.61328125 0.09548611041666667 0.61328125 0.07465277708333334 0.6044921875 0.05555555625 0.6005859375 0.052083333333333336 0.5888671875 0.052083333333333336 0.576171875 0.06770833333333333 0.57421875 0.09201388958333333
1 0.654296875 0.057291666666666664 0.654296875 0.08159722291666666 0.6572265625 0.08680555625 0.6650390625 0.09027777708333334 0.6728515625 0.10416666666666667 0.677734375 0.10243055625 0.6875 0.08854166666666667 0.6875 0.078125 0.689453125 0.07465277708333334 0.6875 0.07118055625 0.6875 0.060763889583333335 0.6787109375 0.045138889583333335 0.6650390625 0.041666666666666664 0.654296875 0.057291666666666664
1 0.6376953125 0.11805555625 0.6279296875 0.125 0.62109375 0.13715277708333332 0.6171875 0.15451388958333334 0.6171875 0.17534722291666668 0.62109375 0.18923611041666666 0.6357421875 0.21180555625 0.642578125 0.21006944375 0.6533203125 0.19097222291666668 0.6611328125 0.18402777708333332 0.6689453125 0.18402777708333332 0.671875 0.16840277708333332 0.666015625 0.13715277708333332 0.6552734375 0.12152777708333334 0.6494140625 0.11805555625 0.6376953125 0.11805555625
1 0.310546875 0.15451388958333334 0.306640625 0.171875 0.30859375 0.17534722291666668 0.30859375 0.18576388958333334 0.3173828125 0.20138888958333334 0.326171875 0.203125 0.3349609375 0.19791666666666666 0.341796875 0.18576388958333334 0.345703125 0.16840277708333332 0.341796875 0.14409722291666668 0.3349609375 0.13541666666666666 0.3232421875 0.13541666666666666 0.3193359375 0.13888888958333334 0.310546875 0.15451388958333334
1 0.439453125 0.13368055625 0.4375 0.15798611041666666 0.44140625 0.17534722291666668 0.4462890625 0.18402777708333332 0.4599609375 0.19444444375 0.46484375 0.19270833333333334 0.4716796875 0.19097222291666668 0.482421875 0.171875 0.486328125 0.14409722291666668 0.4794921875 0.12152777708333334 0.4736328125 0.11458333333333333 0.4599609375 0.11111111041666667 0.4482421875 0.11805555625 0.439453125 0.13368055625
1 0.251953125 0.16493055625 0.2587890625 0.17361111041666666 0.267578125 0.171875 0.275390625 0.16145833333333334 0.27734375 0.14756944375 0.275390625 0.13715277708333332 0.2705078125 0.12847222291666666 0.2607421875 0.12847222291666666 0.2568359375 0.13194444375 0.251953125 0.14409722291666668 0.251953125 0.16493055625
1 0.07421875 0.39409722291666666 0.0771484375 0.39930555624999997 0.0869140625 0.39930555624999997 0.09375 0.4045138895833333 0.09765625 0.39756944375000003 0.099609375 0.38715277708333334 0.099609375 0.36631944375000003 0.0927734375 0.35069444375000003 0.0849609375 0.34722222291666666 0.078125 0.35590277708333334 0.07421875 0.3697916666666667 0.07421875 0.39409722291666666
1 0.0498046875 0.49305555624999997 0.0625 0.49131944375000003 0.068359375 0.47743055624999997 0.06640625 0.4392361104166667 0.0634765625 0.4270833333333333 0.0537109375 0.4236111104166667 0.0498046875 0.4270833333333333 0.04296875 0.4427083333333333 0.04296875 0.47743055624999997 0.0498046875 0.49305555624999997
1 0.01171875 0.4635416666666667 0.01171875 0.49131944375000003 0.0185546875 0.50694444375 0.025390625 0.5052083333333334 0.02734375 0.5017361104166667 0.02734375 0.484375 0.025390625 0.48090277708333334 0.02734375 0.47743055624999997 0.02734375 0.453125 0.0205078125 0.4479166666666667 0.0166015625 0.4513888895833333 0.01171875 0.4635416666666667
0 0.0361328125 0.4479166666666667 0.041015625 0.44618055624999997 0.044921875 0.4357638895833333 0.0546875 0.421875 0.0546875 0.41493055624999997 0.0478515625 0.40277777708333334 0.0400390625 0.40625 0.033203125 0.42881944375000003 0.033203125 0.4427083333333333 0.0361328125 0.4479166666666667
0 0.1181640625 0.31597222291666666 0.1220703125 0.31944444375000003 0.12890625 0.3177083333333333 0.13671875 0.30034722291666666 0.13671875 0.2795138895833333 0.1318359375 0.2673611104166667 0.1240234375 0.2673611104166667 0.1171875 0.2760416666666667 0.11328125 0.28993055624999997 0.11328125 0.30034722291666666 0.1181640625 0.31597222291666666
0 0.2021484375 0.22569444375 0.212890625 0.22395833333333334 0.220703125 0.20659722291666668 0.220703125 0.18923611041666666 0.21875 0.18229166666666666 0.2138671875 0.17708333333333334 0.2060546875 0.17708333333333334 0.197265625 0.18923611041666666 0.1953125 0.21006944375 0.2021484375 0.22569444375
0 0.2217247875 0.19561979999999998 0.229151759375 0.20286335416666665 0.234269425 0.19921830625 0.23928889999999997 0.198517975 0.2451622875 0.18867535625 0.2451622875 0.16784202291666667 0.23832635 0.15221702291666667 0.228560725 0.15221702291666667 0.2217247875 0.16436979999999998 0.2197716625 0.18520313333333333 0.2217247875 0.19561979999999998
0 0.4228515625 0.06597222291666667 0.416015625 0.07465277708333334 0.412109375 0.09201388958333333 0.4140625 0.09548611041666667 0.4140625 0.10590277708333334 0.4189453125 0.11458333333333333 0.419921875 0.11284722291666666 0.421875 0.10243055625 0.4306640625 0.08680555625 0.4345703125 0.08333333333333333 0.4404296875 0.08333333333333333 0.4423828125 0.08680555625 0.4453125 0.08159722291666666 0.4384765625 0.06597222291666667 0.4228515625 0.06597222291666667
0 0.4306640625 0.08680555625 0.419921875 0.109375 0.419921875 0.13020833333333334 0.423828125 0.140625 0.4326171875 0.15277777708333332 0.4375 0.15104166666666666 0.439453125 0.13368055625 0.4482421875 0.11805555625 0.4560546875 0.11458333333333333 0.458984375 0.109375 0.458984375 0.10243055625 0.4521484375 0.09027777708333334 0.4443359375 0.08333333333333333 0.4306640625 0.08680555625
0 0.6171875 0.09548611041666667 0.6259765625 0.11111111041666667 0.62890625 0.109375 0.6376953125 0.09027777708333334 0.65234375 0.08159722291666666 0.650390625 0.06423611041666667 0.6396484375 0.048611110416666665 0.6259765625 0.048611110416666665 0.615234375 0.06423611041666667 0.615234375 0.08854166666666667 0.6171875 0.09548611041666667
0 0.62890625 0.109375 0.6298828125 0.12152777708333334 0.6357421875 0.11805555625 0.6513671875 0.11805555625 0.6611328125 0.12847222291666666 0.666015625 0.13715277708333332 0.6689453125 0.14930555625 0.671875 0.14756944375 0.67578125 0.13715277708333332 0.67578125 0.11284722291666666 0.6650390625 0.09027777708333334 0.6552734375 0.08333333333333333 0.6474609375 0.08333333333333333 0.6376953125 0.09027777708333334 0.630859375 0.10243055625 0.62890625 0.109375
0 0.724609375 0.08506944375 0.7265625 0.09201388958333333 0.7314453125 0.09722222291666666 0.734375 0.09548611041666667 0.734375 0.08159722291666666 0.7412109375 0.06944444375 0.75390625 0.06423611041666667 0.7509765625 0.05555555625 0.7412109375 0.048611110416666665 0.7353515625 0.048611110416666665 0.724609375 0.06423611041666667 0.724609375 0.08506944375
0 0.734375 0.10590277708333334 0.7451171875 0.12847222291666666 0.7509765625 0.13194444375 0.759765625 0.13020833333333334 0.7626953125 0.12847222291666666 0.76953125 0.11284722291666666 0.76953125 0.09201388958333333 0.767578125 0.08506944375 0.7548828125 0.06597222291666667 0.7412109375 0.06944444375 0.734375 0.08159722291666666 0.734375 0.10590277708333334
0 0.6748046875 0.18402777708333332 0.6572265625 0.1875 0.6533203125 0.19097222291666668 0.640625 0.21701388958333334 0.638671875 0.22743055625 0.638671875 0.2552083333333333 0.640625 0.265625 0.64453125 0.2795138895833333 0.6611328125 0.30555555624999997 0.6669921875 0.30902777708333334 0.68359375 0.3072916666666667 0.6943359375 0.2986111104166667 0.69921875 0.28993055624999997 0.70703125 0.24826388958333334 0.705078125 0.23090277708333332 0.6953125 0.203125 0.6826171875 0.1875 0.6767578125 0.1875 0.6748046875 0.18402777708333332
0 0.7548828125 0.23263888958333334 0.7451171875 0.22569444375 0.7275390625 0.22569444375 0.7177734375 0.23263888958333334 0.70703125 0.25173611041666666 0.701171875 0.2829861104166667 0.703125 0.28993055624999997 0.703125 0.3107638895833333 0.70703125 0.32465277708333334 0.7236328125 0.3541666666666667 0.7333984375 0.3611111104166667 0.74609375 0.359375 0.7587890625 0.35069444375000003 0.7646484375 0.34375 0.76953125 0.33159722291666666 0.7734375 0.3177083333333333 0.7734375 0.2795138895833333 0.76953125 0.25868055625 0.763671875 0.24479166666666666 0.7548828125 0.23263888958333334
0 0.8447265625 0.24305555625 0.8388671875 0.24652777708333332 0.830078125 0.26215277708333334 0.826171875 0.2760416666666667 0.826171875 0.28993055624999997 0.82421875 0.29340277708333334 0.826171875 0.296875 0.826171875 0.3177083333333333 0.83203125 0.3385416666666667 0.8408203125 0.3576388895833333 0.8525390625 0.36805555624999997 0.86328125 0.36631944375000003 0.8681640625 0.3645833333333333 0.880859375 0.3454861104166667 0.884765625 0.33159722291666666 0.884765625 0.296875 0.87890625 0.27256944375000003 0.8681640625 0.25 0.8603515625 0.24305555625 0.8447265625 0.24305555625
0 0.7646484375 0.4375 0.7490234375 0.43055555624999997 0.7470703125 0.43402777708333334 0.7294921875 0.4375 0.70703125 0.4670138895833333 0.6953125 0.4982638895833333 0.6953125 0.50868055625 0.69140625 0.52256944375 0.69140625 0.5607638895833333 0.69921875 0.5920138895833333 0.7099609375 0.6180555562500001 0.7353515625 0.6458333333333334 0.75390625 0.6440972229166667 0.7763671875 0.6284722229166667 0.7841796875 0.6180555562500001 0.79296875 0.5989583333333334 0.80078125 0.5642361104166667 0.80078125 0.5121527770833334 0.791015625 0.4739583333333333 0.7802734375 0.4548611104166667 0.7646484375 0.4375
0 0.4794921875 0.3576388895833333 0.4853515625 0.3611111104166667 0.498046875 0.359375 0.498046875 0.3454861104166667 0.4921875 0.3177083333333333 0.48828125 0.3072916666666667 0.4755859375 0.28819444375000003 0.4599609375 0.28472222291666666 0.4580078125 0.28125 0.4423828125 0.28472222291666666 0.4306640625 0.2951388895833333 0.41796875 0.3177083333333333 0.412109375 0.3420138895833333 0.412109375 0.3732638895833333 0.421875 0.4079861104166667 0.4267578125 0.4166666666666667 0.431640625 0.41493055624999997 0.435546875 0.4010416666666667 0.4462890625 0.3854166666666667 0.4521484375 0.37152777708333334 0.4599609375 0.3645833333333333 0.4736328125 0.3611111104166667 0.4755859375 0.3576388895833333 0.4775390625 0.3611111104166667 0.4794921875 0.3576388895833333