1 0.0158203125 0.6788194437499999 0.0158203125 0.703125 0.0140625 0.709375 0.0140625 0.7104166666666667 0.0158203125 0.7135416666666666 0.0197265625 0.7447916666666666 0.0275390625 0.7690972229166667 0.039772728125000004 0.7875 0.0468749953125 0.7875 0.0568359375 0.7864583333333334 0.0626953125 0.7760416666666666 0.065625 0.765625 0.065625 0.7152777770833333 0.0646484375 0.7135416666666666 0.0607421875 0.6822916666666666 0.04609375 0.6527777770833333 0.0320312484375 0.65 0.028013393749999997 0.65 0.0197265625 0.6614583333333334 0.0158203125 0.6788194437499999
1 0.5078125 0.23368055625 0.50390625 0.22326388958333335 0.4912109375 0.20416666666666666 0.4853515625 0.20069444583333332 0.4677734375 0.20069444583333332 0.4599609375 0.20763888958333335 0.447265625 0.23020833333333332 0.44375 0.24583333541666666 0.44375 0.265625 0.4453125 0.26840277916666666 0.4453125 0.27881944583333335 0.4580078125 0.30486111250000003 0.4658203125 0.31180555625 0.4736328125 0.31180555625 0.4751953125 0.3145833333333333 0.478320315625 0.3145833333333333 0.482421875 0.31354166666666666 0.4931640625 0.30833333333333335 0.505859375 0.28229166666666666 0.5078125 0.27534722291666663 0.5078125 0.2579861125 0.509375 0.2552083333333333 0.509375 0.2538194458333333 0.5078125 0.25104166666666666 0.5078125 0.23368055625
1 0.6029296875 0.3802083333333333 0.5912109375 0.3489583333333333 0.578515625 0.3333333333333333 0.5609375 0.3229166666666667 0.539453125 0.3263888895833333 0.521875 0.34375 0.5111328125 0.36631944375000003 0.5052734375 0.39409722291666666 0.5052734375 0.42534722291666666 0.5072265625 0.42881944375000003 0.5072265625 0.4392361104166667 0.5189453125 0.4739583333333333 0.5296875 0.4895833333333333 0.547265625 0.5 0.5677734375 0.4982638895833333 0.574609375 0.49652777708333334 0.584375 0.4861111104166667 0.5990234375 0.46006944375000003 0.6046875 0.43993055416666665 0.6046875 0.39375 0.6029296875 0.390625 0.6029296875 0.3802083333333333
1 0.7712890625 0.2138888875 0.760546875 0.1982638875 0.7546875 0.19479166458333333 0.73515625 0.19479166458333333 0.7244140625 0.21041666458333333 0.7205078125 0.22430555416666667 0.7185546875 0.24166666458333333 0.7205078125 0.2451388875 0.7224609375 0.26944444375000004 0.73125 0.28854166666666664 0.741015625 0.2989583333333333 0.7462890640625 0.3020833333333333 0.7498046765625 0.3020833333333333 0.7615234375 0.30069444375000004 0.7732421875 0.2833333333333333 0.7771484375 0.26944444375000004 0.778125 0.26423611041666667 0.778125 0.2451388875 0.7771484375 0.23124999791666667 0.7712890625 0.2138888875
1 0.8736328125 0.278125 0.8638671875 0.2677083333333333 0.8482421875 0.2677083333333333 0.8404296875 0.2746527791666667 0.83359375 0.28680555625 0.827734375 0.3145833333333333 0.831640625 0.35625 0.8404296875 0.3788194458333333 0.8478515609375 0.3854166666666667 0.8488281265625 0.3854166666666667 0.851171875 0.3840277791666667 0.855078125 0.3631944458333333 0.862890625 0.3423611125 0.8697265625 0.33368055625 0.8859375 0.32181372708333333 0.8859375 0.30937500208333335 0.882421875 0.29375 0.8736328125 0.278125
1 0.98125 0.4024305541666667 0.9724609375 0.42152777708333333 0.9685546875 0.4388888875 0.9685546875 0.45625 0.9666015625 0.4597222208333333 0.9685546875 0.46319444375 0.9685546875 0.4805555541666667 0.9705078125 0.48402777708333333 0.9705078125 0.5048611104166667 0.9724609375 0.5118055541666666 0.9840021312499999 0.5291666666666667 0.9958984375 0.5291666666666667 0.9984375 0.5201388875 0.9984375 0.40053240625 0.98515625 0.39895833333333336 0.98125 0.4024305541666667
0 0.9033203125 0.46458333333333335 0.9140625 0.44548611250000003 0.919921875 0.42118055625 0.919921875 0.38298611250000003 0.9140625 0.35520833333333335 0.9013671875 0.3326388895833333 0.8935546875 0.32569444583333335 0.8779296875 0.32569444583333335 0.8642578125 0.33958333333333335 0.85546875 0.36215277916666666 0.853515625 0.40381944583333335 0.861328125 0.4420138895833333 0.8740234375 0.46458333333333335 0.8828124984375 0.4708333333333333 0.8880859421875 0.4708333333333333 0.89453125 0.46979166666666666 0.9033203125 0.46458333333333335
0 0.569921875 0.16840277708333332 0.56796875 0.17534722291666668 0.56796875 0.20659722291666668 0.571875 0.22048611041666666 0.5806640625 0.23611111041666666 0.5865234375 0.23958333333333334 0.60703125 0.23784722291666668 0.61875 0.22048611041666666 0.621875 0.209375 0.621875 0.17951388958333334 0.616796875 0.16145833333333334 0.6119140625 0.15277777708333332 0.6041015625 0.14583333333333334 0.5865234375 0.14583333333333334 0.5787109375 0.15277777708333332 0.569921875 0.16840277708333332
0 0.5779296875 0.125 0.5671875 0.14756944375 0.5671875 0.16840277708333332 0.5697265625 0.17291666666666666 0.5705078125 0.17291666666666666 0.57109375 0.171875 0.5759765625 0.15625 0.5876953125 0.14583333333333334 0.5974609375 0.14236111041666666 0.6111328125 0.15277777708333332 0.6125 0.15277777708333332 0.6125 0.14417438125 0.6052734375 0.12847222291666666 0.5974609375 0.12152777708333334 0.5927734375 0.11875 0.5896484390625 0.11875 0.5818359375 0.12152777708333334 0.5779296875 0.125
0 0.3705078125 0.3475694458333333 0.3587890625 0.340625 0.3451171875 0.340625 0.3294921875 0.35104166666666664 0.31484375 0.3736111125 0.308984375 0.39791666666666664 0.30703125 0.4326388895833333 0.312890625 0.4638888895833333 0.316796875 0.47430555625 0.3275390625 0.48993055625 0.3407552078125 0.5 0.34492188437500004 0.5 0.359765625 0.4986111125 0.3705078125 0.4934027791666667 0.387109375 0.46041666666666664 0.3921875 0.4393518520833333 0.3921875 0.3951388895833333 0.38515625 0.3701388895833333 0.3705078125 0.3475694458333333
0 0.228515625 0.4947916666666667 0.232421875 0.515625 0.2470703125 0.5451388895833333 0.2607421875 0.5555555562500001 0.28125 0.5538194437499999 0.2880859375 0.5486111104166667 0.3046875 0.5190972229166666 0.310546875 0.48784722291666666 0.310546875 0.46006944375000003 0.3046875 0.4322916666666667 0.2919921875 0.40625 0.2802734375 0.3958333333333333 0.2685546875 0.3923611104166667 0.2509765625 0.40277777708333334 0.23828125 0.421875 0.228515625 0.45659722291666666 0.228515625 0.4947916666666667
0 0.144140625 0.5885416666666666 0.140234375 0.6128472229166667 0.136328125 0.6232638895833333 0.136328125 0.6579861104166667 0.144140625 0.703125 0.1626953125 0.7361111104166667 0.1724609375 0.7430555562500001 0.1802734375 0.7430555562500001 0.1818359375 0.7458333333333333 0.1857421859375 0.7458333333333333 0.191015625 0.7447916666666666 0.1998046875 0.7430555562500001 0.2076171875 0.7361111104166667 0.2134765625 0.7291666666666666 0.218359375 0.7170138895833333 0.218359375 0.7100694437499999 0.225 0.6864583333333333 0.225 0.6309027770833333 0.2203125 0.6059027770833333 0.2017578125 0.5694444437499999 0.1919921875 0.5590277770833333 0.17480468437500002 0.55625 0.1695963546875 0.55625 0.1568359375 0.5659722229166667 0.144140625 0.5885416666666666
0 0.09921875 0.9291666666666667 0.093359375 0.9083333333333333 0.093359375 0.9013888895833334 0.08359375 0.8736111125 0.0611328125 0.8371527791666666 0.0552734375 0.83368055625 0.0416015625 0.83368055625 0.0376953125 0.8371527791666666 0.026953125 0.85625 0.026953125 0.8701388895833334 0.030859375 0.88055555625 0.0865234375 0.9829861125 0.095556640625 0.9958333333333333 0.0992187515625 0.9958333333333333 0.1 0.99555555625 0.1 0.9409722229166667 0.09921875 0.9395833333333333 0.09921875 0.9291666666666667