0 0.448046875 0.6864583333333333 0.4294921875 0.65 0.4216796875 0.6395833333333333 0.4041015625 0.6256944437499999 0.3962890625 0.6256944437499999 0.3943359375 0.6222222208333333 0.3689453125 0.6222222208333333 0.3572265625 0.6291666666666667 0.3455078125 0.6395833333333333 0.330859375 0.665625 0.319140625 0.7003472208333333 0.3171875 0.7107638875000001 0.3171875 0.7628472208333333 0.319140625 0.7663194437499999 0.32109375 0.790625 0.33671875 0.8322916666666667 0.3474609375 0.8513888875000001 0.3591796875 0.8618055541666667 0.3767578125 0.86875 0.3779296875 0.8708333333333333 0.4025390609375 0.8708333333333333 0.4177734375 0.8618055541666667 0.4314453125 0.8479166666666667 0.444140625 0.8253472208333333 0.45 0.8114583333333333 0.455859375 0.7871527770833333 0.455859375 0.7697916666666667 0.45625 0.7690972229166667 0.45625 0.7274305562500001 0.455859375 0.7177083333333333 0.448046875 0.6864583333333333
0 0.233203125 0.7256944437499999 0.2234375 0.7361111104166667 0.2087890625 0.7621527770833333 0.2029296875 0.7795138895833333 0.1990234375 0.8003472229166667 0.1990234375 0.8559027770833333 0.2107421875 0.9045138895833333 0.22734375 0.9375 0.24296875 0.9548611104166667 0.260546875 0.96875 0.2859375 0.96875 0.287890625 0.9652777770833333 0.295703125 0.9652777770833333 0.307421875 0.9548611104166667 0.3181640625 0.9357638895833333 0.3279296875 0.8940972229166667 0.3279296875 0.8802083333333334 0.328125 0.8798611104166666 0.328125 0.8240972229166666 0.3201171875 0.7899305562500001 0.3142578125 0.7795138895833333 0.3103515625 0.765625 0.299609375 0.75 0.278125 0.7256944437499999 0.264453125 0.7222222229166667 0.2625 0.71875 0.248828125 0.71875 0.246875 0.7222222229166667 0.233203125 0.7256944437499999
0 0.225 0.93194444375 0.2123046875 0.909375 0.2005859375 0.8954861104166666 0.1966796875 0.8954861104166666 0.1810546875 0.8815972208333334 0.1634765625 0.878125 0.1615234375 0.8815972208333334 0.1439453125 0.88506944375 0.12734375 0.9111111104166666 0.121484375 0.9284722208333334 0.11953125 0.9701388875 0.121484375 0.9736111104166666 0.121484375 0.9909722208333334 0.123828125 0.9979166666666667 0.242578125 0.9979166666666667 0.24375 0.9958333333333333 0.24375 0.9912037020833334 0.238671875 0.9701388875 0.225 0.93194444375
0 0.2796875 0.3892361125 0.266015625 0.37534722291666667 0.25234375 0.37534722291666667 0.240625 0.3857638895833333 0.2259765625 0.4152777791666667 0.2240234375 0.4569444458333333 0.2298828125 0.48125 0.240625 0.5003472229166667 0.247265625 0.50625 0.2607421921875 0.50625 0.2689453125 0.5055555562499999 0.2796875 0.496875 0.2865234375 0.48472222291666667 0.2921875 0.4578703708333334 0.2921875 0.4248263895833333 0.2884765625 0.4083333333333333 0.2796875 0.3892361125
0 0.3310546875 0.2677083333333333 0.337890625 0.25208333125 0.337890625 0.24166666458333333 0.33984375 0.23819444374999998 0.337890625 0.22083333125000001 0.3291015625 0.1982638875 0.3251953125 0.19479166458333333 0.3134765625 0.19479166458333333 0.306640625 0.20347222083333336 0.30078125 0.23124999791666667 0.302734375 0.2555555541666667 0.311328125 0.2708333333333333 0.3148437375 0.2708333333333333 0.328125 0.26944444375000004 0.3310546875 0.2677083333333333
0 0.294140625 0.275 0.3029296875 0.2559027770833333 0.3009765625 0.22465277708333334 0.294140625 0.21597222083333334 0.282421875 0.21597222083333334 0.2736328125 0.228125 0.2697265625 0.24548611041666665 0.2697265625 0.2559027770833333 0.2765625 0.275 0.2789062515625 0.27708333333333335 0.2890624953125 0.27708333333333335 0.2912109375 0.2767361104166667 0.294140625 0.275
0 0.4390625 0.13819444583333332 0.4244140625 0.15729166666666666 0.4244140625 0.18506944583333332 0.43467881875 0.2 0.437890628125 0.2 0.4419921875 0.19895833333333332 0.448828125 0.19722222291666666 0.4556640625 0.18506944583333332 0.45625 0.1829861125 0.45625 0.15486111041666667 0.448828125 0.14166666666666666 0.4390625 0.13819444583333332
0 0.4591796875 0.15451388958333334 0.4572265625 0.16145833333333334 0.4572265625 0.17881944375 0.46796875 0.20138888958333334 0.47109375 0.20416666666666666 0.4738281234375 0.20416666666666666 0.4767578125 0.203125 0.48359375 0.20138888958333334 0.4904296875 0.18923611041666666 0.4904296875 0.17881944375 0.4884765625 0.17534722291666668 0.4904296875 0.15104166666666666 0.485546875 0.14236111041666666 0.4746093734375 0.13958333333333334 0.470703125 0.13958333333333334 0.466015625 0.14236111041666666 0.4591796875 0.15451388958333334
0 0.73671875 0.20659722291666668 0.738671875 0.234375 0.7494140625 0.2604166666666667 0.7599609390625 0.26666666666666666 0.7646484359375 0.26666666666666666 0.769921875 0.265625 0.7796875 0.24826388958333334 0.7828125 0.23715277708333332 0.7828125 0.22465277708333334 0.781640625 0.21006944375 0.77578125 0.19270833333333334 0.7689453125 0.18402777708333332 0.7658203125 0.18125 0.7489118312499999 0.18125 0.740625 0.19270833333333334 0.73671875 0.20659722291666668
0 0.988671875 0.48402777708333333 0.9828125 0.46319444375 0.9740234375 0.44756944375 0.9642578125 0.440625 0.9505859375 0.440625 0.93984375 0.45277777708333333 0.928125 0.48402777708333333 0.926171875 0.49444444375 0.926171875 0.5465277770833333 0.933984375 0.5777777770833333 0.9427734375 0.596875 0.95009765625 0.6020833333333333 0.959375 0.6020833333333333 0.9740234375 0.5934027770833333 0.9828125 0.5777777770833333 0.990625 0.5465277770833333 0.9921875 0.5187499979166666 0.9921875 0.5111111104166667 0.990625 0.5083333333333333 0.988671875 0.48402777708333333
1 0.936328125 0.37222222083333334 0.9265625 0.36180555416666665 0.91484375 0.36180555416666665 0.905078125 0.36875 0.8982421875 0.38090277708333337 0.8923828125 0.4017361104166667 0.8904296875 0.43645833333333334 0.8923828125 0.43993055416666665 0.8943359375 0.46076388749999997 0.9001953125 0.478125 0.908984375 0.49375 0.9125000015625 0.49583333333333335 0.920312496875 0.49583333333333335 0.9216796875 0.4954861104166667 0.9275390625 0.48854166666666665 0.9294921875 0.478125 0.9392578125 0.45381944375 0.95 0.4410879625 0.95 0.41157407291666664 0.9451171875 0.39131944375 0.936328125 0.37222222083333334
1 0.85859375 0.3788194458333333 0.8693359375 0.35972222291666667 0.8712890625 0.3527777791666667 0.8712890625 0.33541666666666664 0.8732421875 0.3319444458333333 0.8712890625 0.32847222291666667 0.8712890625 0.3111111125 0.8654296875 0.2902777791666667 0.85859375 0.278125 0.846875 0.2677083333333333 0.83515625 0.2677083333333333 0.82734375 0.2746527791666667 0.8185546875 0.29375 0.8166015625 0.30416666666666664 0.8166015625 0.3319444458333333 0.8205078125 0.3527777791666667 0.829296875 0.37534722291666667 0.840625 0.3854166666666667 0.8427734421874999 0.3854166666666667 0.8498046875 0.3840277791666667 0.85859375 0.3788194458333333
1 0.8234375 0.20815972291666668 0.813671875 0.20121527916666665 0.8078125 0.20121527916666665 0.7951171875 0.21684027916666665 0.7912109375 0.23072916666666668 0.7912109375 0.24809027916666665 0.7951171875 0.26545138958333336 0.8056114781250001 0.2875 0.81982421875 0.2875 0.829296875 0.2706597229166666 0.8359375 0.2656002 0.8359375 0.23697916875 0.8322265625 0.22378472291666668 0.8234375 0.20815972291666668
1 0.546875 0.16840277708333332 0.5453125 0.17673611041666665 0.5453125 0.18229166666666666 0.546875 0.19618055625 0.5517578125 0.20833333333333334 0.5615234375 0.21875 0.576171875 0.21701388958333334 0.5810546875 0.21180555625 0.5875 0.1970734125 0.5875 0.17105429375 0.5771484375 0.14930555625 0.5732421875 0.14583333333333334 0.5595703125 0.14583333333333334 0.5556640625 0.14930555625 0.546875 0.16840277708333332
1 0.48828125 0.16493055625 0.490234375 0.18576388958333334 0.4990234375 0.20138888958333334 0.5037109375 0.20416666666666666 0.5083984359375 0.20416666666666666 0.513671875 0.203125 0.525390625 0.18576388958333334 0.52734375 0.17534722291666668 0.525390625 0.15451388958333334 0.5151258671875001 0.13958333333333334 0.5004991328124999 0.13958333333333334 0.490234375 0.15451388958333334 0.48828125 0.16493055625
1 0.92421875 0.3072916666666667 0.92421875 0.3489583333333333 0.928125 0.36284722291666666 0.9349609375 0.36805555624999997 0.9423828125 0.38125 0.9455078109375 0.38125 0.949609375 0.3802083333333333 0.9564453125 0.375 0.961328125 0.36631944375000003 0.9625 0.36006944375 0.9625 0.32488425833333334 0.957421875 0.30381944375000003 0.9486328125 0.28819444375000003 0.9392578109375 0.28541666666666665 0.9361328125 0.28541666666666665 0.9330078125 0.28819444375000003 0.92421875 0.3072916666666667
1 0.3583984375 0.18020833541666667 0.3564453125 0.1767361125 0.3447265625 0.1767361125 0.3408203125 0.18020833541666667 0.334375 0.19494047916666668 0.334375 0.21111111249999998 0.337890625 0.2236111125 0.3447265625 0.23576388958333333 0.3513671859375 0.24166666666666667 0.3613281359375 0.24166666666666667 0.3671875 0.24097222291666667 0.3765625 0.22430555625 0.3765625 0.19526515416666665 0.3662109375 0.18020833541666667 0.3583984375 0.18020833541666667
0 0.423828125 0.18541666874999999 0.423828125 0.15763888958333333 0.4306640625 0.1454861125 0.4375 0.14027777916666664 0.4345703125 0.13506944583333333 0.4228515625 0.13506944583333333 0.4140625 0.15416666874999999 0.4140625 0.17500000208333333 0.416015625 0.18194444583333333 0.42203124843750006 0.18958333333333333 0.4246093765625 0.18958333333333333 0.42578125 0.18888888958333333 0.423828125 0.18541666874999999