0 0.5234375 0.22395833333333334 0.51953125 0.23784722291666668 0.517578125 0.265625 0.51953125 0.2760416666666667 0.5302734375 0.2986111104166667 0.5458984375 0.3125 0.5546875 0.3107638895833333 0.5634765625 0.30555555624999997 0.576171875 0.2864583333333333 0.580078125 0.2760416666666667 0.58203125 0.24479166666666666 0.576171875 0.22395833333333334 0.5673828125 0.20833333333333334 0.5556640625 0.20138888958333334 0.5419921875 0.20138888958333334 0.5322265625 0.20833333333333334 0.5234375 0.22395833333333334
0 0.5263671875 0.34722222291666666 0.5087890625 0.34375 0.5068359375 0.34027777708333334 0.5048828125 0.34375 0.4951171875 0.34375 0.4833984375 0.35069444375000003 0.46875 0.3732638895833333 0.458984375 0.4045138895833333 0.458984375 0.41493055624999997 0.45703125 0.41840277708333334 0.45703125 0.44965277708333334 0.46875 0.484375 0.4794921875 0.5 0.4892578125 0.5034722229166666 0.5009765625 0.5138888895833333 0.515625 0.5121527770833334 0.5263671875 0.50694444375 0.5302734375 0.5 0.5361328125 0.49652777708333334 0.546875 0.47743055624999997 0.552734375 0.46006944375000003 0.556640625 0.42534722291666666 0.5546875 0.421875 0.552734375 0.39409722291666666 0.5361328125 0.3576388895833333 0.5263671875 0.34722222291666666
0 0.2822265625 0.46527777708333334 0.2724609375 0.46527777708333334 0.2705078125 0.46875 0.2587890625 0.47222222291666666 0.2490234375 0.4826388895833333 0.236328125 0.50868055625 0.236328125 0.515625 0.232421875 0.5260416666666666 0.232421875 0.5538194437499999 0.23046875 0.5572916666666666 0.232421875 0.5607638895833333 0.232421875 0.5815972229166667 0.240234375 0.609375 0.2568359375 0.6354166666666666 0.2724609375 0.6458333333333334 0.2890625 0.6440972229166667 0.2958984375 0.6423611104166667 0.2998046875 0.6354166666666666 0.3056640625 0.6319444437499999 0.3203125 0.6024305562500001 0.326171875 0.5746527770833333 0.326171875 0.5399305562500001 0.318359375 0.50868055625 0.3076171875 0.4861111104166667 0.2939453125 0.47222222291666666 0.2822265625 0.46527777708333334
0 0.3369140625 0.3645833333333333 0.32421875 0.390625 0.318359375 0.421875 0.3203125 0.42881944375000003 0.3203125 0.44618055624999997 0.328125 0.4739583333333333 0.3427734375 0.49652777708333334 0.3525390625 0.5034722229166666 0.37109375 0.5017361104166667 0.3837890625 0.49305555624999997 0.3916015625 0.4826388895833333 0.3984375 0.4670138895833333 0.404296875 0.44618055624999997 0.404296875 0.4045138895833333 0.396484375 0.3767361104166667 0.3798828125 0.3541666666666667 0.3740234375 0.35069444375000003 0.3525390625 0.35069444375000003 0.3369140625 0.3645833333333333
0 0.1005859375 0.625 0.0888671875 0.6354166666666666 0.08203125 0.6475694437499999 0.078125 0.6614583333333334 0.07421875 0.6822916666666666 0.076171875 0.734375 0.087890625 0.7725694437499999 0.0986328125 0.7916666666666666 0.1083984375 0.7986111104166667 0.125 0.796875 0.1376953125 0.7847222229166667 0.14453125 0.7725694437499999 0.150390625 0.7517361104166667 0.1484375 0.6996527770833333 0.14453125 0.6788194437499999 0.140625 0.671875 0.13671875 0.6545138895833333 0.1279296875 0.6388888895833333 0.1162109375 0.6284722229166667 0.1005859375 0.625
0 0.2890625 0.4392361104166667 0.2763671875 0.41319444375000003 0.2724609375 0.41319444375000003 0.2685546875 0.40625 0.2626953125 0.40625 0.2607421875 0.40277777708333334 0.2470703125 0.40625 0.2353515625 0.4166666666666667 0.22265625 0.4427083333333333 0.216796875 0.4739583333333333 0.216796875 0.48784722291666666 0.224609375 0.5260416666666666 0.2294921875 0.5347222229166667 0.232421875 0.5329861104166667 0.232421875 0.5260416666666666 0.240234375 0.4982638895833333 0.2568359375 0.47222222291666666 0.2685546875 0.46875 0.2705078125 0.46527777708333334 0.2822265625 0.46527777708333334 0.2841796875 0.46875 0.29296875 0.4670138895833333 0.29296875 0.453125 0.2890625 0.4392361104166667
0 0.2470703125 0.3576388895833333 0.2333984375 0.36805555624999997 0.220703125 0.4010416666666667 0.21875 0.4322916666666667 0.2216796875 0.44097222291666666 0.224609375 0.4392361104166667 0.2314453125 0.4201388895833333 0.2470703125 0.40625 0.2607421875 0.40277777708333334 0.2763671875 0.41319444375000003 0.27734375 0.39756944375000003 0.279296875 0.39409722291666666 0.27734375 0.3767361104166667 0.2685546875 0.3645833333333333 0.2587890625 0.3576388895833333 0.2470703125 0.3576388895833333
0 0.7216796875 0.30555555624999997 0.7060546875 0.31944444375000003 0.6953125 0.3420138895833333 0.689453125 0.3697916666666667 0.69140625 0.4079861104166667 0.69921875 0.4322916666666667 0.7099609375 0.4513888895833333 0.7255859375 0.46527777708333334 0.74609375 0.4635416666666667 0.7529296875 0.4583333333333333 0.76953125 0.42881944375000003 0.7734375 0.41493055624999997 0.7734375 0.4045138895833333 0.775390625 0.4010416666666667 0.7734375 0.36284722291666666 0.767578125 0.3420138895833333 0.7490234375 0.3125 0.7373046875 0.30555555624999997 0.7216796875 0.30555555624999997
0 0.1904296875 0.34375 0.18359375 0.359375 0.177734375 0.38368055624999997 0.177734375 0.4010416666666667 0.181640625 0.41840277708333334 0.1884765625 0.43402777708333334 0.1962890625 0.44097222291666666 0.2109375 0.4392361104166667 0.21875 0.4322916666666667 0.21875 0.41493055624999997 0.220703125 0.4114583333333333 0.220703125 0.4010416666666667 0.2265625 0.38368055624999997 0.2265625 0.3697916666666667 0.22265625 0.35590277708333334 0.2138671875 0.34027777708333334 0.1982421875 0.33680555624999997 0.1904296875 0.34375
0 0.220703125 0.33506944375000003 0.220703125 0.3489583333333333 0.2265625 0.3697916666666667 0.2294921875 0.375 0.23046875 0.3732638895833333 0.2333984375 0.36805555624999997 0.25 0.35590277708333334 0.251953125 0.3489583333333333 0.251953125 0.328125 0.259765625 0.3072916666666667 0.2568359375 0.2986111104166667 0.2431640625 0.2951388895833333 0.2314453125 0.30555555624999997 0.224609375 0.32118055624999997 0.220703125 0.33506944375000003
0 0.2861328125 0.2951388895833333 0.298828125 0.3107638895833333 0.3056640625 0.3333333333333333 0.310546875 0.33159722291666666 0.31640625 0.3107638895833333 0.31640625 0.28993055624999997 0.3125 0.2760416666666667 0.3056640625 0.26388888958333334 0.2900390625 0.25694444375 0.2802734375 0.26388888958333334 0.26953125 0.2829861104166667 0.267578125 0.28993055624999997 0.2685546875 0.2951388895833333 0.2861328125 0.2951388895833333
1 0.33203125 0.33159722291666666 0.333984375 0.3420138895833333 0.3427734375 0.3576388895833333 0.3603515625 0.34722222291666666 0.384765625 0.35590277708333334 0.392578125 0.33506944375000003 0.39453125 0.3072916666666667 0.390625 0.28993055624999997 0.3837890625 0.27430555624999997 0.3701171875 0.26388888958333334 0.3564453125 0.26388888958333334 0.3466796875 0.2708333333333333 0.3359375 0.28993055624999997 0.33203125 0.30381944375000003 0.33203125 0.33159722291666666
1 0.416015625 0.3420138895833333 0.41015625 0.36284722291666666 0.41015625 0.3802083333333333 0.408203125 0.38715277708333334 0.4140625 0.41840277708333334 0.4287109375 0.44444444375000003 0.4384765625 0.4513888895833333 0.45703125 0.44965277708333334 0.45703125 0.4114583333333333 0.46484375 0.38368055624999997 0.4794921875 0.3541666666666667 0.48828125 0.3454861104166667 0.484375 0.33159722291666666 0.4755859375 0.31597222291666666 0.4580078125 0.30555555624999997 0.4462890625 0.30555555624999997 0.4306640625 0.31597222291666666 0.416015625 0.3420138895833333
1 0.5830078125 0.3020833333333333 0.5703125 0.32465277708333334 0.564453125 0.3489583333333333 0.564453125 0.3767361104166667 0.5703125 0.4045138895833333 0.5849609375 0.43055555624999997 0.6064453125 0.44444444375000003 0.6171875 0.4427083333333333 0.6259765625 0.4375 0.6376953125 0.4236111104166667 0.64453125 0.4079861104166667 0.650390625 0.38368055624999997 0.650390625 0.35243055624999997 0.64453125 0.32465277708333334 0.6318359375 0.3020833333333333 0.6220703125 0.2916666666666667 0.6005859375 0.28819444375000003 0.5830078125 0.3020833333333333
0 0.62109375 0.18923611041666666 0.619140625 0.21006944375 0.623046875 0.22395833333333334 0.6337890625 0.24305555625 0.6416015625 0.25 0.65625 0.24826388958333334 0.6650390625 0.23958333333333334 0.669921875 0.22743055625 0.671875 0.22048611041666666 0.671875 0.19618055625 0.66796875 0.18229166666666666 0.6552734375 0.16319444375 0.6494140625 0.15972222291666668 0.6337890625 0.16319444375 0.625 0.17534722291666668 0.62109375 0.18923611041666666
1 0.431640625 0.30381944375000003 0.4345703125 0.30902777708333334 0.4580078125 0.30555555624999997 0.4599609375 0.30902777708333334 0.47265625 0.3107638895833333 0.484375 0.2795138895833333 0.482421875 0.25173611041666666 0.4765625 0.234375 0.4599609375 0.21527777708333332 0.4443359375 0.21875 0.4365234375 0.22569444375 0.4296875 0.23784722291666668 0.423828125 0.26215277708333334 0.423828125 0.2829861104166667 0.431640625 0.30381944375000003
1 0.4267578125 0.20138888958333334 0.416015625 0.22048611041666666 0.412109375 0.23784722291666668 0.4140625 0.2552083333333333 0.416015625 0.265625 0.4228515625 0.27777777708333334 0.423828125 0.2760416666666667 0.423828125 0.26215277708333334 0.4296875 0.23784722291666668 0.4404296875 0.22222222291666668 0.4462890625 0.21875 0.4619140625 0.21875 0.462890625 0.21701388958333334 0.4580078125 0.20486111041666666 0.4462890625 0.19444444375 0.4365234375 0.19444444375 0.4267578125 0.20138888958333334
1 0.3837890625 0.27430555624999997 0.39453125 0.30381944375000003 0.39453125 0.3142361104166667 0.40234375 0.3142361104166667 0.408203125 0.3072916666666667 0.416015625 0.2760416666666667 0.4140625 0.24826388958333334 0.4091796875 0.23611111041666666 0.3955078125 0.22222222291666668 0.3818359375 0.22222222291666668 0.3671875 0.24131944375 0.365234375 0.26215277708333334 0.3720703125 0.26388888958333334 0.3837890625 0.27430555624999997
1 0.322265625 0.24826388958333334 0.31640625 0.26909722291666666 0.31640625 0.29340277708333334 0.318359375 0.30034722291666666 0.3291015625 0.31944444375000003 0.330078125 0.3177083333333333 0.3359375 0.28993055624999997 0.3466796875 0.2708333333333333 0.3544921875 0.26388888958333334 0.3603515625 0.26388888958333334 0.36328125 0.25868055625 0.36328125 0.24826388958333334 0.3583984375 0.23958333333333334 0.3505859375 0.23263888958333334 0.3369140625 0.23263888958333334 0.322265625 0.24826388958333334
1 0.2978515625 0.34027777708333334 0.28515625 0.359375 0.279296875 0.3802083333333333 0.279296875 0.4045138895833333 0.27734375 0.4114583333333333 0.2978515625 0.4583333333333333 0.3095703125 0.46527777708333334 0.31640625 0.4635416666666667 0.3203125 0.46006944375000003 0.3203125 0.4392361104166667 0.318359375 0.4357638895833333 0.3203125 0.4045138895833333 0.326171875 0.38368055624999997 0.337890625 0.36284722291666666 0.337890625 0.35243055624999997 0.3271484375 0.33680555624999997 0.3076171875 0.3333333333333333 0.2978515625 0.34027777708333334
1 0.255859375 0.3142361104166667 0.251953125 0.328125 0.25 0.35243055624999997 0.2529296875 0.3576388895833333 0.2607421875 0.3576388895833333 0.2763671875 0.375 0.28125 0.3732638895833333 0.28515625 0.359375 0.2939453125 0.34375 0.302734375 0.33506944375000003 0.302734375 0.32465277708333334 0.2939453125 0.3020833333333333 0.2880859375 0.2951388895833333 0.2783203125 0.2916666666666667 0.2763671875 0.2951388895833333 0.2685546875 0.2951388895833333 0.255859375 0.3142361104166667
1 0.794921875 0.36284722291666666 0.794921875 0.3802083333333333 0.7978515625 0.38194444375000003 0.8076171875 0.375 0.8193359375 0.375 0.8349609375 0.3854166666666667 0.849609375 0.4114583333333333 0.85546875 0.4357638895833333 0.8583984375 0.44097222291666666 0.859375 0.4392361104166667 0.8671875 0.41840277708333334 0.8671875 0.3802083333333333 0.861328125 0.35243055624999997 0.853515625 0.33506944375000003 0.8447265625 0.3229166666666667 0.8330078125 0.31944444375000003 0.8310546875 0.31597222291666666 0.8134765625 0.3229166666666667 0.798828125 0.3489583333333333 0.794921875 0.36284722291666666
1 0.8056640625 0.37847222291666666 0.7998046875 0.37847222291666666 0.7900390625 0.3888888895833333 0.775390625 0.41840277708333334 0.771484375 0.453125 0.76953125 0.45659722291666666 0.76953125 0.4739583333333333 0.771484375 0.47743055624999997 0.771484375 0.49131944375000003 0.779296875 0.5190972229166666 0.7939453125 0.5451388895833333 0.8037109375 0.5555555562500001 0.8203125 0.5538194437499999 0.8291015625 0.5520833333333334 0.8369140625 0.5451388895833333 0.853515625 0.5121527770833334 0.857421875 0.4947916666666667 0.857421875 0.4427083333333333 0.84765625 0.4079861104166667 0.8369140625 0.3888888895833333 0.8193359375 0.375 0.8076171875 0.375 0.8056640625 0.37847222291666666
1 0.2177734375 0.31597222291666666 0.2041015625 0.31597222291666666 0.1962890625 0.3229166666666667 0.19140625 0.33506944375000003 0.1923828125 0.34027777708333334 0.2080078125 0.33680555624999997 0.220703125 0.3454861104166667 0.22265625 0.32118055624999997 0.2177734375 0.31597222291666666