1 0.5 0.42899305416666667 0.4921875 0.4706597208333333 0.49609375 0.5088541666666667 0.50390625 0.5331597208333333 0.5146484375 0.55225694375 0.5263671875 0.5661458333333333 0.5341796875 0.5730902770833333 0.544921875 0.5748263875 0.5556640625 0.5730902770833333 0.5751953125 0.5592013875 0.595703125 0.5192708333333333 0.59765625 0.4984375 0.599609375 0.4949652770833334 0.599609375 0.4810763875 0.6015625 0.47760416666666666 0.599609375 0.4532986104166667 0.59375 0.42899305416666667 0.5771484375 0.39947916666666666 0.5537109375 0.38211805416666667 0.5302734375 0.3855902770833334 0.5146484375 0.39947916666666666 0.5 0.42899305416666667
1 0.451171875 0.14756944375 0.447265625 0.16493055625 0.447265625 0.18229166666666666 0.44921875 0.19270833333333334 0.4634164671875 0.21458333333333332 0.469726559375 0.21458333333333332 0.478515625 0.21354166666666666 0.4833984375 0.21180555625 0.494140625 0.19270833333333334 0.498046875 0.16840277708333332 0.494140625 0.14756944375 0.4892578125 0.13888888958333334 0.4833984375 0.13194444375 0.4708984359375 0.12916666666666668 0.4667968765625 0.12916666666666668 0.4580078125 0.13541666666666666 0.451171875 0.14756944375
1 0.414453125 0.14756944375 0.414453125 0.15798611041666666 0.41640625 0.16840277708333332 0.4251953125 0.18402777708333332 0.4291015625 0.1875 0.44375 0.18576388958333334 0.44765625 0.17881944375 0.449609375 0.15451388958333334 0.45625 0.13680555625000002 0.45625 0.13191773541666665 0.4447265625 0.11458333333333333 0.4310546875 0.11458333333333333 0.418359375 0.13020833333333334 0.414453125 0.14756944375
1 0.4779296875 0.08993055416666666 0.4740234375 0.08645833333333333 0.4603515625 0.08645833333333333 0.44765625 0.10555555416666666 0.44765625 0.11597222083333333 0.457421875 0.13333333333333333 0.461328125 0.13333333333333333 0.4681640625 0.128125 0.4779296875 0.128125 0.4818359375 0.13159722083333333 0.484765625 0.1263888875 0.4859375 0.11805555416666666 0.4859375 0.10833333333333334 0.484765625 0.10208333333333333 0.4779296875 0.08993055416666666
1 0.5130859375 0.06875 0.5091796875 0.06527777916666667 0.4974609375 0.06527777916666667 0.488671875 0.07743055624999999 0.484765625 0.1017361125 0.4896484375 0.1173611125 0.49876301874999995 0.12708333333333333 0.5013671890625 0.12708333333333333 0.504296875 0.12604166666666666 0.5111328125 0.12430555624999999 0.51796875 0.11215277916666667 0.51875 0.109375 0.51875 0.08159722291666666 0.51796875 0.07743055624999999 0.5130859375 0.06875
1 0.5501953125 0.05173611041666667 0.54140625 0.07083333333333333 0.54140625 0.08819444375 0.5453125 0.09861111041666668 0.5513281250000001 0.10625 0.55976561875 0.10625 0.56484375 0.10555555416666666 0.56484375 0.09166666666666666 0.571875 0.06666666458333333 0.571875 0.06249999791666667 0.5658203125 0.05173611041666667 0.5501953125 0.05173611041666667
1 0.5931640625 0.065625 0.5873046875 0.06215277708333333 0.5736328125 0.065625 0.566796875 0.07777777708333335 0.56484375 0.09861111041666668 0.56875 0.1125 0.5787760421875 0.12708333333333333 0.5859374953125001 0.12708333333333333 0.590234375 0.1263888875 0.6 0.1125 0.603125 0.09861111041666668 0.603125 0.09097222083333333 0.601953125 0.08472222083333333 0.5931640625 0.065625
1 0.6671875 0.05173611041666667 0.657421875 0.05173611041666667 0.6505859375 0.06041666666666667 0.6486328125 0.06736111041666668 0.649609375 0.0795138875 0.665234375 0.0795138875 0.67625 0.09583333333333334 0.6787109359375 0.09583333333333334 0.6798828125 0.0951388875 0.68125 0.09270833333333334 0.68125 0.07296626875 0.675 0.05868055416666666 0.6671875 0.05173611041666667
1 0.649609375 0.08003472083333334 0.6390625 0.1021938125 0.6390625 0.12065972083333333 0.6408203125 0.12690972083333332 0.6427734375 0.12690972083333332 0.6447265625 0.11996527708333334 0.653515625 0.1078125 0.659375 0.10434027708333334 0.67109375 0.1078125 0.675 0.09809027708333334 0.675 0.09423926666666667 0.665234375 0.08003472083333334 0.649609375 0.08003472083333334
1 0.7375 0.0701388875 0.731640625 0.0701388875 0.7208984375 0.08229166666666667 0.7189453125 0.09965277708333334 0.721875 0.10833333333333334 0.727734375 0.10833333333333334 0.7296875 0.10486111041666667 0.731640625 0.10833333333333334 0.7375 0.10833333333333334 0.7462890640625 0.12083333333333333 0.748046875 0.12083333333333333 0.7482421875 0.12048611041666667 0.7515625 0.11458333333333333 0.7515625 0.09136904791666667 0.7453125 0.07708333333333334 0.7375 0.0701388875
1 0.819921875 0.13576388958333335 0.816015625 0.13229166666666667 0.804296875 0.13229166666666667 0.7935546875 0.14791666666666667 0.7916015625 0.15833333333333333 0.7935546875 0.17916666666666667 0.80625 0.20520833333333333 0.809765625 0.20833333333333334 0.8119140671875 0.20833333333333334 0.8189453125 0.20694444583333332 0.82578125 0.20173611249999998 0.8306640625 0.18958333333333333 0.83125 0.18645833333333334 0.83125 0.16458333333333333 0.8306640625 0.15833333333333333 0.819921875 0.13576388958333335
1 0.92265625 0.19791666666666666 0.9109375 0.19444444375 0.90703125 0.19791666666666666 0.9021484375 0.21006944375 0.9001953125 0.24131944375 0.908984375 0.2673611104166667 0.916796875 0.27430555624999997 0.9197265625 0.27256944375000003 0.9216796875 0.2552083333333333 0.9255859375 0.24131944375 0.9328125 0.23489583333333333 0.9328125 0.221875 0.9294921875 0.21006944375 0.92265625 0.19791666666666666
0 0.4703125 0.4197916666666667 0.452734375 0.4024305541666667 0.429296875 0.39895833333333336 0.409765625 0.4128472208333333 0.3931640625 0.4388888875 0.3873046875 0.4597222208333333 0.3853515625 0.5048611104166667 0.3912109375 0.5361111104166666 0.40390625 0.5621527770833333 0.421484375 0.5795138875 0.42734375 0.5795138875 0.4283203125 0.58125 0.4458984375 0.58125 0.45859375 0.5760416666666667 0.4703125 0.5621527770833333 0.4810546875 0.5430555541666667 0.4875 0.5172743041666666 0.4875 0.47125 0.4791015625 0.4354166666666667 0.4703125 0.4197916666666667
0 0.42421875 0.34444444375 0.40859375 0.33055555416666665 0.391015625 0.33055555416666665 0.38125 0.3375 0.3626953125 0.36701388749999997 0.3568359375 0.38784722083333334 0.3548828125 0.41909722083333334 0.3607421875 0.446875 0.36953125 0.46597222083333334 0.37799479375 0.475 0.383203121875 0.475 0.3841796875 0.47465277708333337 0.3919921875 0.43993055416666665 0.4046875 0.4173611104166667 0.426171875 0.4 0.4421875 0.3983251625 0.4421875 0.38923611041666667 0.4349609375 0.36354166666666665 0.42421875 0.34444444375
0 0.3130859375 0.325 0.30234375 0.3059027791666667 0.29453125 0.2989583333333333 0.27890625 0.2989583333333333 0.2671875 0.309375 0.2603515625 0.3215277791666667 0.2564453125 0.3319444458333333 0.2525390625 0.3631944458333333 0.2544921875 0.36666666666666664 0.2544921875 0.38055555625 0.26328125 0.40659722291666667 0.2764973953125 0.4166666666666667 0.2798828203125 0.4166666666666667 0.2916015625 0.4152777791666667 0.300390625 0.4100694458333333 0.3091796875 0.3944444458333333 0.3150390625 0.3701388895833333 0.315625 0.3638888895833333 0.315625 0.346875 0.3150390625 0.3458333333333333 0.3130859375 0.325
0 0.5017578125 0.26006944375 0.4861328125 0.24965277708333333 0.4763671875 0.24965277708333333 0.4607421875 0.26006944375 0.44609375 0.2861111104166667 0.44609375 0.2930555541666667 0.4421875 0.3034722208333333 0.4421875 0.3347222208333333 0.44609375 0.3451388875 0.44609375 0.3555555541666667 0.4666015625 0.38506944375 0.470703125 0.3875 0.4824218671875 0.3875 0.4890625 0.3868055541666667 0.4978515625 0.3815972208333333 0.5056640625 0.3711805541666667 0.51640625 0.3486111104166667 0.51875 0.33819444375 0.51875 0.2951388895833333 0.5125 0.27569444375 0.5017578125 0.26006944375
0 0.4009765625 0.13229166666666667 0.3873046875 0.13229166666666667 0.3794921875 0.13923611249999998 0.370703125 0.15833333333333333 0.370703125 0.18263888958333335 0.3794921875 0.20173611249999998 0.3869140609375 0.20833333333333334 0.3890625046875 0.20833333333333334 0.39609375 0.20694444583333332 0.4009765625 0.20520833333333333 0.41171875 0.18611111249999998 0.4125 0.18333333333333332 0.4125 0.15069444583333333 0.41171875 0.14791666666666667 0.4009765625 0.13229166666666667
0 0.395703125 0.09375 0.39375 0.09027777708333334 0.380078125 0.10069444375 0.3751953125 0.11284722291666666 0.3751953125 0.13020833333333334 0.378125 0.13888888958333334 0.3830078125 0.13715277708333332 0.387890625 0.13194444375 0.4015625 0.13194444375 0.40546875 0.13541666666666666 0.4078125 0.13125 0.4078125 0.10486111041666667 0.4015625 0.09375 0.395703125 0.09375
0 0.484375 0.09565972083333334 0.48828125 0.07829861041666668 0.498046875 0.06788194375 0.4912109375 0.0592013875 0.4794921875 0.06267361041666666 0.470703125 0.07829861041666668 0.4716796875 0.08697916666666666 0.484375 0.09565972083333334
0 0.51796875 0.0782986125 0.5198459203125 0.10833333333333334 0.530598959375 0.10833333333333334 0.5375 0.09913194583333333 0.540625 0.08802083333333334 0.540625 0.0796875 0.539453125 0.07135416666666666 0.529069009375 0.05625 0.5148298 0.05625 0.51015625 0.06788194583333333 0.51796875 0.0782986125
0 0.6447265625 0.11979166666666667 0.6408203125 0.13715277708333332 0.6447265625 0.16493055625 0.659375 0.1875 0.6740234375 0.18576388958333334 0.6828125 0.17708333333333334 0.6876953125 0.16493055625 0.6890625 0.15034722291666666 0.6890625 0.14149305625 0.6857421875 0.1267361104166667 0.676953125 0.11111111041666667 0.6671875 0.10416666666666667 0.659375 0.10416666666666667 0.649609375 0.11111111041666667 0.6447265625 0.11979166666666667
0 0.70234375 0.10086805624999999 0.69453125 0.0939236125 0.680859375 0.0939236125 0.676953125 0.09739583333333333 0.6740234375 0.1095486125 0.6837890625 0.1234375 0.6896484375 0.14427083333333332 0.687744140625 0.16458333333333333 0.6997802734375 0.16458333333333333 0.7091796875 0.15121527916666666 0.7109375 0.14184027916666667 0.7109375 0.12274305625 0.7091796875 0.11649305624999999 0.70234375 0.10086805624999999
0 0.711328125 0.15451388958333334 0.7256318937499999 0.18333333333333332 0.731835934375 0.18333333333333332 0.740625 0.18229166666666666 0.75234375 0.16493055625 0.753125 0.16076388958333335 0.753125 0.14201388958333333 0.75234375 0.13368055625 0.750390625 0.1267361104166667 0.738156959375 0.10833333333333334 0.721739784375 0.10833333333333334 0.711328125 0.13020833333333334 0.711328125 0.15451388958333334
0 0.836328125 0.096875 0.8275390625 0.10902777708333335 0.8255859375 0.12986111041666668 0.834375 0.15243055416666668 0.8373046890625 0.15416666666666667 0.8490234375 0.15416666666666667 0.851953125 0.15243055416666668 0.8546875 0.14432870416666665 0.8546875 0.1225063125 0.844140625 0.10034722083333333 0.836328125 0.096875