1 0.5234375 0.5399305562500001 0.515625 0.515625 0.515625 0.5052083333333334 0.5068359375 0.4861111104166667 0.5009765625 0.4826388895833333 0.4951171875 0.47222222291666666 0.4873046875 0.46527777708333334 0.4814453125 0.46527777708333334 0.4755859375 0.4583333333333333 0.4501953125 0.4583333333333333 0.4345703125 0.46875 0.4267578125 0.4791666666666667 0.4140625 0.5052083333333334 0.40625 0.5329861104166667 0.404296875 0.5746527770833333 0.40625 0.578125 0.40625 0.5954861104166667 0.4140625 0.6267361104166667 0.4267578125 0.6527777770833333 0.4423828125 0.6666666666666666 0.46484375 0.671875 0.4775390625 0.6701388895833333 0.4794921875 0.6666666666666666 0.4912109375 0.6631944437499999 0.5107421875 0.6388888895833333 0.51953125 0.6197916666666666 0.51953125 0.6128472229166667 0.5234375 0.6024305562500001 0.52734375 0.5607638895833333 0.5234375 0.5503472229166667 0.5234375 0.5399305562500001
0 0.2744140625 0.3611111104166667 0.265625 0.3767361104166667 0.259765625 0.4010416666666667 0.2578125 0.44618055624999997 0.265625 0.4739583333333333 0.2763671875 0.49305555624999997 0.2861328125 0.5 0.306640625 0.4982638895833333 0.3193359375 0.49305555624999997 0.3251953125 0.4861111104166667 0.333984375 0.4670138895833333 0.33984375 0.4427083333333333 0.33984375 0.4010416666666667 0.33203125 0.3732638895833333 0.3232421875 0.3576388895833333 0.3115234375 0.34722222291666666 0.2880859375 0.34722222291666666 0.2744140625 0.3611111104166667
0 0.2138671875 0.6423611104166667 0.2119140625 0.6388888895833333 0.1943359375 0.6423611104166667 0.1806640625 0.6527777770833333 0.166015625 0.6788194437499999 0.16015625 0.6996527770833333 0.16015625 0.7135416666666666 0.158203125 0.7170138895833333 0.158203125 0.7552083333333334 0.16015625 0.7586805562500001 0.16015625 0.7725694437499999 0.166015625 0.796875 0.1826171875 0.8333333333333334 0.2021484375 0.8541666666666666 0.220703125 0.8559027770833333 0.2314453125 0.8541666666666666 0.2431640625 0.84375 0.2578125 0.8142361104166667 0.2578125 0.8072916666666666 0.263671875 0.7864583333333334 0.263671875 0.7274305562500001 0.255859375 0.6927083333333334 0.2392578125 0.6597222229166667 0.2216796875 0.6423611104166667 0.2138671875 0.6423611104166667
0 0.5234375 0.4322916666666667 0.515625 0.45659722291666666 0.513671875 0.4982638895833333 0.521484375 0.5190972229166666 0.52734375 0.5572916666666666 0.5380859375 0.5763888895833333 0.5556640625 0.5902777770833333 0.583984375 0.5885416666666666 0.5986328125 0.5798611104166667 0.619140625 0.546875 0.626953125 0.5121527770833334 0.626953125 0.4670138895833333 0.62109375 0.4392361104166667 0.6044921875 0.40972222291666666 0.5849609375 0.3923611104166667 0.5615234375 0.3888888895833333 0.5419921875 0.40277777708333334 0.5234375 0.4322916666666667
0 0.6865234375 0.25694444375 0.6748046875 0.26388888958333334 0.658203125 0.28993055624999997 0.654296875 0.3072916666666667 0.654296875 0.32465277708333334 0.65234375 0.33159722291666666 0.654296875 0.33506944375000003 0.65625 0.359375 0.6728515625 0.3923611104166667 0.6884765625 0.40625 0.703125 0.4045138895833333 0.7138671875 0.39930555624999997 0.7265625 0.3802083333333333 0.734375 0.3489583333333333 0.734375 0.32118055624999997 0.732421875 0.3177083333333333 0.732421875 0.3072916666666667 0.7236328125 0.28125 0.7099609375 0.26388888958333334 0.6982421875 0.25694444375 0.6865234375 0.25694444375
0 0.2744140625 0.3611111104166667 0.265625 0.3767361104166667 0.2578125 0.41493055624999997 0.2578125 0.4427083333333333 0.265625 0.4739583333333333 0.2763671875 0.49305555624999997 0.2841796875 0.5 0.306640625 0.4982638895833333 0.3193359375 0.49305555624999997 0.3251953125 0.4861111104166667 0.333984375 0.4670138895833333 0.33984375 0.4427083333333333 0.33984375 0.4010416666666667 0.330078125 0.3697916666666667 0.3232421875 0.3576388895833333 0.3115234375 0.34722222291666666 0.2880859375 0.34722222291666666 0.2744140625 0.3611111104166667
0 0.509765625 0.16840277708333332 0.50390625 0.18576388958333334 0.501953125 0.21006944375 0.5078125 0.234375 0.5205078125 0.25347222291666666 0.5244140625 0.25694444375 0.541015625 0.2552083333333333 0.5498046875 0.25 0.5625 0.22743055625 0.564453125 0.21701388958333334 0.564453125 0.18923611041666666 0.560546875 0.17534722291666668 0.5517578125 0.15972222291666668 0.5380859375 0.14930555625 0.5302734375 0.14930555625 0.5146484375 0.15972222291666668 0.509765625 0.16840277708333332
0 0.576171875 0.11979166666666667 0.572265625 0.13368055625 0.572265625 0.14756944375 0.576171875 0.16493055625 0.5849609375 0.18055555625 0.5927734375 0.1875 0.6015625 0.18576388958333334 0.599609375 0.15798611041666666 0.60546875 0.13715277708333332 0.6103515625 0.12847222291666666 0.6162109375 0.125 0.6171875 0.11979166666666667 0.615234375 0.11284722291666666 0.6083984375 0.10416666666666667 0.5908203125 0.10069444375 0.5830078125 0.10763888958333333 0.576171875 0.11979166666666667
0 0.7119140625 0.10069444375 0.72265625 0.09895833333333333 0.72265625 0.08506944375 0.728515625 0.07118055625 0.728515625 0.060763889583333335 0.7197265625 0.048611110416666665 0.7099609375 0.048611110416666665 0.7060546875 0.052083333333333336 0.705078125 0.060763889583333335 0.708984375 0.07118055625 0.708984375 0.09548611041666667 0.7119140625 0.10069444375
0 0.685546875 0.07118055625 0.685546875 0.07465277708333334 0.6875 0.078125 0.6875 0.09548611041666667 0.685546875 0.09895833333333333 0.685546875 0.10243055625 0.6865234375 0.10416666666666667 0.6904296875 0.10416666666666667 0.6923828125 0.10763888958333333 0.7001953125 0.10763888958333333 0.701171875 0.10590277708333334 0.708984375 0.09201388958333333 0.708984375 0.06770833333333333 0.7021484375 0.05555555625 0.7001953125 0.05555555625 0.6943359375 0.048611110416666665 0.6884765625 0.048611110416666665 0.6865234375 0.052083333333333336 0.6845703125 0.052083333333333336 0.6796875 0.060763889583333335 0.685546875 0.07118055625
0 0.7705078125 0.08680555625 0.763671875 0.09895833333333333 0.771484375 0.11284722291666666 0.771484375 0.11631944375 0.7734375 0.11979166666666667 0.7734375 0.12326388958333333 0.7763671875 0.12847222291666666 0.7783203125 0.12847222291666666 0.7802734375 0.13194444375 0.7822265625 0.13194444375 0.7880859375 0.14236111041666666 0.7900390625 0.14236111041666666 0.791015625 0.140625 0.79296875 0.13715277708333332 0.79296875 0.13020833333333334 0.794921875 0.1267361104166667 0.794921875 0.11631944375 0.79296875 0.11284722291666666 0.79296875 0.10590277708333334 0.7841796875 0.09027777708333334 0.7822265625 0.09027777708333334 0.7802734375 0.08680555625 0.7705078125 0.08680555625
0 0.7646484375 0.10069444375 0.7626953125 0.10069444375 0.7568359375 0.09375 0.7490234375 0.09375 0.7470703125 0.09722222291666666 0.7451171875 0.09722222291666666 0.73828125 0.109375 0.73828125 0.11284722291666666 0.736328125 0.11631944375 0.736328125 0.13020833333333334 0.73828125 0.13368055625 0.73828125 0.140625 0.7421875 0.14756944375 0.7421875 0.15104166666666666 0.7451171875 0.15625 0.7490234375 0.15625 0.75 0.15451388958333334 0.75 0.14756944375 0.751953125 0.14409722291666668 0.75390625 0.13368055625 0.7568359375 0.12847222291666666 0.7607421875 0.12847222291666666 0.7626953125 0.125 0.7724609375 0.125 0.7734375 0.12326388958333333 0.771484375 0.11284722291666666 0.7646484375 0.10069444375
0 0.7822265625 0.13194444375 0.7802734375 0.13194444375 0.7744140625 0.125 0.7607421875 0.125 0.751953125 0.140625 0.751953125 0.14409722291666668 0.75 0.14756944375 0.75 0.171875 0.751953125 0.17534722291666668 0.75390625 0.18576388958333334 0.7626953125 0.20138888958333334 0.7646484375 0.20138888958333334 0.7666015625 0.20486111041666666 0.7783203125 0.20486111041666666 0.779296875 0.203125 0.7822265625 0.20138888958333334 0.791015625 0.18576388958333334 0.791015625 0.18229166666666666 0.79296875 0.17881944375 0.79296875 0.16145833333333334 0.791015625 0.15798611041666666 0.791015625 0.15104166666666666 0.7890625 0.14756944375 0.7890625 0.14409722291666668 0.7822265625 0.13194444375
0 0.5185546875 0.08680555625 0.5224609375 0.08680555625 0.5244140625 0.09027777708333334 0.5263671875 0.09027777708333334 0.5283203125 0.09722222291666666 0.5517578125 0.09722222291666666 0.5537109375 0.10069444375 0.5546875 0.09895833333333333 0.5546875 0.09201388958333333 0.548828125 0.08159722291666666 0.548828125 0.078125 0.5458984375 0.07291666666666667 0.5439453125 0.07291666666666667 0.5419921875 0.06944444375 0.5244140625 0.06944444375 0.517578125 0.08159722291666666 0.517578125 0.08506944375 0.5185546875 0.08680555625
0 0.2861328125 0.15625 0.2705078125 0.15625 0.2666015625 0.16319444375 0.2646484375 0.16319444375 0.259765625 0.171875 0.259765625 0.17534722291666668 0.2578125 0.17881944375 0.2578125 0.203125 0.259765625 0.20659722291666668 0.259765625 0.21006944375 0.2646484375 0.21875 0.2685546875 0.21875 0.2705078125 0.22222222291666668 0.2783203125 0.22222222291666668 0.279296875 0.22048611041666666 0.2822265625 0.21875 0.2841796875 0.21527777708333332 0.2861328125 0.21527777708333332 0.291015625 0.20659722291666668 0.291015625 0.203125 0.294921875 0.19270833333333334 0.294921875 0.17881944375 0.29296875 0.17534722291666668 0.291015625 0.16493055625 0.2861328125 0.15625
0 0.1123046875 0.2916666666666667 0.1103515625 0.28819444375000003 0.1083984375 0.28819444375000003 0.1064453125 0.2916666666666667 0.1025390625 0.2916666666666667 0.09765625 0.30034722291666666 0.09765625 0.30381944375000003 0.095703125 0.3072916666666667 0.095703125 0.3142361104166667 0.09375 0.3177083333333333 0.09375 0.3385416666666667 0.095703125 0.3420138895833333 0.095703125 0.3454861104166667 0.0986328125 0.35069444375000003 0.1005859375 0.35069444375000003 0.1064453125 0.3576388895833333 0.1083984375 0.3576388895833333 0.109375 0.35590277708333334 0.1103515625 0.3541666666666667 0.1123046875 0.3541666666666667 0.119140625 0.3420138895833333 0.119140625 0.33506944375000003 0.12109375 0.33159722291666666 0.12109375 0.30381944375000003 0.1171875 0.296875 0.1171875 0.29340277708333334 0.1162109375 0.2916666666666667 0.1123046875 0.2916666666666667
0 0.0546875 0.4079861104166667 0.0546875 0.4045138895833333 0.0517578125 0.40277777708333334 0.0498046875 0.39930555624999997 0.0419921875 0.39930555624999997 0.03515625 0.4114583333333333 0.03515625 0.41840277708333334 0.033203125 0.421875 0.033203125 0.4322916666666667 0.03125 0.4357638895833333 0.03125 0.4427083333333333 0.033203125 0.44618055624999997 0.033203125 0.45659722291666666 0.0400390625 0.46875 0.0419921875 0.46875 0.0439453125 0.47222222291666666 0.0478515625 0.47222222291666666 0.048828125 0.4704861104166667 0.0517578125 0.46875 0.056640625 0.46006944375000003 0.056640625 0.45659722291666666 0.05859375 0.453125 0.05859375 0.4392361104166667 0.060546875 0.4357638895833333 0.060546875 0.4322916666666667 0.056640625 0.421875 0.056640625 0.4114583333333333 0.0546875 0.4079861104166667
1 0 0.6579861104166667 0.0009765625 0.6597222229166667 0.00390625 0.6579861104166667 0.0068359375 0.65625 0.01171875 0.6475694437499999 0.01171875 0.6440972229166667 0.013671875 0.640625 0.013671875 0.6336805562500001 0.015625 0.6302083333333334 0.015625 0.609375 0.013671875 0.6059027770833333 0.013671875 0.5920138895833333 0.01171875 0.5885416666666666 0.01171875 0.5815972229166667 0.0078125 0.5746527770833333 0.0078125 0.5711805562500001 0.0029296875 0.5625 0.0009765625 0.5625 0 0.5642361104166667 0 0.6579861104166667
1 0.08203125 0.3732638895833333 0.0771484375 0.3645833333333333 0.0654296875 0.3645833333333333 0.060546875 0.3732638895833333 0.060546875 0.3767361104166667 0.056640625 0.38368055624999997 0.056640625 0.4010416666666667 0.0546875 0.4045138895833333 0.0546875 0.4114583333333333 0.056640625 0.41493055624999997 0.056640625 0.421875 0.05859375 0.42534722291666666 0.05859375 0.42881944375000003 0.0615234375 0.43402777708333334 0.0634765625 0.43402777708333334 0.0654296875 0.4375 0.0751953125 0.4375 0.076171875 0.4357638895833333 0.08203125 0.42534722291666666 0.08203125 0.41840277708333334 0.083984375 0.41493055624999997 0.083984375 0.4045138895833333 0.0859375 0.4010416666666667 0.0859375 0.39409722291666666 0.083984375 0.390625 0.083984375 0.3802083333333333 0.08203125 0.3767361104166667 0.08203125 0.3732638895833333
1 0.2138671875 0.19791666666666666 0.2099609375 0.19791666666666666 0.2080078125 0.19444444375 0.2060546875 0.19791666666666666 0.2021484375 0.19791666666666666 0.2001953125 0.20138888958333334 0.1982421875 0.20138888958333334 0.193359375 0.21006944375 0.193359375 0.21354166666666666 0.189453125 0.22395833333333334 0.189453125 0.24131944375 0.19140625 0.24479166666666666 0.19140625 0.24826388958333334 0.1982421875 0.2604166666666667 0.2021484375 0.2604166666666667 0.2041015625 0.26388888958333334 0.2080078125 0.26388888958333334 0.208984375 0.26215277708333334 0.2119140625 0.2604166666666667 0.21875 0.24826388958333334 0.21875 0.24479166666666666 0.22265625 0.234375 0.22265625 0.21701388958333334 0.220703125 0.21354166666666666 0.220703125 0.20659722291666668 0.2177734375 0.20138888958333334 0.2158203125 0.20138888958333334 0.2138671875 0.19791666666666666
1 0.3896484375 0.10416666666666667 0.3876953125 0.10069444375 0.3837890625 0.10069444375 0.3818359375 0.09722222291666666 0.3798828125 0.09722222291666666 0.3779296875 0.10069444375 0.3720703125 0.10069444375 0.3701171875 0.10416666666666667 0.3681640625 0.10416666666666667 0.36328125 0.11284722291666666 0.36328125 0.11631944375 0.359375 0.1267361104166667 0.359375 0.140625 0.361328125 0.14409722291666668 0.361328125 0.15104166666666666 0.3642578125 0.15625 0.3662109375 0.15625 0.3701171875 0.16319444375 0.3720703125 0.16319444375 0.3740234375 0.16666666666666666 0.3798828125 0.16666666666666666 0.380859375 0.16493055625 0.3818359375 0.16319444375 0.3857421875 0.16319444375 0.39453125 0.14756944375 0.39453125 0.14409722291666668 0.396484375 0.140625 0.396484375 0.13368055625 0.3984375 0.13020833333333334 0.39453125 0.109375 0.3916015625 0.10416666666666667 0.3896484375 0.10416666666666667
1 0.4814453125 0.06944444375 0.4794921875 0.06944444375 0.4775390625 0.06597222291666667 0.4658203125 0.06597222291666667 0.4638671875 0.06944444375 0.4619140625 0.06944444375 0.453125 0.08506944375 0.453125 0.10590277708333334 0.455078125 0.109375 0.455078125 0.11284722291666666 0.4619140625 0.125 0.4638671875 0.125 0.4658203125 0.12847222291666666 0.4775390625 0.12847222291666666 0.478515625 0.1267361104166667 0.4814453125 0.125 0.484375 0.11979166666666667 0.484375 0.11631944375 0.48828125 0.109375 0.48828125 0.10243055625 0.490234375 0.09895833333333333 0.490234375 0.08854166666666667 0.48828125 0.08506944375 0.48828125 0.08159722291666666 0.4814453125 0.06944444375
1 0.55859375 0.08159722291666666 0.55859375 0.09201388958333333 0.556640625 0.09548611041666667 0.556640625 0.09895833333333333 0.55859375 0.10243055625 0.55859375 0.10590277708333334 0.5595703125 0.10763888958333333 0.5693359375 0.10763888958333333 0.5703125 0.10590277708333334 0.57421875 0.09895833333333333 0.57421875 0.09548611041666667 0.58203125 0.08159722291666666 0.58203125 0.06423611041666667 0.5732421875 0.048611110416666665 0.5595703125 0.048611110416666665 0.5576171875 0.052083333333333336 0.5556640625 0.052083333333333336 0.55078125 0.060763889583333335 0.55859375 0.08159722291666666
1 0.609375 0.05381944375 0.6044921875 0.045138889583333335 0.5947265625 0.045138889583333335 0.5927734375 0.048611110416666665 0.5888671875 0.048611110416666665 0.583984375 0.057291666666666664 0.583984375 0.060763889583333335 0.58203125 0.06423611041666667 0.58203125 0.07118055625 0.583984375 0.07465277708333334 0.583984375 0.078125 0.5849609375 0.07986111041666667 0.5869140625 0.07986111041666667 0.587890625 0.078125 0.587890625 0.07465277708333334 0.58984375 0.07118055625 0.58984375 0.06770833333333333 0.5927734375 0.0625 0.5947265625 0.0625 0.5966796875 0.05902777708333333 0.5986328125 0.05902777708333333 0.6005859375 0.05555555625 0.6083984375 0.05555555625 0.609375 0.05381944375
1 0.6376953125 0.045138889583333335 0.6279296875 0.045138889583333335 0.6259765625 0.048611110416666665 0.6240234375 0.048611110416666665 0.619140625 0.057291666666666664 0.619140625 0.06423611041666667 0.62109375 0.06770833333333333 0.62109375 0.07118055625 0.625 0.08159722291666666 0.625 0.09895833333333333 0.6259765625 0.10069444375 0.6279296875 0.10069444375 0.6298828125 0.10416666666666667 0.6416015625 0.10416666666666667 0.642578125 0.10243055625 0.64453125 0.09895833333333333 0.64453125 0.09548611041666667 0.6484375 0.08854166666666667 0.6484375 0.078125 0.650390625 0.07465277708333334 0.6484375 0.07118055625 0.6484375 0.060763889583333335 0.6416015625 0.048611110416666665 0.6396484375 0.048611110416666665 0.6376953125 0.045138889583333335
1 0.6669921875 0.05555555625 0.6650390625 0.05902777708333333 0.6630859375 0.05902777708333333 0.6591796875 0.06597222291666667 0.6572265625 0.06597222291666667 0.654296875 0.07118055625 0.654296875 0.078125 0.65234375 0.08159722291666666 0.65234375 0.09201388958333333 0.66015625 0.10590277708333334 0.66015625 0.109375 0.6611328125 0.11111111041666667 0.6630859375 0.11111111041666667 0.6650390625 0.11458333333333333 0.6787109375 0.11458333333333333 0.6796875 0.11284722291666666 0.685546875 0.10243055625 0.685546875 0.09895833333333333 0.6875 0.09548611041666667 0.6875 0.078125 0.685546875 0.07465277708333334 0.685546875 0.07118055625 0.6787109375 0.05902777708333333 0.6767578125 0.05902777708333333 0.6748046875 0.05555555625 0.6669921875 0.05555555625
1 0.6669921875 0.05555555625 0.6708984375 0.05555555625 0.671875 0.05381944375 0.6669921875 0.045138889583333335 0.6533203125 0.045138889583333335 0.646484375 0.057291666666666664 0.646484375 0.060763889583333335 0.6484375 0.06423611041666667 0.6484375 0.07465277708333334 0.650390625 0.078125 0.650390625 0.08506944375 0.6513671875 0.08680555625 0.65234375 0.08506944375 0.65234375 0.08159722291666666 0.654296875 0.078125 0.654296875 0.07465277708333334 0.65625 0.07118055625 0.65625 0.06770833333333333 0.6572265625 0.06597222291666667 0.6591796875 0.06597222291666667 0.6630859375 0.05902777708333333 0.6650390625 0.05902777708333333 0.6669921875 0.05555555625