1 0.099609375 0.4739583333333333 0.1103515625 0.49652777708333334 0.1142578125 0.5 0.126953125 0.4982638895833333 0.13671875 0.484375 0.140625 0.44618055624999997 0.13671875 0.42534722291666666 0.1279296875 0.40972222291666666 0.1181640625 0.40625 0.1103515625 0.41319444375000003 0.099609375 0.4392361104166667 0.099609375 0.4739583333333333
1 0.267578125 0.30381944375000003 0.26953125 0.32118055624999997 0.2763671875 0.34375 0.30078125 0.3420138895833333 0.298828125 0.3385416666666667 0.298828125 0.30034722291666666 0.310546875 0.26909722291666666 0.3017578125 0.25694444375 0.2880859375 0.25694444375 0.2822265625 0.2604166666666667 0.2734375 0.2760416666666667 0.267578125 0.30381944375000003
1 0.240234375 0.296875 0.2509765625 0.3020833333333333 0.26171875 0.32118055624999997 0.263671875 0.3489583333333333 0.267578125 0.3489583333333333 0.271484375 0.3420138895833333 0.267578125 0.30034722291666666 0.2734375 0.2760416666666667 0.2685546875 0.2673611104166667 0.2548828125 0.2673611104166667 0.2470703125 0.27430555624999997 0.240234375 0.2864583333333333 0.240234375 0.296875
1 0.3427734375 0.38194444375000003 0.3291015625 0.37152777708333334 0.3134765625 0.37152777708333334 0.3017578125 0.37847222291666666 0.291015625 0.39409722291666666 0.28125 0.421875 0.279296875 0.46006944375000003 0.28125 0.4635416666666667 0.28125 0.4739583333333333 0.2841796875 0.4791666666666667 0.28515625 0.47743055624999997 0.2978515625 0.4479166666666667 0.3212890625 0.43055555624999997 0.3349609375 0.43055555624999997 0.3603515625 0.4479166666666667 0.361328125 0.4322916666666667 0.359375 0.42881944375000003 0.357421875 0.4079861104166667 0.3427734375 0.38194444375000003
1 0.3447265625 0.2916666666666667 0.3310546875 0.2916666666666667 0.3193359375 0.3020833333333333 0.30859375 0.32118055624999997 0.306640625 0.33159722291666666 0.302734375 0.3385416666666667 0.306640625 0.35590277708333334 0.3154296875 0.37152777708333334 0.3330078125 0.37152777708333334 0.3486328125 0.3888888895833333 0.353515625 0.390625 0.357421875 0.3697916666666667 0.361328125 0.35590277708333334 0.3671875 0.3454861104166667 0.369140625 0.33506944375000003 0.369140625 0.328125 0.36328125 0.3107638895833333 0.3583984375 0.3020833333333333 0.3447265625 0.2916666666666667
1 0.5185546875 0.26388888958333334 0.5078125 0.2795138895833333 0.5078125 0.3072916666666667 0.5107421875 0.3125 0.5302734375 0.3125 0.5322265625 0.31597222291666666 0.5380859375 0.31597222291666666 0.5517578125 0.3298611104166667 0.5576171875 0.34027777708333334 0.5625 0.3385416666666667 0.564453125 0.32118055624999997 0.5703125 0.3072916666666667 0.5703125 0.29340277708333334 0.5576171875 0.2673611104166667 0.5439453125 0.25694444375 0.5283203125 0.25694444375 0.5224609375 0.26388888958333334 0.5185546875 0.26388888958333334
1 0.5966796875 0.27430555624999997 0.5849609375 0.28125 0.568359375 0.3107638895833333 0.5625 0.3385416666666667 0.5625 0.3489583333333333 0.5673828125 0.3611111104166667 0.5888671875 0.34027777708333334 0.5947265625 0.34027777708333334 0.6025390625 0.3333333333333333 0.6259765625 0.34027777708333334 0.6337890625 0.34722222291666666 0.6416015625 0.3611111104166667 0.64453125 0.359375 0.646484375 0.35590277708333334 0.646484375 0.3454861104166667 0.64453125 0.3420138895833333 0.64453125 0.328125 0.638671875 0.3072916666666667 0.6279296875 0.28819444375000003 0.6083984375 0.27430555624999997 0.5966796875 0.27430555624999997
1 0.6748046875 0.3229166666666667 0.6708984375 0.3298611104166667 0.6650390625 0.3333333333333333 0.65234375 0.359375 0.65234375 0.38368055624999997 0.6572265625 0.40277777708333334 0.6630859375 0.40277777708333334 0.6787109375 0.3923611104166667 0.6982421875 0.3923611104166667 0.7177734375 0.40625 0.7236328125 0.4166666666666667 0.73046875 0.41493055624999997 0.734375 0.4045138895833333 0.734375 0.3767361104166667 0.728515625 0.35590277708333334 0.7158203125 0.3333333333333333 0.7060546875 0.3229166666666667 0.7001953125 0.31944444375000003 0.6806640625 0.31944444375000003 0.6748046875 0.3229166666666667
1 0.65625 0.7760416666666666 0.65234375 0.7552083333333334 0.640625 0.7170138895833333 0.6181640625 0.6805555562500001 0.6142578125 0.6805555562500001 0.5986328125 0.6666666666666666 0.5595703125 0.6666666666666666 0.5361328125 0.6805555562500001 0.5322265625 0.6875 0.5263671875 0.6909722229166667 0.509765625 0.7204861104166667 0.501953125 0.7413194437499999 0.49609375 0.7621527770833333 0.494140625 0.7899305562500001 0.4921875 0.7934027770833333 0.494140625 0.8420138895833333 0.5 0.859375 0.5 0.8663194437499999 0.51171875 0.8940972229166667 0.5361328125 0.9305555562500001 0.5458984375 0.9375 0.5615234375 0.9409722229166667 0.5634765625 0.9444444437499999 0.5859375 0.9427083333333334 0.6025390625 0.9375 0.6142578125 0.9270833333333334 0.6318359375 0.9027777770833333 0.646484375 0.8732638895833333 0.65234375 0.8524305562500001 0.65234375 0.8420138895833333 0.65625 0.8246527770833333 0.65625 0.7760416666666666
1 0.7734375 0.6961805562500001 0.775390625 0.6475694437499999 0.7734375 0.6440972229166667 0.7734375 0.6267361104166667 0.767578125 0.6059027770833333 0.7490234375 0.5659722229166667 0.7275390625 0.5451388895833333 0.7216796875 0.5451388895833333 0.7197265625 0.5416666666666666 0.6982421875 0.5416666666666666 0.6689453125 0.5625 0.65234375 0.5885416666666666 0.640625 0.6336805562500001 0.638671875 0.6684027770833333 0.63671875 0.671875 0.63671875 0.6927083333333334 0.640625 0.7100694437499999 0.654296875 0.7413194437499999 0.65625 0.7552083333333334 0.6650390625 0.7708333333333334 0.6787109375 0.7847222229166667 0.68359375 0.7829861104166667 0.7001953125 0.7638888895833333 0.7041015625 0.7638888895833333 0.7236328125 0.7465277770833333 0.7314453125 0.7465277770833333 0.7333984375 0.7430555562500001 0.7587890625 0.7430555562500001 0.763671875 0.734375 0.7734375 0.6961805562500001
1 0.9296875 0.7795138895833333 0.92578125 0.7586805562500001 0.921875 0.7517361104166667 0.919921875 0.7413194437499999 0.9033203125 0.7118055562500001 0.8857421875 0.7013888895833333 0.8681640625 0.7013888895833333 0.8662109375 0.7048611104166667 0.8603515625 0.7048611104166667 0.8408203125 0.7222222229166667 0.8203125 0.7586805562500001 0.80859375 0.8003472229166667 0.818359375 0.8489583333333334 0.818359375 0.8975694437499999 0.81640625 0.9010416666666666 0.81640625 0.9184027770833333 0.814453125 0.921875 0.81640625 0.9322916666666666 0.8291015625 0.9583333333333334 0.8369140625 0.9652777770833333 0.8427734375 0.96875 0.857421875 0.9670138895833333 0.8662109375 0.9652777770833333 0.8798828125 0.9548611104166667 0.8857421875 0.9444444437499999 0.8896484375 0.9444444437499999 0.9140625 0.9010416666666666 0.921875 0.8767361104166667 0.9296875 0.8350694437499999 0.9296875 0.7795138895833333
0 0.216796875 0.32118055624999997 0.212890625 0.35243055624999997 0.216796875 0.3732638895833333 0.2236328125 0.3854166666666667 0.2314453125 0.3923611104166667 0.244140625 0.390625 0.2490234375 0.3888888895833333 0.26171875 0.359375 0.26171875 0.32465277708333334 0.2509765625 0.3020833333333333 0.2470703125 0.2986111104166667 0.2333984375 0.2986111104166667 0.2255859375 0.30555555624999997 0.216796875 0.32118055624999997
0 0.3095703125 0.2673611104166667 0.31640625 0.265625 0.32421875 0.24479166666666666 0.3193359375 0.23611111041666666 0.3095703125 0.22916666666666666 0.2939453125 0.23611111041666666 0.287109375 0.25173611041666666 0.2880859375 0.25694444375 0.3017578125 0.25694444375 0.3095703125 0.2673611104166667
0 0.3349609375 0.26388888958333334 0.3193359375 0.26388888958333334 0.3095703125 0.27430555624999997 0.302734375 0.2864583333333333 0.298828125 0.30381944375000003 0.298828125 0.33159722291666666 0.30078125 0.3420138895833333 0.3037109375 0.34722222291666666 0.3046875 0.3454861104166667 0.30859375 0.32118055624999997 0.3193359375 0.3020833333333333 0.3330078125 0.2916666666666667 0.3525390625 0.2951388895833333 0.353515625 0.28993055624999997 0.3515625 0.2829861104166667 0.3408203125 0.2673611104166667 0.3349609375 0.26388888958333334
0 0.3642578125 0.46180555624999997 0.3603515625 0.4513888895833333 0.3466796875 0.4375 0.3271484375 0.43055555624999997 0.3037109375 0.44444444375000003 0.2890625 0.4704861104166667 0.28125 0.4982638895833333 0.28125 0.5190972229166666 0.279296875 0.52256944375 0.28125 0.5260416666666666 0.28125 0.546875 0.287109375 0.5677083333333334 0.296875 0.5885416666666666 0.3056640625 0.6006944437499999 0.3232421875 0.6076388895833333 0.3251953125 0.6111111104166667 0.341796875 0.609375 0.3525390625 0.6006944437499999 0.373046875 0.5642361104166667 0.376953125 0.5503472229166667 0.37890625 0.52256944375 0.376953125 0.5190972229166666 0.375 0.48784722291666666 0.3671875 0.4635416666666667 0.3642578125 0.46180555624999997
0 0.48828125 0.7586805562500001 0.484375 0.7482638895833333 0.484375 0.7378472229166667 0.4765625 0.7170138895833333 0.4638671875 0.6944444437499999 0.4443359375 0.6701388895833333 0.4248046875 0.6631944437499999 0.4228515625 0.6597222229166667 0.3994140625 0.6597222229166667 0.3974609375 0.6631944437499999 0.3916015625 0.6631944437499999 0.3662109375 0.6840277770833333 0.3515625 0.7100694437499999 0.34375 0.7309027770833333 0.3359375 0.7725694437499999 0.3359375 0.8003472229166667 0.337890625 0.8038194437499999 0.33984375 0.8315972229166667 0.345703125 0.8559027770833333 0.3515625 0.8697916666666666 0.3720703125 0.9027777770833333 0.3818359375 0.9097222229166667 0.3857421875 0.9166666666666666 0.3974609375 0.9236111104166667 0.4052734375 0.9236111104166667 0.4072265625 0.9270833333333334 0.4375 0.9253472229166667 0.4462890625 0.9166666666666666 0.4501953125 0.9166666666666666 0.4619140625 0.9027777770833333 0.482421875 0.859375 0.48828125 0.8385416666666666 0.48828125 0.8246527770833333 0.490234375 0.8211805562500001 0.48828125 0.7586805562500001
0 0.4873046875 0.52430555625 0.4814453125 0.5138888895833333 0.4677734375 0.5034722229166666 0.4560546875 0.5034722229166666 0.4541015625 0.5 0.4501953125 0.5034722229166666 0.4345703125 0.5034722229166666 0.4169921875 0.5173611104166667 0.400390625 0.5434027770833333 0.390625 0.5746527770833333 0.38671875 0.5954861104166667 0.38671875 0.6267361104166667 0.390625 0.640625 0.390625 0.6510416666666666 0.3955078125 0.6597222229166667 0.4013671875 0.65625 0.4287109375 0.6597222229166667 0.4599609375 0.6840277770833333 0.4609375 0.6892361104166667 0.4736328125 0.7083333333333334 0.48828125 0.7065972229166667 0.509765625 0.671875 0.515625 0.6475694437499999 0.517578125 0.6024305562500001 0.515625 0.5989583333333334 0.51171875 0.5677083333333334 0.5078125 0.5572916666666666 0.4931640625 0.5277777770833334 0.4873046875 0.52430555625
0 0.740234375 0.4635416666666667 0.73828125 0.453125 0.73046875 0.42881944375000003 0.7216796875 0.41319444375000003 0.7041015625 0.3958333333333333 0.6982421875 0.3923611104166667 0.6806640625 0.3923611104166667 0.6787109375 0.3958333333333333 0.6728515625 0.3958333333333333 0.6552734375 0.40972222291666666 0.642578125 0.4322916666666667 0.640625 0.44965277708333334 0.634765625 0.4704861104166667 0.634765625 0.5121527770833334 0.640625 0.5364583333333334 0.6484375 0.5572916666666666 0.6572265625 0.5694444437499999 0.6640625 0.5677083333333334 0.6748046875 0.5555555562500001 0.6787109375 0.5555555562500001 0.6943359375 0.5416666666666666 0.7255859375 0.5416666666666666 0.7314453125 0.5451388895833333 0.73828125 0.5260416666666666 0.740234375 0.515625 0.740234375 0.4635416666666667
0 0.6337890625 0.34722222291666666 0.6259765625 0.34027777708333334 0.6201171875 0.33680555624999997 0.5966796875 0.33680555624999997 0.5947265625 0.34027777708333334 0.5888671875 0.34027777708333334 0.5751953125 0.3541666666666667 0.56640625 0.3697916666666667 0.55859375 0.39409722291666666 0.55859375 0.41493055624999997 0.578125 0.44618055624999997 0.58203125 0.46006944375000003 0.587890625 0.4704861104166667 0.59375 0.49131944375000003 0.59375 0.4982638895833333 0.5986328125 0.50694444375 0.6044921875 0.5104166666666666 0.619140625 0.50868055625 0.6279296875 0.5034722229166666 0.6328125 0.49131944375000003 0.6328125 0.47743055624999997 0.640625 0.4357638895833333 0.654296875 0.4079861104166667 0.654296875 0.39756944375000003 0.646484375 0.3697916666666667 0.6337890625 0.34722222291666666
0 0.5458984375 0.3229166666666667 0.5302734375 0.3125 0.5107421875 0.3125 0.4931640625 0.3298611104166667 0.482421875 0.3489583333333333 0.478515625 0.36284722291666666 0.4765625 0.3732638895833333 0.4765625 0.4010416666666667 0.482421875 0.4322916666666667 0.4892578125 0.44444444375000003 0.494140625 0.4427083333333333 0.5029296875 0.43055555624999997 0.5263671875 0.40972222291666666 0.5556640625 0.40972222291666666 0.55859375 0.390625 0.564453125 0.3732638895833333 0.564453125 0.359375 0.55859375 0.3420138895833333 0.5458984375 0.3229166666666667
0 0.81640625 0.42881944375000003 0.80859375 0.4045138895833333 0.7958984375 0.38194444375000003 0.7822265625 0.37152777708333334 0.7587890625 0.37152777708333334 0.7412109375 0.3888888895833333 0.736328125 0.39756944375000003 0.73046875 0.41840277708333334 0.73046875 0.42534722291666666 0.740234375 0.45659722291666666 0.7421875 0.5121527770833334 0.7509765625 0.53125 0.7685546875 0.5486111104166667 0.78515625 0.546875 0.7998046875 0.5347222229166667 0.810546875 0.5121527770833334 0.814453125 0.4982638895833333 0.81640625 0.47743055624999997 0.818359375 0.4739583333333333 0.818359375 0.4427083333333333 0.81640625 0.4392361104166667 0.81640625 0.42881944375000003
0 1 0.5607638895833333 0.998046875 0.5538194437499999 0.9814453125 0.5277777770833334 0.9677734375 0.52430555625 0.9560546875 0.53125 0.94140625 0.5572916666666666 0.9375 0.5711805562500001 0.935546875 0.5989583333333334 0.9482421875 0.6041666666666666 0.9599609375 0.6145833333333334 0.970703125 0.6336805562500001 0.978515625 0.6649305562500001 0.978515625 0.6788194437499999 0.9814453125 0.6840277770833333 0.984375 0.6822916666666666 0.9921875 0.6649305562500001 1 0.6545138895833333 1 0.5607638895833333
0 0.9208984375 0.44444444375000003 0.9140625 0.45659722291666666 0.908203125 0.47743055624999997 0.908203125 0.48090277708333334 0.9150390625 0.4895833333333333 0.927734375 0.515625 0.93359375 0.5399305562500001 0.935546875 0.5642361104166667 0.939453125 0.5642361104166667 0.9560546875 0.53125 0.974609375 0.52256944375 0.97265625 0.49131944375000003 0.966796875 0.4670138895833333 0.9599609375 0.4513888895833333 0.9462890625 0.4375 0.9326171875 0.4375 0.9208984375 0.44444444375000003
0 0.8857421875 0.47569444375000003 0.8681640625 0.4895833333333333 0.857421875 0.50868055625 0.849609375 0.5295138895833333 0.849609375 0.5364583333333334 0.8544921875 0.5451388895833333 0.8583984375 0.5451388895833333 0.8701171875 0.5590277770833333 0.880859375 0.5815972229166667 0.888671875 0.6197916666666666 0.888671875 0.6545138895833333 0.892578125 0.6545138895833333 0.9111328125 0.6180555562500001 0.9326171875 0.6006944437499999 0.935546875 0.5850694437499999 0.935546875 0.5572916666666666 0.92578125 0.5121527770833334 0.9150390625 0.4895833333333333 0.8994140625 0.47569444375000003 0.8857421875 0.47569444375000003
0 0.888671875 0.6232638895833333 0.88671875 0.6197916666666666 0.88671875 0.6059027770833333 0.87890625 0.578125 0.8642578125 0.5520833333333334 0.8388671875 0.5347222229166667 0.8193359375 0.5381944437499999 0.7998046875 0.5555555562500001 0.7890625 0.5815972229166667 0.78515625 0.5850694437499999 0.775390625 0.6232638895833333 0.77734375 0.6927083333333334 0.78515625 0.7204861104166667 0.8056640625 0.7534722229166667 0.8134765625 0.7604166666666666 0.818359375 0.7586805562500001 0.8349609375 0.7326388895833333 0.8388671875 0.7222222229166667 0.8642578125 0.7013888895833333 0.8798828125 0.7013888895833333 0.884765625 0.6927083333333334 0.884765625 0.6822916666666666 0.888671875 0.6649305562500001 0.888671875 0.6232638895833333
0 0.96875 0.8211805562500001 0.9765625 0.8454861104166667 0.982421875 0.8489583333333334 1 0.8177083333333334 0.9990234375 0.6597222229166667 0.986328125 0.6788194437499999 0.984375 0.6892361104166667 0.98046875 0.6961805562500001 0.9765625 0.7447916666666666 0.96875 0.7760416666666666 0.96875 0.8211805562500001
0 0.3349609375 0.26388888958333334 0.3447265625 0.2708333333333333 0.3505859375 0.28125 0.353515625 0.2795138895833333 0.353515625 0.27256944375000003 0.361328125 0.24826388958333334 0.3525390625 0.23611111041666666 0.3466796875 0.23263888958333334 0.3330078125 0.23611111041666666 0.318359375 0.25868055625 0.3193359375 0.26388888958333334 0.3349609375 0.26388888958333334