0 0.4599609375 0.3888888895833333 0.4560546875 0.3888888895833333 0.4521484375 0.38194444375000003 0.4462890625 0.38194444375000003 0.4443359375 0.37847222291666666 0.4228515625 0.37847222291666666 0.3994140625 0.39930555624999997 0.38671875 0.42534722291666666 0.37890625 0.46006944375000003 0.37890625 0.5017361104166667 0.390625 0.5399305562500001 0.4052734375 0.5625 0.4208984375 0.5763888895833333 0.4287109375 0.5763888895833333 0.4306640625 0.5798611104166667 0.439453125 0.578125 0.4462890625 0.5763888895833333 0.4638671875 0.5625 0.4765625 0.5434027770833333 0.484375 0.52256944375 0.484375 0.515625 0.490234375 0.4947916666666667 0.490234375 0.46006944375000003 0.482421875 0.42534722291666666 0.4658203125 0.3958333333333333 0.4599609375 0.3888888895833333
0 0.451171875 0.33506944375000003 0.4453125 0.3489583333333333 0.443359375 0.3767361104166667 0.4638671875 0.3923611104166667 0.4765625 0.4114583333333333 0.484375 0.42881944375000003 0.490234375 0.453125 0.490234375 0.4635416666666667 0.4931640625 0.46875 0.5078125 0.4670138895833333 0.5224609375 0.4513888895833333 0.533203125 0.42881944375000003 0.5390625 0.39756944375000003 0.5390625 0.36284722291666666 0.53125 0.33159722291666666 0.5166015625 0.30902777708333334 0.5009765625 0.2986111104166667 0.4775390625 0.3020833333333333 0.4619140625 0.31597222291666666 0.451171875 0.33506944375000003
0 0.5576171875 0.30555555624999997 0.544921875 0.33506944375000003 0.544921875 0.3454861104166667 0.54296875 0.3489583333333333 0.544921875 0.4010416666666667 0.552734375 0.42881944375000003 0.5634765625 0.4479166666666667 0.5810546875 0.4583333333333333 0.603515625 0.45659722291666666 0.6162109375 0.4479166666666667 0.6328125 0.41493055624999997 0.6328125 0.4079861104166667 0.63671875 0.39756944375000003 0.63671875 0.35590277708333334 0.625 0.3177083333333333 0.6103515625 0.2986111104166667 0.5927734375 0.28819444375000003 0.5771484375 0.28819444375000003 0.5576171875 0.30555555624999997
0 0.5205078125 0.25 0.505859375 0.2760416666666667 0.50390625 0.2864583333333333 0.5048828125 0.3020833333333333 0.5146484375 0.30555555624999997 0.5205078125 0.3125 0.53515625 0.3385416666666667 0.537109375 0.3489583333333333 0.541015625 0.3489583333333333 0.548828125 0.32118055624999997 0.5576171875 0.30555555624999997 0.5712890625 0.2916666666666667 0.58203125 0.2864583333333333 0.58203125 0.2795138895833333 0.5751953125 0.2604166666666667 0.5673828125 0.25 0.5537109375 0.23958333333333334 0.5322265625 0.23958333333333334 0.5205078125 0.25
0 0.4677734375 0.21875 0.4580078125 0.22916666666666666 0.4453125 0.2552083333333333 0.443359375 0.265625 0.443359375 0.29340277708333334 0.451171875 0.3177083333333333 0.4560546875 0.3229166666666667 0.458984375 0.32118055624999997 0.4638671875 0.3125 0.4833984375 0.2986111104166667 0.5009765625 0.2986111104166667 0.50390625 0.29340277708333334 0.505859375 0.2760416666666667 0.515625 0.2552083333333333 0.513671875 0.24131944375 0.5068359375 0.22916666666666666 0.4892578125 0.21527777708333332 0.4677734375 0.21875
0 0.4599609375 0.22916666666666666 0.4677734375 0.21875 0.4912109375 0.21527777708333332 0.5068359375 0.22916666666666666 0.513671875 0.24131944375 0.513671875 0.24826388958333334 0.5166015625 0.25347222291666666 0.51953125 0.25173611041666666 0.521484375 0.24826388958333334 0.521484375 0.22048611041666666 0.515625 0.19965277708333332 0.5107421875 0.19097222291666668 0.4970703125 0.18055555625 0.4794921875 0.18055555625 0.4755859375 0.18402777708333332 0.4609375 0.20659722291666668 0.45703125 0.22395833333333334 0.4599609375 0.22916666666666666
0 0.4150390625 0.20486111041666666 0.4033203125 0.21527777708333332 0.39453125 0.23090277708333332 0.392578125 0.24479166666666666 0.4111328125 0.24652777708333332 0.4228515625 0.25694444375 0.43359375 0.2795138895833333 0.4375 0.29340277708333334 0.4375 0.3072916666666667 0.44140625 0.3072916666666667 0.443359375 0.30034722291666666 0.443359375 0.265625 0.447265625 0.24826388958333334 0.453125 0.23784722291666668 0.453125 0.23090277708333332 0.44921875 0.22048611041666666 0.4345703125 0.20486111041666666 0.4287109375 0.20486111041666666 0.4267578125 0.20138888958333334 0.4150390625 0.20486111041666666
0 0.2958984375 0.31944444375000003 0.3017578125 0.31597222291666666 0.3193359375 0.31597222291666666 0.3251953125 0.31944444375000003 0.3330078125 0.3263888895833333 0.341796875 0.3420138895833333 0.345703125 0.36284722291666666 0.3486328125 0.36805555624999997 0.35546875 0.36631944375000003 0.361328125 0.3489583333333333 0.36328125 0.3142361104166667 0.359375 0.29340277708333334 0.3525390625 0.27777777708333334 0.3388671875 0.26388888958333334 0.3232421875 0.26388888958333334 0.3134765625 0.2708333333333333 0.30078125 0.28993055624999997 0.294921875 0.3107638895833333 0.2958984375 0.31944444375000003
0 0.2880859375 0.3263888895833333 0.27734375 0.3454861104166667 0.271484375 0.3697916666666667 0.271484375 0.38715277708333334 0.26953125 0.390625 0.271484375 0.39409722291666666 0.271484375 0.4114583333333333 0.275390625 0.421875 0.275390625 0.42881944375000003 0.2822265625 0.44097222291666666 0.28515625 0.4392361104166667 0.287109375 0.421875 0.294921875 0.39409722291666666 0.3056640625 0.37847222291666666 0.3212890625 0.3645833333333333 0.345703125 0.36284722291666666 0.34375 0.3489583333333333 0.3330078125 0.3263888895833333 0.3173828125 0.31597222291666666 0.3017578125 0.31597222291666666 0.2880859375 0.3263888895833333
0 0.2880859375 0.46875 0.2919921875 0.46875 0.3134765625 0.4513888895833333 0.3310546875 0.4513888895833333 0.3525390625 0.46875 0.3662109375 0.49652777708333334 0.37109375 0.4947916666666667 0.37890625 0.45659722291666666 0.37890625 0.4322916666666667 0.373046875 0.4045138895833333 0.3564453125 0.375 0.3408203125 0.3645833333333333 0.3232421875 0.3645833333333333 0.3115234375 0.37152777708333334 0.29296875 0.4010416666666667 0.28515625 0.4357638895833333 0.2880859375 0.46875
0 0.3173828125 0.4513888895833333 0.2939453125 0.46527777708333334 0.2880859375 0.47222222291666666 0.275390625 0.4982638895833333 0.275390625 0.5052083333333334 0.26953125 0.52256944375 0.26953125 0.5329861104166667 0.267578125 0.5364583333333334 0.267578125 0.578125 0.27734375 0.6197916666666666 0.2841796875 0.6319444437499999 0.3115234375 0.65625 0.32421875 0.6579861104166667 0.3408203125 0.6527777770833333 0.3544921875 0.6388888895833333 0.36328125 0.6232638895833333 0.375 0.5815972229166667 0.375 0.5329861104166667 0.365234375 0.4947916666666667 0.3544921875 0.47222222291666666 0.3408203125 0.4583333333333333 0.3291015625 0.4513888895833333 0.3173828125 0.4513888895833333
0 0.4150390625 0.28819444375000003 0.3974609375 0.28819444375000003 0.3798828125 0.3020833333333333 0.365234375 0.33159722291666666 0.361328125 0.3489583333333333 0.361328125 0.3802083333333333 0.37109375 0.39756944375000003 0.376953125 0.41840277708333334 0.3818359375 0.4270833333333333 0.384765625 0.42534722291666666 0.4013671875 0.3958333333333333 0.4072265625 0.3923611104166667 0.4111328125 0.3854166666666667 0.4228515625 0.37847222291666666 0.4384765625 0.37847222291666666 0.44140625 0.3732638895833333 0.447265625 0.3385416666666667 0.44140625 0.3177083333333333 0.4287109375 0.2986111104166667 0.4150390625 0.28819444375000003
1 0.3935546875 0.24652777708333332 0.3818359375 0.25694444375 0.37109375 0.27256944375000003 0.36328125 0.30034722291666666 0.36328125 0.32465277708333334 0.3662109375 0.3298611104166667 0.3671875 0.328125 0.3671875 0.32465277708333334 0.3857421875 0.2951388895833333 0.3974609375 0.28819444375000003 0.4150390625 0.28819444375000003 0.4365234375 0.30555555624999997 0.435546875 0.2864583333333333 0.427734375 0.265625 0.4169921875 0.25 0.4130859375 0.24652777708333332 0.3935546875 0.24652777708333332
1 0.89453125 0.27256944375000003 0.9013671875 0.28125 0.9140625 0.2795138895833333 0.916015625 0.2760416666666667 0.91796875 0.25173611041666666 0.921875 0.24131944375 0.921875 0.22743055625 0.9111328125 0.20486111041666666 0.8994140625 0.19791666666666666 0.8916015625 0.20486111041666666 0.88671875 0.22048611041666666 0.88671875 0.24826388958333334 0.89453125 0.27256944375000003
1 0.919921875 0.30381944375000003 0.927734375 0.33506944375000003 0.9326171875 0.34375 0.9365234375 0.34722222291666666 0.94921875 0.3454861104166667 0.955078125 0.3385416666666667 0.958984375 0.32465277708333334 0.9609375 0.30034722291666666 0.955078125 0.2795138895833333 0.955078125 0.27256944375000003 0.9443359375 0.25694444375 0.9345703125 0.25347222291666666 0.923828125 0.265625 0.919921875 0.2864583333333333 0.919921875 0.30381944375000003
1 0.6875 0.18576388958333334 0.689453125 0.18229166666666666 0.689453125 0.15451388958333334 0.69140625 0.15104166666666666 0.6904296875 0.11805555625 0.681640625 0.1267361104166667 0.67578125 0.14756944375 0.67578125 0.15798611041666666 0.6796875 0.17534722291666668 0.6865234375 0.1875 0.6875 0.18576388958333334