1 0.654296875 0.6649305562500001 0.654296875 0.6579861104166667 0.6484375 0.640625 0.6337890625 0.6145833333333334 0.6142578125 0.5972222229166667 0.5849609375 0.5902777770833333 0.5830078125 0.59375 0.5712890625 0.59375 0.5693359375 0.5972222229166667 0.5576171875 0.6006944437499999 0.5400390625 0.6180555562500001 0.5234375 0.6510416666666666 0.517578125 0.6684027770833333 0.513671875 0.703125 0.51171875 0.7065972229166667 0.51171875 0.7309027770833333 0.513671875 0.734375 0.513671875 0.7517361104166667 0.517578125 0.7725694437499999 0.52734375 0.8003472229166667 0.5341796875 0.8090277770833333 0.5634765625 0.8090277770833333 0.5654296875 0.8125 0.5732421875 0.8125 0.5849609375 0.8194444437499999 0.6044921875 0.8368055562500001 0.615234375 0.8350694437499999 0.6337890625 0.8194444437499999 0.6484375 0.7934027770833333 0.65625 0.7725694437499999 0.658203125 0.7517361104166667 0.66015625 0.7482638895833333 0.66015625 0.7100694437499999 0.662109375 0.7065972229166667 0.66015625 0.703125 0.66015625 0.6857638895833333 0.654296875 0.6649305562500001
1 0.4833984375 1 0.4853515625 0.9965277770833333 0.4892578125 1 0.634765625 0.9982638895833333 0.6376953125 0.9965277770833333 0.640625 0.9878472229166667 0.642578125 0.9357638895833333 0.640625 0.9322916666666666 0.640625 0.921875 0.6328125 0.9045138895833333 0.62890625 0.8871527770833333 0.6044921875 0.8402777770833333 0.5927734375 0.8333333333333334 0.5810546875 0.8194444437499999 0.5751953125 0.8194444437499999 0.5673828125 0.8125 0.5302734375 0.8125 0.5048828125 0.8298611104166667 0.47265625 0.8732638895833333 0.4609375 0.9045138895833333 0.4609375 0.9149305562500001 0.45703125 0.9253472229166667 0.45703125 0.9392361104166667 0.455078125 0.9427083333333334 0.455078125 0.984375 0.4599609375 1 0.4833984375 1
1 0.9736328125 0.6875 0.9541015625 0.6875 0.9404296875 0.6979166666666666 0.921875 0.7274305562500001 0.916015625 0.7447916666666666 0.921875 0.7760416666666666 0.921875 0.8315972229166667 0.912109375 0.8767361104166667 0.912109375 0.8871527770833333 0.9140625 0.8940972229166667 0.9267578125 0.9131944437499999 0.9326171875 0.9166666666666666 0.9453125 0.9149305562500001 0.9560546875 0.9027777770833333 0.98828125 0.8420138895833333 0.994140625 0.8246527770833333 0.994140625 0.8142361104166667 0.998046875 0.8003472229166667 0.998046875 0.7447916666666666 0.99609375 0.7413194437499999 0.99609375 0.7309027770833333 0.986328125 0.703125 0.9736328125 0.6875
1 0.7431640625 0.3888888895833333 0.728515625 0.41840277708333334 0.724609375 0.4357638895833333 0.724609375 0.4704861104166667 0.7529296875 0.49305555624999997 0.765625 0.515625 0.7734375 0.5434027770833333 0.7763671875 0.5486111104166667 0.783203125 0.546875 0.7900390625 0.5416666666666666 0.8046875 0.5121527770833334 0.8046875 0.5017361104166667 0.810546875 0.47743055624999997 0.80859375 0.42881944375000003 0.802734375 0.4079861104166667 0.7919921875 0.3888888895833333 0.7763671875 0.375 0.7587890625 0.375 0.7431640625 0.3888888895833333
1 0.232421875 0.3177083333333333 0.234375 0.33506944375000003 0.23828125 0.33506944375000003 0.2490234375 0.3229166666666667 0.2626953125 0.3229166666666667 0.2744140625 0.3333333333333333 0.27734375 0.328125 0.27734375 0.3072916666666667 0.271484375 0.2864583333333333 0.2626953125 0.27777777708333334 0.2451171875 0.28125 0.236328125 0.296875 0.232421875 0.3177083333333333
1 0.345703125 0.24479166666666666 0.34375 0.2552083333333333 0.34375 0.2795138895833333 0.3525390625 0.2986111104166667 0.3603515625 0.30555555624999997 0.376953125 0.30381944375000003 0.3837890625 0.2951388895833333 0.388671875 0.2829861104166667 0.392578125 0.265625 0.392578125 0.25173611041666666 0.390625 0.24131944375 0.3818359375 0.22569444375 0.3720703125 0.21875 0.3662109375 0.21875 0.3564453125 0.22569444375 0.345703125 0.24479166666666666
1 0.228515625 0.3697916666666667 0.2509765625 0.375 0.259765625 0.38715277708333334 0.267578125 0.4114583333333333 0.267578125 0.41840277708333334 0.271484375 0.41840277708333334 0.27734375 0.4079861104166667 0.283203125 0.38715277708333334 0.283203125 0.36284722291666666 0.279296875 0.3454861104166667 0.2705078125 0.3298611104166667 0.2626953125 0.3229166666666667 0.2490234375 0.3229166666666667 0.2412109375 0.3298611104166667 0.228515625 0.359375 0.228515625 0.3697916666666667
1 0.126953125 0.4392361104166667 0.123046875 0.453125 0.12109375 0.47743055624999997 0.126953125 0.50868055625 0.1357421875 0.52430555625 0.1455078125 0.53125 0.150390625 0.5295138895833333 0.14453125 0.50868055625 0.142578125 0.47743055624999997 0.14453125 0.4739583333333333 0.14453125 0.45659722291666666 0.146484375 0.44965277708333334 0.16015625 0.42534722291666666 0.1533203125 0.4166666666666667 0.1435546875 0.4166666666666667 0.1376953125 0.4201388895833333 0.126953125 0.4392361104166667
1 0.212890625 0.39756944375000003 0.20703125 0.421875 0.20703125 0.453125 0.212890625 0.4739583333333333 0.2255859375 0.49305555624999997 0.2294921875 0.49652777708333334 0.24609375 0.4947916666666667 0.2548828125 0.4861111104166667 0.263671875 0.4704861104166667 0.263671875 0.4635416666666667 0.267578125 0.453125 0.267578125 0.4079861104166667 0.2568359375 0.38194444375000003 0.2451171875 0.37152777708333334 0.2333984375 0.37152777708333334 0.2236328125 0.37847222291666666 0.212890625 0.39756944375000003
0 0.146484375 0.44965277708333334 0.142578125 0.48784722291666666 0.14453125 0.49131944375000003 0.14453125 0.50868055625 0.1552734375 0.5347222229166667 0.1650390625 0.5451388895833333 0.1708984375 0.5451388895833333 0.1728515625 0.5486111104166667 0.177734375 0.546875 0.1884765625 0.5381944437499999 0.197265625 0.52256944375 0.201171875 0.5052083333333334 0.201171875 0.4635416666666667 0.197265625 0.44618055624999997 0.1865234375 0.4270833333333333 0.1767578125 0.4201388895833333 0.1708984375 0.4201388895833333 0.1591796875 0.4270833333333333 0.146484375 0.44965277708333334
0 0.091796875 0.453125 0.08984375 0.49131944375000003 0.091796875 0.5017361104166667 0.1005859375 0.5208333333333334 0.1123046875 0.5277777770833334 0.1171875 0.5260416666666666 0.126953125 0.5121527770833334 0.126953125 0.5052083333333334 0.123046875 0.4947916666666667 0.123046875 0.48090277708333334 0.12109375 0.47743055624999997 0.125 0.4392361104166667 0.1162109375 0.4270833333333333 0.1064453125 0.4270833333333333 0.1025390625 0.43055555624999997 0.091796875 0.453125
0 0.05859375 0.5711805562500001 0.05859375 0.5850694437499999 0.056640625 0.5885416666666666 0.05859375 0.6163194437499999 0.0625 0.6336805562500001 0.0732421875 0.65625 0.0810546875 0.6631944437499999 0.09375 0.6614583333333334 0.1005859375 0.65625 0.107421875 0.640625 0.109375 0.6302083333333334 0.109375 0.5815972229166667 0.1015625 0.5503472229166667 0.0966796875 0.5416666666666666 0.0888671875 0.5347222229166667 0.0751953125 0.5347222229166667 0.064453125 0.5503472229166667 0.05859375 0.5711805562500001
0 0.4140625 0.8246527770833333 0.4140625 0.8142361104166667 0.400390625 0.7760416666666666 0.3896484375 0.7569444437499999 0.3701171875 0.7361111104166667 0.3662109375 0.7361111104166667 0.3603515625 0.7291666666666666 0.3408203125 0.7256944437499999 0.3388671875 0.7222222229166667 0.3095703125 0.7291666666666666 0.2919921875 0.7465277770833333 0.28125 0.765625 0.2734375 0.7864583333333334 0.26953125 0.8072916666666666 0.26953125 0.8211805562500001 0.267578125 0.8246527770833333 0.267578125 0.8420138895833333 0.265625 0.8454861104166667 0.265625 0.8628472229166667 0.267578125 0.8663194437499999 0.26953125 0.890625 0.28515625 0.9357638895833333 0.3076171875 0.96875 0.3173828125 0.9722222229166667 0.3212890625 0.9791666666666666 0.3447265625 0.9930555562500001 0.36328125 0.9913194437499999 0.3798828125 0.9861111104166667 0.3876953125 0.9791666666666666 0.388671875 0.9739583333333334 0.3955078125 0.96875 0.412109375 0.9357638895833333 0.416015625 0.921875 0.41796875 0.8940972229166667 0.419921875 0.890625 0.419921875 0.8489583333333334 0.4140625 0.8246527770833333
0 0.9140625 0.7413194437499999 0.8974609375 0.7083333333333334 0.8798828125 0.6944444437499999 0.8564453125 0.6944444437499999 0.8447265625 0.7048611104166667 0.8408203125 0.7048611104166667 0.8251953125 0.7222222229166667 0.814453125 0.7413194437499999 0.8046875 0.765625 0.796875 0.8003472229166667 0.794921875 0.828125 0.79296875 0.8315972229166667 0.79296875 0.8732638895833333 0.802734375 0.921875 0.8134765625 0.9409722229166667 0.8251953125 0.9548611104166667 0.8310546875 0.9583333333333334 0.85546875 0.9565972229166667 0.8759765625 0.9444444437499999 0.89453125 0.9184027770833333 0.90625 0.8940972229166667 0.91015625 0.8767361104166667 0.9140625 0.8697916666666666 0.919921875 0.8385416666666666 0.919921875 0.8246527770833333 0.921875 0.8211805562500001 0.921875 0.7864583333333334 0.9140625 0.7413194437499999
0 0.8798828125 0.5486111104166667 0.8759765625 0.5451388895833333 0.8525390625 0.5590277770833333 0.83203125 0.5920138895833333 0.826171875 0.609375 0.826171875 0.6197916666666666 0.8203125 0.640625 0.8203125 0.6996527770833333 0.822265625 0.7065972229166667 0.8271484375 0.7152777770833333 0.8310546875 0.7152777770833333 0.8544921875 0.6944444437499999 0.8818359375 0.6944444437499999 0.8955078125 0.7048611104166667 0.9091796875 0.7256944437499999 0.91015625 0.7239583333333334 0.9140625 0.7204861104166667 0.919921875 0.703125 0.923828125 0.6822916666666666 0.923828125 0.6684027770833333 0.92578125 0.6649305562500001 0.92578125 0.6336805562500001 0.916015625 0.5850694437499999 0.8994140625 0.5555555562500001 0.8896484375 0.5486111104166667 0.8798828125 0.5486111104166667
0 0.98046875 0.5815972229166667 0.9736328125 0.5694444437499999 0.9619140625 0.5590277770833333 0.9501953125 0.5590277770833333 0.9384765625 0.5659722229166667 0.92578125 0.5850694437499999 0.919921875 0.6024305562500001 0.92578125 0.6267361104166667 0.92578125 0.6684027770833333 0.921875 0.6892361104166667 0.921875 0.7065972229166667 0.9267578125 0.7152777770833333 0.927734375 0.7135416666666666 0.9423828125 0.6944444437499999 0.9521484375 0.6875 0.9755859375 0.6875 0.9833984375 0.6979166666666666 0.9853515625 0.6979166666666666 0.98828125 0.6892361104166667 0.990234375 0.6614583333333334 0.9921875 0.6579861104166667 0.98828125 0.6059027770833333 0.98046875 0.5815972229166667
0 0.9423828125 0.4548611104166667 0.9267578125 0.4548611104166667 0.9169921875 0.46180555624999997 0.904296875 0.484375 0.896484375 0.515625 0.896484375 0.5503472229166667 0.912109375 0.5746527770833333 0.9189453125 0.59375 0.923828125 0.5920138895833333 0.9345703125 0.5694444437499999 0.9501953125 0.5590277770833333 0.9658203125 0.5590277770833333 0.96875 0.546875 0.966796875 0.50868055625 0.962890625 0.49131944375000003 0.958984375 0.484375 0.95703125 0.4739583333333333 0.9501953125 0.46180555624999997 0.9423828125 0.4548611104166667
0 0.88671875 0.41840277708333334 0.8828125 0.4392361104166667 0.8828125 0.4635416666666667 0.890625 0.484375 0.89453125 0.5052083333333334 0.8984375 0.5052083333333334 0.904296875 0.484375 0.9169921875 0.46180555624999997 0.9248046875 0.4548611104166667 0.947265625 0.45659722291666666 0.947265625 0.4392361104166667 0.94140625 0.41493055624999997 0.9248046875 0.3888888895833333 0.9072265625 0.3854166666666667 0.8994140625 0.3923611104166667 0.88671875 0.41840277708333334
0 0.9111328125 0.34027777708333334 0.8955078125 0.33680555624999997 0.8818359375 0.35069444375000003 0.875 0.36631944375000003 0.873046875 0.39409722291666666 0.87890625 0.4079861104166667 0.8828125 0.42881944375000003 0.884765625 0.42881944375000003 0.884765625 0.421875 0.888671875 0.4114583333333333 0.8994140625 0.3923611104166667 0.9072265625 0.3854166666666667 0.9189453125 0.3854166666666667 0.9267578125 0.3923611104166667 0.9296875 0.390625 0.9296875 0.3802083333333333 0.923828125 0.359375 0.9111328125 0.34027777708333334
0 0.8349609375 0.3611111104166667 0.8232421875 0.37152777708333334 0.8125 0.39409722291666666 0.80859375 0.4114583333333333 0.80859375 0.4427083333333333 0.810546875 0.44618055624999997 0.8125 0.4670138895833333 0.814453125 0.4670138895833333 0.8232421875 0.4513888895833333 0.8427734375 0.4375 0.8564453125 0.4375 0.8798828125 0.4583333333333333 0.8828125 0.44965277708333334 0.8828125 0.42881944375000003 0.869140625 0.3802083333333333 0.8603515625 0.36805555624999997 0.8447265625 0.3576388895833333 0.8349609375 0.3611111104166667
0 0.8662109375 0.44444444375000003 0.8525390625 0.44097222291666666 0.8505859375 0.4375 0.8310546875 0.44444444375000003 0.81640625 0.4635416666666667 0.80859375 0.48784722291666666 0.80859375 0.4947916666666667 0.8046875 0.5052083333333334 0.8046875 0.52256944375 0.802734375 0.5260416666666666 0.8046875 0.5295138895833333 0.802734375 0.5364583333333334 0.8046875 0.5399305562500001 0.8046875 0.5572916666666666 0.8125 0.5850694437499999 0.8251953125 0.6076388895833333 0.826171875 0.6059027770833333 0.8486328125 0.5625 0.8642578125 0.5486111104166667 0.8720703125 0.5486111104166667 0.8740234375 0.5451388895833333 0.89453125 0.546875 0.89453125 0.5052083333333334 0.892578125 0.4947916666666667 0.8828125 0.4670138895833333 0.8740234375 0.4513888895833333 0.8662109375 0.44444444375000003
0 0.6708984375 0.3645833333333333 0.6689453125 0.36805555624999997 0.6513671875 0.375 0.63671875 0.39756944375000003 0.626953125 0.4322916666666667 0.625 0.4635416666666667 0.6328125 0.5017361104166667 0.63671875 0.5121527770833334 0.6533203125 0.5381944437499999 0.6572265625 0.5416666666666666 0.6640625 0.5399305562500001 0.66796875 0.52256944375 0.6845703125 0.49305555624999997 0.7060546875 0.47569444375000003 0.7177734375 0.47569444375000003 0.724609375 0.4670138895833333 0.724609375 0.4427083333333333 0.716796875 0.4079861104166667 0.7060546875 0.3854166666666667 0.6884765625 0.36805555624999997 0.6708984375 0.3645833333333333
0 0.77734375 0.5642361104166667 0.775390625 0.5607638895833333 0.775390625 0.5503472229166667 0.767578125 0.52256944375 0.7509765625 0.49305555624999997 0.7275390625 0.47569444375000003 0.7080078125 0.47569444375000003 0.6884765625 0.4895833333333333 0.671875 0.515625 0.662109375 0.5434027770833333 0.662109375 0.5572916666666666 0.66015625 0.5607638895833333 0.66015625 0.6197916666666666 0.6640625 0.6302083333333334 0.6640625 0.6371527770833333 0.669921875 0.6510416666666666 0.6767578125 0.6631944437499999 0.6796875 0.6614583333333334 0.6982421875 0.6354166666666666 0.7158203125 0.6215277770833333 0.7216796875 0.6215277770833333 0.7236328125 0.6180555562500001 0.7509765625 0.6180555562500001 0.7685546875 0.6284722229166667 0.7734375 0.6197916666666666 0.775390625 0.5989583333333334 0.77734375 0.5954861104166667 0.77734375 0.5642361104166667
0 0.5625 0.17881944375 0.560546875 0.18576388958333334 0.560546875 0.21006944375 0.564453125 0.22395833333333334 0.5703125 0.22743055625 0.57421875 0.19618055625 0.5810546875 0.18402777708333332 0.5888671875 0.17708333333333334 0.6005859375 0.17708333333333334 0.6015625 0.171875 0.5986328125 0.16666666666666666 0.5888671875 0.15625 0.5791015625 0.15625 0.5712890625 0.16319444375 0.5625 0.17881944375
0 0.5908203125 0.2604166666666667 0.578125 0.2864583333333333 0.576171875 0.296875 0.576171875 0.32465277708333334 0.58203125 0.3489583333333333 0.6005859375 0.37847222291666666 0.6044921875 0.38194444375000003 0.623046875 0.3802083333333333 0.6298828125 0.375 0.634765625 0.36631944375000003 0.63671875 0.33506944375000003 0.646484375 0.30034722291666666 0.642578125 0.28993055624999997 0.642578125 0.2829861104166667 0.6318359375 0.2604166666666667 0.6201171875 0.25 0.6005859375 0.25 0.5908203125 0.2604166666666667
0 0.6611328125 0.20138888958333334 0.6455078125 0.20138888958333334 0.6328125 0.22048611041666666 0.626953125 0.24131944375 0.626953125 0.2552083333333333 0.6337890625 0.26388888958333334 0.63671875 0.26215277708333334 0.6435546875 0.24652777708333332 0.6533203125 0.23611111041666666 0.6669921875 0.23611111041666666 0.6689453125 0.23958333333333334 0.6767578125 0.23958333333333334 0.6826171875 0.24652777708333332 0.68359375 0.23784722291666668 0.6796875 0.22395833333333334 0.6669921875 0.20486111041666666 0.6611328125 0.20138888958333334
0 0.685546875 0.25173611041666666 0.693359375 0.27256944375000003 0.6953125 0.29340277708333334 0.7021484375 0.30555555624999997 0.70703125 0.30381944375000003 0.70703125 0.2760416666666667 0.708984375 0.265625 0.7216796875 0.24305555625 0.736328125 0.23784722291666668 0.7255859375 0.21527777708333332 0.7158203125 0.20833333333333334 0.7001953125 0.21180555625 0.689453125 0.22743055625 0.685546875 0.24131944375 0.685546875 0.25173611041666666
0 0.71484375 0.2552083333333333 0.7109375 0.25868055625 0.70703125 0.27256944375000003 0.70703125 0.28993055624999997 0.705078125 0.29340277708333334 0.70703125 0.3107638895833333 0.7177734375 0.34375 0.7353515625 0.3576388895833333 0.74609375 0.35590277708333334 0.7568359375 0.34722222291666666 0.765625 0.33159722291666666 0.76953125 0.3107638895833333 0.767578125 0.2829861104166667 0.763671875 0.26909722291666666 0.7509765625 0.24652777708333332 0.7431640625 0.23958333333333334 0.7275390625 0.23958333333333334 0.7177734375 0.24652777708333332 0.71484375 0.2552083333333333