1 0.6462890625 0.3875 0.6404296875 0.3631944458333333 0.62578125 0.3371527791666667 0.608203125 0.3232638895833333 0.580859375 0.3232638895833333 0.569140625 0.33368055625 0.5544921875 0.35972222291666667 0.5525390625 0.3701388895833333 0.5486328125 0.3770833333333333 0.5466796875 0.4013888895833333 0.5447265625 0.4048611125 0.5466796875 0.4395833333333333 0.5544921875 0.4673611125 0.573046875 0.496875 0.5853515625 0.50625 0.5990234421875 0.50625 0.6072265625 0.5055555562499999 0.6296875 0.4864583333333333 0.6443359375 0.45347222291666667 0.646875 0.43993055625 0.646875 0.39895833333333336 0.6462890625 0.39791666666666664 0.6462890625 0.3875
1 0.5505859375 0.3142361104166667 0.54375 0.3020833333333333 0.526171875 0.28819444375000003 0.506640625 0.28819444375000003 0.49296875 0.2986111104166667 0.4783203125 0.32118055624999997 0.4705078125 0.35590277708333334 0.4705078125 0.38368055624999997 0.4724609375 0.38715277708333334 0.4724609375 0.39756944375000003 0.4802734375 0.421875 0.498828125 0.4479166666666667 0.5046875 0.4513888895833333 0.5271484375 0.44965277708333334 0.5359375 0.44444444375000003 0.5427734375 0.4322916666666667 0.5447265625 0.42534722291666666 0.5466796875 0.38368055624999997 0.5578125 0.35069444375000003 0.5578125 0.3375 0.5544921875 0.33159722291666666 0.5505859375 0.3142361104166667
1 0.359765625 0.3385416666666667 0.35390625 0.36284722291666666 0.35390625 0.3767361104166667 0.367578125 0.4357638895833333 0.3744140625 0.4479166666666667 0.3900390625 0.4583333333333333 0.4046875 0.45659722291666666 0.4251953125 0.44097222291666666 0.43203125 0.42534722291666666 0.4390625 0.4003472208333333 0.4390625 0.35451388749999996 0.4359375 0.3489583333333333 0.4359375 0.3420138895833333 0.43203125 0.33159722291666666 0.4232421875 0.31597222291666666 0.4037109375 0.3020833333333333 0.3919921875 0.3020833333333333 0.3724609375 0.31597222291666666 0.359765625 0.3385416666666667
1 0.3447265625 0.5204861125 0.359375 0.49097222291666665 0.365234375 0.45972222291666665 0.365234375 0.43194444583333336 0.359375 0.4041666666666667 0.3466796875 0.378125 0.3349609375 0.36770833333333336 0.3193359375 0.36423611250000004 0.3173828125 0.36770833333333336 0.3037109375 0.37118055624999996 0.291015625 0.38680555624999996 0.279296875 0.41458333333333336 0.27734375 0.43888888958333333 0.275390625 0.44236111250000004 0.275390625 0.45972222291666665 0.283203125 0.4979166666666667 0.2978515625 0.5239583333333333 0.311914059375 0.5333333333333333 0.3234375125 0.5333333333333333 0.330078125 0.5326388895833333 0.3447265625 0.5204861125
1 0.2408203125 0.3732638895833333 0.2388671875 0.39409722291666666 0.2369140625 0.39756944375000003 0.2369140625 0.41840277708333334 0.2408203125 0.4357638895833333 0.2466796875 0.44965277708333334 0.25546875 0.46180555624999997 0.2671875 0.46875 0.2759765625 0.4670138895833333 0.2759765625 0.4392361104166667 0.2779296875 0.4357638895833333 0.2798828125 0.41493055624999997 0.2857421875 0.39756944375000003 0.2994140625 0.3767361104166667 0.3 0.37152777708333334 0.3 0.35572916666666665 0.2974609375 0.3489583333333333 0.290625 0.34027777708333334 0.27890625 0.33680555624999997 0.276953125 0.3333333333333333 0.26328125 0.3333333333333333 0.253515625 0.34375 0.2408203125 0.3732638895833333
1 0.353515625 0.3659722208333333 0.35546875 0.3486111104166667 0.365234375 0.3243055541666667 0.361328125 0.3034722208333333 0.3544921875 0.29131944375 0.3408203125 0.28090277708333333 0.3251953125 0.28090277708333333 0.3154296875 0.2878472208333333 0.302734375 0.3104166666666667 0.298828125 0.3243055541666667 0.298828125 0.3555555541666667 0.302734375 0.3659722208333333 0.3154296875 0.36770833333333336 0.3173828125 0.3642361104166667 0.3291015625 0.3642361104166667 0.3310546875 0.36770833333333336 0.3369140625 0.36770833333333336 0.345703125 0.3770833333333333 0.3484374984375 0.3770833333333333 0.349609375 0.3763888875 0.353515625 0.3659722208333333
1 0.4630859375 0.3487847229166666 0.4630859375 0.3418402791666667 0.4669921875 0.3314236125 0.4650390625 0.28975694583333333 0.4611328125 0.27586805625 0.450390625 0.25677083333333334 0.440625 0.24982638958333334 0.423046875 0.24982638958333334 0.407421875 0.26371527916666665 0.3947265625 0.2967013895833333 0.39765625 0.3019097229166666 0.40546875 0.3019097229166666 0.423046875 0.3157986125 0.4337890625 0.33489583333333334 0.4396484375 0.35572916666666665 0.441455078125 0.375 0.44814453125 0.375 0.454296875 0.37135416666666665 0.4630859375 0.3487847229166666
1 0.5349609375 0.25034722291666667 0.5193359375 0.23993055625 0.5037109375 0.23993055625 0.4900390625 0.25034722291666667 0.47734375 0.2763888895833333 0.47734375 0.2833333333333333 0.4734375 0.29375 0.4734375 0.325 0.47578125 0.32916666666666666 0.476953125 0.32916666666666666 0.47734375 0.32847222291666667 0.4900390625 0.30243055625 0.5076171875 0.28854166666666664 0.5271484375 0.28854166666666664 0.5388671875 0.2954861125 0.55 0.30868055624999996 0.55 0.28125 0.54765625 0.27291666666666664 0.5349609375 0.25034722291666667
1 0.4279296875 0.16493055625 0.4259765625 0.171875 0.4259765625 0.19965277708333332 0.430859375 0.21527777708333332 0.434765625 0.21875 0.4376953125 0.21701388958333334 0.4708984375 0.21006944375 0.4748046875 0.19270833333333334 0.4748046875 0.17534722291666668 0.4728515625 0.16493055625 0.4640625 0.14930555625 0.46015625 0.14583333333333334 0.442578125 0.14583333333333334 0.43671875 0.14930555625 0.4279296875 0.16493055625
1 0.521875 0.13267746875 0.521875 0.1625 0.525390625 0.171875 0.53367745625 0.18333333333333332 0.5423828078125 0.18333333333333332 0.5546875 0.18229166666666666 0.5625 0.16840277708333332 0.5640625 0.16006944374999998 0.5640625 0.15173611041666665 0.5625 0.1267361104166667 0.5556640625 0.11458333333333333 0.5486328125 0.10833333333333334 0.5333984375 0.10833333333333334 0.5302734375 0.11111111041666667 0.521875 0.13267746875
1 0.6234375 0.10798611041666667 0.617578125 0.1045138875 0.60390625 0.10798611041666667 0.6 0.11145833125 0.5931640625 0.12708333125000001 0.5912109375 0.13749999791666667 0.5931640625 0.15486111041666667 0.5970703125 0.16874999791666667 0.60709635625 0.18333333333333332 0.6166015484375 0.18333333333333332 0.6224609375 0.1826388875 0.6341796875 0.16527777708333333 0.6359375 0.159027775 0.6359375 0.13333333333333333 0.6322265625 0.1201388875 0.6234375 0.10798611041666667
0 0.91875 0.17743055416666667 0.908984375 0.17743055416666667 0.9021484375 0.18958333125000001 0.9021484375 0.2138888875 0.9041015625 0.22083333125000001 0.916796875 0.22256944374999998 0.9181640640625 0.225 0.9216796828125 0.225 0.9236328125 0.22430555416666667 0.928515625 0.22256944374999998 0.9296875 0.22048611041666666 0.9296875 0.19861111041666665 0.9294921875 0.19652777708333333 0.91875 0.17743055416666667
0 0.9779296875 0.22187500208333333 0.973046875 0.23055555625000002 0.97109375 0.24444444583333333 0.97890625 0.26875 0.97890625 0.27569444583333336 0.9808593734375 0.2791666666666667 0.990625 0.2791666666666667 0.99375 0.27361111250000003 0.99375 0.24280303125 0.9837890625 0.22187500208333333 0.9779296875 0.22187500208333333
0 0.9671875 0.24027777708333334 0.957421875 0.23680555416666668 0.9505859375 0.24548611041666665 0.9505859375 0.26284722083333334 0.953515625 0.26805555416666665 0.96328125 0.28194444375 0.9726562515625 0.2875 0.9773437484375 0.2875 0.9779296875 0.28715277708333337 0.9796875 0.2840277770833334 0.9796875 0.28194444375 0.9779296875 0.26631944375 0.9671875 0.24027777708333334