0 0.369921875 0.3489583333333333 0.3640625 0.3697916666666667 0.3640625 0.390625 0.366015625 0.39409722291666666 0.36796875 0.41493055624999997 0.3826171875 0.44444444375000003 0.3990234390625 0.45416666666666666 0.4037109359375 0.45416666666666666 0.408984375 0.453125 0.4158203125 0.4513888895833333 0.4275390625 0.44097222291666666 0.434375 0.42881944375000003 0.43828125 0.41493055624999997 0.440625 0.39201388958333333 0.440625 0.3693287041666667 0.436328125 0.3489583333333333 0.4236328125 0.3263888895833333 0.41087239531249997 0.31666666666666665 0.3953776046875 0.31666666666666665 0.3826171875 0.3263888895833333 0.369921875 0.3489583333333333
0 0.840234375 0.3767361104166667 0.832421875 0.4079861104166667 0.832421875 0.44618055624999997 0.8421875 0.484375 0.8509765625 0.5 0.8626953125 0.5104166666666666 0.87734375 0.50868055625 0.8861328125 0.5034722229166666 0.902734375 0.4704861104166667 0.90625 0.4329861104166667 0.90625 0.428125 0.9046875 0.42534722291666666 0.902734375 0.4010416666666667 0.8900390625 0.36805555624999997 0.8744140625 0.3541666666666667 0.8607421875 0.3541666666666667 0.8509765625 0.3611111104166667 0.840234375 0.3767361104166667
0 0.723828125 0.26423611041666667 0.712109375 0.25729166458333336 0.700390625 0.25729166458333336 0.688671875 0.26423611041666667 0.6779296875 0.2833333333333333 0.6740234375 0.30069444375000004 0.6740234375 0.33194444375000004 0.6779296875 0.34930555416666664 0.690625 0.37534722083333333 0.70572916875 0.3854166666666667 0.70800780625 0.3854166666666667 0.7150390625 0.38402777708333335 0.723828125 0.38229166666666664 0.7345703125 0.36666666666666664 0.7421875 0.34296875 0.7421875 0.30694444375 0.7365234375 0.28680555416666664 0.723828125 0.26423611041666667
1 0.969140625 0.4857638875 0.96328125 0.4822916666666667 0.94765625 0.4822916666666667 0.93984375 0.4892361104166667 0.9271484375 0.5152777770833333 0.9193359375 0.55 0.9173828125 0.5847222208333334 0.9251953125 0.6263888875 0.933984375 0.6489583333333333 0.93984375 0.6541666666666667 0.9603515625 0.6541666666666667 0.97109375 0.6454861104166666 0.9837890625 0.6159722208333334 0.9890625 0.5878472208333334 0.9890625 0.5436631937499999 0.9818359375 0.5083333333333333 0.969140625 0.4857638875
1 0.8158203125 0.2918402770833334 0.8119140625 0.28836805416666667 0.7962890625 0.28836805416666667 0.7845703125 0.2953125 0.77578125 0.3109375 0.769921875 0.3387152770833334 0.769921875 0.3560763875 0.777734375 0.3907986104166667 0.7904296875 0.41336805416666667 0.7943359375 0.4168402770833334 0.8109375 0.4185763875 0.8216796875 0.41336805416666667 0.83046875 0.39774305416666667 0.8359375 0.3782986104166667 0.8359375 0.3373263875 0.828515625 0.3109375 0.8158203125 0.2918402770833334
1 0.6556640625 0.24965277916666664 0.6458984375 0.24270833541666667 0.6283203125 0.24270833541666667 0.6205078125 0.24965277916666664 0.609765625 0.26875 0.605859375 0.28263888958333333 0.60390625 0.30347222291666665 0.61171875 0.33819444583333336 0.6166015625 0.346875 0.6341796859375 0.3625 0.644921875 0.3625 0.6576171875 0.3572916666666667 0.664453125 0.34513888958333333 0.672265625 0.32083333333333336 0.672265625 0.30347222291666665 0.6734375 0.29930555625 0.6734375 0.292824075 0.668359375 0.26875 0.6556640625 0.24965277916666664
1 0.0607421875 0.509375 0.0607421875 0.478125 0.05390625 0.45902777708333337 0.04609375 0.45555555416666665 0.0421875 0.45902777708333337 0.0353515625 0.47465277708333337 0.0353515625 0.509375 0.0421875 0.525 0.0445312515625 0.5270833333333333 0.051562496874999995 0.5270833333333333 0.0529296875 0.5267361104166667 0.0607421875 0.509375
0 0.215625 0.3576388895833333 0.2078125 0.35069444375000003 0.19609375 0.35069444375000003 0.1921875 0.3541666666666667 0.1794921875 0.3802083333333333 0.1775390625 0.390625 0.1775390625 0.41493055624999997 0.1794921875 0.42534722291666666 0.1921875 0.4479166666666667 0.198046875 0.4479166666666667 0.2 0.4513888895833333 0.2048828125 0.44965277708333334 0.209765625 0.4479166666666667 0.2224609375 0.42881944375000003 0.225 0.41753472291666666 0.225 0.37638888958333333 0.2244140625 0.3732638895833333 0.215625 0.3576388895833333
1 0.013561703125 0.5365576333333333 0.000390625 0.5284951208333334 0.000390625 0.5985030041666667 0.004748309375 0.60625 0.009999582812500001 0.60625 0.0140625 0.6054474479166667 0.01875 0.5943363375 0.01875 0.5587862395833334 0.0180022859375 0.5481540583333333 0.013561703125 0.5365576333333333
1 0.78828125 0.25642361041666667 0.78046875 0.24947916666666667 0.762890625 0.24947916666666667 0.74921875 0.26336805625 0.7423828125 0.28246527708333335 0.7423828125 0.31024305625 0.7482421875 0.3380208333333333 0.758984375 0.36059027708333335 0.76908203125 0.36875 0.77001953125 0.36875 0.7716796875 0.36579861041666667 0.7697265625 0.3380208333333333 0.7716796875 0.33454861041666667 0.7736328125 0.31371527708333335 0.784375 0.29461805625 0.7984375 0.2862847229166666 0.7984375 0.28177083333333336 0.7970703125 0.27204861041666667 0.78828125 0.25642361041666667
0 0.7451171875 0.21909722083333336 0.7392578125 0.21562499791666667 0.7255859375 0.21562499791666667 0.7158203125 0.22256944374999998 0.709375 0.23402777708333333 0.709375 0.23680555416666668 0.712890625 0.2555555541666667 0.7158203125 0.2607638875 0.7236328125 0.26423611041666667 0.7390625 0.2916666666666667 0.7398437484375 0.2916666666666667 0.7421875 0.29027777708333335 0.74609375 0.26944444375000004 0.759375 0.2525793625 0.759375 0.2493055541666667 0.7578125 0.23819444374999998 0.7451171875 0.21909722083333336
0 0.7044921875 0.23229166874999999 0.6908203125 0.22187500208333333 0.6791015625 0.22187500208333333 0.6693359375 0.22881944583333333 0.65859375 0.25138888958333333 0.6703125 0.27222222291666665 0.672265625 0.28611111250000004 0.67421875 0.28958333333333336 0.676171875 0.28958333333333336 0.6869140625 0.26701388958333333 0.7005859375 0.2565972229166667 0.7123046875 0.2565972229166667 0.7125 0.25555555625 0.7125 0.24861111249999998 0.711328125 0.24444444583333333 0.7044921875 0.23229166874999999
1 0 0.6024305562500001 0.0048828125 0.6076388895833333 0.0126953125 0.6076388895833333 0.013671875 0.6059027770833333 0.01953125 0.5920138895833333 0.01953125 0.5572916666666666 0.0234375 0.546875 0.0234375 0.5121527770833334 0.021484375 0.50868055625 0.021484375 0.5052083333333334 0.0146484375 0.49652777708333334 0.0126953125 0.49652777708333334 0.0107421875 0.5 0.0009765625 0.5 0 0.5017361104166667 0 0.6024305562500001