0 0.6267578125 0.35590277708333334 0.6169921875 0.390625 0.6150390625 0.42534722291666666 0.6208984375 0.45659722291666666 0.631640625 0.4791666666666667 0.647265625 0.5 0.651171875 0.5 0.6564453125 0.50625 0.6605468734375 0.50625 0.6658203125 0.5052083333333334 0.682421875 0.5 0.6990234375 0.48090277708333334 0.709375 0.44103009375 0.709375 0.3828993041666667 0.7029296875 0.36284722291666666 0.68828125 0.34027777708333334 0.6765625 0.3298611104166667 0.660937496875 0.32708333333333334 0.6558593765625 0.32708333333333334 0.639453125 0.33680555624999997 0.6267578125 0.35590277708333334
0 0.3609375 0.3489583333333333 0.355078125 0.3732638895833333 0.355078125 0.4045138895833333 0.3609375 0.42881944375000003 0.3736328125 0.4513888895833333 0.3903320328125 0.46458333333333335 0.395507809375 0.46458333333333335 0.401953125 0.4635416666666667 0.4146484375 0.4583333333333333 0.42734375 0.4427083333333333 0.42734375 0.4357638895833333 0.433203125 0.421875 0.4359375 0.40729166666666666 0.4359375 0.36493055625 0.43125 0.3454861104166667 0.4185546875 0.3229166666666667 0.4097656234375 0.31666666666666665 0.3865234375 0.31666666666666665 0.3716796875 0.3298611104166667 0.3609375 0.3489583333333333
0 0.4015625 0.21215277708333333 0.387890625 0.20520833125000001 0.372265625 0.21562499791666667 0.3634765625 0.23124999791666667 0.3615234375 0.23819444374999998 0.3615234375 0.26944444375000004 0.3703125 0.29201388749999996 0.3835286484375 0.3020833333333333 0.3861328046875 0.3020833333333333 0.3947265625 0.30069444375000004 0.40546875 0.29548611041666667 0.4083984375 0.29027777708333335 0.4083984375 0.27986111041666667 0.4123046875 0.27291666666666664 0.4140625 0.26354166458333333 0.4140625 0.24097222083333333 0.4103515625 0.22777777708333333 0.4015625 0.21215277708333333
0 0.477734375 0.19027777916666666 0.466015625 0.19027777916666666 0.454296875 0.20416666666666666 0.4474609375 0.21979166666666666 0.4455078125 0.22673611249999998 0.4455078125 0.2579861125 0.4494140625 0.271875 0.4640625 0.29097222291666663 0.469921875 0.29097222291666663 0.471484375 0.29375 0.4738281265625 0.29375 0.4767578125 0.29270833333333335 0.49140625 0.2875 0.5001953125 0.27534722291666663 0.5015625 0.27048611250000004 0.5015625 0.22480158958333335 0.4953125 0.20416666666666666 0.477734375 0.19027777916666666
0 0.4443359375 0.2708333333333333 0.447265625 0.26909722291666666 0.4453125 0.25868055625 0.4453125 0.23090277708333332 0.447265625 0.22048611041666666 0.4560546875 0.20138888958333334 0.4619140625 0.19791666666666666 0.466796875 0.18923611041666666 0.4541015625 0.17708333333333334 0.4384765625 0.18402777708333332 0.42578125 0.20659722291666668 0.423828125 0.21701388958333334 0.423828125 0.234375 0.427734375 0.24826388958333334 0.4365234375 0.26388888958333334 0.4443359375 0.2708333333333333
0 0.2259765625 0.3302083333333333 0.2123046875 0.3302083333333333 0.2064453125 0.33368055625 0.195703125 0.3527777791666667 0.191796875 0.36666666666666664 0.18984375 0.39097222291666667 0.19375 0.41180555625 0.2025390625 0.4309027791666667 0.21181640468750002 0.4375 0.21484375625 0.4375 0.225 0.4361111125 0.2318359375 0.434375 0.238671875 0.42222222291666667 0.242578125 0.39097222291666667 0.24375 0.3888888895833333 0.24375 0.36751543333333336 0.2357421875 0.340625 0.2259765625 0.3302083333333333
0 0.1796875 0.29965277916666666 0.18359375 0.2857638895833333 0.18359375 0.26840277916666666 0.1787109375 0.25625 0.1728515625 0.25277777916666666 0.162109375 0.26493055625 0.16015625 0.271875 0.16015625 0.29270833333333335 0.1666015625 0.30416666666666664 0.17050781718750002 0.30416666666666664 0.17578125 0.303125 0.1796875 0.29965277916666666
0 0.0923828125 0.35104166666666664 0.0865234375 0.35104166666666664 0.077734375 0.3631944458333333 0.07578125 0.39097222291666667 0.082465278125 0.40625 0.0843750046875 0.40625 0.09140625 0.4048611125 0.097265625 0.3944444458333333 0.0984375 0.37986111250000004 0.0984375 0.36597222291666665 0.097265625 0.35972222291666667 0.0923828125 0.35104166666666664
0 0.3166015625 0.22048611041666666 0.3166015625 0.24479166666666666 0.3234375 0.2604166666666667 0.33046875 0.26666666666666666 0.335546871875 0.26666666666666666 0.3419921875 0.265625 0.3517578125 0.25868055625 0.3576171875 0.234375 0.3576171875 0.21701388958333334 0.35078125 0.19791666666666666 0.34375 0.19166666666666668 0.3326388890625 0.19166666666666668 0.3205078125 0.20659722291666668 0.3166015625 0.22048611041666666
0 0.3509765625 0.15347222083333334 0.3431640625 0.15347222083333334 0.3353515625 0.16041666666666668 0.33046875 0.17256944375 0.33046875 0.18993055416666668 0.3431640625 0.19166666666666668 0.3537109390625 0.20416666666666666 0.3556640625 0.20416666666666666 0.355859375 0.20381944375 0.3609375 0.19178240625 0.3609375 0.16979166666666667 0.359765625 0.165625 0.3509765625 0.15347222083333334
0 0.2681640625 0.18472222083333334 0.25546875 0.20381944375 0.25546875 0.22465277708333334 0.2615234375 0.23541666666666666 0.27246093125000004 0.23541666666666666 0.275 0.23506944375 0.278125 0.22951388958333335 0.278125 0.21631944374999998 0.276953125 0.21423611041666665 0.276953125 0.196875 0.278125 0.19479166666666667 0.278125 0.1920138875 0.2740234375 0.18472222083333334 0.2681640625 0.18472222083333334
0 0.2880859375 0.1767361125 0.279296875 0.18888888958333333 0.278125 0.19305555625 0.278125 0.21805555833333334 0.2796874984375 0.22083333333333333 0.2820312515625 0.22083333333333333 0.283203125 0.22013888958333333 0.3 0.20354938333333333 0.3 0.18402777916666666 0.2958984375 0.1767361125 0.2880859375 0.1767361125
1 0.2796875 0.22708333333333333 0.2796875 0.2625 0.286328125 0.27430555624999997 0.294140625 0.28125 0.3009765625 0.2795138895833333 0.305859375 0.27777777708333334 0.3146484375 0.26215277708333334 0.315625 0.2586805541666667 0.315625 0.22253787916666665 0.305859375 0.20833333333333334 0.294140625 0.20833333333333334 0.286328125 0.21527777708333332 0.2796875 0.22708333333333333
1 0.1068359375 0.3454861104166667 0.1048828125 0.3489583333333333 0.1068359375 0.35243055624999997 0.1068359375 0.36284722291666666 0.109765625 0.36805555624999997 0.112890625 0.37083333333333335 0.11718749843750001 0.37083333333333335 0.1224609375 0.3697916666666667 0.1283203125 0.359375 0.1296875 0.33993055624999996 0.1296875 0.3302579375 0.12374131875000001 0.31666666666666665 0.115234375 0.31666666666666665 0.1068359375 0.33159722291666666 0.1068359375 0.3454861104166667
1 0.321875 0.16684027916666666 0.308203125 0.16684027916666666 0.3013671875 0.17552083541666666 0.3013671875 0.20329861249999998 0.304296875 0.20850694583333332 0.316230465625 0.21666666666666667 0.317138671875 0.21666666666666667 0.3189453125 0.21024305625 0.3296875 0.19432870416666667 0.3296875 0.17899305625 0.3287109375 0.17552083541666666 0.321875 0.16684027916666666
1 0.3568359375 0.1357638875 0.3529296875 0.13923611041666667 0.348046875 0.1513888875 0.3548828125 0.15659722083333336 0.359765625 0.16527777708333333 0.3625355109375 0.18333333333333332 0.36562499531250003 0.18333333333333332 0.367578125 0.1826388875 0.3734375 0.17222222083333336 0.375 0.15833333333333333 0.375 0.15401234583333334 0.3666015625 0.1357638875 0.3568359375 0.1357638875
1 0.29453125 0.17552083333333332 0.300390625 0.1789930541666667 0.3091796875 0.1703125 0.309375 0.16927083333333334 0.309375 0.16497790416666666 0.2994140625 0.1633680541666667 0.29453125 0.17552083333333332