1 0.5091796875 0.12222222083333333 0.5013671875 0.12222222083333333 0.4916015625 0.12916666666666668 0.4828125 0.14479166666666668 0.47890625 0.165625 0.4857421875 0.19166666666666668 0.4916015625 0.19513888750000002 0.4955078125 0.20208333333333334 0.4990234390625 0.20416666666666666 0.505273434375 0.20416666666666666 0.50625 0.20381944375 0.5150390625 0.19861111041666665 0.523828125 0.18298611041666665 0.525 0.17881944375 0.525 0.14656635625 0.5169921875 0.12916666666666668 0.5091796875 0.12222222083333333
1 0.47734375 0.1142361125 0.467578125 0.12118055624999999 0.4607421875 0.13333333541666667 0.4587890625 0.1611111125 0.465625 0.18020833541666667 0.4744140609375 0.18958333333333333 0.4794921921875 0.18958333333333333 0.4822265625 0.18888888958333333 0.4841796875 0.18541666874999999 0.4802734375 0.17500000208333333 0.4802734375 0.15069444583333333 0.490625 0.12615741041666667 0.490625 0.12156636041666666 0.483203125 0.1142361125 0.47734375 0.1142361125
1 0.49296875 0.10104166666666667 0.48515625 0.10451388958333332 0.4802734375 0.11319444583333334 0.49260602656249997 0.125 0.49433594062499997 0.125 0.4998046875 0.1236111125 0.5078125 0.12076388958333334 0.5078125 0.11493055625 0.506640625 0.11145833333333334 0.49296875 0.10104166666666667
1 0.45078125 0.10729166666666666 0.4419921875 0.11944444375 0.4419921875 0.1263888875 0.4517578125 0.14722222083333333 0.4517578125 0.17152777708333333 0.4537109375 0.175 0.4576171875 0.175 0.4615234375 0.17152777708333333 0.4595703125 0.14375 0.4634765625 0.12986111041666668 0.4703125 0.12074652708333335 0.4703125 0.11770833333333333 0.464453125 0.10729166666666666 0.45078125 0.10729166666666666
1 0.4361328125 0.12152777708333334 0.4224609375 0.125 0.41171875 0.14409722291666668 0.413671875 0.17881944375 0.4244140625 0.19097222291666668 0.4390625 0.18923611041666666 0.4419921875 0.1875 0.446875 0.17534722291666668 0.45 0.16423611041666666 0.45 0.14479166666666668 0.448828125 0.140625 0.4361328125 0.12152777708333334
1 0.3935546875 0.13888888958333334 0.4033203125 0.14236111041666666 0.4087890625 0.15208333333333332 0.4095703125 0.15208333333333332 0.41015625 0.15104166666666666 0.4140625 0.13715277708333332 0.419921875 0.1267361104166667 0.4189453125 0.12152777708333334 0.4158203125 0.11875 0.40284288281249997 0.11875 0.392578125 0.13368055625 0.3935546875 0.13888888958333334
1 0.394921875 0.13819444583333332 0.3890625 0.13819444583333332 0.379296875 0.14513888958333335 0.3744140625 0.15381944583333332 0.3705078125 0.16770833333333332 0.3705078125 0.18506944583333332 0.3724609375 0.19548611249999998 0.38272569375 0.21041666666666667 0.38906250625 0.21041666666666667 0.3978515625 0.209375 0.4076171875 0.19548611249999998 0.4109375 0.18368055625000002 0.4109375 0.15942460416666665 0.4046875 0.14513888958333335 0.394921875 0.13819444583333332
1 0.3578125 0.15362103333333332 0.3578125 0.18020833333333333 0.359375 0.18576388958333334 0.3681640625 0.19791666666666666 0.373046875 0.19618055625 0.37109375 0.16493055625 0.373046875 0.15798611041666666 0.384375 0.14120370416666667 0.384375 0.13854166666666667 0.3837890625 0.13541666666666666 0.3681640625 0.13541666666666666 0.3642578125 0.13888888958333334 0.3578125 0.15362103333333332
1 0.5466796875 0.07482638958333333 0.54765625 0.08697916666666666 0.5555664 0.0875 0.57470703125 0.0875 0.575 0.08697916666666666 0.575 0.0699337125 0.565592446875 0.05625 0.56347656875 0.05625 0.553515625 0.05920138958333333 0.5466796875 0.07482638958333333
1 0.5912109375 0.07118055625 0.5921519890625 0.08958333333333333 0.60351561875 0.08958333333333333 0.6203125 0.08855363958333333 0.6203125 0.08645833333333333 0.6185546875 0.06770833333333333 0.61026785625 0.05625 0.601171875 0.05625 0.594140625 0.0625 0.5912109375 0.07118055625
1 0.488671875 0.06996527708333335 0.4818359375 0.08211805624999999 0.4818359375 0.09166666666666666 0.49990234375 0.09166666666666666 0.51015625 0.09079861041666668 0.5109375 0.08663194375000001 0.5109375 0.08524305416666667 0.50234375 0.06996527708333335 0.488671875 0.06996527708333335
0 0.847265625 0.11197916666666667 0.8384765625 0.12413194583333334 0.8384765625 0.1310763895833333 0.8471857234375 0.15 0.85517578125 0.15 0.858984375 0.14322916666666666 0.8625 0.14197916666666668 0.8625 0.12864583333333332 0.855078125 0.11545138958333333 0.847265625 0.11197916666666667
0 0.8564453125 0.15625 0.8623046875 0.15625 0.8693359375 0.1625 0.874414059375 0.1625 0.880859375 0.16145833333333334 0.8720703125 0.14236111041666666 0.8626953109375 0.13958333333333334 0.8598046874999999 0.13958333333333334 0.853515625 0.14756944375 0.8564453125 0.15625
0 0.9119140625 0.17476079375 0.9119140625 0.1817052375 0.91484375 0.18691357083333332 0.9193489734375 0.18958333333333333 0.9238628109375 0.18958333333333333 0.9275390625 0.18864968124999998 0.928125 0.18656634791666665 0.928125 0.18017471458333334 0.920690321875 0.17185182291666665 0.9119140625 0.17476079375