1 0.509765625 0.109375 0.517578125 0.09201388958333333 0.517578125 0.07118055625 0.5087890625 0.05555555625 0.4951171875 0.05555555625 0.4912109375 0.05902777708333333 0.484375 0.07465277708333334 0.484375 0.09201388958333333 0.486328125 0.09895833333333333 0.4951171875 0.11111111041666667 0.509765625 0.109375
1 0.626953125 0.06423611041666667 0.6328125 0.05034722291666667 0.6259765625 0.041666666666666664 0.6162109375 0.041666666666666664 0.609375 0.05034722291666667 0.609375 0.057291666666666664 0.6171875 0.07118055625 0.6171875 0.08159722291666666 0.623046875 0.08159722291666666 0.626953125 0.06423611041666667
1 0.6494140625 0.06597222291666667 0.650390625 0.057291666666666664 0.6455078125 0.052083333333333336 0.6337890625 0.052083333333333336 0.625 0.07118055625 0.625 0.08506944375 0.6328125 0.08506944375 0.6416015625 0.06944444375 0.6494140625 0.06597222291666667
1 0.609375 0.14756944375 0.6142578125 0.17013888958333334 0.6181640625 0.17361111041666666 0.623046875 0.171875 0.626953125 0.16145833333333334 0.62890625 0.13715277708333332 0.625 0.12326388958333333 0.6181640625 0.11111111041666667 0.6103515625 0.10416666666666667 0.5947265625 0.10416666666666667 0.583984375 0.11631944375 0.5869140625 0.125 0.5986328125 0.12847222291666666 0.609375 0.14756944375
1 0.623046875 0.09895833333333333 0.623046875 0.11979166666666667 0.6279296875 0.13194444375 0.630859375 0.13020833333333334 0.6376953125 0.11458333333333333 0.6416015625 0.11458333333333333 0.6474609375 0.10763888958333333 0.6591796875 0.10763888958333333 0.66015625 0.09895833333333333 0.6533203125 0.08680555625 0.6455078125 0.07986111041666667 0.6376953125 0.07986111041666667 0.6298828125 0.08680555625 0.623046875 0.09895833333333333
1 0.73046875 0.171875 0.7353515625 0.17708333333333334 0.74609375 0.17881944375 0.7509765625 0.16666666666666666 0.7626953125 0.16319444375 0.765625 0.15798611041666666 0.76171875 0.14756944375 0.7529296875 0.13541666666666666 0.7333984375 0.13541666666666666 0.7294921875 0.13888888958333334 0.724609375 0.14756944375 0.724609375 0.15451388958333334 0.73046875 0.171875
1 0.759765625 0.21006944375 0.759765625 0.21701388958333334 0.7626953125 0.22222222291666668 0.765625 0.22048611041666666 0.7783203125 0.20486111041666666 0.7900390625 0.20486111041666666 0.791015625 0.19618055625 0.7802734375 0.17013888958333334 0.7724609375 0.16319444375 0.7548828125 0.16319444375 0.74609375 0.17534722291666668 0.74609375 0.18229166666666666 0.75390625 0.19270833333333334 0.759765625 0.21006944375
1 0.76171875 0.22743055625 0.76953125 0.24479166666666666 0.775390625 0.27256944375000003 0.77734375 0.27256944375000003 0.7900390625 0.25347222291666666 0.7958984375 0.25347222291666666 0.7978515625 0.25 0.814453125 0.25173611041666666 0.810546875 0.23090277708333332 0.7998046875 0.21180555625 0.7880859375 0.20486111041666666 0.7783203125 0.20486111041666666 0.7705078125 0.21180555625 0.76171875 0.22743055625
1 0.73046875 0.140625 0.7333984375 0.13541666666666666 0.7373046875 0.13541666666666666 0.73828125 0.1267361104166667 0.7353515625 0.11805555625 0.7236328125 0.11111111041666667 0.72265625 0.12326388958333333 0.724609375 0.1267361104166667 0.724609375 0.13715277708333332 0.7275390625 0.14236111041666666 0.73046875 0.140625
1 0.6806640625 0.24305555625 0.6640625 0.26909722291666666 0.66015625 0.2829861104166667 0.66015625 0.296875 0.658203125 0.30034722291666666 0.66015625 0.32465277708333334 0.6650390625 0.34027777708333334 0.6865234375 0.33680555624999997 0.6962890625 0.34375 0.703125 0.3420138895833333 0.70703125 0.328125 0.7177734375 0.30902777708333334 0.732421875 0.29340277708333334 0.73046875 0.2795138895833333 0.728515625 0.27256944375000003 0.7119140625 0.24652777708333332 0.7080078125 0.24652777708333332 0.7021484375 0.23958333333333334 0.6865234375 0.23958333333333334 0.6806640625 0.24305555625
1 0.560546875 0.25868055625 0.556640625 0.2795138895833333 0.55859375 0.3142361104166667 0.5693359375 0.33680555624999997 0.572265625 0.33506944375000003 0.58203125 0.30381944375000003 0.5986328125 0.28472222291666666 0.6044921875 0.28125 0.6328125 0.2829861104166667 0.62890625 0.26215277708333334 0.6162109375 0.23611111041666666 0.6005859375 0.22569444375 0.5869140625 0.22569444375 0.5771484375 0.23263888958333334 0.560546875 0.25868055625
1 0.6611328125 0.34722222291666666 0.6494140625 0.3611111104166667 0.642578125 0.3767361104166667 0.63671875 0.4079861104166667 0.634765625 0.4392361104166667 0.640625 0.4704861104166667 0.6533203125 0.49652777708333334 0.6689453125 0.5138888895833333 0.6748046875 0.5138888895833333 0.6767578125 0.5173611104166667 0.6875 0.515625 0.7021484375 0.5104166666666666 0.712890625 0.4947916666666667 0.7265625 0.45659722291666666 0.728515625 0.44618055624999997 0.728515625 0.4114583333333333 0.724609375 0.390625 0.7158203125 0.3645833333333333 0.6943359375 0.34027777708333334 0.6767578125 0.33680555624999997 0.6611328125 0.34722222291666666
0 0.8232421875 0.4791666666666667 0.8095703125 0.4791666666666667 0.8017578125 0.4861111104166667 0.7958984375 0.4861111104166667 0.7900390625 0.49652777708333334 0.7841796875 0.5 0.76953125 0.5295138895833333 0.76953125 0.5364583333333334 0.76171875 0.5677083333333334 0.76171875 0.6163194437499999 0.767578125 0.6371527770833333 0.767578125 0.6440972229166667 0.7802734375 0.6736111104166667 0.7998046875 0.6909722229166667 0.822265625 0.6892361104166667 0.8388671875 0.6805555562500001 0.8505859375 0.6631944437499999 0.857421875 0.6475694437499999 0.8671875 0.6059027770833333 0.8671875 0.5572916666666666 0.86328125 0.5364583333333334 0.859375 0.5295138895833333 0.859375 0.52256944375 0.8427734375 0.49305555624999997 0.8232421875 0.4791666666666667
0 0.8603515625 0.4201388895833333 0.8583984375 0.4236111104166667 0.8447265625 0.4270833333333333 0.8330078125 0.44097222291666666 0.82421875 0.4635416666666667 0.82421875 0.47743055624999997 0.8271484375 0.4826388895833333 0.8310546875 0.4826388895833333 0.8427734375 0.49305555624999997 0.8505859375 0.5034722229166666 0.859375 0.52256944375 0.8671875 0.5572916666666666 0.8671875 0.578125 0.869140625 0.5815972229166667 0.8671875 0.5989583333333334 0.875 0.5989583333333334 0.8876953125 0.5868055562500001 0.900390625 0.5607638895833333 0.90234375 0.5399305562500001 0.904296875 0.5364583333333334 0.904296875 0.5017361104166667 0.90234375 0.4982638895833333 0.90234375 0.48090277708333334 0.89453125 0.453125 0.8818359375 0.43055555624999997 0.8603515625 0.4201388895833333
0 0.876953125 0.42534722291666666 0.8818359375 0.43055555624999997 0.8984375 0.4635416666666667 0.8984375 0.4704861104166667 0.90234375 0.48090277708333334 0.90234375 0.4947916666666667 0.904296875 0.4982638895833333 0.90234375 0.5572916666666666 0.908203125 0.5572916666666666 0.9228515625 0.5486111104166667 0.93359375 0.5295138895833333 0.94140625 0.49131944375000003 0.94140625 0.4635416666666667 0.93359375 0.42881944375000003 0.9267578125 0.41319444375000003 0.9150390625 0.39930555624999997 0.8974609375 0.3958333333333333 0.8857421875 0.40625 0.876953125 0.42534722291666666
0 0.791015625 0.359375 0.787109375 0.3697916666666667 0.787109375 0.38368055624999997 0.7978515625 0.3923611104166667 0.810546875 0.41493055624999997 0.818359375 0.4392361104166667 0.8203125 0.46006944375000003 0.82421875 0.46006944375000003 0.8349609375 0.4375 0.8486328125 0.4236111104166667 0.8583984375 0.4201388895833333 0.861328125 0.4114583333333333 0.8515625 0.36631944375000003 0.8408203125 0.34722222291666666 0.8291015625 0.33680555624999997 0.8095703125 0.33680555624999997 0.7978515625 0.34722222291666666 0.791015625 0.359375
0 0.70703125 0.328125 0.703125 0.3420138895833333 0.703125 0.3454861104166667 0.720703125 0.3732638895833333 0.724609375 0.38715277708333334 0.724609375 0.39756944375000003 0.728515625 0.4079861104166667 0.728515625 0.41840277708333334 0.7314453125 0.4236111104166667 0.734375 0.421875 0.7470703125 0.3958333333333333 0.7587890625 0.3854166666666667 0.783203125 0.3802083333333333 0.783203125 0.36284722291666666 0.77734375 0.33506944375000003 0.7646484375 0.3125 0.7509765625 0.2986111104166667 0.7294921875 0.2986111104166667 0.7236328125 0.3020833333333333 0.70703125 0.328125
0 0.8134765625 0.25347222291666666 0.8076171875 0.25347222291666666 0.8056640625 0.25 0.7919921875 0.25347222291666666 0.7841796875 0.2604166666666667 0.775390625 0.2795138895833333 0.7734375 0.30381944375000003 0.771484375 0.3072916666666667 0.7734375 0.3107638895833333 0.7734375 0.32465277708333334 0.779296875 0.3385416666666667 0.783203125 0.359375 0.791015625 0.359375 0.7998046875 0.34375 0.8095703125 0.33680555624999997 0.8173828125 0.33680555624999997 0.8193359375 0.3333333333333333 0.8212890625 0.33680555624999997 0.8349609375 0.34027777708333334 0.837890625 0.33506944375000003 0.837890625 0.30381944375000003 0.830078125 0.2760416666666667 0.8134765625 0.25347222291666666
0 0.712890625 0.23784722291666668 0.712890625 0.24826388958333334 0.7197265625 0.25347222291666666 0.724609375 0.26215277708333334 0.7353515625 0.2986111104166667 0.7509765625 0.2986111104166667 0.765625 0.3107638895833333 0.76953125 0.30381944375000003 0.76953125 0.296875 0.7734375 0.2864583333333333 0.7734375 0.25868055625 0.76953125 0.24479166666666666 0.7587890625 0.22569444375 0.7470703125 0.21527777708333332 0.7314453125 0.21527777708333332 0.7216796875 0.22222222291666668 0.712890625 0.23784722291666668
0 0.703125 0.20659722291666668 0.703125 0.23784722291666668 0.7080078125 0.24305555625 0.712890625 0.24131944375 0.7197265625 0.22569444375 0.7294921875 0.21527777708333332 0.7490234375 0.21527777708333332 0.7587890625 0.22569444375 0.759765625 0.21006944375 0.7451171875 0.18055555625 0.7392578125 0.17708333333333334 0.7197265625 0.17708333333333334 0.7099609375 0.1875 0.703125 0.20659722291666668
0 0.681640625 0.16840277708333332 0.681640625 0.17534722291666668 0.6904296875 0.18402777708333332 0.697265625 0.19965277708333332 0.7021484375 0.20833333333333334 0.703125 0.20659722291666668 0.70703125 0.19270833333333334 0.7138671875 0.18055555625 0.7255859375 0.17708333333333334 0.73046875 0.171875 0.7197265625 0.14930555625 0.7158203125 0.14930555625 0.7099609375 0.14236111041666666 0.7001953125 0.14236111041666666 0.6904296875 0.14930555625 0.681640625 0.16840277708333332
0 0.5810546875 0.22569444375 0.6005859375 0.22569444375 0.6025390625 0.22916666666666666 0.6083984375 0.22916666666666666 0.6162109375 0.23611111041666666 0.6298828125 0.26388888958333334 0.634765625 0.26215277708333334 0.640625 0.23784722291666668 0.640625 0.22048611041666666 0.63671875 0.19965277708333332 0.6279296875 0.18055555625 0.6142578125 0.17013888958333334 0.5966796875 0.17013888958333334 0.5849609375 0.18055555625 0.576171875 0.19965277708333332 0.576171875 0.21006944375 0.5810546875 0.22569444375
0 0.5283203125 0.20486111041666666 0.5234375 0.21354166666666666 0.517578125 0.23090277708333332 0.515625 0.25173611041666666 0.517578125 0.2552083333333333 0.517578125 0.26909722291666666 0.5234375 0.28993055624999997 0.5283203125 0.2986111104166667 0.5419921875 0.3125 0.556640625 0.3107638895833333 0.556640625 0.2795138895833333 0.55859375 0.2760416666666667 0.55859375 0.265625 0.560546875 0.25868055625 0.580078125 0.22743055625 0.580078125 0.22048611041666666 0.5712890625 0.20138888958333334 0.5634765625 0.19444444375 0.5458984375 0.19097222291666668 0.5283203125 0.20486111041666666
0 0.5712890625 0.12847222291666666 0.5625 0.140625 0.55859375 0.15798611041666666 0.55859375 0.17881944375 0.5634765625 0.19444444375 0.5712890625 0.20138888958333334 0.576171875 0.19965277708333332 0.580078125 0.18923611041666666 0.5908203125 0.17361111041666666 0.5966796875 0.17013888958333334 0.6103515625 0.17013888958333334 0.61328125 0.16493055625 0.611328125 0.15104166666666666 0.5986328125 0.12847222291666666 0.5849609375 0.125 0.5830078125 0.12152777708333334 0.5712890625 0.12847222291666666
0 0.58203125 0.06423611041666667 0.580078125 0.07465277708333334 0.58203125 0.09201388958333333 0.5859375 0.09201388958333333 0.5947265625 0.08333333333333333 0.6025390625 0.08333333333333333 0.6044921875 0.08680555625 0.6162109375 0.09027777708333334 0.6171875 0.07118055625 0.615234375 0.06423611041666667 0.6064453125 0.052083333333333336 0.6005859375 0.048611110416666665 0.5888671875 0.052083333333333336 0.58203125 0.06423611041666667
0 0.6533203125 0.045138889583333335 0.6484375 0.05381944375 0.6513671875 0.06597222291666667 0.6572265625 0.06944444375 0.666015625 0.06770833333333333 0.673828125 0.057291666666666664 0.6650390625 0.045138889583333335 0.6533203125 0.045138889583333335
0 0.6767578125 0.05902777708333333 0.6669921875 0.0625 0.662109375 0.07118055625 0.6728515625 0.09027777708333334 0.673828125 0.08854166666666667 0.6806640625 0.07638888958333333 0.6875 0.07118055625 0.6767578125 0.05902777708333333
0 0.6357421875 0.07986111041666667 0.6279296875 0.08333333333333333 0.623046875 0.09548611041666667 0.625 0.1267361104166667 0.630859375 0.1267361104166667 0.6416015625 0.11111111041666667 0.6630859375 0.10416666666666667 0.671875 0.09201388958333333 0.669921875 0.08506944375 0.6611328125 0.06944444375 0.6552734375 0.06944444375 0.6533203125 0.06597222291666667 0.6455078125 0.06597222291666667 0.6376953125 0.07291666666666667 0.6357421875 0.07986111041666667