1 0.4291015625 0.5173611104166667 0.4154296875 0.5277777770833334 0.39296875 0.5711805562500001 0.38515625 0.6128472229166667 0.387109375 0.6649305562500001 0.398828125 0.7065972229166667 0.4212890625 0.7361111104166667 0.43587239687499996 0.7458333333333333 0.44902342968750003 0.7458333333333333 0.4671875 0.7447916666666666 0.4798828125 0.7361111104166667 0.4916015625 0.7222222229166667 0.5013671875 0.7083333333333334 0.508203125 0.6927083333333334 0.516015625 0.6614583333333334 0.516015625 0.6371527770833333 0.5171875 0.63506944375 0.5171875 0.6239583333333333 0.516015625 0.609375 0.51015625 0.5885416666666666 0.51015625 0.5815972229166667 0.50234375 0.5607638895833333 0.4955078125 0.5451388895833333 0.4837890625 0.53125 0.46128906093750005 0.5145833333333333 0.4365234375 0.5145833333333333 0.4349609375 0.5173611104166667 0.4291015625 0.5173611104166667
0 0.21796875 0.9402777791666667 0.2345703125 0.9107638895833333 0.2384765625 0.8899305562500001 0.2404296875 0.8413194458333333 0.2384765625 0.8378472229166667 0.2384765625 0.8239583333333333 0.2365234375 0.8204861124999999 0.2345703125 0.7996527791666667 0.2267578125 0.771875 0.204296875 0.7354166666666667 0.184765625 0.7215277791666667 0.16328125 0.725 0.157421875 0.7319444458333333 0.153515625 0.7319444458333333 0.145703125 0.7423611124999999 0.1330078125 0.7753472229166667 0.1310546875 0.803125 0.1291015625 0.8065972229166667 0.1330078125 0.8552083333333333 0.1447265625 0.896875 0.1505859375 0.9107638895833333 0.165234375 0.9333333333333333 0.1896093734375 0.95 0.1972656328125 0.95 0.2072265625 0.9489583333333333 0.21796875 0.9402777791666667
0 0.2943359375 0.39548611250000004 0.2787109375 0.38506944583333336 0.2591796875 0.3885416666666667 0.2474609375 0.39895833333333336 0.234765625 0.425 0.22890625 0.45625 0.22890625 0.49097222291666665 0.23671875 0.5222222229166666 0.2494140625 0.54479166875 0.26347655937500003 0.5541666666666667 0.26914062968749997 0.5541666666666667 0.271875 0.5534722229166668 0.2826171875 0.5517361104166666 0.2982421875 0.5378472229166668 0.30703125 0.51875 0.3140625 0.48750000208333333 0.3140625 0.45208333333333334 0.308984375 0.425 0.2943359375 0.39548611250000004
0 0.6046875 0.4576388895833333 0.58515625 0.43680555625 0.5734375 0.43333333333333335 0.571484375 0.42986111250000003 0.5578125 0.42986111250000003 0.555859375 0.43333333333333335 0.544140625 0.43680555625 0.528515625 0.45069444583333335 0.5177734375 0.46631944583333335 0.5119140625 0.48020833333333335 0.5041015625 0.5114583333333333 0.5021484375 0.553125 0.5099609375 0.5809027791666667 0.5138671875 0.5878472229166667 0.5177734375 0.615625 0.524609375 0.6277777791666667 0.5421875 0.6451388895833333 0.548046875 0.6451388895833333 0.549609375 0.6479166666666667 0.5589843859375 0.6479166666666667 0.5724609375 0.646875 0.583203125 0.6451388895833333 0.594921875 0.6347222229166667 0.6154296875 0.6017361124999999 0.6212890625 0.584375 0.6232421875 0.5635416666666667 0.625 0.56041666875 0.625 0.5106770833333333 0.6173828125 0.48020833333333335 0.6046875 0.4576388895833333
0 0.7267578125 0.30659722291666663 0.716015625 0.2875 0.700390625 0.27361111250000003 0.6828125 0.27361111250000003 0.665234375 0.2875 0.6544921875 0.31006944583333335 0.6505859375 0.32743055625 0.6505859375 0.36909722291666663 0.6603515625 0.40381944583333335 0.673046875 0.42291666666666666 0.6818359359375 0.42916666666666664 0.6917968859375 0.42916666666666664 0.7052734375 0.428125 0.71796875 0.41597222291666663 0.7287109375 0.39340277916666666 0.7326171875 0.37604166666666666 0.7326171875 0.36215277916666666 0.734375 0.35902777916666667 0.734375 0.3559027791666667 0.7326171875 0.33090277916666666 0.7267578125 0.30659722291666663
0 0.778125 0.13541666666666666 0.7703125 0.12847222291666666 0.764453125 0.125 0.75078125 0.12847222291666666 0.7458984375 0.13715277708333332 0.7419921875 0.15451388958333334 0.7439453125 0.17881944375 0.756640625 0.20486111041666666 0.760546875 0.20833333333333334 0.7712890625 0.20659722291666668 0.77421875 0.20486111041666666 0.7849609375 0.18229166666666666 0.7849609375 0.171875 0.7859375 0.1701388875 0.7859375 0.15972222083333334 0.7849609375 0.15104166666666666 0.778125 0.13541666666666666
0 0.758984375 0.10034722291666666 0.74921875 0.09340277916666667 0.739453125 0.09340277916666667 0.735546875 0.096875 0.7287109375 0.1125 0.7306640625 0.14375 0.7370442703125 0.15833333333333333 0.7404296859375 0.15833333333333333 0.7423828125 0.15763888750000002 0.7462890625 0.13680555416666668 0.751171875 0.128125 0.765625 0.12298611041666667 0.765625 0.12152777708333334 0.7638671875 0.10902777916666667 0.758984375 0.10034722291666666
0 0.774609375 0.0861111125 0.7609375 0.0861111125 0.75625 0.0911111125 0.75625 0.09849537083333333 0.7619140625 0.10520833333333333 0.7638671875 0.11909722291666666 0.76875 0.12777777916666666 0.7796874984375 0.1375 0.7816406265625 0.1375 0.7833984375 0.13645833333333332 0.784375 0.13298611041666666 0.784375 0.10595238125 0.778515625 0.08958333333333333 0.774609375 0.0861111125
0 0.69609375 0.04930555416666667 0.6931640625 0.05798611041666667 0.6990234375 0.07534722083333333 0.6970703125 0.09618055416666667 0.70065104375 0.1 0.7089843703125001 0.1 0.7107421875 0.09965277708333334 0.7126953125 0.09618055416666667 0.7107421875 0.08923611041666667 0.7126953125 0.07881944375000001 0.7171875 0.06817129583333334 0.7171875 0.06249999791666667 0.709765625 0.04930555416666667 0.69609375 0.04930555416666667
0 0.6984375 0.08506944375 0.696484375 0.06770833333333333 0.692578125 0.057291666666666664 0.6818359375 0.048611110416666665 0.6759765625 0.048611110416666665 0.6681640625 0.05555555625 0.6671875 0.060763889583333335 0.675 0.078125 0.675 0.10243055625 0.6779296875 0.10763888958333333 0.688671875 0.10590277708333334 0.696484375 0.09548611041666667 0.6984375 0.08506944375
0 0.594140625 0.10798611041666667 0.582421875 0.1045138875 0.570703125 0.11145833125 0.5599609375 0.13055555416666667 0.5599609375 0.16180555416666667 0.5638671875 0.17569444374999998 0.574609375 0.19131944374999998 0.5773437515625 0.19375 0.5837890546875 0.19375 0.5873046875 0.19305555416666667 0.5873046875 0.16180555416666667 0.5912109375 0.14791666458333333 0.601953125 0.13229166458333333 0.6046875 0.12418981458333334 0.6046875 0.12303240624999999 0.601953125 0.11493055416666667 0.594140625 0.10798611041666667
0 0.5251953125 0.15902777916666666 0.5173828125 0.15902777916666666 0.5017578125 0.16944444583333332 0.49296875 0.18506944583333332 0.4890625 0.19895833333333332 0.4890625 0.23020833333333332 0.494921875 0.25104166666666666 0.5017578125 0.26319444583333335 0.5145182265625 0.27291666666666664 0.5197265671875 0.27291666666666664 0.526171875 0.271875 0.5408203125 0.2597222229166667 0.549609375 0.240625 0.55 0.23854166666666668 0.55 0.19147376666666668 0.5427734375 0.17291666666666666 0.5251953125 0.15902777916666666
0 0.5021484375 0.08506944375 0.505078125 0.09375 0.508984375 0.09375 0.51484375 0.10416666666666667 0.5216796875 0.10243055625 0.5390625 0.09899691458333333 0.5390625 0.09791666666666667 0.5373046875 0.08854166666666667 0.524609375 0.07291666666666667 0.512890625 0.07291666666666667 0.50703125 0.07638888958333333 0.5021484375 0.08506944375
0 0.256640625 0.16944444583333332 0.2546875 0.17291666666666666 0.246875 0.17291666666666666 0.241015625 0.17986111249999998 0.2341796875 0.19895833333333332 0.2341796875 0.21979166666666666 0.2361328125 0.22673611249999998 0.2482638875 0.24166666666666667 0.2507812515625 0.24166666666666667 0.2537109375 0.240625 0.25859375 0.23888888958333335 0.2673828125 0.22326388958333335 0.2703125 0.21024305625 0.2703125 0.18854166666666666 0.2673828125 0.178125 0.256640625 0.16944444583333332
0 0.0892578125 0.3154513895833333 0.0814453125 0.31892361041666667 0.074609375 0.3310763895833333 0.07265625 0.35190972291666667 0.070703125 0.35538194375000004 0.074609375 0.37621527708333335 0.0775390625 0.38142361041666667 0.0842773453125 0.3854166666666667 0.08837890625 0.3854166666666667 0.0892578125 0.3848958333333333 0.096875 0.36834490625 0.096875 0.32690972291666665 0.09609375 0.32413194375000004 0.0892578125 0.3154513895833333
0 0.02578125 0.434375 0.021875 0.434375 0.0130859375 0.45347222291666667 0.0111328125 0.48472222291666667 0.0130859375 0.4951388895833333 0.019921875 0.5072916666666667 0.0234375 0.5104166666666666 0.024414064062499997 0.5104166666666666 0.0267578125 0.5090277791666666 0.0345703125 0.4986111125 0.0359375 0.49131944583333337 0.0359375 0.4607638895833333 0.0326171875 0.44305555625 0.02578125 0.434375
1 0.05390625 0.3996527791666667 0.048046875 0.39618055625 0.040234375 0.403125 0.0353515625 0.41875 0.0333984375 0.45 0.03828125 0.46909722291666667 0.04658203125 0.475 0.0498046875 0.475 0.0509765625 0.47430555625 0.05390625 0.4725694458333333 0.0607421875 0.4569444458333333 0.0625 0.42881944583333337 0.0625 0.4248263895833333 0.0587890625 0.4083333333333333 0.05390625 0.3996527791666667
1 0.1970703125 0.23055555416666668 0.1921875 0.21840277708333333 0.178515625 0.21840277708333333 0.1697265625 0.23055555416666668 0.1658203125 0.25486111041666665 0.1677734375 0.25833333333333336 0.1677734375 0.26875 0.174609375 0.28090277708333333 0.17734375 0.2833333333333333 0.1837890640625 0.2833333333333333 0.1873046875 0.28263888958333333 0.1931640625 0.27569444375 0.1984375 0.24756944374999998 0.1984375 0.24340277708333333 0.1970703125 0.24097222083333333 0.1970703125 0.23055555416666668
1 0.3685546875 0.11145833333333334 0.3529296875 0.11145833333333334 0.3421875 0.12708333333333333 0.33828125 0.15138888958333335 0.3421875 0.16527777916666667 0.3507254453125 0.17708333333333334 0.35351563124999996 0.17708333333333334 0.363671875 0.17569444583333332 0.3734375 0.16180555625 0.3765625 0.13958333541666665 0.3765625 0.12986111250000001 0.375390625 0.1236111125 0.3685546875 0.11145833333333334
1 0.4359375 0.09152777916666667 0.4359375 0.1170138875 0.4376953125 0.12326388958333333 0.446484375 0.13541666666666666 0.4611328125 0.13368055625 0.4708984375 0.11284722291666666 0.4708984375 0.10243055625 0.471875 0.10069444375 0.471875 0.09201388958333333 0.4708984375 0.08506944375 0.462109375 0.07291666666666667 0.446484375 0.07291666666666667 0.440625 0.07986111041666667 0.4359375 0.09152777916666667
1 0.559375 0.05243055625 0.541796875 0.05243055625 0.5369140625 0.0611111125 0.5369140625 0.06805555625 0.5427734375 0.08194444583333334 0.5427734375 0.0923611125 0.5447265625 0.09583333333333334 0.5427734375 0.09930555625 0.5472377234375 0.11041666666666666 0.5529296890625 0.11041666666666666 0.5564453125 0.10972222291666665 0.56875 0.08472222291666666 0.56875 0.07465277916666667 0.5662109375 0.0611111125 0.559375 0.05243055625
1 0.5908203125 0.05850694375 0.59375 0.04982638958333333 0.5869140625 0.04461805625 0.5810546875 0.04461805625 0.5732421875 0.0515625 0.5703125 0.05677083333333333 0.5703125 0.07291666666666667 0.57490234375 0.07291666666666667 0.5830078125 0.05850694375 0.5908203125 0.05850694375
1 0.6232421875 0.04444444583333333 0.6154296875 0.04444444583333333 0.6076171875 0.05138888958333333 0.6046875 0.06354166666666666 0.6125 0.08090277916666667 0.6125 0.1017361125 0.618424478125 0.10625 0.6212890640625 0.10625 0.62421875 0.10520833333333333 0.6359375 0.08784722291666666 0.6359375 0.06354166666666666 0.6310546875 0.05138888958333333 0.6232421875 0.04444444583333333
1 0.657421875 0.05173611041666667 0.653515625 0.05868055416666666 0.649609375 0.05868055416666666 0.6408203125 0.07430555416666666 0.6390625 0.08368055416666667 0.6390625 0.08541666458333334 0.6427734375 0.09861111041666668 0.645703125 0.10034722083333333 0.6515625 0.11423611041666668 0.6556640625 0.11666666666666667 0.6603515609375 0.11666666666666667 0.6623046875 0.11597222083333333 0.6671875 0.11423611041666668 0.675 0.10034722083333333 0.675 0.07554563333333333 0.669140625 0.06215277708333333 0.657421875 0.05173611041666667
1 0.6439453125 0.04201388958333333 0.63515625 0.05416666666666667 0.637890625 0.06875 0.6421875015625 0.06875 0.644921875 0.06805555625 0.6537109375 0.055902779166666666 0.6578125 0.05444444375 0.6578125 0.052222222916666665 0.6537109375 0.04201388958333333 0.6439453125 0.04201388958333333