1 0.6748046875 0.5142361125 0.6865234375 0.5038194458333334 0.697265625 0.48472222291666667 0.703125 0.4638888895833333 0.70703125 0.4326388895833333 0.708984375 0.42916666666666664 0.70703125 0.42222222291666667 0.70703125 0.4048611125 0.701171875 0.3736111125 0.6826171875 0.340625 0.6708984375 0.3371527791666667 0.6689453125 0.33368055625 0.6416015625 0.33368055625 0.6279296875 0.34409722291666667 0.611328125 0.3736111125 0.603515625 0.4152777791666667 0.60546875 0.44305555625 0.61328125 0.47430555625 0.6357421875 0.5107638895833333 0.645703125 0.5166666666666667 0.6574218796875 0.5166666666666667 0.6640625 0.5159722229166667 0.6748046875 0.5142361125
1 0.21875004062499998 1 0.28515625 0.9986111125 0.2880859375 0.996875 0.294921875 0.98125 0.302734375 0.94305555625 0.30078125 0.8944444458333333 0.298828125 0.8909722229166667 0.296875 0.8701388895833334 0.2890625 0.8458333333333333 0.2666015625 0.8059027791666666 0.2587890625 0.7954861125 0.2412109375 0.7815972229166667 0.2353515625 0.7815972229166667 0.2333984375 0.778125 0.2041015625 0.778125 0.1904296875 0.7885416666666667 0.171875 0.8215277791666666 0.16796875 0.8354166666666667 0.166015625 0.8458333333333333 0.166015625 0.8979166666666667 0.16796875 0.9013888895833334 0.169921875 0.9256944458333333 0.1796875 0.9604166666666667 0.19140625 0.9881944458333333 0.1962890625 0.996875 0.20156249843750002 1 0.21875004062499998 1
1 0.0939453125 0.5114583333333333 0.0978515625 0.490625 0.10859375 0.46805555625 0.1232421875 0.459375 0.118359375 0.44722222291666663 0.10859375 0.44027777916666666 0.096875 0.44722222291666663 0.0861328125 0.46631944583333335 0.0822265625 0.48368055625 0.0822265625 0.521875 0.0841796875 0.5253472229166667 0.0841796875 0.5357638895833333 0.0861328125 0.5427083333333333 0.092578125 0.5541666666666667 0.093359375 0.5541666666666667 0.0939453125 0.553125 0.0939453125 0.5114583333333333
1 0.1783203125 0.27395833333333336 0.1666015625 0.2704861104166667 0.155859375 0.2861111104166667 0.151953125 0.3 0.151953125 0.3243055541666667 0.1607421875 0.34340277708333333 0.1634765625 0.3458333333333333 0.168749996875 0.3458333333333333 0.171484375 0.3451388875 0.1783203125 0.3399305541666667 0.183203125 0.33125 0.1859375 0.30694444375 0.1859375 0.29027777708333335 0.18515625 0.2861111104166667 0.1783203125 0.27395833333333336
0 0.7814453125 0.24444444375 0.77265625 0.22881944375 0.76484375 0.221875 0.758984375 0.21840277708333333 0.74140625 0.221875 0.7375 0.22534722083333333 0.7228515625 0.25486111041666665 0.7208984375 0.26527777708333333 0.7208984375 0.2930555541666667 0.7228515625 0.3034722208333333 0.7267578125 0.3173611104166667 0.74140625 0.34340277708333333 0.744140625 0.3458333333333333 0.7587890515625 0.3458333333333333 0.7677734375 0.3451388875 0.774609375 0.3399305541666667 0.7873046875 0.3138888875 0.7890625 0.30451388749999997 0.7890625 0.27118055416666664 0.7873046875 0.2618055541666667 0.7814453125 0.24444444375
0 0.519921875 0.3958333333333333 0.504296875 0.38194444375000003 0.492578125 0.37847222291666666 0.490625 0.375 0.469140625 0.37847222291666666 0.4515625 0.3958333333333333 0.4388671875 0.41840277708333334 0.4369140625 0.42881944375000003 0.4330078125 0.4357638895833333 0.4271484375 0.46006944375000003 0.4271484375 0.4982638895833333 0.4291015625 0.5017361104166667 0.4291015625 0.515625 0.4369140625 0.5434027770833333 0.449609375 0.5659722229166667 0.459375 0.5729166666666666 0.46328125 0.5798611104166667 0.469140625 0.5833333333333334 0.4994140625 0.5815972229166667 0.51015625 0.5763888895833333 0.52578125 0.5555555562500001 0.5384765625 0.52256944375 0.5421875 0.5027777770833334 0.5421875 0.44902777708333336 0.5326171875 0.41840277708333334 0.519921875 0.3958333333333333
0 0.5416015625 0.3123263895833333 0.5279296875 0.2984375 0.5201171875 0.2984375 0.5181640625 0.2949652791666667 0.4986328125 0.2984375 0.4830078125 0.3157986125 0.468359375 0.3418402791666667 0.464453125 0.35572916666666665 0.4654296875 0.38177083333333334 0.4693359375 0.3782986125 0.4791015625 0.3782986125 0.4810546875 0.3748263895833333 0.4908203125 0.3748263895833333 0.5083984375 0.38524305625 0.5201171875 0.3956597229166666 0.534765625 0.4217013895833333 0.540080915625 0.44375 0.5470703140625 0.44375 0.5484375 0.4425347229166666 0.558203125 0.41475694583333333 0.558203125 0.4043402791666667 0.5609375 0.3921875 0.5609375 0.36503472291666667 0.55234375 0.3314236125 0.5416015625 0.3123263895833333
0 0.5318359375 0.19444444375 0.5201171875 0.1875 0.5162109375 0.19097222291666668 0.5064453125 0.19097222291666668 0.4927734375 0.20486111041666666 0.4859375 0.22048611041666666 0.48203125 0.23784722291666668 0.48203125 0.265625 0.487890625 0.2864583333333333 0.4966796875 0.2986111104166667 0.5201171875 0.2951388895833333 0.5298828125 0.3020833333333333 0.53671875 0.30034722291666666 0.546484375 0.2864583333333333 0.5515625 0.2684027770833334 0.5515625 0.23807870416666665 0.546484375 0.21701388958333334 0.5318359375 0.19444444375
0 0.1501953125 0.49409722291666663 0.135546875 0.46458333333333335 0.131640625 0.46111111250000003 0.116015625 0.46111111250000003 0.108203125 0.46805555625 0.0974609375 0.490625 0.0974609375 0.49756944583333335 0.0935546875 0.5079861125 0.0935546875 0.5496527791666667 0.0974609375 0.5600694458333333 0.0974609375 0.5670138895833333 0.112109375 0.5930555562500001 0.11523437343750001 0.5958333333333333 0.123437509375 0.5958333333333333 0.1345703125 0.5947916666666667 0.139453125 0.5930555562500001 0.1501953125 0.5739583333333333 0.1521484375 0.553125 0.153125 0.5513888895833333 0.153125 0.5166666666666667 0.1521484375 0.51493055625 0.1501953125 0.49409722291666663
0 0 0.6690972229166667 0.0021484375 0.6729166666666667 0.009179690625 0.6729166666666667 0.0134765625 0.6722222229166667 0.0193359375 0.66180555625 0.0203125 0.6565972229166667 0.0203125 0.6127604166666667 0.0134765625 0.5854166666666667 0.00859375 0.5767361125 0.00078125 0.5732638895833334 0 0.6496527770833332 0 0.6690972229166667
0 0.1052734375 0.34097222083333334 0.0955078125 0.34097222083333334 0.0916015625 0.34444444375 0.0828125 0.37395833333333334 0.084765625 0.39826388749999997 0.09277343906249999 0.4125 0.099023434375 0.4125 0.100390625 0.41215277708333337 0.11015625 0.39826388749999997 0.1125 0.38576388749999996 0.1125 0.3607638875 0.112109375 0.35659722083333334 0.1052734375 0.34097222083333334
0 0.1384765625 0.28993055624999997 0.1384765625 0.3142361104166667 0.1404296875 0.32118055624999997 0.144921875 0.32916666666666666 0.1480468734375 0.32916666666666666 0.1521484375 0.328125 0.1521484375 0.30034722291666666 0.1560546875 0.2864583333333333 0.1625 0.275 0.1625 0.2708333333333333 0.15757812499999999 0.26458333333333334 0.15585937656249998 0.26458333333333334 0.1453125 0.2708333333333333 0.1384765625 0.28993055624999997
0 0.38125 0.1610479791666667 0.38125 0.18645833333333334 0.3830078125 0.19270833333333334 0.39375 0.20833333333333334 0.4103515625 0.20659722291666668 0.4171875 0.20138888958333334 0.4240234375 0.18229166666666666 0.4240234375 0.171875 0.425 0.1701388875 0.425 0.16666666666666666 0.4240234375 0.16493055625 0.4240234375 0.15451388958333334 0.4201171875 0.14409722291666668 0.41328125 0.13541666666666666 0.39765625 0.13541666666666666 0.391796875 0.13888888958333334 0.38125 0.1610479791666667
0 0.2083984375 0.21701388958333334 0.2103515625 0.24479166666666666 0.21863839375 0.25625 0.22109374843750002 0.25625 0.2240234375 0.2552083333333333 0.2201171875 0.24479166666666666 0.2181640625 0.22395833333333334 0.2201171875 0.21354166666666666 0.2296875 0.19652777916666667 0.2296875 0.19597222291666666 0.225651040625 0.19166666666666668 0.223828125 0.19166666666666668 0.219140625 0.19444444375 0.2083984375 0.21701388958333334
1 0.5291015625 0.13246527708333333 0.5203125 0.1515625 0.5203125 0.16458333333333333 0.523079428125 0.16458333333333333 0.5466796875 0.13940972291666667 0.55 0.13114583333333335 0.55 0.12606646666666668 0.5447265625 0.12204861041666668 0.5291015625 0.13246527708333333
1 0.56328125 0.15277777708333332 0.53984375 0.17361111041666666 0.5212890625 0.17881944375 0.5212890625 0.18576388958333334 0.52421875 0.19097222291666668 0.5359375 0.19791666666666666 0.54375 0.21180555625 0.5525390625 0.21006944375 0.561328125 0.20138888958333334 0.5681640625 0.18229166666666666 0.56875 0.17604166666666668 0.56875 0.15740740625 0.5671875 0.15277777708333332 0.56328125 0.15277777708333332