1 0.59375 0.4322916666666667 0.5751953125 0.39930555624999997 0.5595703125 0.3854166666666667 0.5380859375 0.38194444375000003 0.5166015625 0.3958333333333333 0.5107421875 0.40277777708333334 0.501953125 0.421875 0.4921875 0.46006944375000003 0.4921875 0.49131944375000003 0.498046875 0.5190972229166666 0.5126953125 0.5486111104166667 0.5380859375 0.5729166666666666 0.556640625 0.5711805562500001 0.5673828125 0.5659722229166667 0.5771484375 0.5555555562500001 0.59375 0.5190972229166666 0.59765625 0.5052083333333334 0.59765625 0.484375 0.599609375 0.48090277708333334 0.59765625 0.44965277708333334 0.59375 0.4322916666666667
1 0.40625 0.11284722291666666 0.40234375 0.12326388958333333 0.400390625 0.140625 0.4072265625 0.16319444375 0.4150390625 0.17013888958333334 0.42578125 0.16840277708333332 0.4306640625 0.16666666666666666 0.4375 0.15451388958333334 0.439453125 0.14756944375 0.439453125 0.12326388958333333 0.4326171875 0.10763888958333333 0.4208984375 0.10069444375 0.4091796875 0.10763888958333333 0.40625 0.11284722291666666
1 0.453125 0.14409722291666668 0.447265625 0.16145833333333334 0.447265625 0.18576388958333334 0.451171875 0.19965277708333332 0.4638671875 0.21527777708333332 0.48046875 0.21354166666666666 0.4892578125 0.20486111041666666 0.49609375 0.18576388958333334 0.49609375 0.15451388958333334 0.4921875 0.14409722291666668 0.4833984375 0.13194444375 0.4658203125 0.13194444375 0.4599609375 0.13541666666666666 0.453125 0.14409722291666668
1 0.3642578125 0.14583333333333334 0.3681640625 0.14930555625 0.376953125 0.14756944375 0.38671875 0.13368055625 0.388671875 0.11284722291666666 0.3818359375 0.09722222291666666 0.3720703125 0.09375 0.3662109375 0.09722222291666666 0.359375 0.109375 0.357421875 0.13020833333333334 0.3642578125 0.14583333333333334
1 0.470703125 0.09201388958333333 0.47265625 0.11284722291666666 0.4814453125 0.12847222291666666 0.4853515625 0.13194444375 0.48828125 0.13020833333333334 0.4951171875 0.12847222291666666 0.505859375 0.10590277708333334 0.505859375 0.09548611041666667 0.501953125 0.078125 0.4951171875 0.06944444375 0.4814453125 0.06944444375 0.474609375 0.078125 0.470703125 0.09201388958333333
1 0.56640625 0.078125 0.564453125 0.10243055625 0.5751953125 0.125 0.5791015625 0.12847222291666666 0.58984375 0.1267361104166667 0.599609375 0.11284722291666666 0.6015625 0.10590277708333334 0.6015625 0.08506944375 0.599609375 0.078125 0.5908203125 0.06597222291666667 0.5849609375 0.0625 0.5732421875 0.06597222291666667 0.56640625 0.078125
1 0.5517578125 0.10763888958333333 0.564453125 0.10590277708333334 0.564453125 0.08854166666666667 0.572265625 0.06423611041666667 0.5654296875 0.052083333333333336 0.5517578125 0.052083333333333336 0.54296875 0.06423611041666667 0.541015625 0.08506944375 0.544921875 0.09895833333333333 0.5517578125 0.10763888958333333
1 0.6611328125 0.07638888958333333 0.6728515625 0.08680555625 0.6767578125 0.09722222291666666 0.681640625 0.09548611041666667 0.681640625 0.078125 0.6748046875 0.05902777708333333 0.6669921875 0.052083333333333336 0.6572265625 0.052083333333333336 0.6484375 0.06423611041666667 0.646484375 0.07465277708333334 0.6494140625 0.08333333333333333 0.6611328125 0.07638888958333333
1 0.6591796875 0.07986111041666667 0.6533203125 0.07986111041666667 0.64453125 0.09201388958333333 0.640625 0.109375 0.6435546875 0.11458333333333333 0.6513671875 0.11805555625 0.662109375 0.13715277708333332 0.662109375 0.14409722291666668 0.6650390625 0.14930555625 0.669921875 0.14756944375 0.67578125 0.140625 0.673828125 0.11979166666666667 0.677734375 0.109375 0.677734375 0.09895833333333333 0.673828125 0.08854166666666667 0.6669921875 0.07986111041666667 0.6611328125 0.07638888958333333 0.6591796875 0.07986111041666667
1 0.71875 0.10243055625 0.7255859375 0.12152777708333334 0.7353515625 0.13194444375 0.740234375 0.13020833333333334 0.75 0.11979166666666667 0.751953125 0.11284722291666666 0.751953125 0.09548611041666667 0.75 0.08854166666666667 0.7373046875 0.06944444375 0.7255859375 0.07291666666666667 0.71875 0.08854166666666667 0.71875 0.10243055625
1 0.791015625 0.16840277708333332 0.794921875 0.18576388958333334 0.8056640625 0.20486111041666666 0.8095703125 0.20833333333333334 0.818359375 0.20659722291666668 0.830078125 0.18923611041666666 0.830078125 0.16145833333333334 0.826171875 0.14756944375 0.8193359375 0.13541666666666666 0.8076171875 0.12847222291666666 0.794921875 0.140625 0.791015625 0.15451388958333334 0.791015625 0.16840277708333332
1 0.97265625 0.6267361104166667 0.9814453125 0.6388888895833333 0.994140625 0.6371527770833333 1 0.6336805562500001 0.9990234375 0.4791666666666667 0.9892578125 0.4791666666666667 0.9853515625 0.4826388895833333 0.97265625 0.5052083333333334 0.96484375 0.5399305562500001 0.96484375 0.5885416666666666 0.97265625 0.6267361104166667
0 0.90234375 0.20659722291666668 0.900390625 0.21701388958333334 0.900390625 0.24131944375 0.9091796875 0.2673611104166667 0.9150390625 0.27430555624999997 0.919921875 0.27256944375000003 0.921875 0.25173611041666666 0.9267578125 0.23958333333333334 0.93359375 0.234375 0.93359375 0.22395833333333334 0.9296875 0.21006944375 0.9228515625 0.19791666666666666 0.9091796875 0.19444444375 0.90234375 0.20659722291666668
0 0.826171875 0.13020833333333334 0.830078125 0.14409722291666668 0.8408203125 0.15625 0.849609375 0.15451388958333334 0.853515625 0.15104166666666666 0.853515625 0.140625 0.85546875 0.13715277708333332 0.853515625 0.11631944375 0.8408203125 0.09722222291666666 0.8310546875 0.10069444375 0.826171875 0.11284722291666666 0.826171875 0.13020833333333334
0 0.7060546875 0.11805555625 0.6982421875 0.125 0.693359375 0.13715277708333332 0.693359375 0.16840277708333332 0.7080078125 0.19791666666666666 0.7119140625 0.20138888958333334 0.72265625 0.19965277708333332 0.7294921875 0.19444444375 0.736328125 0.18229166666666666 0.73828125 0.17534722291666668 0.73828125 0.14756944375 0.734375 0.13368055625 0.7275390625 0.12152777708333334 0.7236328125 0.11805555625 0.7060546875 0.11805555625
0 0.677734375 0.10590277708333334 0.673828125 0.12326388958333333 0.677734375 0.14756944375 0.6845703125 0.15972222291666668 0.69140625 0.16493055625 0.693359375 0.16145833333333334 0.693359375 0.13715277708333332 0.6953125 0.13020833333333334 0.712890625 0.11284722291666666 0.7001953125 0.09375 0.6865234375 0.09375 0.6826171875 0.09722222291666666 0.677734375 0.10590277708333334
0 0.6259765625 0.11805555625 0.6171875 0.13368055625 0.615234375 0.140625 0.615234375 0.16493055625 0.619140625 0.17881944375 0.6259765625 0.19097222291666668 0.6376953125 0.20138888958333334 0.642578125 0.19965277708333332 0.6494140625 0.19791666666666666 0.66015625 0.18229166666666666 0.6640625 0.16840277708333332 0.6640625 0.14756944375 0.662109375 0.13715277708333332 0.6513671875 0.11805555625 0.6376953125 0.11111111041666667 0.6259765625 0.11805555625
0 0.5 0.07465277708333334 0.505859375 0.09201388958333333 0.505859375 0.10590277708333334 0.5126953125 0.11458333333333333 0.51953125 0.11284722291666666 0.5244140625 0.11111111041666667 0.529296875 0.10243055625 0.533203125 0.08159722291666666 0.53125 0.07118055625 0.5244140625 0.05902777708333333 0.5107421875 0.05555555625 0.5029296875 0.0625 0.5 0.07465277708333334
0 0.4931640625 0.24652777708333332 0.4794921875 0.25694444375 0.466796875 0.2829861104166667 0.462890625 0.30034722291666666 0.462890625 0.328125 0.46875 0.35243055624999997 0.4775390625 0.36805555624999997 0.4951171875 0.38194444375000003 0.51171875 0.3802083333333333 0.5224609375 0.37152777708333334 0.53515625 0.3489583333333333 0.541015625 0.328125 0.541015625 0.30381944375000003 0.53515625 0.2760416666666667 0.5244140625 0.25694444375 0.5107421875 0.24652777708333332 0.4931640625 0.24652777708333332
0 0.4130859375 0.2916666666666667 0.3955078125 0.2916666666666667 0.3818359375 0.3020833333333333 0.37109375 0.32118055624999997 0.365234375 0.3420138895833333 0.365234375 0.3802083333333333 0.369140625 0.39756944375000003 0.3779296875 0.4166666666666667 0.3876953125 0.4270833333333333 0.392578125 0.42534722291666666 0.4091796875 0.39930555624999997 0.4267578125 0.3888888895833333 0.4404296875 0.3888888895833333 0.443359375 0.3802083333333333 0.443359375 0.3420138895833333 0.44140625 0.33159722291666666 0.4267578125 0.3020833333333333 0.4130859375 0.2916666666666667
0 0.4765625 0.42534722291666666 0.4580078125 0.39930555624999997 0.4404296875 0.3888888895833333 0.4248046875 0.3888888895833333 0.4091796875 0.39930555624999997 0.39453125 0.421875 0.384765625 0.45659722291666666 0.384765625 0.4739583333333333 0.3828125 0.47743055624999997 0.384765625 0.48090277708333334 0.384765625 0.5017361104166667 0.38671875 0.5052083333333334 0.38671875 0.515625 0.39453125 0.5364583333333334 0.4091796875 0.5590277770833333 0.4267578125 0.5694444437499999 0.443359375 0.5677083333333334 0.4541015625 0.5625 0.4677734375 0.5486111104166667 0.48046875 0.52256944375 0.484375 0.5052083333333334 0.484375 0.48784722291666666 0.486328125 0.484375 0.484375 0.45659722291666666 0.4765625 0.42534722291666666
0 0.2822265625 0.2951388895833333 0.2666015625 0.30555555624999997 0.2578125 0.32118055624999997 0.251953125 0.3454861104166667 0.251953125 0.3767361104166667 0.255859375 0.38715277708333334 0.255859375 0.39409722291666666 0.2646484375 0.40972222291666666 0.2724609375 0.4166666666666667 0.29296875 0.41493055624999997 0.2978515625 0.41319444375000003 0.306640625 0.4010416666666667 0.314453125 0.3732638895833333 0.314453125 0.3385416666666667 0.3125 0.328125 0.3037109375 0.30902777708333334 0.2880859375 0.2951388895833333 0.2822265625 0.2951388895833333
0 0.2666015625 0.27430555624999997 0.2568359375 0.28125 0.244140625 0.30381944375000003 0.240234375 0.32118055624999997 0.240234375 0.3489583333333333 0.244140625 0.36284722291666666 0.2490234375 0.37152777708333334 0.251953125 0.3697916666666667 0.251953125 0.3489583333333333 0.2578125 0.32465277708333334 0.2724609375 0.3020833333333333 0.2900390625 0.2986111104166667 0.291015625 0.296875 0.2861328125 0.28472222291666666 0.2744140625 0.27430555624999997 0.2666015625 0.27430555624999997
0 0.29296875 0.19965277708333332 0.3017578125 0.21180555625 0.3125 0.21006944375 0.322265625 0.19965277708333332 0.326171875 0.18229166666666666 0.326171875 0.16493055625 0.3193359375 0.14930555625 0.3037109375 0.14583333333333334 0.291015625 0.171875 0.291015625 0.19270833333333334 0.29296875 0.19965277708333332
0 0.3193359375 0.14930555625 0.32421875 0.15798611041666666 0.326171875 0.171875 0.328125 0.171875 0.330078125 0.15798611041666666 0.328125 0.14756944375 0.3212890625 0.13541666666666666 0.3076171875 0.13541666666666666 0.30078125 0.14409722291666668 0.3017578125 0.14930555625 0.3056640625 0.14583333333333334 0.3193359375 0.14930555625