1 0.3595703125 0.6795138875000001 0.3498046875 0.6447916666666667 0.33125 0.6118055541666667 0.317578125 0.5979166666666667 0.305859375 0.5909722208333333 0.28828125 0.5909722208333333 0.286328125 0.5944444437499999 0.27265625 0.5979166666666667 0.258984375 0.6118055541666667 0.2423828125 0.6413194437499999 0.2345703125 0.6760416666666667 0.2345703125 0.7211805541666667 0.2423828125 0.7628472208333333 0.266796875 0.8131944437499999 0.27265625 0.8201388875000001 0.290234375 0.8270833333333333 0.29140625 0.8291666666666667 0.308593740625 0.8291666666666667 0.3126953125 0.8288194437499999 0.32734375 0.8236111104166667 0.341015625 0.80625 0.3537109375 0.7836805541666667 0.3609375 0.74835069375 0.3609375 0.6993055541666667 0.3595703125 0.696875 0.3595703125 0.6795138875000001
1 0.2666015625 0.26388888958333334 0.2587890625 0.25694444375 0.2470703125 0.25694444375 0.2392578125 0.26388888958333334 0.2265625 0.28993055624999997 0.225 0.31215277708333333 0.225 0.3190200625 0.2333984375 0.34722222291666666 0.2470703125 0.3576388895833333 0.2578125 0.35590277708333334 0.2646484375 0.35069444375000003 0.26953125 0.3420138895833333 0.26953125 0.3107638895833333 0.275 0.2880787041666667 0.275 0.284375 0.2734375 0.2760416666666667 0.2666015625 0.26388888958333334
1 0.6826171875 0.5072916666666667 0.697265625 0.48472222291666667 0.703125 0.4638888895833333 0.708984375 0.42222222291666667 0.701171875 0.3770833333333333 0.6884765625 0.35104166666666664 0.6748046875 0.3371527791666667 0.6689453125 0.3371527791666667 0.6669921875 0.33368055625 0.6435546875 0.33368055625 0.6279296875 0.34409722291666667 0.611328125 0.3736111125 0.603515625 0.41875 0.603515625 0.4326388895833333 0.611328125 0.4708333333333333 0.6201171875 0.48993055625 0.6337890625 0.5072916666666667 0.6435546875 0.5142361125 0.6513671875 0.5142361125 0.652734375 0.5166666666666667 0.660937503125 0.5166666666666667 0.666015625 0.5159722229166667 0.6826171875 0.5072916666666667
0 0.497265625 0.5527777770833333 0.503125 0.5527777770833333 0.50703125 0.5458333333333333 0.512890625 0.5423611104166667 0.5275390625 0.51631944375 0.5353515625 0.48506944375 0.5353515625 0.46770833333333334 0.5373046875 0.4642361104166667 0.5353515625 0.43645833333333334 0.5255859375 0.4017361104166667 0.5109375 0.37569444375 0.49140625 0.36180555416666665 0.469921875 0.36180555416666665 0.45234375 0.37222222083333334 0.4396484375 0.39131944375 0.4376953125 0.4017361104166667 0.4318359375 0.41215277708333337 0.4259765625 0.43993055416666665 0.4259765625 0.47465277708333337 0.4337890625 0.51631944375 0.4484375 0.5423611104166667 0.4700000015625 0.5583333333333333 0.48671874062500003 0.5583333333333333 0.4904296875 0.5579861104166667 0.497265625 0.5527777770833333
0 0.5193359375 0.3111111125 0.506640625 0.2850694458333333 0.494921875 0.2746527791666667 0.4890625 0.27118055625 0.47420822031250004 0.2898556875 0.4602752875 0.32893364166666667 0.4353515625 0.3631944458333333 0.4373046875 0.3736111125 0.4416015625 0.38125 0.4432421875 0.38125 0.459765625 0.36493055625 0.467578125 0.36493055625 0.46953125 0.3614583333333333 0.491015625 0.3614583333333333 0.49296875 0.36493055625 0.498828125 0.36493055625 0.5135156249999999 0.38125 0.5173828140625 0.38125 0.5193359375 0.38055555625 0.521875 0.37152777708333334 0.521875 0.33298611250000004 0.5212890625 0.3319444458333333 0.5193359375 0.3111111125
0 0.3263671875 0.3625 0.3341796875 0.32777777916666667 0.3341796875 0.3104166666666667 0.3302734375 0.28958333333333336 0.31953125 0.27048611250000004 0.31171875 0.26354166875 0.294140625 0.26354166875 0.284375 0.27395833333333336 0.2755859375 0.28958333333333336 0.2697265625 0.31388888958333333 0.2697265625 0.3416666666666667 0.2755859375 0.3625 0.282421875 0.37465277916666667 0.2938151015625 0.38333333333333336 0.3048828125 0.38333333333333336 0.31953125 0.37465277916666667 0.3263671875 0.3625
0 0.2259765625 0.290625 0.22109375 0.28194444375 0.207421875 0.27847222083333334 0.19765625 0.28541666666666665 0.1908203125 0.29756944375 0.1849609375 0.32534722083333334 0.1849609375 0.3392361104166667 0.1888671875 0.35659722083333334 0.19687500156249998 0.37083333333333335 0.214062490625 0.37083333333333335 0.2181640625 0.3704861104166667 0.2259765625 0.36006944375 0.2296875 0.3435763895833333 0.2296875 0.3420138895833333 0.2240234375 0.321875 0.2259765625 0.290625
0 0.2857421875 0.17708333333333334 0.2740234375 0.18402777708333332 0.2671875 0.19618055625 0.26328125 0.22048611041666666 0.2681640625 0.22916666666666666 0.2740234375 0.22916666666666666 0.2798828125 0.23611111041666666 0.2857421875 0.25 0.288671875 0.24826388958333334 0.2935546875 0.24652777708333332 0.300390625 0.23090277708333332 0.3015625 0.22673611041666666 0.3015625 0.19795524583333332 0.2935546875 0.18055555625 0.2857421875 0.17708333333333334
0 0.4134765625 0.1357638875 0.3978515625 0.1357638875 0.3919921875 0.13923611041666667 0.383203125 0.15486111041666667 0.379296875 0.17569444374999998 0.38125 0.17916666458333333 0.38125 0.18958333125000001 0.3894531265625 0.20416666666666666 0.391796871875 0.20416666666666666 0.39296875 0.20347222083333336 0.39296875 0.19305555416666667 0.398828125 0.17222222083333336 0.4056640625 0.16006944374999998 0.4193359375 0.15659722083333336 0.421875 0.15208333125 0.421875 0.14999999791666668 0.4203125 0.14444444374999998 0.4134765625 0.1357638875
0 0.411328125 0.15572916666666667 0.40546875 0.15920138958333335 0.3986328125 0.17135416666666667 0.3927734375 0.1921875 0.3927734375 0.20607638958333335 0.3966796875 0.22690972291666667 0.403515625 0.2390625 0.41142578125 0.24375 0.41259765625 0.24375 0.4142578125 0.24079861041666667 0.4123046875 0.23732638958333335 0.4123046875 0.21996527708333333 0.4181640625 0.19565972291666667 0.426953125 0.18003472291666667 0.4375 0.17151199583333332 0.4375 0.16761188125 0.42890625 0.15572916666666667 0.411328125 0.15572916666666667
0 0.7814453125 0.24444444375 0.77265625 0.22881944375 0.76484375 0.221875 0.758984375 0.21840277708333333 0.74140625 0.221875 0.7287109375 0.2375 0.7208984375 0.2618055541666667 0.7208984375 0.29652777708333333 0.7267578125 0.3173611104166667 0.74140625 0.34340277708333333 0.744140625 0.3458333333333333 0.7576171781250001 0.3458333333333333 0.7658203125 0.3451388875 0.774609375 0.3399305541666667 0.7833984375 0.3243055541666667 0.7890625 0.30416666458333336 0.7890625 0.27118055416666664 0.7873046875 0.2618055541666667 0.7814453125 0.24444444375
0 0.5451171875 0.20972222291666667 0.536328125 0.19756944583333333 0.528515625 0.19062500208333333 0.508984375 0.19062500208333333 0.497265625 0.20104166874999999 0.4904296875 0.21319444583333333 0.4865234375 0.22708333541666667 0.4865234375 0.23750000208333333 0.4962890625 0.25833333541666664 0.4982421875 0.27222222291666665 0.505078125 0.28090277916666667 0.51983506875 0.3104166666666667 0.5255859375 0.3104166666666667 0.53828125 0.30173611250000004 0.5509765625 0.2791666666666667 0.5546875 0.24947916875 0.5546875 0.24699074375 0.5490234375 0.22013888958333333 0.5451171875 0.20972222291666667