1 0.0390625 0.8625 0.041015625 0.8590277770833333 0.041015625 0.8486111104166666 0.04296875 0.8416666666666667 0.05859375 0.8173611104166666 0.05859375 0.8138888875 0.048828125 0.7791666666666667 0.0341796875 0.753125 0.0302734375 0.7496527770833333 0.0166015625 0.7496527770833333 0.0078125 0.7652777770833333 0.00390625 0.7826388875 0.00390625 0.8208333333333333 0.005859375 0.8243055541666667 0.005859375 0.8347222208333334 0.021484375 0.8798611104166666 0.0283203125 0.8920138875 0.0349609375 0.8979166666666667 0.0378906234375 0.8979166666666667 0.0390625 0.8972222208333334 0.0390625 0.8625
1 0.04765625 0.5798611104166667 0.037890625 0.5694444437499999 0.03203125 0.5694444437499999 0.028125 0.5729166666666666 0.0193359375 0.5920138895833333 0.0173828125 0.6024305562500001 0.0173828125 0.6336805562500001 0.0212890625 0.6545138895833333 0.03203125 0.6770833333333334 0.037890625 0.6805555562500001 0.0466796875 0.6788194437499999 0.0564453125 0.6614583333333334 0.0564453125 0.6371527770833333 0.0578125 0.6347222229166667 0.0578125 0.6253472229166667 0.0564453125 0.6059027770833333 0.04765625 0.5798611104166667
1 0.126171875 0.3984375 0.118359375 0.40538194375000003 0.1115234375 0.42100694375000003 0.1095703125 0.44184027708333334 0.1078125 0.44496527708333333 0.1078125 0.44878472291666666 0.1095703125 0.4800347208333333 0.113427734375 0.49375 0.12724609375 0.49375 0.1291015625 0.4904513875 0.1291015625 0.45225694375000003 0.1310546875 0.44184027708333334 0.1349609375 0.4314236104166667 0.14375 0.4189236104166667 0.14375 0.40923996874999996 0.1359375 0.3984375 0.126171875 0.3984375
1 0.1654296875 0.4166666666666667 0.1615234375 0.41319444375000003 0.1478515625 0.41319444375000003 0.1439453125 0.4166666666666667 0.13125 0.4427083333333333 0.129296875 0.453125 0.129296875 0.484375 0.13515625 0.5052083333333334 0.1419921875 0.5173611104166667 0.1517578125 0.52430555625 0.160546875 0.52256944375 0.1673828125 0.5173611104166667 0.17421875 0.5052083333333334 0.1796875 0.4792824083333333 0.1796875 0.45451388958333333 0.176171875 0.4357638895833333 0.1654296875 0.4166666666666667
1 0.2248046875 0.4114583333333333 0.2228515625 0.4322916666666667 0.2248046875 0.4357638895833333 0.2267578125 0.4635416666666667 0.23136160781249998 0.475 0.2328125 0.475 0.2345703125 0.4739583333333333 0.243359375 0.4583333333333333 0.255078125 0.4479166666666667 0.266796875 0.44444444375000003 0.2697265625 0.4392361104166667 0.2716796875 0.4114583333333333 0.2794921875 0.39409722291666666 0.2794921875 0.38368055624999997 0.274609375 0.375 0.267578125 0.36875 0.24486177968749998 0.36875 0.2306640625 0.390625 0.2248046875 0.4114583333333333
1 0.2728515625 0.28854166666666664 0.2572265625 0.28854166666666664 0.2533203125 0.2920138895833333 0.240625 0.31805555625 0.240625 0.32847222291666667 0.238671875 0.3319444458333333 0.240625 0.35625 0.2455078125 0.3684027791666667 0.2611328125 0.36493055625 0.2743489578125 0.375 0.275781253125 0.375 0.2796875 0.3736111125 0.2890625 0.34694444375 0.2890625 0.3233796291666666 0.28359375 0.3006944458333333 0.2728515625 0.28854166666666664
1 0.3861328125 0.23993055416666667 0.3802734375 0.23645833125000001 0.3646484375 0.23645833125000001 0.35 0.2590277770833333 0.34609375 0.27291666666666664 0.34609375 0.29722222083333333 0.348046875 0.30763888749999996 0.3548828125 0.32326388749999996 0.3680989609375 0.3333333333333333 0.37070311718750004 0.3333333333333333 0.379296875 0.33194444375000004 0.3841796875 0.3302083333333333 0.394921875 0.31111111041666667 0.4 0.2900462958333333 0.4 0.27291666458333336 0.396875 0.2590277770833333 0.3861328125 0.23993055416666667
1 0.5001953125 0.29340277708333334 0.4943359375 0.3177083333333333 0.4943359375 0.3489583333333333 0.5001953125 0.3697916666666667 0.512890625 0.3923611104166667 0.516796875 0.3923611104166667 0.520703125 0.39930555624999997 0.525390625 0.40208333333333335 0.5332031203125001 0.40208333333333335 0.5431640625 0.4010416666666667 0.551953125 0.3923611104166667 0.5685546875 0.359375 0.5703125 0.353125 0.5703125 0.31362847083333334 0.5626953125 0.28993055624999997 0.55 0.2708333333333333 0.5394531234375 0.26458333333333334 0.52197265625 0.26458333333333334 0.508984375 0.27777777708333334 0.5001953125 0.29340277708333334
1 0.7376953125 0.23541666666666666 0.7181640625 0.23194444583333332 0.7083984375 0.23888888958333335 0.699609375 0.2545138895833333 0.69765625 0.26493055625 0.69375 0.271875 0.691796875 0.29965277916666666 0.695703125 0.30659722291666663 0.695703125 0.31354166666666666 0.7015625 0.33090277916666666 0.7103515625 0.34652777916666666 0.7212890609375 0.35625 0.72714844375 0.35625 0.734765625 0.35520833333333335 0.7513671875 0.33611111250000003 0.75625 0.32395833333333335 0.7578125 0.315625 0.7578125 0.27743055624999996 0.75234375 0.2579861125 0.7376953125 0.23541666666666666
0 0.948046875 0.3638888895833333 0.93828125 0.35694444583333335 0.932421875 0.35694444583333335 0.91875 0.36736111250000003 0.9138671875 0.37604166666666666 0.9080078125 0.40034722291666663 0.9080078125 0.4420138895833333 0.9138671875 0.46631944583333335 0.9164062484375 0.4708333333333333 0.9187500015625 0.4708333333333333 0.9216796875 0.46979166666666666 0.928515625 0.45416666666666666 0.93828125 0.44375 0.95390625 0.44027777916666666 0.96171875 0.44722222291666663 0.9640625 0.44305555625 0.9640625 0.4084201395833333 0.9568359375 0.3795138895833333 0.948046875 0.3638888895833333
0 0.994921875 0.38836805625 0.983203125 0.38836805625 0.979296875 0.39184027708333335 0.9685546875 0.41440972291666667 0.9666015625 0.4248263895833333 0.9666015625 0.45260416666666664 0.9744140625 0.46649305625 0.9802734375 0.4873263895833333 0.98212890625 0.5104166666666666 0.9984375 0.5104166666666666 0.9984375 0.39211805625 0.994921875 0.38836805625
0 0.5419921875 0.15625 0.5361328125 0.15277777708333332 0.5283203125 0.15277777708333332 0.5185546875 0.15972222291666668 0.509765625 0.17881944375 0.509765625 0.18923611041666666 0.5078125 0.19270833333333334 0.509765625 0.21006944375 0.513671875 0.22048611041666666 0.5224609375 0.23263888958333334 0.54296875 0.23090277708333332 0.55078125 0.22048611041666666 0.5546875 0.20659722291666668 0.5546875 0.17881944375 0.552734375 0.171875 0.5419921875 0.15625
0 0.40703125 0.34409722291666667 0.389453125 0.33368055625 0.377734375 0.33368055625 0.3640625 0.34409722291666667 0.3494140625 0.3701388895833333 0.3435546875 0.3944444458333333 0.3435546875 0.42222222291666667 0.3513671875 0.4569444458333333 0.358203125 0.46909722291666667 0.380234375 0.48541666666666666 0.388085940625 0.48541666666666666 0.3923828125 0.48472222291666667 0.405078125 0.47604166666666664 0.4197265625 0.45 0.4255859375 0.4256944458333333 0.4265625 0.41180555625 0.4265625 0.39328703750000005 0.4216796875 0.3701388895833333 0.40703125 0.34409722291666667
0 0.3423828125 0.39461805624999996 0.32578125 0.36857638958333333 0.319921875 0.3651041666666667 0.2984375 0.3651041666666667 0.290625 0.3720486104166667 0.2740234375 0.40503472291666665 0.2701171875 0.42586805624999996 0.2701171875 0.4432291666666667 0.276953125 0.4484375 0.2828125 0.4484375 0.296484375 0.46232638958333333 0.3052734375 0.47795138958333333 0.312646484375 0.5041666666666667 0.3233398453125 0.5041666666666667 0.323828125 0.50399305625 0.335546875 0.48663194375 0.3443359375 0.46753472291666665 0.3453125 0.46232638958333333 0.3453125 0.42934027708333333 0.3443359375 0.4015625 0.3423828125 0.39461805624999996
0 0.2939453125 0.45902777708333337 0.2744140625 0.44513888749999997 0.2607421875 0.44513888749999997 0.2470703125 0.45555555416666665 0.2392578125 0.46597222083333334 0.232421875 0.48159722083333334 0.2265625 0.5024305541666666 0.2265625 0.5510416666666667 0.234375 0.5788194437499999 0.2451171875 0.5979166666666667 0.2626953140625 0.6104166666666667 0.27792967968750004 0.6104166666666667 0.28125 0.6100694437499999 0.2919921875 0.6013888875000001 0.30859375 0.5684027770833333 0.3125 0.5510416666666667 0.3125 0.5059027770833333 0.3046875 0.478125 0.2939453125 0.45902777708333337
0 0.289453125 0.8315972229166667 0.285546875 0.8107638895833333 0.27578125 0.7829861104166667 0.2533203125 0.7465277770833333 0.2416015625 0.7361111104166667 0.2259765625 0.7326388895833333 0.2240234375 0.7291666666666666 0.2025390625 0.7326388895833333 0.1908203125 0.7430555562500001 0.17421875 0.7725694437499999 0.1703125 0.7864583333333334 0.16640625 0.8385416666666666 0.168359375 0.8420138895833333 0.168359375 0.8559027770833333 0.1703125 0.859375 0.172265625 0.8802083333333334 0.180078125 0.9079861104166667 0.2005859375 0.9444444437499999 0.2201171875 0.9618055562500001 0.2318359375 0.9652777770833333 0.2337890625 0.96875 0.25234375 0.9670138895833333 0.2728515625 0.9513888895833333 0.281640625 0.9357638895833333 0.2875 0.9184027770833333 0.289453125 0.890625 0.290625 0.8885416666666667 0.290625 0.84756944375 0.289453125 0.8454861104166667 0.289453125 0.8315972229166667
0 0.0904297046875 1 0.1193359375 0.9986111125 0.1232421875 0.9847222229166667 0.1265625 0.9581597229166667 0.1265625 0.9524305562500001 0.1251953125 0.95 0.1251953125 0.9361111125 0.1232421875 0.9326388895833334 0.1212890625 0.91180555625 0.1076171875 0.8666666666666667 0.09296875 0.840625 0.075390625 0.8232638895833334 0.059765625 0.8197916666666667 0.051953125 0.8267361125 0.0431640625 0.8423611125 0.0412109375 0.8631944458333333 0.0392578125 0.8666666666666667 0.0412109375 0.9048611125 0.0470703125 0.9361111125 0.0646484375 0.9673611125 0.0646484375 0.9708333333333333 0.08298483437500001 1 0.0904297046875 1
0 0.1078125 0.4592013875 0.0990234375 0.4435763875 0.0873046875 0.4401041666666667 0.0765625 0.4557291666666667 0.07265625 0.46961805416666663 0.07265625 0.4904513875 0.086328125 0.5112847208333333 0.0902064734375 0.5354166666666667 0.096256509375 0.5354166666666667 0.105859375 0.5251736104166667 0.109765625 0.5112847208333333 0.1109375 0.4987847208333333 0.1109375 0.4890625 0.109765625 0.4869791666666667 0.1078125 0.4592013875
1 0.0486328125 0.5538194437499999 0.0525390625 0.5711805562500001 0.059375 0.5833333333333334 0.0681640640625 0.5895833333333333 0.0726562484375 0.5895833333333333 0.0779296875 0.5885416666666666 0.0876953125 0.5677083333333334 0.0876953125 0.5503472229166667 0.0890625 0.5479166666666667 0.0890625 0.540625 0.0876953125 0.5260416666666666 0.0837890625 0.50868055625 0.07890625 0.5 0.071875 0.49375 0.0629728625 0.49375 0.0486328125 0.5260416666666666 0.0486328125 0.5538194437499999
0 0.054296875 0.48194444583333335 0.0435546875 0.5010416666666667 0.0416015625 0.5114583333333333 0.0416015625 0.5427083333333333 0.0455078125 0.5565972229166667 0.05 0.5645833333333333 0.05078125 0.5645833333333333 0.0513671875 0.5635416666666667 0.0494140625 0.521875 0.0533203125 0.5079861125 0.062109375 0.49236111250000003 0.065625 0.4911111125 0.065625 0.4881944458333333 0.062109375 0.48194444583333335 0.054296875 0.48194444583333335