1 0.862890625 0.4708333333333333 0.853125 0.4395833333333333 0.8404296875 0.4204861125 0.8287109375 0.41354166666666664 0.8111328125 0.41354166666666664 0.8091796875 0.4170138895833333 0.8033203125 0.4170138895833333 0.7916015625 0.4309027791666667 0.788671875 0.4395833333333333 0.7828125 0.4465277791666667 0.77890625 0.46041666666666664 0.776953125 0.4986111125 0.77890625 0.5020833333333333 0.780859375 0.5263888895833333 0.7896484375 0.5385416666666667 0.8033203125 0.5385416666666667 0.8052734375 0.5420138895833334 0.8169921875 0.5454861125 0.8267578125 0.5559027791666666 0.8421875 0.5833333333333334 0.843359378125 0.5833333333333334 0.847265625 0.5819444458333333 0.85703125 0.5645833333333333 0.865625 0.5279166666666667 0.865625 0.48506944583333333 0.862890625 0.4777777791666667 0.862890625 0.4708333333333333
1 0.6822265625 0.4392361104166667 0.6763671875 0.46006944375000003 0.6763671875 0.4704861104166667 0.6841796875 0.484375 0.6919921875 0.50868055625 0.6939453125 0.5295138895833333 0.6958984375 0.5329861104166667 0.6978515625 0.5711805562500001 0.714453125 0.59375 0.7408203125 0.5920138895833333 0.761328125 0.5555555562500001 0.76328125 0.5555555562500001 0.7720703125 0.5364583333333334 0.7740234375 0.5121527770833334 0.775 0.5104166666666666 0.775 0.4635416666666667 0.7662109375 0.4322916666666667 0.753515625 0.41319444375000003 0.73203125 0.3958333333333333 0.718359375 0.3958333333333333 0.696875 0.41319444375000003 0.6822265625 0.4392361104166667
1 0.6705078125 0.46111111250000003 0.6568359375 0.44722222291666663 0.6451171875 0.44027777916666666 0.6236328125 0.44027777916666666 0.6099609375 0.45416666666666666 0.5982421875 0.46111111250000003 0.585546875 0.48368055625 0.581640625 0.5010416666666667 0.577734375 0.5079861125 0.57578125 0.5357638895833333 0.573828125 0.5392361124999999 0.573828125 0.5635416666666667 0.57578125 0.5670138895833333 0.577734375 0.5913194458333333 0.581640625 0.6052083333333333 0.5998046875 0.6375 0.6037109421875 0.6375 0.608984375 0.6364583333333333 0.6109375 0.6260416666666667 0.6216796875 0.6069444458333333 0.6412109375 0.5826388895833333 0.6666015625 0.56875 0.6880859375 0.56875 0.6900390625 0.5722222229166667 0.69375 0.5682638895833333 0.69375 0.5329861125 0.687109375 0.49756944583333335 0.6705078125 0.46111111250000003
1 0.6828125 0.26597222291666667 0.676953125 0.24513888958333335 0.6701171875 0.23298611249999998 0.6583984375 0.22256944583333332 0.6525390625 0.22256944583333332 0.6505859375 0.21909722291666667 0.6388671875 0.22256944583333332 0.6310546875 0.22951388958333335 0.6203125 0.24861111249999998 0.6203125 0.26597222291666667 0.6251953125 0.27465277708333335 0.6330078125 0.2642361125 0.6544921875 0.25729166666666664 0.6564453125 0.26076388958333335 0.6681640625 0.2642361125 0.677197265625 0.27708333333333335 0.6796875 0.27708333333333335 0.680859375 0.2763888895833333 0.6828125 0.26597222291666667
1 0.5892578125 0.20104166874999999 0.5716796875 0.20104166874999999 0.5638671875 0.2079861125 0.555078125 0.2236111125 0.551171875 0.23750000208333333 0.551171875 0.25138888958333333 0.555078125 0.25833333333333336 0.5589843765625 0.25833333333333336 0.5658203125 0.24618055625000002 0.5814453125 0.23229166874999999 0.5951171875 0.23229166874999999 0.5970703125 0.23576388958333333 0.6087890625 0.2392361125 0.609375 0.23402777916666664 0.609375 0.2296627 0.6029296875 0.21493055625000002 0.5892578125 0.20104166874999999
1 0.5529296875 0.23020833333333332 0.5529296875 0.22326388958333335 0.5509765625 0.21631944583333332 0.53828125 0.19722222291666666 0.52265625 0.19027777916666666 0.520703125 0.19375 0.51484375 0.19375 0.5041015625 0.209375 0.50703125 0.22847222291666666 0.5265625 0.225 0.528515625 0.22847222291666666 0.534375 0.22847222291666666 0.5455078109375 0.24166666666666667 0.5472656265625 0.24166666666666667 0.5490234375 0.240625 0.5529296875 0.23020833333333332
1 0.38671875 0.26944444375000004 0.384765625 0.26249999791666667 0.3759765625 0.24340277708333333 0.3681640625 0.23645833125000001 0.3544921875 0.23645833125000001 0.3447265625 0.24340277708333333 0.33203125 0.26944444375000004 0.33203125 0.27638888749999996 0.3425347234375 0.2916666666666667 0.3431640609375 0.2916666666666667 0.3544921875 0.28159722083333333 0.3701171875 0.28159722083333333 0.3814453140625 0.2916666666666667 0.382812496875 0.2916666666666667 0.38671875 0.29027777708333335 0.38671875 0.26944444375000004
1 0.3697265625 0.28159722291666667 0.3541015625 0.28159722291666667 0.3443359375 0.28854166666666664 0.33359375 0.3076388895833333 0.327734375 0.32847222291666667 0.327734375 0.3631944458333333 0.33359375 0.3840277791666667 0.337890625 0.39166666666666666 0.3414062515625 0.39166666666666666 0.343359375 0.39097222291666667 0.34140625 0.3875 0.343359375 0.36666666666666664 0.34921875 0.3423611125 0.3599609375 0.3232638895833333 0.3716796875 0.31284722291666667 0.3833984375 0.309375 0.3859375 0.3048611104166667 0.3859375 0.3025462958333333 0.3833984375 0.2920138895833333 0.3697265625 0.28159722291666667
1 0.3115234375 0.27743055624999996 0.314453125 0.27222222291666665 0.31640625 0.24791666874999999 0.3203125 0.23750000208333333 0.3134765625 0.22534722291666667 0.3076171875 0.22187500208333333 0.2939453125 0.22534722291666667 0.2880859375 0.23229166874999999 0.283203125 0.24444444583333333 0.28125 0.2548611125 0.28125 0.28263888958333333 0.291015625 0.3 0.29296875 0.3 0.3037109375 0.28090277916666667 0.3115234375 0.27743055624999996
1 0.2611328125 0.2404513875 0.25234375 0.25954861041666666 0.2669921875 0.26475694375 0.273828125 0.2769097208333333 0.277376303125 0.29583333333333334 0.2828125 0.29583333333333334 0.2828125 0.2859375 0.281640625 0.2838541666666667 0.281640625 0.2560763875 0.2828125 0.24982638750000002 0.2828125 0.24502840833333334 0.2728515625 0.23697916458333335 0.2611328125 0.2404513875
1 0.151171875 0.3645833333333333 0.1453125 0.3611111104166667 0.135546875 0.36805555624999997 0.1267578125 0.38368055624999997 0.1228515625 0.39756944375000003 0.1228515625 0.421875 0.1267578125 0.4357638895833333 0.13359375 0.4479166666666667 0.1375 0.4513888895833333 0.1482421875 0.44965277708333334 0.1580078125 0.4392361104166667 0.1619140625 0.421875 0.1619140625 0.4010416666666667 0.1625 0.4 0.1625 0.39027777708333333 0.1599609375 0.3767361104166667 0.151171875 0.3645833333333333
0 0.2748046875 0.27986111041666667 0.2640625 0.2607638875 0.258203125 0.25729166458333336 0.242578125 0.2677083333333333 0.2357421875 0.27986111041666667 0.2318359375 0.29375 0.2318359375 0.31805555416666664 0.238671875 0.33715277708333335 0.2460937515625 0.34375 0.24902342812499997 0.34375 0.2591796875 0.34236111041666667 0.2708984375 0.33194444375000004 0.2765625 0.3050925916666667 0.2765625 0.29340277708333334 0.2748046875 0.29027777708333335 0.2748046875 0.27986111041666667
0 0.30546875 0.20555555416666668 0.29765625 0.2125 0.291796875 0.21944444375 0.2888671875 0.228125 0.29375 0.22986111041666665 0.3015625 0.22291666666666668 0.307421875 0.22291666666666668 0.3179687515625 0.23541666666666666 0.3214843734375 0.23541666666666666 0.3220703125 0.23506944375 0.325 0.22986111041666665 0.325 0.21997863125 0.31328125 0.20555555416666668 0.30546875 0.20555555416666668
0 0.3580078125 0.20416666666666666 0.3521484375 0.20069444583333332 0.3404296875 0.20069444583333332 0.3306640625 0.21111111249999998 0.32578125 0.22326388958333335 0.3306640625 0.225 0.3326171875 0.22152777916666666 0.3423828125 0.22152777916666666 0.3443359375 0.21805555625 0.3501953125 0.22152777916666666 0.3556640625 0.23125 0.358789065625 0.23125 0.362890625 0.23020833333333332 0.3640625 0.22395833333333334 0.3640625 0.21701388958333334 0.362890625 0.21284722291666666 0.3580078125 0.20416666666666666
0 0.344921875 0.2428819458333333 0.3576171875 0.23420138958333334 0.3546875 0.22552083333333334 0.346875 0.21857638958333334 0.3390625 0.21857638958333334 0.3224609375 0.23420138958333334 0.3166015625 0.2515625 0.3166015625 0.2708333333333333 0.33251953125 0.2708333333333333 0.3341796875 0.26197916666666665 0.344921875 0.2428819458333333
0 0.403125 0.32013888749999997 0.3875 0.30972222083333334 0.377734375 0.30972222083333334 0.36015625 0.3236111104166667 0.3494140625 0.34270833333333334 0.3435546875 0.36354166666666665 0.3416015625 0.38784722083333334 0.3474609375 0.41909722083333334 0.362109375 0.44513888749999997 0.377343753125 0.45416666666666666 0.3882812453125 0.45416666666666666 0.3904296875 0.45381944375 0.405078125 0.44166666666666665 0.4197265625 0.40868055416666665 0.4203125 0.40555555416666667 0.4203125 0.35972222083333333 0.4177734375 0.34618055416666665 0.403125 0.32013888749999997
0 0.5298828125 0.3326388895833333 0.5181640625 0.32916666666666666 0.5162109375 0.32569444583333335 0.4986328125 0.32569444583333335 0.4830078125 0.33958333333333335 0.46640625 0.36909722291666663 0.4625 0.38645833333333335 0.4625 0.40381944583333335 0.460546875 0.40729166666666666 0.460546875 0.41770833333333335 0.46640625 0.44895833333333335 0.4728515625 0.46041666666666664 0.4744140640625 0.46041666666666664 0.476171875 0.459375 0.48203125 0.43854166666666666 0.4927734375 0.41944444583333335 0.5083984375 0.40555555625 0.5318359375 0.39861111250000003 0.5337890625 0.40208333333333335 0.5435546875 0.40208333333333335 0.5455078125 0.40555555625 0.5572265625 0.40902777916666666 0.5578125 0.3996527791666667 0.5578125 0.39221230208333335 0.54453125 0.35173611250000003 0.5298828125 0.3326388895833333
0 0.5578125 0.5909722208333333 0.5705078125 0.5649305541666667 0.5744140625 0.5232638875 0.5841796875 0.48854166666666665 0.5841796875 0.47118055416666665 0.5744140625 0.43645833333333334 0.5578125 0.41041666666666665 0.54609375 0.40347222083333334 0.51484375 0.40347222083333334 0.501171875 0.4173611104166667 0.493359375 0.42083333333333334 0.4787109375 0.45034722083333334 0.4748046875 0.48159722083333334 0.4728515625 0.48506944375 0.4728515625 0.5197916666666667 0.4806640625 0.5510416666666667 0.497265625 0.5840277770833333 0.51484375 0.5979166666666667 0.52265625 0.5979166666666667 0.523828125 0.6 0.5378906171875 0.6 0.5412109375 0.5996527770833333 0.5578125 0.5909722208333333
0 0.5421875 0.23611111041666666 0.5265625 0.22569444375 0.51484375 0.22569444375 0.503125 0.23611111041666666 0.4904296875 0.25868055625 0.4884765625 0.2795138895833333 0.4865234375 0.2829861104166667 0.4865234375 0.29340277708333334 0.4904296875 0.3107638895833333 0.497265625 0.3263888895833333 0.5021484375 0.32465277708333334 0.50703125 0.3229166666666667 0.516796875 0.2986111104166667 0.5265625 0.2916666666666667 0.53046875 0.28472222291666666 0.53828125 0.27777777708333334 0.551953125 0.27777777708333334 0.5546875 0.27291666666666664 0.5546875 0.2708333333333333 0.5529296875 0.2552083333333333 0.5421875 0.23611111041666666
0 0.59453125 0.23194444583333332 0.5828125 0.23194444583333332 0.565234375 0.24583333333333332 0.5583984375 0.2579861125 0.5544921875 0.27534722291666663 0.569140625 0.29097222291666663 0.5798828125 0.31354166666666666 0.5857421875 0.33090277916666666 0.5857421875 0.3482638895833333 0.5920312484375 0.35625 0.595312503125 0.35625 0.5994140625 0.35520833333333335 0.604296875 0.35347222291666663 0.6130859375 0.34131944583333335 0.6130859375 0.3170138895833333 0.621875 0.28263888958333333 0.621875 0.266399575 0.61015625 0.24236111249999998 0.59453125 0.23194444583333332
0 0.675 0.2708333333333333 0.66328125 0.2604166666666667 0.6515625 0.25694444375 0.649609375 0.2604166666666667 0.6359375 0.26388888958333334 0.626171875 0.27430555624999997 0.6193359375 0.28993055624999997 0.6193359375 0.296875 0.615625 0.3067708333333333 0.615625 0.34618055416666665 0.6212890625 0.36631944375000003 0.6359375 0.3888888895833333 0.64765625 0.39930555624999997 0.6662109375 0.39756944375000003 0.67109375 0.3888888895833333 0.6828125 0.37847222291666666 0.690625 0.355324075 0.690625 0.30555555624999997 0.6896484375 0.30034722291666666 0.675 0.2708333333333333
0 0.744140625 0.34513888958333333 0.748046875 0.33125 0.748046875 0.29305555624999996 0.7421875 0.27222222291666665 0.7333984375 0.2565972229166667 0.7216796875 0.24618055625000002 0.7080078125 0.24270833541666667 0.6904296875 0.2565972229166667 0.681640625 0.2791666666666667 0.689453125 0.3 0.69140625 0.32430555624999996 0.693359375 0.32777777916666667 0.693359375 0.35208333333333336 0.697265625 0.3625 0.7060546875 0.37118055624999996 0.7158203125 0.37118055624999996 0.716796875 0.3729166666666667 0.724609375 0.3729166666666667 0.7333984375 0.36770833333333336 0.744140625 0.34513888958333333
0 0.7935546875 0.34652777916666666 0.7779296875 0.33611111250000003 0.7583984375 0.33611111250000003 0.7525390625 0.33958333333333335 0.7359375 0.36215277916666666 0.73203125 0.37256944583333335 0.730078125 0.39340277916666666 0.7330078125 0.39861111250000003 0.7388671875 0.39861111250000003 0.7564453125 0.41597222291666663 0.7671875 0.43506944583333335 0.773046875 0.45590277916666666 0.7755859375 0.46041666666666664 0.7763671875 0.46041666666666664 0.776953125 0.459375 0.7896484375 0.42986111250000003 0.7974609375 0.41944444583333335 0.8109375 0.41259920625 0.8109375 0.39201388958333333 0.80625 0.37256944583333335 0.7935546875 0.34652777916666666
0 0.80859375 0.3769097208333333 0.8125 0.4081597208333333 0.818359375 0.4081597208333333 0.818359375 0.4012152770833334 0.822265625 0.3907986104166667 0.8330078125 0.3717013875 0.841796875 0.36302083333333335 0.841796875 0.35260416666666666 0.8359375 0.33177083333333335 0.8232421875 0.3092013875 0.8056640625 0.2987847208333333 0.7939453125 0.30225694375 0.7861328125 0.3092013875 0.775390625 0.3282986104166667 0.775390625 0.33524305416666667 0.7919921875 0.3439236104166667 0.80859375 0.3769097208333333
0 0.86015625 0.28524305624999996 0.85625 0.28177083333333336 0.838671875 0.28177083333333336 0.8240234375 0.30434027708333333 0.8240234375 0.31128472291666665 0.8357421875 0.33211805624999996 0.8416015625 0.35295138958333333 0.8416015625 0.35833333333333334 0.85166015625 0.35833333333333334 0.8533203125 0.3494791666666667 0.8640625 0.33038194375 0.873828125 0.32690972291666665 0.875 0.3234375 0.875 0.31302083333333336 0.8708984375 0.30086805624999996 0.86015625 0.28524305624999996
0 0.9041015625 0.3487847229166666 0.8953125 0.3331597229166666 0.8875 0.3262152791666667 0.86796875 0.3262152791666667 0.8533203125 0.3487847229166666 0.8513671875 0.3592013895833333 0.85625 0.3644097229166666 0.86796875 0.36788194583333333 0.873828125 0.3748263895833333 0.8826171875 0.3904513895833333 0.8884765625 0.4112847229166666 0.8884765625 0.41822916666666665 0.889794921875 0.42291666666666666 0.8932291671874999 0.42291666666666666 0.8962890625 0.41475694583333333 0.9109375 0.3919704875 0.9109375 0.3782986104166667 0.9099609375 0.36614583333333334 0.9041015625 0.3487847229166666
0 0.9568359375 0.4388888875 0.9529296875 0.42152777708333333 0.940234375 0.3954861104166667 0.93046875 0.3885416666666667 0.91484375 0.3885416666666667 0.90703125 0.3954861104166667 0.8943359375 0.42152777708333333 0.8923828125 0.45277777708333333 0.8904296875 0.45625 0.8904296875 0.48402777708333333 0.8982421875 0.5256944437500001 0.90703125 0.54131944375 0.91484375 0.5482638875 0.9177734390625 0.55 0.9275390625 0.55 0.944140625 0.5378472208333334 0.9529296875 0.5152777770833333 0.9578125 0.4892361104166667 0.9578125 0.4579861104166667 0.9568359375 0.45625 0.9568359375 0.4388888875