0 0.7001953125 0.3541666666666667 0.6767578125 0.3541666666666667 0.6591796875 0.36805555624999997 0.646484375 0.390625 0.63671875 0.4357638895833333 0.63671875 0.4670138895833333 0.646484375 0.5052083333333334 0.6611328125 0.53125 0.6806640625 0.5451388895833333 0.703125 0.5434027770833333 0.7099609375 0.5416666666666666 0.7236328125 0.5277777770833334 0.734375 0.50868055625 0.744140625 0.45659722291666666 0.7421875 0.421875 0.734375 0.39409722291666666 0.7158203125 0.3645833333333333 0.7001953125 0.3541666666666667
0 0.9169921875 0.41319444375000003 0.8994140625 0.41319444375000003 0.8916015625 0.4201388895833333 0.880859375 0.4392361104166667 0.875 0.46006944375000003 0.875 0.4704861104166667 0.87109375 0.48784722291666666 0.87109375 0.515625 0.873046875 0.5190972229166666 0.875 0.5503472229166667 0.8876953125 0.5763888895833333 0.9013671875 0.5902777770833333 0.91796875 0.5885416666666666 0.9248046875 0.5868055562500001 0.9306640625 0.5798611104166667 0.9453125 0.5503472229166667 0.951171875 0.5190972229166666 0.951171875 0.484375 0.9453125 0.453125 0.9326171875 0.4270833333333333 0.9169921875 0.41319444375000003
0 1 0.4357638895833333 0.9873046875 0.41319444375000003 0.9736328125 0.40625 0.9599609375 0.4201388895833333 0.94921875 0.44965277708333334 0.951171875 0.52256944375 0.955078125 0.5364583333333334 0.9638671875 0.5520833333333334 0.9697265625 0.5555555562500001 0.982421875 0.5538194437499999 0.9931640625 0.5451388895833333 1 0.5295138895833333 1 0.4357638895833333
0 0.2548828125 0.30555555624999997 0.240234375 0.33506944375000003 0.23828125 0.3454861104166667 0.23828125 0.390625 0.2421875 0.4045138895833333 0.2490234375 0.4166666666666667 0.2568359375 0.4236111104166667 0.275390625 0.421875 0.2861328125 0.4166666666666667 0.29296875 0.4045138895833333 0.30078125 0.3732638895833333 0.30078125 0.3385416666666667 0.2900390625 0.30902777708333334 0.2685546875 0.2986111104166667 0.2666015625 0.3020833333333333 0.2548828125 0.30555555624999997
0 0.291015625 0.2864583333333333 0.287109375 0.2760416666666667 0.2783203125 0.26388888958333334 0.2724609375 0.26388888958333334 0.2705078125 0.2604166666666667 0.2548828125 0.26388888958333334 0.240234375 0.29340277708333334 0.23828125 0.32118055624999997 0.240234375 0.328125 0.2421875 0.328125 0.2490234375 0.3125 0.2587890625 0.3020833333333333 0.2646484375 0.3020833333333333 0.2666015625 0.2986111104166667 0.2763671875 0.2986111104166667 0.2919921875 0.3125 0.29296875 0.296875 0.291015625 0.2864583333333333
0 0 0.9392361104166667 0.001953125 0.9427083333333334 0 0.9461805562500001 0.001953125 0.9496527770833333 0.00390625 0.9809027770833333 0.0078125 0.9947916666666666 0.0107421875 1 0.0390625 0.9982638895833333 0.041015625 0.9947916666666666 0.0390625 0.984375 0.029296875 0.9670138895833333 0.025390625 0.9496527770833333 0.017578125 0.9357638895833333 0.015625 0.921875 0.0048828125 0.90625 0 0.921875 0 0.9392361104166667
0 0.0439453125 0.8055555562500001 0.0361328125 0.8125 0.03125 0.8211805562500001 0.025390625 0.8454861104166667 0.025390625 0.8628472229166667 0.029296875 0.8767361104166667 0.0810546875 0.9722222229166667 0.0908203125 0.9861111104166667 0.09765625 0.984375 0.103515625 0.9635416666666666 0.10546875 0.9392361104166667 0.103515625 0.9357638895833333 0.1015625 0.9010416666666666 0.08984375 0.8559027770833333 0.0712890625 0.8194444437499999 0.0576171875 0.8055555562500001 0.0439453125 0.8055555562500001
1 0.2353515625 0.6979166666666666 0.2119140625 0.7013888895833333 0.2001953125 0.7118055562500001 0.18359375 0.7413194437499999 0.17578125 0.7690972229166667 0.173828125 0.8142361104166667 0.17578125 0.8177083333333334 0.17578125 0.8315972229166667 0.1796875 0.8524305562500001 0.185546875 0.8732638895833333 0.197265625 0.9010416666666666 0.2158203125 0.9270833333333334 0.2353515625 0.9409722229166667 0.259765625 0.9392361104166667 0.2744140625 0.9305555562500001 0.291015625 0.9045138895833333 0.298828125 0.8836805562500001 0.3046875 0.8524305562500001 0.3046875 0.8107638895833333 0.2890625 0.7552083333333334 0.2607421875 0.7118055562500001 0.2353515625 0.6979166666666666
1 0.8408203125 0.33680555624999997 0.8291015625 0.34375 0.8212890625 0.3541666666666667 0.814453125 0.3697916666666667 0.80859375 0.39409722291666666 0.80859375 0.4322916666666667 0.8125 0.4427083333333333 0.81640625 0.4704861104166667 0.8251953125 0.4861111104166667 0.8388671875 0.49652777708333334 0.861328125 0.4947916666666667 0.873046875 0.47743055624999997 0.876953125 0.453125 0.88671875 0.42534722291666666 0.88671875 0.4010416666666667 0.876953125 0.36631944375000003 0.8662109375 0.34722222291666666 0.8525390625 0.33680555624999997 0.8408203125 0.33680555624999997
1 0.673828125 0.35243055624999997 0.673828125 0.3385416666666667 0.666015625 0.3107638895833333 0.6494140625 0.28472222291666666 0.6376953125 0.27777777708333334 0.6201171875 0.27777777708333334 0.6044921875 0.28819444375000003 0.5859375 0.32465277708333334 0.5859375 0.33506944375000003 0.583984375 0.3385416666666667 0.583984375 0.3767361104166667 0.58984375 0.4010416666666667 0.6044921875 0.43402777708333334 0.6181640625 0.44444444375000003 0.630859375 0.4427083333333333 0.63671875 0.4322916666666667 0.640625 0.4079861104166667 0.64453125 0.4010416666666667 0.6484375 0.38368055624999997 0.6611328125 0.3645833333333333 0.6650390625 0.3645833333333333 0.6708984375 0.3576388895833333 0.673828125 0.35243055624999997
1 0.4541015625 0.25694444375 0.4423828125 0.26388888958333334 0.427734375 0.2864583333333333 0.421875 0.3072916666666667 0.421875 0.3489583333333333 0.42578125 0.36631944375000003 0.4404296875 0.3888888895833333 0.4560546875 0.39930555624999997 0.47265625 0.39756944375000003 0.4794921875 0.3958333333333333 0.49609375 0.3697916666666667 0.501953125 0.3420138895833333 0.501953125 0.3107638895833333 0.49609375 0.2864583333333333 0.4814453125 0.26388888958333334 0.4736328125 0.25694444375 0.4541015625 0.25694444375
1 0.1376953125 0.4791666666666667 0.1298828125 0.4861111104166667 0.1171875 0.5121527770833334 0.1171875 0.5190972229166666 0.11328125 0.5295138895833333 0.11328125 0.5746527770833333 0.123046875 0.6059027770833333 0.1298828125 0.6180555562500001 0.1396484375 0.625 0.15625 0.6232638895833333 0.1630859375 0.6215277770833333 0.177734375 0.5920138895833333 0.1796875 0.5815972229166667 0.1796875 0.5329861104166667 0.173828125 0.50868055625 0.1611328125 0.4861111104166667 0.1513671875 0.4791666666666667 0.1376953125 0.4791666666666667