0 0.54765625 0.09756944375000001 0.545703125 0.09409722083333333 0.54375 0.09756944375000001 0.537890625 0.09756944375000001 0.5310546875 0.10972222083333333 0.5310546875 0.11319444375000001 0.5291015625 0.11666666666666667 0.5291015625 0.13055555416666667 0.5310546875 0.13402777916666667 0.5310546875 0.1375 0.5330078125 0.14097222083333336 0.5330078125 0.14444444583333332 0.533984375 0.14618055416666667 0.5359375 0.14618055416666667 0.5392578125 0.15208333333333332 0.5521484375 0.15208333333333332 0.5525390625 0.1513888875 0.553515625 0.14965277916666667 0.55546875 0.14965277916666667 0.5603515625 0.14097222083333336 0.5603515625 0.1375 0.5609375 0.13645833333333332 0.5609375 0.1107638875 0.553515625 0.09756944375000001 0.54765625 0.09756944375000001
1 0.6076171875 0.10277777708333334 0.606640625 0.10104166666666667 0.6046875 0.10104166666666667 0.60078125 0.09409722083333333 0.5890625 0.09409722083333333 0.587109375 0.09756944375000001 0.58515625 0.09756944375000001 0.5783203125 0.10972222083333333 0.5783203125 0.13055555416666667 0.5802734375 0.13402777916666667 0.5802734375 0.1375 0.58515625 0.14618055416666667 0.587109375 0.14618055416666667 0.59208984375 0.15208333333333332 0.5994140625 0.15208333333333332 0.5998046875 0.1513888875 0.60078125 0.14965277916666667 0.602734375 0.14965277916666667 0.6095703125 0.1375 0.6095703125 0.13402777916666667 0.6109375 0.13159722083333333 0.6109375 0.11215277708333334 0.6076171875 0.10625 0.6076171875 0.10277777708333334
0 0.6720703125 0.0861111125 0.6603515625 0.0861111125 0.6515625 0.10520833333333333 0.653515625 0.12256944583333333 0.6619140625 0.1375 0.6673828187499999 0.1375 0.675 0.13645833333333332 0.6828125 0.12256944583333333 0.6828125 0.10520833333333333 0.680859375 0.09826388958333333 0.6720703125 0.0861111125
0 0.7935546875 0.2791666666666667 0.780859375 0.25659722083333336 0.77109375 0.24965277708333333 0.7515625 0.24965277708333333 0.745703125 0.253125 0.7369140625 0.26875 0.7310546875 0.2861111104166667 0.7310546875 0.3034722208333333 0.7291015625 0.30694444375 0.7310546875 0.3138888875 0.7310546875 0.33125 0.7369140625 0.35208333333333336 0.749609375 0.37465277708333333 0.76767578125 0.3875 0.7720703109375 0.3875 0.7740234375 0.3868055541666667 0.784765625 0.37465277708333333 0.7974609375 0.3486111104166667 0.7994140625 0.32777777708333333 0.8 0.32673611041666667 0.8 0.3072916666666667 0.7994140625 0.3 0.7935546875 0.2791666666666667
0 0.88984375 0.215625 0.880078125 0.20868055625 0.8703125 0.21215277916666667 0.8654296875 0.21736111249999998 0.8595703125 0.23819444583333332 0.8615234375 0.26597222291666667 0.8654296875 0.27986111041666667 0.872265625 0.2920138895833333 0.87890625 0.29791666666666666 0.886523440625 0.29791666666666666 0.8908203125 0.29722222291666667 0.9 0.2776388895833334 0.9 0.23958333333333334 0.8966796875 0.22777777916666667 0.88984375 0.215625
0 0.890625 0.21423611041666665 0.888671875 0.17951388750000002 0.8818359375 0.16736111041666665 0.8779296875 0.16388888750000002 0.8681640625 0.16388888750000002 0.861328125 0.17256944375 0.859375 0.17951388750000002 0.859375 0.20381944375 0.8636997765625001 0.21458333333333332 0.8666015609375 0.21458333333333332 0.8701171875 0.2125 0.890625 0.21423611041666665
0 0.808203125 0.13194444375 0.8013671875 0.14756944375 0.8033203125 0.17534722291666668 0.8140625 0.19097222291666668 0.8228515625 0.18923611041666666 0.8287109375 0.18229166666666666 0.8296875 0.1649305541666667 0.8296875 0.14614898958333333 0.819921875 0.13194444375 0.808203125 0.13194444375
0 0.80078125 0.16527777708333333 0.802734375 0.13402777708333333 0.7978515625 0.12187499791666667 0.7900390625 0.11493055416666667 0.7841796875 0.11493055416666667 0.7802734375 0.11840277708333334 0.775390625 0.13055555416666667 0.775390625 0.1513888875 0.78125 0.16527777708333333 0.7872656265625 0.17291666666666666 0.79218749375 0.17291666666666666 0.794921875 0.17222222083333336 0.80078125 0.16527777708333333
1 0.8470703125 0.18819444375 0.8431640625 0.18472222083333334 0.8294921875 0.18472222083333334 0.820703125 0.196875 0.816796875 0.21423611041666665 0.816796875 0.228125 0.8294921875 0.2611111104166667 0.8357421890625 0.26666666666666666 0.8458984328125 0.26666666666666666 0.848046875 0.26631944375 0.855859375 0.25243055416666665 0.859375 0.23993055625 0.859375 0.23298611041666667 0.8578125 0.21076388750000002 0.8470703125 0.18819444375
1 0.8447265625 0.1454861125 0.8330078125 0.14895833541666667 0.828125 0.1611111125 0.828125 0.17847222291666667 0.8310546875 0.18368055625000002 0.8427734375 0.18368055625000002 0.8537890609375 0.2 0.855078125 0.2 0.85546875 0.19930555625000002 0.859375 0.1923611125 0.859375 0.17152777916666664 0.853515625 0.15416666874999999 0.8447265625 0.1454861125
0 0.9498046875 0.30520833333333336 0.9458984375 0.3017361104166667 0.9341796875 0.3017361104166667 0.9302734375 0.30520833333333336 0.921484375 0.3243055541666667 0.91953125 0.3347222208333333 0.91953125 0.36944444375 0.925390625 0.39375 0.9361328125 0.4128472208333333 0.9427734375 0.41875 0.948046871875 0.41875 0.95078125 0.4180555541666667 0.9576171875 0.409375 0.964453125 0.39375 0.964453125 0.38333333333333336 0.965625 0.38125 0.965625 0.34444444375 0.9625 0.32777777708333333 0.9498046875 0.30520833333333336
0 1 0.5154321000000001 0.9916015625 0.5038194458333334 0.9857421875 0.5003472229166667 0.9759765625 0.5003472229166667 0.9642578125 0.5072916666666667 0.949609375 0.53680555625 0.941796875 0.575 0.941796875 0.6201388895833334 0.94375 0.6236111125 0.94765625 0.6548611125 0.9564453125 0.6739583333333333 0.9669921875 0.6833333333333333 0.975781253125 0.6833333333333333 0.980859375 0.6826388895833334 0.9876953125 0.67743055625 1 0.6555555562500001 1 0.5154321000000001
0 1 0.34186507916666664 0.9942708328125001 0.3375 0.9868861609374999 0.3375 0.9767578125 0.3489583333333333 0.9708984375 0.3802083333333333 0.9728515625 0.4079861104166667 0.9767578125 0.42881944375000003 0.9870225703125 0.44375 0.988671875 0.44375 0.9904296875 0.4427083333333333 0.9923828125 0.4392361104166667 0.9943359375 0.41493055624999997 1 0.4015046291666666 1 0.34186507916666664
1 0.8875 0.15590277916666664 0.87578125 0.15590277916666664 0.8728515625 0.1611111125 0.87578125 0.16631944583333333 0.8796875 0.16631944583333333 0.8865234375 0.17847222291666667 0.8884765625 0.18541666874999999 0.8884765625 0.20277777916666664 0.8910546874999999 0.21041666666666667 0.8931640640625 0.21041666666666667 0.8943359375 0.20972222291666667 0.896875 0.20520833541666667 0.896875 0.18321759375 0.8923828125 0.16458333541666667 0.8875 0.15590277916666664
1 0.81875 0.1294604708333333 0.81875 0.13010149583333333 0.8305930390625 0.14791666666666667 0.833789065625 0.14791666666666667 0.8375 0.14697420625 0.8375 0.13923611249999998 0.8310546875 0.12777777916666666 0.81875 0.1294604708333333