1 0.6333984375 0.30972222083333334 0.6099609375 0.28888888749999997 0.5962890625 0.28888888749999997 0.5787109375 0.30277777708333337 0.56796875 0.321875 0.562109375 0.3392361104166667 0.56015625 0.37743055416666665 0.56796875 0.40868055416666665 0.5806640625 0.43125 0.5964843765625 0.44375 0.6115234296875001 0.44375 0.61484375 0.44340277708333337 0.6197265625 0.44166666666666665 0.6314453125 0.42777777708333337 0.6421875 0.40520833333333334 0.6453125 0.39131944375 0.6453125 0.34641203541666665 0.640234375 0.32534722083333334 0.6333984375 0.30972222083333334
1 0.837109375 0.54479166875 0.8517578125 0.51875 0.8576171875 0.49444444583333336 0.8576171875 0.44583333333333336 0.8517578125 0.425 0.8517578125 0.41805555624999996 0.837109375 0.3885416666666667 0.825390625 0.378125 0.809765625 0.37465277916666667 0.790234375 0.3885416666666667 0.7794921875 0.40763888958333333 0.7736328125 0.42847222291666665 0.7697265625 0.47361111250000004 0.7716796875 0.47708333333333336 0.7716796875 0.49097222291666665 0.7794921875 0.51875 0.794140625 0.54479166875 0.804687496875 0.5541666666666667 0.815820325 0.5541666666666667 0.8224609375 0.5534722229166668 0.837109375 0.54479166875
1 0.8533203125 0.334375 0.84453125 0.32222222291666663 0.830859375 0.31875 0.82890625 0.31527777916666666 0.81328125 0.32222222291666663 0.7986328125 0.3482638895833333 0.7947265625 0.36215277916666666 0.7947265625 0.37604166666666666 0.80546875 0.37777777916666666 0.807421875 0.37430555625 0.819140625 0.37430555625 0.834765625 0.38472222291666663 0.8494140625 0.4107638895833333 0.8552734375 0.43506944583333335 0.8578124984375 0.4395833333333333 0.85859375 0.4395833333333333 0.8591796875 0.43854166666666666 0.865625 0.42421875 0.865625 0.37303240833333334 0.8611328125 0.35173611250000003 0.8533203125 0.334375
1 0.473828125 0.2296875 0.46015625 0.21579861041666665 0.446484375 0.21927083333333333 0.438671875 0.22621527708333333 0.4279296875 0.2453125 0.4240234375 0.26614583333333336 0.4240234375 0.28003472291666665 0.4298828125 0.30086805624999996 0.434765625 0.3095486104166667 0.458203125 0.30607638958333333 0.46015625 0.3095486104166667 0.46650390625 0.3104166666666667 0.47333984375 0.3104166666666667 0.4787109375 0.30086805624999996 0.484375 0.28072916666666664 0.484375 0.27690972291666666 0.4826171875 0.24878472291666667 0.473828125 0.2296875
1 0.4666015625 0.30833333333333335 0.4490234375 0.30486111250000003 0.4314453125 0.31527777916666666 0.416796875 0.34131944583333335 0.4109375 0.365625 0.4109375 0.40034722291666663 0.41484375 0.41770833333333335 0.4294921875 0.44375 0.4382812484375 0.45 0.44511719375 0.45 0.45390625 0.44895833333333335 0.455859375 0.43854166666666666 0.455859375 0.4107638895833333 0.459765625 0.396875 0.471484375 0.365625 0.4802734375 0.35347222291666663 0.4875 0.3502604166666667 0.4875 0.33811431666666664 0.4763671875 0.31527777916666666 0.4666015625 0.30833333333333335
1 0.3875 0.28194444375 0.371875 0.26805555416666665 0.36015625 0.26805555416666665 0.346484375 0.27847222083333334 0.3376953125 0.29409722083333334 0.3337890625 0.3079861104166667 0.3337890625 0.34270833333333334 0.338671875 0.3548611104166667 0.362109375 0.34791666666666665 0.3640625 0.35138888749999997 0.377734375 0.3548611104166667 0.3824218765625 0.36041666666666666 0.389062496875 0.36041666666666666 0.3904296875 0.36006944375 0.3962890625 0.3392361104166667 0.396875 0.3329861104166667 0.396875 0.31111111041666667 0.3943359375 0.29756944375 0.3875 0.28194444375
1 0.323046875 0.33680555624999997 0.309375 0.3333333333333333 0.29765625 0.34027777708333334 0.2849609375 0.359375 0.2791015625 0.3767361104166667 0.2771484375 0.41493055624999997 0.291796875 0.4479166666666667 0.309375 0.4583333333333333 0.3181640625 0.45659722291666666 0.3162109375 0.44965277708333334 0.3162109375 0.41493055624999997 0.3181640625 0.4045138895833333 0.3259765625 0.3802083333333333 0.3359375 0.3595486104166667 0.3359375 0.35277777708333335 0.330859375 0.34375 0.323046875 0.33680555624999997
1 0.286328125 0.3086805541666667 0.274609375 0.3017361104166667 0.26875 0.3017361104166667 0.255078125 0.31215277708333333 0.2462890625 0.33125 0.2443359375 0.3555555541666667 0.262890625 0.3607638875 0.270703125 0.36770833333333336 0.2759765625 0.3770833333333333 0.2783203109375 0.3770833333333333 0.2794921875 0.3763888875 0.2833984375 0.3625 0.296875 0.3385416666666667 0.296875 0.33680555416666663 0.2951171875 0.3243055541666667 0.286328125 0.3086805541666667
1 0.3234375 0.24652777708333332 0.3166015625 0.265625 0.3146484375 0.2760416666666667 0.3166015625 0.296875 0.32890625 0.31875 0.3312499984375 0.31875 0.3341796875 0.3177083333333333 0.3341796875 0.3072916666666667 0.3380859375 0.29340277708333334 0.348828125 0.27430555624999997 0.3546875 0.2708333333333333 0.359375 0.2625 0.359375 0.24454364999999997 0.352734375 0.23611111041666666 0.348046875 0.23333333333333334 0.3441406265625 0.23333333333333334 0.333203125 0.23611111041666666 0.3234375 0.24652777708333332
1 0.3953125 0.2295138875 0.3875 0.2295138875 0.385546875 0.22604166458333333 0.38359375 0.2295138875 0.369921875 0.23298611041666667 0.3611328125 0.24861111041666667 0.3591796875 0.26597222083333333 0.373828125 0.2677083333333333 0.385546875 0.278125 0.3962890625 0.30069444375000004 0.3962890625 0.30763888749999996 0.3990234375 0.3125 0.3998046859375 0.3125 0.4021484375 0.31111111041666667 0.4080078125 0.29722222083333333 0.4109375 0.28159722083333333 0.4109375 0.26163194375 0.4080078125 0.24861111041666667 0.3953125 0.2295138875
1 0.427734375 0.24565972083333334 0.4384765625 0.22656249791666666 0.4462890625 0.2196180541666667 0.4599609375 0.21614583125 0.4609375 0.21093749791666666 0.4580078125 0.20572916458333335 0.4443359375 0.19531249791666666 0.4384765625 0.19531249791666666 0.4267578125 0.20225694375 0.416015625 0.22135416458333335 0.4140625 0.22829861041666666 0.4140625 0.25954861041666666 0.41796875 0.2734375 0.4206054703125 0.275 0.423828125 0.275 0.423828125 0.26302083125000003 0.427734375 0.24565972083333334
0 0.5244140625 0.5107638895833333 0.5283203125 0.5038194458333334 0.5341796875 0.5003472229166667 0.546875 0.47430555625 0.552734375 0.45 0.552734375 0.41180555625 0.546875 0.3875 0.5341796875 0.3614583333333333 0.5146484375 0.34409722291666667 0.4970703125 0.34409722291666667 0.4794921875 0.3545138895833333 0.46875 0.3701388895833333 0.466796875 0.38055555625 0.4609375 0.39097222291666667 0.455078125 0.4152777791666667 0.455078125 0.45347222291666667 0.46484375 0.48472222291666667 0.4736328125 0.5003472229166667 0.49566406250000006 0.5166666666666667 0.505859378125 0.5166666666666667 0.51171875 0.5159722229166667 0.5244140625 0.5107638895833333
0 0.31640625 0.4322916666666667 0.318359375 0.4357638895833333 0.3203125 0.45659722291666666 0.3388671875 0.49652777708333334 0.3466796875 0.5034722229166666 0.369140625 0.5017361104166667 0.3837890625 0.4895833333333333 0.3984375 0.46006944375000003 0.40234375 0.4427083333333333 0.40234375 0.4079861104166667 0.396484375 0.38368055624999997 0.3837890625 0.3611111104166667 0.3701171875 0.35069444375000003 0.3525390625 0.35069444375000003 0.3408203125 0.3576388895833333 0.32421875 0.38715277708333334 0.31640625 0.41840277708333334 0.31640625 0.4322916666666667
0 0.2685546875 0.4583333333333333 0.251953125 0.484375 0.2421875 0.5190972229166666 0.2421875 0.5434027770833333 0.244140625 0.546875 0.24609375 0.5677083333333334 0.2509765625 0.5798611104166667 0.2607421875 0.5798611104166667 0.2626953125 0.5833333333333334 0.2763671875 0.5868055562500001 0.2880859375 0.5972222229166667 0.303264509375 0.6208333333333333 0.3056640609375 0.6208333333333333 0.30859375 0.6197916666666666 0.3212890625 0.6076388895833333 0.33203125 0.5815972229166667 0.3359375 0.5607638895833333 0.3359375 0.5190972229166666 0.333984375 0.50868055625 0.330078125 0.4947916666666667 0.3134765625 0.46527777708333334 0.3017578125 0.4548611104166667 0.2970703125 0.45208333333333334 0.2818359375 0.45208333333333334 0.2802734375 0.4548611104166667 0.2685546875 0.4583333333333333
0 0.21484375 0.6232638895833333 0.205078125 0.6649305562500001 0.20703125 0.7100694437499999 0.21484375 0.7482638895833333 0.2333984375 0.78125 0.2529296875 0.7986111104166667 0.2587890625 0.7986111104166667 0.2607421875 0.8020833333333334 0.271484375 0.8003472229166667 0.2861328125 0.7951388895833333 0.2900390625 0.7881944437499999 0.2958984375 0.7847222229166667 0.3046875 0.7690972229166667 0.314453125 0.7413194437499999 0.31640625 0.7135416666666666 0.318359375 0.7100694437499999 0.318359375 0.6822916666666666 0.30859375 0.6371527770833333 0.2919921875 0.6041666666666666 0.2744140625 0.5868055562500001 0.2685546875 0.5868055562500001 0.2666015625 0.5833333333333334 0.2451171875 0.5833333333333334 0.2294921875 0.5972222229166667 0.21484375 0.6232638895833333
0 0.271875 0.41319444375000003 0.26015625 0.40277777708333334 0.2484375 0.40277777708333334 0.2328125 0.4166666666666667 0.2201171875 0.4392361104166667 0.2142578125 0.4635416666666667 0.2142578125 0.4947916666666667 0.2220703125 0.5260416666666666 0.230859375 0.5416666666666666 0.234765625 0.5451388895833333 0.2416015625 0.5434027770833333 0.2416015625 0.515625 0.2572265625 0.4704861104166667 0.266015625 0.4583333333333333 0.2859375 0.44990079375 0.2859375 0.44114583333333335 0.2826171875 0.4322916666666667 0.271875 0.41319444375000003
0 0.2505859375 0.3574652791666667 0.2486328125 0.3609375 0.2369140625 0.3644097229166666 0.226171875 0.3800347229166666 0.2203125 0.39739583333333334 0.218359375 0.4078125 0.218359375 0.43333333333333335 0.22353515625 0.43333333333333335 0.2349609375 0.41302083333333334 0.2505859375 0.40260416666666665 0.2623046875 0.40260416666666665 0.2662109375 0.4095486125 0.2740234375 0.41302083333333334 0.2765625 0.40850694375 0.2765625 0.37952546458333336 0.2623046875 0.3609375 0.2505859375 0.3574652791666667
0 0.213671875 0.33958333333333335 0.209765625 0.33611111250000003 0.198046875 0.33611111250000003 0.190234375 0.34305555625 0.1814453125 0.36215277916666666 0.1775390625 0.38298611250000003 0.1775390625 0.40381944583333335 0.1794921875 0.41423611250000003 0.18828125 0.43333333333333335 0.1953124984375 0.4395833333333333 0.20195313124999997 0.4395833333333333 0.2107421875 0.43854166666666666 0.2166015625 0.43159722291666663 0.2205078125 0.39340277916666666 0.2244140625 0.38645833333333335 0.225 0.38229166666666664 0.225 0.36649305625 0.2224609375 0.35520833333333335 0.213671875 0.33958333333333335
0 0.2435546875 0.2942708333333333 0.2357421875 0.30121527708333334 0.225 0.3203125 0.22109375 0.3342013875 0.22109375 0.34809027708333334 0.226904296875 0.36875 0.2330078125 0.36875 0.24453125 0.35850694375000003 0.246484375 0.3307291666666667 0.250390625 0.3203125 0.259375 0.30753472083333333 0.259375 0.30410879583333333 0.2572265625 0.29774305416666663 0.2435546875 0.2942708333333333
0 0.3021484375 0.26006944375 0.2845703125 0.26006944375 0.2806640625 0.2635416666666667 0.269921875 0.2826388875 0.26796875 0.3 0.2865234375 0.3086805541666667 0.2953125 0.3243055541666667 0.2953125 0.33125 0.29765625 0.33541666666666664 0.302343746875 0.33541666666666664 0.305078125 0.3347222208333333 0.3099609375 0.3329861104166667 0.3140625 0.31986111041666665 0.3140625 0.27986111041666667 0.312890625 0.27569444375 0.3021484375 0.26006944375
0 0.56796875 0.2079861125 0.558203125 0.20104166874999999 0.540625 0.20104166874999999 0.5328125 0.2079861125 0.5201171875 0.23750000208333333 0.5201171875 0.2548611125 0.5181640625 0.25833333541666664 0.5201171875 0.26180555625 0.5201171875 0.27569444583333336 0.534765625 0.30173611250000004 0.54778645625 0.3104166666666667 0.5552734375 0.3104166666666667 0.56796875 0.30173611250000004 0.5767578125 0.28611111250000004 0.58125 0.2701388895833333 0.58125 0.23836805625000002 0.5787109375 0.22708333541666667 0.56796875 0.2079861125
0 0.6681640625 0.18194444583333333 0.65546875 0.16284722291666667 0.649609375 0.15937500208333333 0.633984375 0.16284722291666667 0.6251953125 0.17500000208333333 0.6212890625 0.18888888958333333 0.6193359375 0.20972222291666667 0.6251953125 0.23055555625000002 0.6359375 0.24618055625000002 0.6388671859375 0.24791666666666667 0.6544921953125 0.24791666666666667 0.661328125 0.24618055625000002 0.6701171875 0.2236111125 0.671875 0.2142361125 0.671875 0.21076388958333334 0.6701171875 0.18888888958333333 0.6681640625 0.18194444583333333
0 0.6955078125 0.3387152770833334 0.6896484375 0.36649305416666667 0.6896484375 0.39427083333333335 0.6935546875 0.41510416666666666 0.708203125 0.44461805416666667 0.723828125 0.46197916666666666 0.7276367203125 0.4625 0.739485675 0.4625 0.74921875 0.45850694375 0.7697265625 0.42552083333333335 0.7734375 0.4090277770833334 0.7734375 0.3624421291666666 0.7619140625 0.3282986104166667 0.747265625 0.3092013875 0.74228515625 0.30625 0.7174560546875 0.30625 0.704296875 0.31961805416666667 0.6955078125 0.3387152770833334
1 0.2046875 0.31527777916666666 0.196875 0.32222222291666663 0.1900390625 0.34131944583333335 0.19296875 0.34305555625 0.20078125 0.33611111250000003 0.20859375 0.33611111250000003 0.214453125 0.33958333333333335 0.21796875 0.3458333333333333 0.2195312515625 0.3458333333333333 0.2212890625 0.34479166666666666 0.221875 0.3375 0.221875 0.31902777916666664 0.218359375 0.31527777916666666 0.2046875 0.31527777916666666