1 0.6044921875 0.13541666666666666 0.59765625 0.14756944375 0.595703125 0.15798611041666666 0.595703125 0.17534722291666668 0.599609375 0.18923611041666666 0.6123046875 0.20486111041666666 0.626953125 0.203125 0.6298828125 0.20138888958333334 0.638671875 0.18229166666666666 0.638671875 0.15798611041666666 0.63671875 0.15104166666666666 0.6318359375 0.13888888958333334 0.6240234375 0.13194444375 0.6103515625 0.13194444375 0.6044921875 0.13541666666666666
0 0.5439453125 0.13541666666666666 0.533203125 0.15798611041666666 0.533203125 0.18576388958333334 0.53515625 0.19270833333333334 0.5478515625 0.20833333333333334 0.564453125 0.20659722291666668 0.5712890625 0.19791666666666666 0.576171875 0.18576388958333334 0.576171875 0.15798611041666666 0.57421875 0.15104166666666666 0.5634765625 0.13541666666666666 0.5576171875 0.13541666666666666 0.5556640625 0.13194444375 0.5439453125 0.13541666666666666
0 0.6796875 0.16493055625 0.6884765625 0.18055555625 0.6943359375 0.18402777708333332 0.703125 0.18229166666666666 0.712890625 0.16840277708333332 0.71484375 0.15798611041666666 0.712890625 0.13715277708333332 0.7001953125 0.11805555625 0.6865234375 0.11805555625 0.677734375 0.13368055625 0.67578125 0.15104166666666666 0.6796875 0.16493055625
0 0.8203125 0.16840277708333332 0.818359375 0.17881944375 0.8203125 0.19965277708333332 0.8291015625 0.21875 0.8330078125 0.22222222291666668 0.84375 0.22048611041666666 0.8515625 0.21006944375 0.8515625 0.19965277708333332 0.853515625 0.19618055625 0.8515625 0.18229166666666666 0.8447265625 0.16319444375 0.8369140625 0.15625 0.8291015625 0.15625 0.8203125 0.16840277708333332
0 0.853515625 0.19270833333333334 0.8515625 0.203125 0.853515625 0.22048611041666666 0.8623046875 0.24305555625 0.8662109375 0.24652777708333332 0.87890625 0.24479166666666666 0.884765625 0.234375 0.88671875 0.22395833333333334 0.88671875 0.19965277708333332 0.8798828125 0.18402777708333332 0.8720703125 0.17708333333333334 0.8623046875 0.17708333333333334 0.8583984375 0.18055555625 0.853515625 0.19270833333333334
0 0.91796875 0.23784722291666668 0.91796875 0.26215277708333334 0.921875 0.2795138895833333 0.9248046875 0.28472222291666666 0.92578125 0.2829861104166667 0.9306640625 0.27777777708333334 0.9462890625 0.28125 0.94921875 0.26909722291666666 0.947265625 0.24479166666666666 0.943359375 0.234375 0.9345703125 0.22222222291666668 0.9228515625 0.22569444375 0.91796875 0.23784722291666668
1 0.9189453125 0.23263888958333334 0.921875 0.23090277708333332 0.9287109375 0.22222222291666668 0.9375 0.22395833333333334 0.935546875 0.21006944375 0.9306640625 0.20138888958333334 0.9208984375 0.19791666666666666 0.916015625 0.20659722291666668 0.9140625 0.22048611041666666 0.9189453125 0.23263888958333334
1 0.88671875 0.21354166666666666 0.88671875 0.22743055625 0.884765625 0.23090277708333332 0.88671875 0.24826388958333334 0.8955078125 0.2673611104166667 0.8994140625 0.2708333333333333 0.91015625 0.26909722291666666 0.91796875 0.2552083333333333 0.91796875 0.23090277708333332 0.9140625 0.21701388958333334 0.9072265625 0.20486111041666666 0.9033203125 0.20138888958333334 0.8935546875 0.20138888958333334 0.8896484375 0.20486111041666666 0.88671875 0.21354166666666666
1 0.919921875 0.29340277708333334 0.91796875 0.30381944375000003 0.91796875 0.33506944375000003 0.923828125 0.35590277708333334 0.9326171875 0.37152777708333334 0.9365234375 0.375 0.9453125 0.3732638895833333 0.955078125 0.359375 0.955078125 0.35243055624999997 0.958984375 0.3420138895833333 0.958984375 0.32118055624999997 0.955078125 0.30034722291666666 0.9462890625 0.28125 0.9306640625 0.27777777708333334 0.919921875 0.29340277708333334
0 0.9609375 0.3420138895833333 0.9609375 0.3697916666666667 0.966796875 0.39756944375000003 0.9794921875 0.41319444375000003 0.984375 0.4114583333333333 0.99609375 0.39409722291666666 0.998046875 0.38368055624999997 0.998046875 0.35243055624999997 0.9921875 0.328125 0.9873046875 0.31944444375000003 0.9775390625 0.3125 0.96484375 0.32465277708333334 0.9609375 0.3420138895833333
0 1 0.5017361104166667 0.99609375 0.4947916666666667 0.994140625 0.484375 0.9814453125 0.46527777708333334 0.9775390625 0.46180555624999997 0.9658203125 0.46180555624999997 0.9541015625 0.47222222291666666 0.94140625 0.5017361104166667 0.9375 0.52256944375 0.9375 0.5746527770833333 0.943359375 0.6059027770833333 0.9560546875 0.6284722229166667 0.9638671875 0.6354166666666666 0.974609375 0.6336805562500001 0.9853515625 0.625 0.9921875 0.6128472229166667 1 0.5885416666666666 1 0.5017361104166667