0 0.7322265625 0.6059027770833333 0.7224609375 0.5711805562500001 0.705859375 0.5416666666666666 0.682421875 0.5208333333333334 0.674609375 0.5208333333333334 0.67265625 0.5173611104166667 0.670703125 0.5208333333333334 0.64921875 0.5208333333333334 0.6375 0.5277777770833334 0.621875 0.5451388895833333 0.5994140625 0.5885416666666666 0.5896484375 0.6336805562500001 0.5896484375 0.6822916666666666 0.6033203125 0.734375 0.621875 0.7638888895833333 0.647265625 0.7847222229166667 0.6755859375 0.7829861104166667 0.68046875 0.7777777770833333 0.686328125 0.7777777770833333 0.69609375 0.7673611104166667 0.70390625 0.7534722229166667 0.713671875 0.7430555562500001 0.7263671875 0.7170138895833333 0.7341796875 0.6822916666666666 0.7341796875 0.640625 0.734375 0.6399305562500001 0.734375 0.63055555625 0.7341796875 0.6302083333333334 0.7322265625 0.6059027770833333
0 0.4251953125 0.37413194375000003 0.4134765625 0.3671875 0.3900390625 0.3671875 0.3880859375 0.3706597208333333 0.3822265625 0.3706597208333333 0.3724609375 0.3810763875 0.355859375 0.4140625 0.348046875 0.4557291666666667 0.35 0.4904513875 0.359765625 0.5251736104166667 0.3841796875 0.5546875 0.3973632859375 0.55625 0.399511715625 0.55625 0.4193359375 0.5512152770833333 0.4310546875 0.5407986104166667 0.445703125 0.5112847208333333 0.453125 0.47170138749999996 0.453125 0.43333333333333335 0.445703125 0.4036458333333333 0.4251953125 0.37413194375000003
0 0.219140625 0.5329861104166667 0.211328125 0.5538194437499999 0.211328125 0.5607638895833333 0.207421875 0.5711805562500001 0.207421875 0.6267361104166667 0.215234375 0.6579861104166667 0.2298828125 0.6875 0.2494140625 0.7048611104166667 0.2591796875 0.7048611104166667 0.2611328125 0.7083333333333334 0.271875 0.7065972229166667 0.2787109375 0.7048611104166667 0.2904296875 0.6944444437499999 0.303125 0.6753472229166667 0.3125 0.6320138895833334 0.3125 0.5868749999999999 0.303125 0.546875 0.2953125 0.5295138895833333 0.2845703125 0.5138888895833333 0.2630859375 0.5 0.2474609375 0.5 0.2298828125 0.5138888895833333 0.219140625 0.5329861104166667
0 0.240625 0.31215277708333333 0.2328125 0.3190972208333333 0.2181640625 0.3451388875 0.2162109375 0.3659722208333333 0.2142578125 0.36944444375 0.2142578125 0.39375 0.2181640625 0.41458333333333336 0.22890625 0.4336805541666667 0.235546875 0.4395833333333333 0.24785155312499998 0.4395833333333333 0.2552734375 0.4388888875 0.2689453125 0.4111111104166667 0.2669921875 0.3763888875 0.2650390625 0.3729166666666667 0.2669921875 0.36944444375 0.2669921875 0.35208333333333336 0.2703125 0.34027777708333334 0.2703125 0.32705662291666665 0.258203125 0.31215277708333333 0.240625 0.31215277708333333
0 0.2724609375 0.40625 0.2919921875 0.3923611104166667 0.3095703125 0.3923611104166667 0.3115234375 0.3958333333333333 0.3173828125 0.3958333333333333 0.3310546875 0.40972222291666666 0.333984375 0.4079861104166667 0.33984375 0.390625 0.341796875 0.35243055624999997 0.33984375 0.3489583333333333 0.337890625 0.328125 0.3271484375 0.30902777708333334 0.3134765625 0.2986111104166667 0.2978515625 0.2986111104166667 0.2919921875 0.30555555624999997 0.2880859375 0.30555555624999997 0.27734375 0.32118055624999997 0.271484375 0.33506944375000003 0.267578125 0.35243055624999997 0.267578125 0.390625 0.2724609375 0.40625
1 0.1759765625 0.35243055624999997 0.1720703125 0.3732638895833333 0.1720703125 0.390625 0.1779296875 0.41840277708333334 0.1828125 0.4270833333333333 0.196484375 0.4375 0.2033203125 0.4357638895833333 0.21015625 0.43402777708333334 0.2189453125 0.421875 0.2189453125 0.4114583333333333 0.2150390625 0.39409722291666666 0.2150390625 0.3697916666666667 0.2169921875 0.36631944375000003 0.2169921875 0.35243055624999997 0.2203125 0.3465277770833334 0.2203125 0.33450854583333334 0.208203125 0.3229166666666667 0.196484375 0.3229166666666667 0.184765625 0.3333333333333333 0.1759765625 0.35243055624999997
1 0.394921875 0.2642361125 0.3890625 0.26076388958333335 0.36953125 0.26076388958333335 0.363671875 0.2642361125 0.3451171875 0.29375 0.3412109375 0.3076388895833333 0.3392578125 0.31805555625 0.3412109375 0.3527777791666667 0.3451171875 0.36666666666666664 0.3591796875 0.39166666666666666 0.3626953140625 0.39166666666666666 0.3646484375 0.39097222291666667 0.3763671875 0.3770833333333333 0.3802734375 0.3458333333333333 0.3880859375 0.3215277791666667 0.394921875 0.309375 0.4109375 0.29095179791666664 0.4109375 0.28893849374999997 0.4046875 0.2746527791666667 0.394921875 0.2642361125
1 0.4103515625 0.22656249791666666 0.3947265625 0.21614583125 0.3830078125 0.21614583125 0.3732421875 0.22309027708333332 0.360546875 0.24565972083333334 0.3546875 0.2664930541666667 0.3576171875 0.2717013875 0.3693359375 0.2612847208333334 0.3888671875 0.2612847208333334 0.40515408124999996 0.275 0.40791015625 0.275 0.4171875 0.23871527708333332 0.4103515625 0.22656249791666666
1 0.4865234375 0.23090277708333332 0.4875 0.23958333333333334 0.50703125 0.23958333333333334 0.520703125 0.25 0.5294921875 0.26215277708333334 0.540234375 0.2916666666666667 0.5451171875 0.28993055624999997 0.5546875 0.2627083333333333 0.5546875 0.2404513875 0.5509765625 0.22395833333333334 0.536328125 0.20138888958333334 0.532421875 0.19791666666666666 0.5109375 0.19791666666666666 0.497265625 0.20833333333333334 0.4865234375 0.23090277708333332
1 0.5966796875 0.18489583125 0.5849609375 0.18489583125 0.5712890625 0.19531249791666666 0.556640625 0.2248263875 0.5546875 0.24913194375 0.556103515625 0.25416666666666665 0.5606445296875 0.25416666666666665 0.5791015625 0.23697916458333335 0.6005859375 0.23697916458333335 0.6162109375 0.2508680541666667 0.625 0.23177083125 0.625 0.2248263875 0.6103515625 0.19531249791666666 0.5966796875 0.18489583125
1 0.621484375 0.23784722291666668 0.617578125 0.25173611041666666 0.62734375 0.27256944375000003 0.62734375 0.2795138895833333 0.63125 0.28993055624999997 0.63125 0.33159722291666666 0.6419921875 0.34722222291666666 0.6478515625 0.34722222291666666 0.6494140625 0.35 0.6533203109375 0.35 0.65859375 0.3489583333333333 0.6751953125 0.33680555624999997 0.6859375 0.3177083333333333 0.690625 0.2954861125 0.690625 0.26145833333333335 0.6859375 0.24479166666666666 0.6712890625 0.22222222291666668 0.6585286453125 0.2125 0.6431640625 0.2125 0.6283203125 0.22569444375 0.621484375 0.23784722291666668
1 0.5609375 0.13854166874999999 0.547265625 0.13854166874999999 0.5375 0.1454861125 0.5306640625 0.15763888958333333 0.5267578125 0.17152777916666664 0.5326171875 0.19583333541666667 0.5520456406250001 0.22708333333333333 0.5560546875 0.22708333333333333 0.5580078125 0.21666666874999999 0.566796875 0.19756944583333333 0.5828125 0.18249591666666667 0.5828125 0.17032585625 0.570703125 0.1454861125 0.5609375 0.13854166874999999
1 0.537890625 0.10069444375 0.526171875 0.10763888958333333 0.5173828125 0.12326388958333333 0.5154296875 0.13368055625 0.518359375 0.13888888958333334 0.5193359375 0.13715277708333332 0.52421875 0.125 0.533984375 0.11805555625 0.549609375 0.12152777708333334 0.559375 0.13194444375 0.559375 0.12152777916666667 0.5515625 0.10763888958333333 0.537890625 0.10069444375
1 0.4990234375 0.11197916666666667 0.4853515625 0.11197916666666667 0.4775390625 0.1189236125 0.470703125 0.1345486125 0.46896484374999997 0.15 0.47373046875 0.15 0.4775390625 0.14322916666666666 0.4873046875 0.13628472291666668 0.5009765625 0.13628472291666668 0.5125488265625 0.15 0.51279296875 0.15 0.515625 0.14496527916666666 0.515625 0.13802083333333334 0.5048828125 0.11545138958333333 0.4990234375 0.11197916666666667
1 0.4404296875 0.12534722291666667 0.4345703125 0.121875 0.4267578125 0.121875 0.4140625 0.13402777916666667 0.4150390625 0.14270833333333333 0.4189453125 0.13923611249999998 0.4287109375 0.13923611249999998 0.4384765625 0.14618055625 0.4423828125 0.153125 0.4476562484375 0.15625 0.449218753125 0.15625 0.453125 0.15486111249999998 0.453125 0.14791666666666667 0.44921875 0.1375 0.4404296875 0.12534722291666667
1 0.35419921875 0.14618055416666667 0.34443359375 0.15312499791666667 0.33759765625 0.16527777708333333 0.33369140625 0.17916666458333333 0.33369140625 0.19999999791666667 0.340722659375 0.20416666666666666 0.344238278125 0.20416666666666666 0.34541015625 0.20347222083333336 0.35322265625 0.17569444374999998 0.36201171875 0.16354166458333333 0.36875 0.160546875 0.36875 0.15217013750000002 0.36201171875 0.14618055416666667 0.35419921875 0.14618055416666667
0 0.4775390625 0.40277777708333334 0.470703125 0.41840277708333334 0.462890625 0.45659722291666666 0.462890625 0.4982638895833333 0.470703125 0.5295138895833333 0.4833984375 0.5555555562500001 0.4970703125 0.5694444437499999 0.5087890625 0.5763888895833333 0.5234375 0.5746527770833333 0.5478515625 0.5659722229166667 0.5576171875 0.5555555562500001 0.568359375 0.5364583333333334 0.576171875 0.4982638895833333 0.576171875 0.44618055624999997 0.5703125 0.421875 0.5537109375 0.3923611104166667 0.5322265625 0.375 0.5126953125 0.37152777708333334 0.5107421875 0.375 0.4970703125 0.37847222291666666 0.4931640625 0.3854166666666667 0.4873046875 0.3888888895833333 0.4775390625 0.40277777708333334
0 0.45078125 0.3017361104166667 0.437109375 0.29131944375 0.415625 0.29131944375 0.39609375 0.3086805541666667 0.3892578125 0.32083333333333336 0.3794921875 0.35208333333333336 0.3794921875 0.3729166666666667 0.382421875 0.37465277708333333 0.3921875 0.36770833333333336 0.413671875 0.36770833333333336 0.425390625 0.37465277708333333 0.437109375 0.3885416666666667 0.4439453125 0.40069444375 0.4517578125 0.425 0.4541015625 0.42916666666666664 0.4552734375 0.42916666666666664 0.4556640625 0.4284722208333333 0.4615234375 0.4180555541666667 0.4703125 0.38055555416666664 0.4703125 0.34817708333333336 0.4634765625 0.32083333333333336 0.45078125 0.3017361104166667
0 0.477734375 0.24652777708333332 0.4650390625 0.265625 0.4572265625 0.28993055624999997 0.4572265625 0.3107638895833333 0.4650390625 0.32465277708333334 0.4689453125 0.3385416666666667 0.4728515625 0.3732638895833333 0.485546875 0.3854166666666667 0.4884765625 0.38368055624999997 0.4943359375 0.3767361104166667 0.4962890625 0.35243055624999997 0.5041015625 0.32465277708333334 0.516796875 0.30555555624999997 0.528515625 0.2951388895833333 0.534375 0.2951388895833333 0.5373046875 0.28993055624999997 0.5333984375 0.27256944375000003 0.520703125 0.25 0.50703125 0.23958333333333334 0.4875 0.23958333333333334 0.481640625 0.24652777708333332 0.477734375 0.24652777708333332
0 0.4544921875 0.21840277708333333 0.4408203125 0.21840277708333333 0.4388671875 0.221875 0.4330078125 0.221875 0.4232421875 0.23229166666666667 0.410546875 0.26527777708333333 0.4125 0.2861111104166667 0.4154296875 0.29131944375 0.4369140625 0.29131944375 0.4513671875 0.30416666666666664 0.454296875 0.30416666666666664 0.45546875 0.30347222291666665 0.461328125 0.27569444375 0.465234375 0.26527777708333333 0.4765625 0.24849537083333334 0.4765625 0.24027777708333334 0.4701171875 0.22881944375 0.4544921875 0.21840277708333333
0 0.3390625 0.32465277708333334 0.3390625 0.3142361104166667 0.344921875 0.29340277708333334 0.352734375 0.2795138895833333 0.3546875 0.265625 0.3458984375 0.24652777708333332 0.3361328125 0.23611111041666666 0.3185546875 0.23611111041666666 0.3166015625 0.23958333333333334 0.3107421875 0.23958333333333334 0.298046875 0.265625 0.2921875 0.296875 0.3205078125 0.3020833333333333 0.3361328125 0.3263888895833333 0.3390625 0.32465277708333334
0 0.3482421875 0.20486111041666666 0.3287109375 0.20486111041666666 0.3189453125 0.21527777708333332 0.31015625 0.234375 0.3111328125 0.23958333333333334 0.3169921875 0.23958333333333334 0.3189453125 0.23611111041666666 0.3365234375 0.23611111041666666 0.3462890625 0.24652777708333332 0.347265625 0.25173611041666666 0.3541015625 0.26388888958333334 0.355078125 0.26215277708333334 0.3640625 0.23659722291666666 0.3640625 0.23159722291666668 0.362890625 0.22743055625 0.3482421875 0.20486111041666666
0 0.3955078125 0.18402777708333332 0.3896484375 0.1875 0.3798828125 0.19791666666666666 0.3734375 0.21264881041666667 0.3734375 0.21840277708333333 0.3740234375 0.22569444375 0.3818359375 0.21527777708333332 0.3974609375 0.21527777708333332 0.4072265625 0.22569444375 0.4111328125 0.22569444375 0.4150390625 0.23263888958333334 0.41796875 0.23090277708333332 0.4234375 0.20497685208333336 0.4234375 0.20253739375000002 0.4111328125 0.18402777708333332 0.3955078125 0.18402777708333332
0 0.4501953125 0.15625 0.4443359375 0.15277777708333332 0.4306640625 0.15277777708333332 0.4169921875 0.16666666666666666 0.4125 0.17784722083333332 0.4125 0.18229166666666666 0.4130859375 0.1875 0.4248046875 0.20138888958333334 0.427734375 0.19965277708333332 0.4384765625 0.1875 0.4443359375 0.18402777708333332 0.4619140625 0.18402777708333332 0.4625 0.18090277708333333 0.4625 0.17743055416666667 0.4609375 0.171875 0.4501953125 0.15625
0 0.48671875 0.1359375 0.476953125 0.14288194375 0.4662109375 0.16197916666666667 0.4642578125 0.17239583333333333 0.4642578125 0.1828125 0.469140625 0.19149305625000002 0.4696289046875 0.19166666666666668 0.47431640625 0.19166666666666668 0.4759765625 0.1828125 0.48671875 0.16371527708333333 0.4984375 0.16024305625000002 0.500390625 0.15677083333333333 0.512109375 0.16024305625000002 0.5125 0.15677083333333333 0.5125 0.15084134583333333 0.500390625 0.1359375 0.48671875 0.1359375
0 0.5240234375 0.125 0.515234375 0.14409722291666668 0.51328125 0.15451388958333334 0.525514915625 0.17291666666666666 0.5271484375 0.17291666666666666 0.52890625 0.171875 0.52890625 0.16493055625 0.5357421875 0.14930555625 0.5416015625 0.14236111041666666 0.5591796875 0.13888888958333334 0.559375 0.13784722291666668 0.559375 0.1329452625 0.544292534375 0.11875 0.533203125 0.11875 0.5279296875 0.125 0.5240234375 0.125
0 0.609375 0.14722222083333333 0.607421875 0.12291666666666666 0.5966796875 0.10034722083333333 0.5908203125 0.10034722083333333 0.5888671875 0.096875 0.5732421875 0.10034722083333333 0.5625 0.11944444375 0.5625 0.13680555416666668 0.5751953125 0.14895833333333333 0.5843505859375 0.175 0.59375 0.175 0.6005859375 0.16979166666666667 0.609375 0.14722222083333333
0 0.6142578125 0.37534722083333333 0.626953125 0.34930555416666664 0.630859375 0.33194444375000004 0.630859375 0.29375 0.625 0.26944444375000004 0.6083984375 0.24340277708333333 0.5986328125 0.23645833125000001 0.5791015625 0.23645833125000001 0.5654296875 0.24687499791666667 0.5576171875 0.25729166458333336 0.548828125 0.27986111041666667 0.548828125 0.29027777708333335 0.5654296875 0.2989583333333333 0.5751953125 0.309375 0.5859375 0.32847222083333333 0.591796875 0.34930555416666664 0.59375 0.38055555416666664 0.596484375 0.3854166666666667 0.597656246875 0.3854166666666667 0.6015625 0.38402777708333335 0.6142578125 0.37534722083333333