1 0.36328125 0.6753472229166667 0.353515625 0.640625 0.3310546875 0.6041666666666666 0.3076171875 0.5902777770833333 0.2958984375 0.5902777770833333 0.2939453125 0.59375 0.2763671875 0.5972222229166667 0.2666015625 0.6111111104166667 0.2607421875 0.6145833333333334 0.25 0.6336805562500001 0.2421875 0.6579861104166667 0.2421875 0.6684027770833333 0.23828125 0.6822916666666666 0.23828125 0.7170138895833333 0.240234375 0.7204861104166667 0.2421875 0.7413194437499999 0.251953125 0.7760416666666666 0.2724609375 0.8159722229166667 0.2919921875 0.8298611104166667 0.326171875 0.828125 0.3310546875 0.8194444437499999 0.3349609375 0.8194444437499999 0.3486328125 0.8055555562500001 0.359375 0.7829861104166667 0.359375 0.7760416666666666 0.3671875 0.7482638895833333 0.3671875 0.6961805562500001 0.36328125 0.6753472229166667
1 0.2470703125 0.25694444375 0.23046875 0.2795138895833333 0.224609375 0.30381944375000003 0.224609375 0.32118055624999997 0.2265625 0.33159722291666666 0.2333984375 0.34722222291666666 0.2470703125 0.3576388895833333 0.2578125 0.35590277708333334 0.2626953125 0.3541666666666667 0.26953125 0.3454861104166667 0.26953125 0.3107638895833333 0.275390625 0.28993055624999997 0.275390625 0.2829861104166667 0.2666015625 0.26388888958333334 0.2587890625 0.25694444375 0.2470703125 0.25694444375
1 0.4838196859375 0.23545424583333335 0.4760071859375 0.22850980208333332 0.4603821859375 0.22503757916666667 0.4486634359375 0.231982025 0.4369446859375 0.2458709125 0.4281556234375 0.26844035833333335 0.4262024984375 0.310107025 0.4310853109375 0.3222598020833333 0.4340149984375 0.32052369166666667 0.4340149984375 0.3135792458333333 0.4428040609375 0.294482025 0.4603821859375 0.2771209125 0.4818665609375 0.27364869166666667 0.4994446859375 0.28753757916666667 0.5004212484375 0.27191257916666667 0.4965149984375 0.25802369166666667 0.4838196859375 0.23545424583333335
1 0.4990234375 0.11111111041666667 0.4931640625 0.11111111041666667 0.4833984375 0.11805555625 0.474609375 0.140625 0.474609375 0.15798611041666666 0.4814453125 0.17361111041666666 0.484375 0.171875 0.4951171875 0.16319444375 0.5166015625 0.16666666666666666 0.51953125 0.15798611041666666 0.51953125 0.13715277708333332 0.517578125 0.13020833333333334 0.5068359375 0.11458333333333333 0.5009765625 0.11458333333333333 0.4990234375 0.11111111041666667
0 0.556640625 0.12326388958333333 0.552734375 0.13715277708333332 0.552734375 0.15798611041666666 0.55859375 0.17534722291666668 0.5673828125 0.1875 0.5859375 0.18576388958333334 0.5888671875 0.18402777708333332 0.599609375 0.16145833333333334 0.599609375 0.13715277708333332 0.595703125 0.12326388958333333 0.5869140625 0.11111111041666667 0.5830078125 0.10763888958333333 0.5693359375 0.10763888958333333 0.556640625 0.12326388958333333
0 0.5283203125 0.19097222291666668 0.5087890625 0.19097222291666668 0.4970703125 0.20138888958333334 0.490234375 0.21354166666666666 0.484375 0.234375 0.49609375 0.25868055625 0.5 0.2864583333333333 0.5146484375 0.3125 0.525390625 0.3107638895833333 0.5380859375 0.3020833333333333 0.548828125 0.2829861104166667 0.552734375 0.26909722291666666 0.552734375 0.25173611041666666 0.5546875 0.24826388958333334 0.546875 0.21354166666666666 0.5419921875 0.20486111041666666 0.5283203125 0.19097222291666668
0 0.5107421875 0.38194444375000003 0.4912109375 0.3645833333333333 0.4716796875 0.3611111104166667 0.4697265625 0.3645833333333333 0.4560546875 0.36805555624999997 0.4443359375 0.37847222291666666 0.43359375 0.39756944375000003 0.42578125 0.421875 0.42578125 0.4322916666666667 0.421875 0.44618055624999997 0.421875 0.4739583333333333 0.42578125 0.48784722291666666 0.427734375 0.5121527770833334 0.4423828125 0.5416666666666666 0.4658203125 0.5625 0.482421875 0.5607638895833333 0.5048828125 0.5486111104166667 0.521484375 0.52256944375 0.53125 0.48784722291666666 0.533203125 0.45659722291666666 0.53125 0.453125 0.53125 0.4357638895833333 0.525390625 0.4114583333333333 0.5107421875 0.38194444375000003
0 0.523539496875 0.3295326520833333 0.519633246875 0.31911598541666664 0.519633246875 0.31217154166666666 0.503031684375 0.2826576520833333 0.48935980937499995 0.27224098541666664 0.47373480937499995 0.27224098541666664 0.45420355937499995 0.28612987500000003 0.43955512187499995 0.31217154166666666 0.43760199687499995 0.31911598541666664 0.43760199687499995 0.33647709583333335 0.43564887187499995 0.33994931874999995 0.43564887187499995 0.36425487500000003 0.44150824687499995 0.38508820833333335 0.44736762187499995 0.38508820833333335 0.46201605937499995 0.36946320833333335 0.46787543437499995 0.36946320833333335 0.47764105937499995 0.3625187625 0.49326605937499995 0.3625187625 0.504984809375 0.36946320833333335 0.518656684375 0.38335209583333335 0.523539496875 0.36772709583333335 0.523539496875 0.3295326520833333
0 0.2958984375 0.26388888958333334 0.2841796875 0.27430555624999997 0.275390625 0.28993055624999997 0.26953125 0.3107638895833333 0.26953125 0.3454861104166667 0.2734375 0.359375 0.2880859375 0.38194444375000003 0.2939453125 0.3854166666666667 0.306640625 0.38368055624999997 0.3193359375 0.375 0.32421875 0.36631944375000003 0.33203125 0.3385416666666667 0.333984375 0.3142361104166667 0.328125 0.2864583333333333 0.3193359375 0.2708333333333333 0.3115234375 0.26388888958333334 0.2958984375 0.26388888958333334
0 0.2080078125 0.27777777708333334 0.2021484375 0.28125 0.201171875 0.2864583333333333 0.189453125 0.30381944375000003 0.185546875 0.3385416666666667 0.189453125 0.35590277708333334 0.1982421875 0.37152777708333334 0.2041015625 0.375 0.212890625 0.3732638895833333 0.2197265625 0.37152777708333334 0.2255859375 0.3645833333333333 0.23046875 0.3420138895833333 0.224609375 0.32465277708333334 0.224609375 0.30034722291666666 0.2265625 0.28993055624999997 0.2158203125 0.27777777708333334 0.2080078125 0.27777777708333334
0 0.263671875 0.21354166666666666 0.263671875 0.22395833333333334 0.2685546875 0.22916666666666666 0.2744140625 0.22916666666666666 0.2802734375 0.23611111041666666 0.2861328125 0.25 0.2890625 0.24826388958333334 0.2939453125 0.24652777708333332 0.30078125 0.23090277708333332 0.302734375 0.22395833333333334 0.302734375 0.19965277708333332 0.2939453125 0.18055555625 0.2783203125 0.18055555625 0.267578125 0.19618055625 0.263671875 0.21354166666666666
0 0.4033203125 0.16319444375 0.3984375 0.171875 0.392578125 0.19270833333333334 0.392578125 0.20659722291666668 0.396484375 0.22743055625 0.4033203125 0.23958333333333334 0.412109375 0.24479166666666666 0.412109375 0.22048611041666666 0.41796875 0.19618055625 0.4267578125 0.18055555625 0.4375 0.171875 0.4375 0.16840277708333332 0.4287109375 0.15625 0.4111328125 0.15625 0.4033203125 0.16319444375
0 0.3955078125 0.13541666666666666 0.3828125 0.15451388958333334 0.37890625 0.171875 0.380859375 0.18923611041666666 0.3896484375 0.20486111041666666 0.392578125 0.203125 0.39453125 0.18229166666666666 0.400390625 0.16840277708333332 0.4111328125 0.15625 0.4189453125 0.15625 0.421875 0.15104166666666666 0.4169921875 0.13888888958333334 0.4130859375 0.13541666666666666 0.3955078125 0.13541666666666666
0 0.7470703125 0.21875 0.7373046875 0.22569444375 0.7294921875 0.23611111041666666 0.724609375 0.24826388958333334 0.720703125 0.26215277708333334 0.720703125 0.296875 0.7265625 0.3177083333333333 0.7373046875 0.34027777708333334 0.7451171875 0.34722222291666666 0.765625 0.3454861104166667 0.7744140625 0.34027777708333334 0.783203125 0.32465277708333334 0.7890625 0.30381944375000003 0.7890625 0.27256944375000003 0.78125 0.24479166666666666 0.7724609375 0.22916666666666666 0.7607421875 0.21875 0.7470703125 0.21875
1 0.701171875 0.3767361104166667 0.6865234375 0.34722222291666666 0.6669921875 0.3333333333333333 0.6435546875 0.3333333333333333 0.6416015625 0.33680555624999997 0.6357421875 0.33680555624999997 0.6259765625 0.34722222291666666 0.609375 0.3802083333333333 0.603515625 0.4114583333333333 0.60546875 0.44965277708333334 0.61328125 0.47743055624999997 0.6318359375 0.50694444375 0.6494140625 0.5138888895833333 0.6513671875 0.5173611104166667 0.66796875 0.515625 0.6748046875 0.5138888895833333 0.6865234375 0.5034722229166666 0.697265625 0.484375 0.703125 0.4635416666666667 0.70703125 0.4322916666666667 0.708984375 0.42881944375000003 0.70703125 0.4079861104166667 0.701171875 0.3767361104166667
0 0.99609375 0.5746527770833333 0.994140625 0.5711805562500001 0.994140625 0.5607638895833333 0.9833984375 0.5347222229166667 0.9716796875 0.52430555625 0.9599609375 0.52430555625 0.9501953125 0.53125 0.935546875 0.5572916666666666 0.931640625 0.5677083333333334 0.923828125 0.6128472229166667 0.923828125 0.640625 0.921875 0.6510416666666666 0.923828125 0.6545138895833333 0.92578125 0.6892361104166667 0.9345703125 0.7048611104166667 0.9443359375 0.7152777770833333 0.95703125 0.7135416666666666 0.9619140625 0.7118055562500001 0.98046875 0.6857638895833333 0.990234375 0.6545138895833333 0.9921875 0.6336805562500001 0.994140625 0.6302083333333334 0.994140625 0.6128472229166667 0.99609375 0.609375 0.99609375 0.5746527770833333