0 0.6953125 0.32777777708333333 0.6826171875 0.30520833333333336 0.6787109375 0.30520833333333336 0.6748046875 0.2982638875 0.6689453125 0.2947916666666667 0.6474609375 0.2947916666666667 0.6318359375 0.3086805541666667 0.62109375 0.33125 0.615625 0.35393518333333335 0.615625 0.39166666666666666 0.625 0.425 0.6376953125 0.4440972208333333 0.6416015625 0.4440972208333333 0.653564453125 0.45625 0.671875 0.45625 0.6787109375 0.4545138875 0.6904296875 0.43715277708333333 0.69921875 0.4180555541666667 0.7046875 0.3888888875 0.7046875 0.38055555416666664 0.703125 0.3555555541666667 0.6953125 0.32777777708333333
0 0.98203125 0.47795138958333333 0.976171875 0.45364583333333336 0.9634765625 0.43107638958333333 0.9478515625 0.42413194375 0.9380859375 0.43107638958333333 0.925390625 0.4501736104166667 0.917578125 0.48489583333333336 0.917578125 0.5265625 0.91953125 0.5300347229166666 0.91953125 0.5404513895833334 0.93125 0.5751736104166666 0.9458984375 0.5907986104166666 0.95029296875 0.5916666666666667 0.9555943093750001 0.5916666666666667 0.9673828125 0.58038194375 0.976171875 0.5612847229166668 0.98203125 0.5369791666666667 0.9828125 0.5217013895833333 0.9828125 0.4967013895833333 0.98203125 0.4953125 0.98203125 0.47795138958333333
0 0.906640625 0.27430555624999997 0.902734375 0.27430555624999997 0.896875 0.2673611104166667 0.887109375 0.2673611104166667 0.87734375 0.27430555624999997 0.8705078125 0.29340277708333334 0.8705078125 0.33506944375000003 0.8744140625 0.3454861104166667 0.8744140625 0.35243055624999997 0.88515625 0.37152777708333334 0.896875 0.37847222291666666 0.8998046875 0.3767361104166667 0.90859375 0.36805555624999997 0.9154296875 0.35590277708333334 0.91875 0.33819444375 0.91875 0.30833333333333335 0.9134765625 0.2864583333333333 0.906640625 0.27430555624999997
0 0.86484375 0.23680555416666668 0.855078125 0.22638888750000002 0.843359375 0.22986111041666665 0.8326171875 0.24548611041666665 0.8326171875 0.259375 0.8384765625 0.28020833333333334 0.8365234375 0.31145833333333334 0.843359375 0.32708333333333334 0.8468750015625 0.32916666666666666 0.8624999921875001 0.32916666666666666 0.8658203125 0.32881944375 0.8697265625 0.321875 0.8716796875 0.29409722083333334 0.8765625 0.2767361104166667 0.8765625 0.26458333333333334 0.8755859375 0.2559027770833333 0.86484375 0.23680555416666668
0 0.8234375 0.23645833333333333 0.815625 0.22951388958333335 0.798046875 0.22951388958333335 0.794140625 0.23298611249999998 0.7814453125 0.25902777916666664 0.7814453125 0.29722222291666667 0.794140625 0.3302083333333333 0.8046875 0.33958333333333335 0.8158203171875 0.33958333333333335 0.8224609375 0.3388888895833333 0.8322265625 0.3215277791666667 0.8375 0.30590277708333335 0.8375 0.2732638895833333 0.8361328125 0.26597222291666667 0.8234375 0.23645833333333333
1 0.6396484375 0.15659722083333336 0.6259765625 0.15659722083333336 0.611328125 0.17569444374999998 0.6078125 0.19131944374999998 0.6078125 0.2118055541666667 0.611328125 0.22430555416666667 0.6220703125 0.23993055416666667 0.6287109390625 0.24583333333333332 0.6386718609375001 0.24583333333333332 0.64453125 0.2451388875 0.654296875 0.23124999791666667 0.6578125 0.21875 0.6578125 0.18529040416666664 0.6474609375 0.16354166458333333 0.6396484375 0.15659722083333336
1 0.591015625 0.11145833333333334 0.587109375 0.11493055625 0.5802734375 0.12708333333333333 0.5802734375 0.15486111249999998 0.5822265625 0.16180555625 0.59463975625 0.17708333333333334 0.59746094375 0.17708333333333334 0.6076171875 0.17569444583333332 0.6134765625 0.16875 0.6171875 0.15555555625 0.6171875 0.13026175208333332 0.6046875 0.11145833333333334 0.591015625 0.11145833333333334
1 0.3158203125 0.20069444583333332 0.3099609375 0.20069444583333332 0.3041015625 0.20416666666666666 0.293359375 0.22326388958333335 0.29140625 0.23020833333333332 0.29140625 0.25104166666666666 0.293359375 0.2579861125 0.30362413125 0.27291666666666664 0.30917969375 0.27291666666666664 0.316796875 0.271875 0.3265625 0.2579861125 0.3296875 0.246875 0.3296875 0.22455357291666667 0.3236328125 0.20763888958333335 0.3158203125 0.20069444583333332
0 0.3638671875 0.17552083541666666 0.3638671875 0.19288194583333332 0.374609375 0.21197916875 0.37724608437499996 0.2125 0.3854492203125 0.2125 0.3921875 0.20850694583333332 0.3990234375 0.19288194583333332 0.4 0.18767361249999998 0.4 0.17378472291666666 0.3990234375 0.16510416875 0.3921875 0.15295138958333335 0.387207028125 0.15 0.37973633125 0.15 0.370703125 0.15642361249999998 0.3638671875 0.17552083541666666
0 0.25859375 0.23663194375 0.25078125 0.23663194375 0.24296875 0.24357638958333333 0.2380859375 0.25225694375 0.2341796875 0.26961805624999996 0.2341796875 0.2869791666666667 0.2380859375 0.30086805624999996 0.244921875 0.3095486104166667 0.24931640625 0.3104166666666667 0.2551757828125 0.3104166666666667 0.2625 0.30607638958333333 0.2703125 0.2860146604166667 0.2703125 0.2534970229166667 0.264453125 0.24010416666666667 0.25859375 0.23663194375
0 0.5427734375 0.15104166666666666 0.5447265625 0.15798611041666666 0.5549913203125 0.17291666666666666 0.560546871875 0.17291666666666666 0.5681640625 0.171875 0.5779296875 0.15798611041666666 0.578125 0.15694444375 0.578125 0.14444444583333332 0.5779296875 0.14409722291666668 0.5779296875 0.12326388958333333 0.569140625 0.11111111041666667 0.5582031234375 0.10833333333333334 0.555007103125 0.10833333333333334 0.5427734375 0.1267361104166667 0.5427734375 0.15104166666666666
0 0.5318359375 0.11111111041666667 0.5181640625 0.11111111041666667 0.5142578125 0.11458333333333333 0.507421875 0.13020833333333334 0.507421875 0.15104166666666666 0.509375 0.15798611041666666 0.5201171875 0.17013888958333334 0.5328125 0.16840277708333332 0.538671875 0.16145833333333334 0.5421875 0.14895833333333333 0.5421875 0.12881944375 0.540625 0.12326388958333333 0.5318359375 0.11111111041666667
0 0.6435546875 0.11145833333333334 0.6279296875 0.11145833333333334 0.623046875 0.11666666666666667 0.6171875 0.13402777916666667 0.6171875 0.14791666666666667 0.6220703125 0.16006944583333332 0.6259765625 0.15659722291666667 0.6396484375 0.15659722291666667 0.649088540625 0.16666666666666666 0.6500000015625 0.16666666666666666 0.65234375 0.16527777916666667 0.65625 0.15486111249999998 0.65625 0.13402777916666667 0.6474609375 0.11493055625 0.6435546875 0.11145833333333334
0 0.7017578125 0.16597222291666666 0.6861328125 0.15902777916666666 0.6744140625 0.16597222291666666 0.665625 0.18159722291666666 0.663671875 0.21284722291666666 0.665625 0.22326388958333335 0.6724609375 0.23888888958333335 0.6873046859375 0.2520833333333333 0.690820315625 0.2520833333333333 0.694921875 0.25104166666666666 0.6998046875 0.24930555625 0.710546875 0.23368055625 0.7140625 0.22118055625000002 0.7140625 0.19722222291666666 0.710546875 0.18159722291666666 0.7017578125 0.16597222291666666
1 0.6474609375 0.11440972291666666 0.6484375 0.10920138958333332 0.6376953125 0.09357638958333332 0.6259765625 0.09357638958333332 0.6171875 0.10920138958333332 0.6171875 0.125 0.62021484375 0.125 0.6298828125 0.1109375 0.6474609375 0.11440972291666666
1 0.5595703125 0.10069444375 0.556640625 0.10590277708333334 0.5576171875 0.11111111041666667 0.5673828125 0.11111111041666667 0.5751953125 0.11805555625 0.5791015625 0.12847222291666666 0.580078125 0.1267361104166667 0.583984375 0.11979166666666667 0.5771484375 0.10416666666666667 0.5732421875 0.10069444375 0.5595703125 0.10069444375