1 0.3587890625 0.17986111249999998 0.348046875 0.19895833333333332 0.34609375 0.209375 0.34609375 0.23368055625 0.3523828109375 0.24166666666666667 0.35878906875 0.24166666666666667 0.367578125 0.240625 0.3765625 0.22465277916666665 0.3765625 0.19717261875 0.3705078125 0.18333333333333332 0.3587890625 0.17986111249999998
1 0.3439453125 0.21319444583333333 0.3478515625 0.19930555625000002 0.3576171875 0.18194444583333333 0.3546875 0.1767361125 0.344921875 0.1767361125 0.341015625 0.18020833541666667 0.3322265625 0.19930555625000002 0.3322265625 0.20625000208333333 0.3380859375 0.22708333541666667 0.3404296859375 0.23125 0.3427734390625 0.23125 0.3439453125 0.23055555625000002 0.3439453125 0.21319444583333333
1 0.48828125 0.16145833333333334 0.48828125 0.17881944375 0.4990234375 0.20138888958333334 0.5021484375 0.20416666666666666 0.507226559375 0.20416666666666666 0.513671875 0.203125 0.525390625 0.18576388958333334 0.52734375 0.17534722291666668 0.525390625 0.15798611041666666 0.5234375 0.15104166666666666 0.51515066875 0.13958333333333334 0.5004991328124999 0.13958333333333334 0.490234375 0.15451388958333334 0.48828125 0.16145833333333334
1 0.5453125 0.17326388958333333 0.5453125 0.17951388958333334 0.546875 0.19618055625 0.5517578125 0.20833333333333334 0.5615234375 0.21875 0.576171875 0.21701388958333334 0.5830078125 0.20833333333333334 0.5875 0.19715277916666668 0.5875 0.17105429375 0.5771484375 0.14930555625 0.5732421875 0.14583333333333334 0.5595703125 0.14583333333333334 0.546875 0.16493055625 0.5453125 0.17326388958333333
1 0.821484375 0.20451388958333333 0.805859375 0.20104166874999999 0.801953125 0.20451388958333333 0.7912109375 0.22708333541666667 0.7912109375 0.2548611125 0.7931640625 0.26527777916666667 0.805859375 0.28784722291666665 0.8087890609375 0.28958333333333336 0.8224609375 0.28958333333333336 0.8322265625 0.27569444583333336 0.8359375 0.2625 0.8359375 0.23344907499999998 0.8302734375 0.21666666874999999 0.821484375 0.20451388958333333
1 0.7763671875 0.28784722291666665 0.783203125 0.27569444375 0.787109375 0.25833333333333336 0.787109375 0.23402777708333333 0.783203125 0.22013888750000002 0.7724609375 0.20451388750000002 0.7646484375 0.19756944375 0.7548828125 0.19756944375 0.7470703125 0.20451388750000002 0.73828125 0.22361111041666665 0.736328125 0.24791666666666667 0.7421875 0.27222222291666665 0.7529296875 0.29131944375 0.7607421875 0.29131944375 0.762109375 0.29375 0.7667968765625 0.29375 0.76953125 0.29305555624999996 0.7763671875 0.28784722291666665
0 0.3203125 0.27274305416666667 0.3310546875 0.2675347208333333 0.3359375 0.25885416666666666 0.33984375 0.2414930541666667 0.3359375 0.2171875 0.3291015625 0.20503472083333335 0.3251953125 0.20850694374999998 0.3232421875 0.20503472083333335 0.3056640625 0.21892361041666666 0.30078125 0.23454861041666666 0.302734375 0.25538194375 0.3115234375 0.27100694375 0.3203125 0.27274305416666667
0 0.3142578125 0.19513888750000002 0.30546875 0.20729166666666668 0.3015625 0.22118055416666668 0.302278646875 0.225 0.3048828109375 0.225 0.30546875 0.22465277708333334 0.3103515625 0.21944444375 0.3123046875 0.2125 0.3162109375 0.2125 0.3201171875 0.20555555416666668 0.33125 0.20885416666666667 0.33125 0.20183531666666665 0.3259765625 0.19513888750000002 0.3142578125 0.19513888750000002
0 0.3029296875 0.2559027770833333 0.3009765625 0.22465277708333334 0.294140625 0.21597222083333334 0.282421875 0.21597222083333334 0.2736328125 0.228125 0.2697265625 0.24201388750000002 0.2697265625 0.259375 0.2716796875 0.26631944375 0.2794642859375 0.27708333333333335 0.29062499375 0.27708333333333335 0.2931640625 0.2767361104166667 0.3029296875 0.2559027770833333
0 0.27578125 0.38229166666666664 0.266015625 0.37534722291666667 0.25234375 0.37534722291666667 0.242578125 0.38229166666666664 0.2298828125 0.4048611125 0.2259765625 0.41875 0.2240234375 0.45347222291666667 0.2298828125 0.48125 0.240625 0.5003472229166667 0.247265625 0.50625 0.2607421921875 0.50625 0.2689453125 0.5055555562499999 0.27578125 0.5003472229166667 0.2865234375 0.48125 0.2921875 0.45775463125000004 0.2921875 0.42488426041666666 0.2865234375 0.4013888895833333 0.27578125 0.38229166666666664
0 0.328125 0.8184027770833333 0.318359375 0.7871527770833333 0.2998046875 0.7541666666666667 0.2939453125 0.7506944437499999 0.2880859375 0.7402777770833333 0.2763671875 0.7298611104166667 0.2685546875 0.7298611104166667 0.2666015625 0.7263888875000001 0.2490234375 0.7263888875000001 0.2470703125 0.7298611104166667 0.2333984375 0.7333333333333333 0.2236328125 0.74375 0.2109375 0.7663194437499999 0.203125 0.790625 0.2 0.8072916666666666 0.2 0.8677083333333333 0.201171875 0.8739583333333333 0.212890625 0.915625 0.2333984375 0.9520833333333333 0.2431640625 0.9590277770833333 0.2470703125 0.9659722208333333 0.2623046890625 0.975 0.28261717656249996 0.975 0.287109375 0.9746527770833333 0.3056640625 0.9659722208333333 0.318359375 0.946875 0.32421875 0.9295138875000001 0.32421875 0.9225694437499999 0.328125 0.9121527770833333 0.330078125 0.8809027770833333 0.33125 0.87881944375 0.33125 0.83993055625 0.328125 0.8288194437499999 0.328125 0.8184027770833333
0 0.441796875 0.6725694437499999 0.4193359375 0.6395833333333333 0.3939453125 0.6222222208333333 0.3685546875 0.6222222208333333 0.3568359375 0.6291666666666667 0.3431640625 0.6430555541666667 0.33046875 0.665625 0.32265625 0.6864583333333333 0.316796875 0.7072916666666667 0.316796875 0.7211805541666667 0.31484375 0.7246527770833333 0.316796875 0.7663194437499999 0.31875 0.7697916666666667 0.320703125 0.790625 0.324609375 0.7975694437499999 0.328515625 0.8149305541666667 0.3431640625 0.8479166666666667 0.37262835 0.8708333333333333 0.39707029843749997 0.8708333333333333 0.402734375 0.8704861104166667 0.4095703125 0.86875 0.4134765625 0.8618055541666667 0.4173828125 0.8618055541666667 0.4330078125 0.8444444437499999 0.4515625 0.8045138875000001 0.4546875 0.7878472208333334 0.4546875 0.7204861104166667 0.449609375 0.6934027770833333 0.441796875 0.6725694437499999
0 0.193359375 0.925 0.189453125 0.9180555541666667 0.1875 0.9076388875 0.173828125 0.8798611104166666 0.1591796875 0.8607638875 0.1416015625 0.846875 0.1220703125 0.846875 0.1103515625 0.85381944375 0.09765625 0.8763888875 0.0921875 0.9055555541666667 0.0921875 0.9361111104166666 0.09375 0.9388888875 0.095703125 0.9666666666666667 0.10587993437500001 0.9979166666666667 0.203125 0.9979166666666667 0.2046875 0.9951388875 0.2046875 0.9888888875 0.203125 0.9666666666666667 0.193359375 0.925
0 0.4369140625 0.13819444583333332 0.426171875 0.15034722291666666 0.422265625 0.16770833333333332 0.422265625 0.178125 0.4310546875 0.19722222291666666 0.4357421859375 0.2 0.4388671890625 0.2 0.441796875 0.19895833333333332 0.4486328125 0.19722222291666666 0.453515625 0.18854166666666666 0.45625 0.18125 0.45625 0.15520833333333334 0.4486328125 0.14166666666666666 0.4369140625 0.13819444583333332
0 0.4904296875 0.18854166666666666 0.4904296875 0.178125 0.4884765625 0.17465277916666666 0.4904296875 0.15034722291666666 0.485546875 0.14166666666666666 0.469921875 0.13819444583333332 0.4572265625 0.15729166666666666 0.4572265625 0.178125 0.46763822031249996 0.2 0.4746093828125 0.2 0.4845703125 0.19895833333333332 0.4904296875 0.18854166666666666
0 0.421875 0.17152777916666664 0.423828125 0.16805555625000002 0.423828125 0.15763888958333333 0.4267578125 0.14895833541666667 0.4375 0.14027777916666664 0.4345703125 0.13506944583333333 0.4228515625 0.13506944583333333 0.4140625 0.15416666874999999 0.4140625 0.17500000208333333 0.416015625 0.18194444583333333 0.42203124843750006 0.18958333333333333 0.4246093765625 0.18958333333333333 0.42578125 0.18888888958333333 0.421875 0.17152777916666664
0 0.762890625 0.17690972083333334 0.753125 0.17690972083333334 0.747265625 0.18038194375 0.7384765625 0.19600694375 0.7366489953124999 0.21875 0.7411487921875 0.21875 0.74921875 0.20121527708333334 0.755078125 0.19774305416666668 0.770703125 0.20121527708333334 0.78046875 0.21510416458333334 0.78125 0.20815972083333334 0.78125 0.20601325625 0.770703125 0.18385416458333334 0.762890625 0.17690972083333334