1 0.7265625 0.7482638895833333 0.7265625 0.7239583333333334 0.724609375 0.7204861104166667 0.720703125 0.6892361104166667 0.7021484375 0.6493055562500001 0.6884765625 0.6319444437499999 0.6708984375 0.625 0.6689453125 0.6215277770833333 0.6513671875 0.6180555562500001 0.6494140625 0.6215277770833333 0.6357421875 0.6215277770833333 0.6123046875 0.6354166666666666 0.6025390625 0.6458333333333334 0.587890625 0.671875 0.576171875 0.7065972229166667 0.5703125 0.7378472229166667 0.5703125 0.7690972229166667 0.568359375 0.7725694437499999 0.5703125 0.7760416666666666 0.5703125 0.8038194437499999 0.578125 0.8350694437499999 0.5986328125 0.875 0.6064453125 0.8854166666666666 0.6259765625 0.8993055562500001 0.66015625 0.8975694437499999 0.6728515625 0.8923611104166667 0.6923828125 0.875 0.708984375 0.8489583333333334 0.72265625 0.8072916666666666 0.7265625 0.7864583333333334 0.7265625 0.7621527770833333 0.728515625 0.7517361104166667 0.7265625 0.7482638895833333
1 0.1650390625 0.49305555624999997 0.1552734375 0.4826388895833333 0.1396484375 0.4791666666666667 0.1298828125 0.4861111104166667 0.119140625 0.5052083333333334 0.11328125 0.5295138895833333 0.11328125 0.5677083333333334 0.12109375 0.6024305562500001 0.1298828125 0.6180555562500001 0.1396484375 0.6284722229166667 0.1513671875 0.6319444437499999 0.1533203125 0.6354166666666666 0.15625 0.6336805562500001 0.1630859375 0.6284722229166667 0.171875 0.6128472229166667 0.177734375 0.5920138895833333 0.1796875 0.5815972229166667 0.1796875 0.546875 0.177734375 0.5434027770833333 0.17578125 0.52256944375 0.1650390625 0.49305555624999997
1 0.0322265625 0.5625 0.0341796875 0.5625 0.0419921875 0.5451388895833333 0.0537109375 0.5416666666666666 0.0595703125 0.5451388895833333 0.0712890625 0.5659722229166667 0.072265625 0.5642361104166667 0.0703125 0.5329861104166667 0.06640625 0.5190972229166666 0.0595703125 0.50694444375 0.0419921875 0.5104166666666666 0.03515625 0.52256944375 0.033203125 0.5434027770833333 0.03125 0.546875 0.0322265625 0.5625
1 0.1201171875 0.38194444375000003 0.107421875 0.4010416666666667 0.1015625 0.42534722291666666 0.1015625 0.44618055624999997 0.1123046875 0.47569444375000003 0.1240234375 0.4861111104166667 0.130859375 0.484375 0.1337890625 0.4826388895833333 0.142578125 0.4635416666666667 0.14453125 0.4392361104166667 0.146484375 0.4357638895833333 0.146484375 0.4114583333333333 0.14453125 0.4010416666666667 0.1318359375 0.38194444375000003 0.1201171875 0.38194444375000003
1 0.134765625 0.35590277708333334 0.134765625 0.3802083333333333 0.1513671875 0.4166666666666667 0.16015625 0.41493055624999997 0.16796875 0.4045138895833333 0.17578125 0.36284722291666666 0.171875 0.3454861104166667 0.1650390625 0.3333333333333333 0.1533203125 0.3229166666666667 0.1455078125 0.3298611104166667 0.138671875 0.3420138895833333 0.134765625 0.35590277708333334
1 0.2060546875 0.25694444375 0.1953125 0.2795138895833333 0.193359375 0.28993055624999997 0.193359375 0.3142361104166667 0.2041015625 0.33680555624999997 0.220703125 0.33506944375000003 0.2255859375 0.3298611104166667 0.23046875 0.3177083333333333 0.228515625 0.2829861104166667 0.232421875 0.26909722291666666 0.23046875 0.26215277708333334 0.2236328125 0.25347222291666666 0.2099609375 0.25347222291666666 0.2060546875 0.25694444375
1 0.2529296875 0.24652777708333332 0.2392578125 0.25694444375 0.23828125 0.26215277708333334 0.232421875 0.26909722291666666 0.228515625 0.29340277708333334 0.23046875 0.296875 0.23046875 0.3142361104166667 0.2412109375 0.3333333333333333 0.2509765625 0.34375 0.259765625 0.3420138895833333 0.26953125 0.328125 0.275390625 0.3072916666666667 0.27734375 0.2795138895833333 0.275390625 0.2760416666666667 0.275390625 0.265625 0.2685546875 0.25347222291666666 0.2587890625 0.24652777708333332 0.2529296875 0.24652777708333332
1 0.32421875 0.20659722291666668 0.328125 0.22395833333333334 0.3330078125 0.23263888958333334 0.337890625 0.23090277708333332 0.3466796875 0.21180555625 0.365234375 0.19618055625 0.365234375 0.18229166666666666 0.3544921875 0.16319444375 0.3408203125 0.16319444375 0.3330078125 0.17013888958333334 0.32421875 0.19270833333333334 0.32421875 0.20659722291666668
1 0.3642578125 0.19791666666666666 0.3623046875 0.20138888958333334 0.3564453125 0.20138888958333334 0.3466796875 0.21180555625 0.337890625 0.22743055625 0.3359375 0.25868055625 0.341796875 0.2864583333333333 0.3564453125 0.3020833333333333 0.359375 0.30034722291666666 0.361328125 0.296875 0.36328125 0.2760416666666667 0.369140625 0.25868055625 0.388671875 0.23090277708333332 0.388671875 0.22048611041666666 0.3818359375 0.20486111041666666 0.3740234375 0.20486111041666666 0.3642578125 0.19791666666666666
1 0.419921875 0.15451388958333334 0.419921875 0.171875 0.4267578125 0.19097222291666668 0.4365234375 0.19791666666666666 0.4404296875 0.20486111041666666 0.44921875 0.203125 0.4609375 0.17881944375 0.46484375 0.15798611041666666 0.4609375 0.140625 0.4560546875 0.13194444375 0.4423828125 0.125 0.4306640625 0.13194444375 0.421875 0.14756944375 0.419921875 0.15451388958333334
1 0.560546875 0.16145833333333334 0.556640625 0.17881944375 0.556640625 0.19618055625 0.560546875 0.21354166666666666 0.5712890625 0.23263888958333334 0.5791015625 0.23958333333333334 0.591796875 0.23784722291666668 0.5966796875 0.23263888958333334 0.607421875 0.21006944375 0.607421875 0.17534722291666668 0.603515625 0.15798611041666666 0.5927734375 0.14236111041666666 0.5751953125 0.14236111041666666 0.5673828125 0.14930555625 0.560546875 0.16145833333333334
1 0.703125 0.14756944375 0.697265625 0.17881944375 0.703125 0.19965277708333332 0.7158203125 0.22222222291666668 0.7216796875 0.22569444375 0.7265625 0.22395833333333334 0.7333984375 0.21875 0.744140625 0.19965277708333332 0.74609375 0.19270833333333334 0.74609375 0.17534722291666668 0.7353515625 0.14236111041666666 0.7255859375 0.13541666666666666 0.7119140625 0.13541666666666666 0.703125 0.14756944375
0 0.9638671875 0.28125 0.9599609375 0.28472222291666666 0.951171875 0.30381944375000003 0.951171875 0.3454861104166667 0.95703125 0.36631944375000003 0.9658203125 0.38194444375000003 0.974609375 0.38368055624999997 0.982421875 0.3732638895833333 0.986328125 0.359375 0.98828125 0.3489583333333333 0.98828125 0.3177083333333333 0.986328125 0.3072916666666667 0.9794921875 0.2916666666666667 0.9736328125 0.28472222291666666 0.9638671875 0.28125
0 0.91015625 0.28993055624999997 0.916015625 0.3177083333333333 0.916015625 0.33506944375000003 0.9248046875 0.34375 0.9375 0.3420138895833333 0.9404296875 0.34027777708333334 0.94921875 0.32118055624999997 0.94921875 0.2829861104166667 0.9345703125 0.25347222291666666 0.9248046875 0.25 0.9150390625 0.25694444375 0.91015625 0.2760416666666667 0.91015625 0.28993055624999997
0 0.8916015625 0.22916666666666666 0.8857421875 0.22569444375 0.8701171875 0.22569444375 0.86328125 0.234375 0.85546875 0.265625 0.8623046875 0.27777777708333334 0.865234375 0.2760416666666667 0.8740234375 0.26388888958333334 0.8798828125 0.26388888958333334 0.8818359375 0.2604166666666667 0.8916015625 0.26388888958333334 0.9033203125 0.27430555624999997 0.904296875 0.2552083333333333 0.90234375 0.24479166666666666 0.8916015625 0.22916666666666666
0 0.4169921875 1 0.4189453125 0.9965277770833333 0.4228515625 1 0.49609375 0.9982638895833333 0.498046875 0.9947916666666666 0.498046875 0.9774305562500001 0.4921875 0.9565972229166667 0.4921875 0.9496527770833333 0.4765625 0.9114583333333334 0.4619140625 0.8854166666666666 0.4443359375 0.8645833333333334 0.4267578125 0.8541666666666666 0.4189453125 0.8541666666666666 0.4091796875 0.8472222229166667 0.3974609375 0.8472222229166667 0.3955078125 0.84375 0.3642578125 0.8506944437499999 0.3505859375 0.8611111104166667 0.3388671875 0.875 0.3291015625 0.8888888895833333 0.3203125 0.9079861104166667 0.310546875 0.9392361104166667 0.306640625 0.9600694437499999 0.30859375 0.9947916666666666 0.3115234375 1 0.4169921875 1
0 0.369140625 0.8420138895833333 0.3671875 0.8177083333333334 0.365234375 0.8142361104166667 0.36328125 0.7934027770833333 0.35546875 0.7690972229166667 0.3310546875 0.7291666666666666 0.3271484375 0.7291666666666666 0.3154296875 0.7152777770833333 0.3095703125 0.7152777770833333 0.3017578125 0.7083333333333334 0.2744140625 0.7083333333333334 0.2529296875 0.7256944437499999 0.236328125 0.7552083333333334 0.228515625 0.7829861104166667 0.2265625 0.8038194437499999 0.224609375 0.8072916666666666 0.224609375 0.8489583333333334 0.2265625 0.8524305562500001 0.23046875 0.8836805562500001 0.234375 0.890625 0.23828125 0.9079861104166667 0.2529296875 0.9375 0.2685546875 0.9548611104166667 0.2880859375 0.96875 0.3046875 0.9670138895833333 0.306640625 0.9635416666666666 0.30859375 0.9427083333333334 0.3203125 0.9045138895833333 0.3369140625 0.875 0.3525390625 0.8611111104166667 0.3564453125 0.8541666666666666 0.3642578125 0.8506944437499999 0.369140625 0.8420138895833333
0 0.146484375 0.9982638895833333 0.255859375 0.9982638895833333 0.2509765625 0.9861111104166667 0.2255859375 0.9583333333333334 0.2138671875 0.9513888895833333 0.2001953125 0.9513888895833333 0.1982421875 0.9479166666666666 0.1845703125 0.9479166666666666 0.1650390625 0.9618055562500001 0.146484375 0.9982638895833333
0 0.072265625 0.5677083333333334 0.0654296875 0.5520833333333334 0.0556640625 0.5416666666666666 0.0458984375 0.5416666666666666 0.03515625 0.5572916666666666 0.03125 0.5746527770833333 0.03125 0.5885416666666666 0.029296875 0.5920138895833333 0.03125 0.6336805562500001 0.0478515625 0.6666666666666666 0.0537109375 0.6701388895833333 0.064453125 0.6684027770833333 0.072265625 0.6545138895833333 0.076171875 0.640625 0.076171875 0.6197916666666666 0.078125 0.6163194437499999 0.076171875 0.609375 0.076171875 0.5850694437499999 0.072265625 0.5746527770833333 0.072265625 0.5677083333333334
0 0.0380859375 0.46180555624999997 0.029296875 0.4739583333333333 0.025390625 0.4947916666666667 0.025390625 0.515625 0.029296875 0.5295138895833333 0.033203125 0.5295138895833333 0.0419921875 0.5104166666666666 0.0458984375 0.50694444375 0.0556640625 0.50694444375 0.05859375 0.5017361104166667 0.056640625 0.47743055624999997 0.0546875 0.4704861104166667 0.0478515625 0.46180555624999997 0.0380859375 0.46180555624999997
0 0.115234375 0.359375 0.115234375 0.38368055624999997 0.119140625 0.38368055624999997 0.1298828125 0.38194444375000003 0.134765625 0.3732638895833333 0.134765625 0.359375 0.142578125 0.33506944375000003 0.1416015625 0.3298611104166667 0.1298828125 0.3298611104166667 0.119140625 0.3454861104166667 0.115234375 0.359375
0 0.1630859375 0.2951388895833333 0.15625 0.3072916666666667 0.15234375 0.32118055624999997 0.1650390625 0.3333333333333333 0.171875 0.3454861104166667 0.17578125 0.359375 0.17578125 0.3697916666666667 0.1796875 0.3697916666666667 0.1875 0.359375 0.19140625 0.3454861104166667 0.193359375 0.32465277708333334 0.19140625 0.32118055624999997 0.189453125 0.30034722291666666 0.1826171875 0.2916666666666667 0.1728515625 0.28819444375000003 0.1630859375 0.2951388895833333
0 0.3955078125 0.23263888958333334 0.3798828125 0.24305555625 0.365234375 0.26909722291666666 0.36328125 0.2795138895833333 0.36328125 0.3072916666666667 0.3671875 0.32465277708333334 0.3759765625 0.34722222291666666 0.3916015625 0.3611111104166667 0.40625 0.359375 0.4169921875 0.35069444375000003 0.427734375 0.328125 0.43359375 0.30381944375000003 0.43359375 0.2760416666666667 0.4296875 0.25868055625 0.4189453125 0.23958333333333334 0.4091796875 0.23263888958333334 0.3955078125 0.23263888958333334
0 0.3994140625 0.20486111041666666 0.390625 0.22048611041666666 0.388671875 0.22743055625 0.3896484375 0.23263888958333334 0.4111328125 0.23263888958333334 0.4248046875 0.24652777708333332 0.43359375 0.27256944375000003 0.43359375 0.2795138895833333 0.439453125 0.2795138895833333 0.443359375 0.26909722291666666 0.4453125 0.234375 0.44140625 0.22048611041666666 0.44140625 0.20659722291666668 0.4384765625 0.20138888958333334 0.4306640625 0.19444444375 0.4111328125 0.19444444375 0.3994140625 0.20486111041666666
0 0.4716796875 0.17708333333333334 0.4619140625 0.18402777708333332 0.453125 0.19965277708333332 0.451171875 0.22048611041666666 0.44921875 0.22395833333333334 0.44921875 0.23784722291666668 0.455078125 0.25868055625 0.4716796875 0.28472222291666666 0.4755859375 0.28819444375000003 0.482421875 0.2864583333333333 0.4912109375 0.28125 0.50390625 0.25868055625 0.509765625 0.234375 0.5078125 0.203125 0.4951171875 0.17708333333333334 0.4892578125 0.17708333333333334 0.4873046875 0.17361111041666666 0.4716796875 0.17708333333333334
0 0.5576171875 0.14236111041666666 0.572265625 0.140625 0.576171875 0.13715277708333332 0.58203125 0.11979166666666667 0.58203125 0.09895833333333333 0.5732421875 0.07986111041666667 0.5576171875 0.07986111041666667 0.546875 0.09548611041666667 0.544921875 0.12326388958333333 0.5576171875 0.14236111041666666