1 0.1982421875 0.6284722229166667 0.1865234375 0.6180555562500001 0.1689453125 0.6180555562500001 0.1513671875 0.6319444437499999 0.13671875 0.6649305562500001 0.134765625 0.6892361104166667 0.1328125 0.6927083333333334 0.1328125 0.7274305562500001 0.140625 0.7621527770833333 0.1572265625 0.7986111104166667 0.1669921875 0.8090277770833333 0.1728515625 0.8090277770833333 0.1826171875 0.8159722229166667 0.189453125 0.8142361104166667 0.2060546875 0.8090277770833333 0.21875 0.7864583333333334 0.2265625 0.7621527770833333 0.228515625 0.7170138895833333 0.2265625 0.7135416666666666 0.2265625 0.6996527770833333 0.21875 0.6684027770833333 0.1982421875 0.6284722229166667
1 0.6806640625 0.20833333333333334 0.6787109375 0.20486111041666666 0.6669921875 0.20833333333333334 0.6572265625 0.21875 0.650390625 0.234375 0.6484375 0.24479166666666666 0.6484375 0.27256944375000003 0.65234375 0.28993055624999997 0.6650390625 0.3125 0.6748046875 0.31944444375000003 0.6875 0.3177083333333333 0.6962890625 0.3125 0.70703125 0.29340277708333334 0.708984375 0.27256944375000003 0.7109375 0.26909722291666666 0.708984375 0.24479166666666666 0.703125 0.22743055625 0.6884765625 0.20833333333333334 0.6806640625 0.20833333333333334
1 0.8837890625 0.35069444375000003 0.8681640625 0.35069444375000003 0.8603515625 0.3576388895833333 0.849609375 0.3767361104166667 0.84375 0.39756944375000003 0.84375 0.4427083333333333 0.849609375 0.4670138895833333 0.8642578125 0.49305555624999997 0.8759765625 0.5 0.884765625 0.4982638895833333 0.8916015625 0.49652777708333334 0.8974609375 0.4895833333333333 0.908203125 0.4670138895833333 0.912109375 0.453125 0.9140625 0.41840277708333334 0.90625 0.3802083333333333 0.8955078125 0.3611111104166667 0.8837890625 0.35069444375000003
1 0.6767578125 0.16319444375 0.6708984375 0.15972222291666668 0.6572265625 0.15972222291666668 0.642578125 0.18229166666666666 0.642578125 0.19618055625 0.640625 0.19965277708333332 0.642578125 0.21701388958333334 0.6494140625 0.23263888958333334 0.65234375 0.23090277708333332 0.6572265625 0.21875 0.6669921875 0.20833333333333334 0.6748046875 0.20833333333333334 0.6767578125 0.20486111041666666 0.6787109375 0.20833333333333334 0.69140625 0.20659722291666668 0.689453125 0.18576388958333334 0.6767578125 0.16319444375
1 0.5732421875 0.19444444375 0.564453125 0.21006944375 0.5625 0.22048611041666666 0.57421875 0.24826388958333334 0.576171875 0.27256944375000003 0.5810546875 0.28125 0.58203125 0.2795138895833333 0.58203125 0.2552083333333333 0.5859375 0.23784722291666668 0.5947265625 0.22222222291666668 0.615234375 0.21006944375 0.6083984375 0.19444444375 0.5947265625 0.18402777708333332 0.5869140625 0.18402777708333332 0.5732421875 0.19444444375
1 0.974609375 0.9670138895833333 0.96875 0.9982638895833333 1 0.9982638895833333 0.9990234375 0.90625 0.98828125 0.9288194437499999 0.974609375 0.9670138895833333
0 0.9130859375 0.34027777708333334 0.9033203125 0.34722222291666666 0.8984375 0.35590277708333334 0.8984375 0.36631944375000003 0.904296875 0.3767361104166667 0.912109375 0.4114583333333333 0.912109375 0.44618055624999997 0.908203125 0.46006944375000003 0.908203125 0.4704861104166667 0.9130859375 0.47569444375000003 0.923828125 0.4739583333333333 0.9326171875 0.46875 0.9453125 0.4392361104166667 0.947265625 0.39756944375000003 0.94140625 0.3697916666666667 0.9306640625 0.34722222291666666 0.9267578125 0.34722222291666666 0.9208984375 0.34027777708333334 0.9130859375 0.34027777708333334
0 0.7177734375 0.20138888958333334 0.7099609375 0.20833333333333334 0.703125 0.22048611041666666 0.703125 0.23090277708333332 0.708984375 0.24479166666666666 0.708984375 0.2864583333333333 0.7216796875 0.30555555624999997 0.73828125 0.30381944375000003 0.7451171875 0.2986111104166667 0.751953125 0.2864583333333333 0.755859375 0.27256944375000003 0.755859375 0.24131944375 0.748046875 0.21701388958333334 0.7392578125 0.20486111041666666 0.7333984375 0.20138888958333334 0.7177734375 0.20138888958333334
0 0.6083984375 0.21180555625 0.5966796875 0.21875 0.5859375 0.23784722291666668 0.58203125 0.25173611041666666 0.58203125 0.2760416666666667 0.587890625 0.296875 0.6025390625 0.31944444375000003 0.6083984375 0.3229166666666667 0.626953125 0.32118055624999997 0.6396484375 0.30902777708333334 0.646484375 0.29340277708333334 0.6484375 0.2829861104166667 0.646484375 0.24479166666666666 0.6396484375 0.22916666666666666 0.6318359375 0.21875 0.6220703125 0.21180555625 0.6083984375 0.21180555625
0 0.5498046875 0.21527777708333332 0.5361328125 0.21527777708333332 0.5224609375 0.22569444375 0.515625 0.23784722291666668 0.509765625 0.25868055625 0.509765625 0.2829861104166667 0.515625 0.3072916666666667 0.5224609375 0.31944444375000003 0.5380859375 0.3298611104166667 0.552734375 0.328125 0.5576171875 0.3263888895833333 0.5703125 0.3072916666666667 0.576171875 0.2795138895833333 0.576171875 0.25868055625 0.5703125 0.23784722291666668 0.5595703125 0.22222222291666668 0.5556640625 0.22222222291666668 0.5498046875 0.21527777708333332
0 0.2998046875 0.37152777708333334 0.2783203125 0.37152777708333334 0.2646484375 0.3854166666666667 0.2578125 0.39756944375000003 0.251953125 0.41840277708333334 0.251953125 0.4357638895833333 0.25 0.4392361104166667 0.251953125 0.4704861104166667 0.25390625 0.48090277708333334 0.2685546875 0.50694444375 0.2763671875 0.5138888895833333 0.2861328125 0.5138888895833333 0.2880859375 0.5173611104166667 0.296875 0.515625 0.3037109375 0.5138888895833333 0.3095703125 0.50694444375 0.322265625 0.48090277708333334 0.328125 0.44965277708333334 0.326171875 0.41840277708333334 0.31640625 0.390625 0.3076171875 0.37847222291666666 0.2998046875 0.37152777708333334
0 0.0947265625 0.7708333333333334 0.0810546875 0.7604166666666666 0.0693359375 0.7604166666666666 0.0546875 0.7760416666666666 0.046875 0.8038194437499999 0.046875 0.8246527770833333 0.044921875 0.8315972229166667 0.046875 0.8350694437499999 0.046875 0.8524305562500001 0.05078125 0.8732638895833333 0.0546875 0.8836805562500001 0.0546875 0.890625 0.06640625 0.921875 0.0849609375 0.9513888895833333 0.0908203125 0.9548611104166667 0.109375 0.953125 0.1162109375 0.9479166666666666 0.12109375 0.9392361104166667 0.12890625 0.9079861104166667 0.12890625 0.8697916666666666 0.126953125 0.8663194437499999 0.125 0.8420138895833333 0.11328125 0.8038194437499999 0.0947265625 0.7708333333333334