1 0.873046875 0.4392361104166667 0.869140625 0.453125 0.8671875 0.47743055624999997 0.865625 0.48020833333333335 0.865625 0.4822916666666667 0.8671875 0.48784722291666666 0.8671875 0.5121527770833334 0.873046875 0.5399305562500001 0.8857421875 0.5659722229166667 0.8888671875 0.56875 0.8978515578125 0.56875 0.91015625 0.5677083333333334 0.9248046875 0.5555555562500001 0.93359375 0.5364583333333334 0.9375 0.5190972229166666 0.9390625 0.49409722291666663 0.9390625 0.48715277916666666 0.9375 0.484375 0.935546875 0.46006944375000003 0.927734375 0.4322916666666667 0.9189453125 0.4166666666666667 0.913671875 0.41041666666666665 0.8927734375 0.41041666666666665 0.8857421875 0.4166666666666667 0.873046875 0.4392361104166667
1 0.80234375 0.2673611104166667 0.808203125 0.2673611104166667 0.81015625 0.26388888958333334 0.82578125 0.2673611104166667 0.84140625 0.2916666666666667 0.8443359375 0.28993055624999997 0.8453125 0.28819444375000003 0.8453125 0.265625 0.8443359375 0.26215277708333334 0.839453125 0.25 0.8296875 0.23958333333333334 0.8140625 0.23958333333333334 0.8013671875 0.2552083333333333 0.80234375 0.2673611104166667
1 0.7841796875 0.23315972291666667 0.7705078125 0.2296875 0.7685546875 0.22621527708333333 0.7607421875 0.2296875 0.7484375 0.24819711666666666 0.7484375 0.26644345208333337 0.7548828125 0.2713541666666667 0.765625 0.2939236104166667 0.771484375 0.3182291666666667 0.771484375 0.33125 0.7852450281250001 0.33125 0.7890625 0.2939236104166667 0.7984375 0.26725694375 0.7984375 0.264988425 0.79296875 0.24878472291666667 0.7841796875 0.23315972291666667
1 0.751171875 0.2670138875 0.739453125 0.26006944375 0.72578125 0.26006944375 0.719921875 0.2635416666666667 0.709375 0.2822916645833333 0.709375 0.29699073958333333 0.7208984375 0.3243055541666667 0.7208984375 0.3347222208333333 0.7228515625 0.33819444375 0.7228515625 0.36944444375 0.7208984375 0.3763888875 0.72578125 0.38506944375 0.73359375 0.38506944375 0.7349609375 0.3875 0.7408203078125 0.3875 0.7443359375 0.3868055541666667 0.758984375 0.37465277708333333 0.7658203125 0.35902777708333333 0.76875 0.34600694375 0.76875 0.30694444375 0.7619140625 0.2826388875 0.751171875 0.2670138875
1 0.7068359375 0.2916666666666667 0.6892578125 0.27777777708333334 0.6697265625 0.28125 0.6580078125 0.2916666666666667 0.647265625 0.3177083333333333 0.647265625 0.328125 0.6453125 0.33159722291666666 0.647265625 0.36631944375000003 0.653125 0.38715277708333334 0.6697265625 0.4166666666666667 0.6736328125 0.4201388895833333 0.694140625 0.41840277708333334 0.7107421875 0.40277777708333334 0.71953125 0.38715277708333334 0.721875 0.3767361104166667 0.721875 0.3302083333333333 0.71953125 0.3177083333333333 0.7068359375 0.2916666666666667
1 0.659375 0.20069444583333332 0.669140625 0.19722222291666666 0.6701171875 0.19201388958333335 0.661328125 0.17638888958333335 0.657421875 0.17638888958333335 0.6515625 0.16944444583333332 0.63984375 0.16944444583333332 0.6359375 0.17291666666666666 0.6291015625 0.18854166666666666 0.6427734375 0.209375 0.6455357140625 0.22083333333333333 0.6476562515625 0.22083333333333333 0.6505859375 0.21979166666666666 0.659375 0.20069444583333332
1 0.5791015625 0.22916666666666666 0.5712890625 0.22916666666666666 0.5693359375 0.22569444375 0.5673828125 0.22916666666666666 0.5595703125 0.22916666666666666 0.5517578125 0.23611111041666666 0.54296875 0.25173611041666666 0.5390625 0.265625 0.5375 0.27395833333333336 0.5375 0.28229166666666666 0.5390625 0.3072916666666667 0.54296875 0.32118055624999997 0.5517578125 0.33680555624999997 0.5634765625 0.34722222291666666 0.58203125 0.3454861104166667 0.6015625 0.3142361104166667 0.603125 0.30590277708333335 0.603125 0.27497685208333333 0.5888671875 0.23611111041666666 0.5791015625 0.22916666666666666
1 0.4115234375 0.19513888750000002 0.4056640625 0.19513888750000002 0.3998046875 0.19861111041666665 0.3890625 0.21423611041666665 0.38515625 0.23159722083333334 0.38515625 0.25243055416666665 0.3919921875 0.26805555416666665 0.40045573125 0.27708333333333335 0.41191405625 0.27708333333333335 0.414453125 0.2767361104166667 0.4212890625 0.27152777708333337 0.430078125 0.25243055416666665 0.43125 0.23784722083333334 0.43125 0.22554563541666667 0.4251953125 0.20555555416666668 0.4115234375 0.19513888750000002
1 0.3443359375 0.25347222291666666 0.3365234375 0.24652777708333332 0.3267578125 0.24652777708333332 0.31015625 0.265625 0.304296875 0.28993055624999997 0.3072265625 0.2986111104166667 0.3091796875 0.2951388895833333 0.3248046875 0.2951388895833333 0.3306640625 0.2986111104166667 0.3462890625 0.3263888895833333 0.347265625 0.32465277708333334 0.3546875 0.3015625 0.3546875 0.27743055624999996 0.353125 0.26909722291666666 0.3443359375 0.25347222291666666
1 0.315234375 0.23680555416666668 0.30546875 0.24027777708333334 0.2927734375 0.259375 0.2888671875 0.27326388749999997 0.2888671875 0.290625 0.2908203125 0.30104166666666665 0.294921875 0.30833333333333335 0.2980468734375 0.30833333333333335 0.2986328125 0.3079861104166667 0.3064453125 0.29756944375 0.3064453125 0.28020833333333334 0.3083984375 0.27326388749999997 0.319140625 0.25416666666666665 0.323046875 0.25416666666666665 0.325 0.25069444375 0.325 0.24722222291666668 0.32109375 0.24027777708333334 0.315234375 0.23680555416666668
1 0.2533203125 0.3298611104166667 0.2357421875 0.33680555624999997 0.223046875 0.36284722291666666 0.22109375 0.39756944375000003 0.2259765625 0.39930555624999997 0.2318359375 0.3923611104166667 0.2474609375 0.3923611104166667 0.2611328125 0.40625 0.2689453125 0.4201388895833333 0.269921875 0.41840277708333334 0.275 0.40335648125 0.275 0.36053240833333333 0.269921875 0.3454861104166667 0.2533203125 0.3298611104166667
0 0.008496096875000001 1 0.0265625 0.9988104437499999 0.0265625 0.99774305625 0.023046875 0.98836805625 0.0103515625 0.9692708333333333 0 0.96425189375 0 0.9786458333333333 0.0005719859375 1 0.008496096875000001 1
0 0.1505859375 0.5579861104166667 0.137890625 0.5354166666666667 0.130078125 0.5284722208333333 0.11640625 0.5284722208333333 0.106640625 0.5388888875000001 0.0998046875 0.5510416666666667 0.0958984375 0.5649305541666667 0.0939453125 0.5753472208333333 0.0939453125 0.6204861104166667 0.0998046875 0.6447916666666667 0.110546875 0.6673611104166667 0.1183593765625 0.6729166666666667 0.1320312421875 0.6729166666666667 0.1349609375 0.6725694437499999 0.141796875 0.6673611104166667 0.1525390625 0.6482638875000001 0.1564453125 0.634375 0.1564453125 0.6204861104166667 0.1578125 0.6180555541666667 0.1578125 0.6065972208333333 0.1564453125 0.5822916666666667 0.1505859375 0.5579861104166667
0 0.1978515625 0.38194444375000003 0.1841796875 0.38194444375000003 0.171484375 0.39756944375000003 0.163671875 0.421875 0.163671875 0.45659722291666666 0.16953125 0.47743055624999997 0.1783203125 0.4895833333333333 0.1822265625 0.49305555624999997 0.198828125 0.49131944375000003 0.2046875 0.484375 0.2046875 0.4427083333333333 0.2140625 0.409375 0.2140625 0.40713734583333333 0.2056640625 0.3888888895833333 0.1978515625 0.38194444375000003
0 0.2546875 0.3996527791666667 0.244921875 0.3927083333333333 0.23125 0.3927083333333333 0.2234375 0.3996527791666667 0.2087890625 0.4256944458333333 0.2048828125 0.44305555625 0.2048828125 0.4638888895833333 0.2029296875 0.4673611125 0.2048828125 0.4708333333333333 0.2068359375 0.49166666666666664 0.217578125 0.5177083333333333 0.2347167953125 0.53125 0.236523440625 0.53125 0.2419921875 0.5298611125 0.252734375 0.5246527791666666 0.2673828125 0.4951388895833333 0.2703125 0.48211805625 0.2703125 0.43524305625 0.2673828125 0.42222222291666667 0.2546875 0.3996527791666667
0 0.59931640625 0.14236111041666666 0.59345703125 0.14583333333333334 0.58466796875 0.16145833333333334 0.58271484375 0.16840277708333332 0.58271484375 0.18923611041666666 0.58662109375 0.203125 0.59150390625 0.21180555625 0.59443359375 0.21006944375 0.59638671875 0.20659722291666668 0.59638671875 0.18229166666666666 0.59833984375 0.17534722291666668 0.60908203125 0.15972222291666668 0.615625 0.15972222291666668 0.615625 0.14817708333333332 0.60908203125 0.14236111041666666 0.59931640625 0.14236111041666666
0 0.71396484375 0.18090277708333333 0.70810546875 0.18090277708333333 0.70615234375 0.17743055416666667 0.69443359375 0.18090277708333333 0.6859375 0.19600694375 0.6859375 0.20364583125 0.68857421875 0.20520833125000001 0.6978515640625 0.225 0.700097653125 0.225 0.70126953125 0.22430555416666667 0.71005859375 0.20868055416666667 0.725 0.2020399291666667 0.725 0.19565972083333336 0.72470703125 0.19305555416666667 0.71396484375 0.18090277708333333
0 0.780078125 0.2079861125 0.7673828125 0.22013888958333333 0.7703125 0.22881944583333333 0.778125 0.22881944583333333 0.7859375 0.23576388958333333 0.7927734375 0.24791666874999999 0.7947265625 0.25833333541666664 0.7970703109375 0.2625 0.7982421875 0.2625 0.7986328125 0.26180555625 0.8078125 0.23895833541666667 0.8078125 0.23629807916666667 0.795703125 0.21145833541666667 0.780078125 0.2079861125
0 0.6751953125 0.23177083541666665 0.6634765625 0.22135416875 0.6517578125 0.22135416875 0.6419921875 0.2282986125 0.633203125 0.24045138958333334 0.62734375 0.25781250208333334 0.62734375 0.29253472291666666 0.633203125 0.31336805624999997 0.6400390625 0.3255208333333333 0.644433590625 0.32708333333333334 0.6449609374999999 0.32708333333333334 0.648828125 0.3098958333333333 0.6576171875 0.2907986125 0.6771484375 0.27690972291666666 0.6830078125 0.27690972291666666 0.6849609375 0.28038194583333337 0.6890625 0.27892361041666663 0.6890625 0.26244213125 0.683984375 0.24739583541666665 0.6751953125 0.23177083541666665
0 0.852734375 0.2328125 0.846875 0.22934027708333332 0.837109375 0.22934027708333332 0.833203125 0.2328125 0.8302734375 0.2414930541666667 0.8439453125 0.26232638750000004 0.8477343749999999 0.2791666666666667 0.85068359375 0.2791666666666667 0.8671875 0.269386575 0.8671875 0.2684027770833334 0.8634765625 0.25190972083333335 0.852734375 0.2328125
0 0.868359375 0.2706597229166666 0.8546875 0.27413194583333333 0.85078125 0.27760416666666665 0.8421875 0.29627700625000003 0.8421875 0.29739583333333336 0.8458984375 0.3105902791666667 0.8458984375 0.34375 0.85333984375 0.34375 0.860546875 0.33663194583333333 0.876171875 0.33663194583333333 0.883984375 0.3435763895833333 0.89375 0.3230587125 0.89375 0.31214363958333335 0.876171875 0.27760416666666665 0.868359375 0.2706597229166666
0 0.9130859375 0.2842013895833333 0.9091796875 0.28072916666666664 0.8955078125 0.28072916666666664 0.8875 0.2918016979166667 0.8875 0.2947758833333333 0.8974609375 0.31892361041666667 0.9013671875 0.3154513895833333 0.9111328125 0.3154513895833333 0.925 0.32695601874999997 0.925 0.31927083333333334 0.923828125 0.3067708333333333 0.9130859375 0.2842013895833333
0 0.9478515625 0.3157986125 0.9361328125 0.3157986125 0.92734375 0.3279513895833333 0.92734375 0.33836805625 0.93515625 0.3592013895833333 0.93515625 0.37083333333333335 0.9410574781250001 0.37083333333333335 0.9498046875 0.3609375 0.965625 0.3625919125 0.965625 0.3578125020833333 0.9625 0.33836805625 0.9478515625 0.3157986125
0 0.965625 0.3651041666666667 0.96171875 0.36163194375 0.95 0.36163194375 0.9421875 0.36857638958333333 0.9373046875 0.3807291666666667 0.948046875 0.3963541666666667 0.9568359375 0.41545138958333333 0.9607421875 0.43628472291666665 0.9607421875 0.4501736104166667 0.9626953125 0.45364583333333336 0.960791015625 0.4875 0.9672119140625 0.4875 0.9763671875 0.4744791666666667 0.98125 0.45711805624999996 0.98125 0.40445601875000003 0.9763671875 0.38420138958333333 0.965625 0.3651041666666667
0 0.957421875 0.41510416666666666 0.9525390625 0.4029513875 0.9388671875 0.3855902770833334 0.9330078125 0.38211805416666667 0.9193359375 0.3855902770833334 0.90859375 0.4046875 0.9115234375 0.40989583333333335 0.9154296875 0.40989583333333335 0.93203125 0.44288194375 0.93984375 0.4845486104166667 0.937890625 0.5227430541666667 0.945703125 0.5227430541666667 0.957421875 0.5019097208333333 0.957421875 0.4949652770833334 0.961328125 0.4845486104166667 0.961328125 0.4706597208333333 0.9625 0.46857638749999997 0.9625 0.4546875 0.961328125 0.4359375 0.957421875 0.41510416666666666
0 0.918359375 0.32274305625 0.910546875 0.3157986125 0.90078125 0.3157986125 0.89296875 0.32274305625 0.8861328125 0.33836805625 0.8861328125 0.3487847229166666 0.8939453125 0.3626736125 0.8998046875 0.3800347229166666 0.9015764515625 0.40208333333333335 0.9071644187500001 0.40208333333333335 0.918359375 0.38524305625 0.922265625 0.38177083333333334 0.93203125 0.38177083333333334 0.934375 0.3776041666666667 0.934375 0.36006944583333333 0.9310546875 0.3453125 0.918359375 0.32274305625
0 0.8416015625 0.36284722291666666 0.8376953125 0.3802083333333333 0.8376953125 0.421875 0.8455078125 0.453125 0.85625 0.47222222291666666 0.859375 0.475 0.8621093734375 0.475 0.8650390625 0.4739583333333333 0.8728515625 0.4392361104166667 0.885546875 0.4166666666666667 0.9015625 0.40494281041666663 0.9015625 0.39131944583333333 0.8962890625 0.36631944375000003 0.88359375 0.34375 0.8748046859375 0.3375 0.859375 0.3375 0.85234375 0.34375 0.8416015625 0.36284722291666666