0 0.59765625 0.26909722291666666 0.59765625 0.2829861104166667 0.595703125 0.2864583333333333 0.59765625 0.3107638895833333 0.6015625 0.32465277708333334 0.6123046875 0.34375 0.6220703125 0.3541666666666667 0.6279296875 0.3576388895833333 0.650390625 0.35590277708333334 0.66796875 0.32118055624999997 0.66796875 0.3107638895833333 0.669921875 0.3072916666666667 0.669921875 0.2795138895833333 0.66796875 0.26909722291666666 0.6513671875 0.23611111041666666 0.6435546875 0.22916666666666666 0.6298828125 0.22569444375 0.6279296875 0.22916666666666666 0.6162109375 0.23263888958333334 0.6015625 0.2552083333333333 0.59765625 0.26909722291666666
0 0.907421875 0.35347222291666663 0.899609375 0.34652777916666666 0.88203125 0.34652777916666666 0.87421875 0.35347222291666663 0.8615234375 0.3795138895833333 0.8595703125 0.38993055625 0.8595703125 0.43506944583333335 0.8654296875 0.459375 0.876171875 0.48194444583333335 0.8871093734375 0.49166666666666664 0.89375000625 0.49166666666666664 0.9025390625 0.490625 0.909375 0.48541666666666666 0.9220703125 0.459375 0.9220703125 0.44895833333333335 0.9234375 0.4465277791666667 0.9234375 0.39444444375000004 0.9181640625 0.37256944583333335 0.907421875 0.35347222291666663
0 0.8685546875 0.23229166874999999 0.8568359375 0.23576388958333333 0.85 0.24791666874999999 0.84609375 0.26180555625 0.84609375 0.29305555624999996 0.8587890625 0.3260416666666667 0.8661132796875 0.33125 0.88125 0.33125 0.8880859375 0.3260416666666667 0.891015625 0.31736111250000004 0.8921875 0.3111111125 0.8921875 0.267175925 0.8783203125 0.2392361125 0.8685546875 0.23229166874999999
0 0.8404296875 0.20416666666666666 0.8267578125 0.20069444583333332 0.8189453125 0.20763888958333335 0.812109375 0.22326388958333335 0.812109375 0.2579861125 0.8228515625 0.2875 0.8333984359375 0.29375 0.8380859421875 0.29375 0.843359375 0.29270833333333335 0.8453125 0.28923611250000003 0.8453125 0.26145833333333335 0.847265625 0.25104166666666666 0.8546875 0.23784722291666668 0.8546875 0.22881944375 0.853125 0.22326388958333335 0.8404296875 0.20416666666666666
0 0.7994140625 0.20451388750000002 0.7916015625 0.19756944375 0.7740234375 0.19756944375 0.76328125 0.21319444375 0.761328125 0.22361111041666665 0.761328125 0.25486111041666665 0.7720703125 0.284375 0.7826171875 0.29375 0.792578128125 0.29375 0.7984375 0.29305555624999996 0.8109375 0.26765872916666666 0.8109375 0.23125 0.81015625 0.22708333333333333 0.7994140625 0.20451388750000002
0 0.703515625 0.14930555625 0.695703125 0.14236111041666666 0.680078125 0.14236111041666666 0.6693359375 0.16493055625 0.6693359375 0.18923611041666666 0.6732421875 0.203125 0.680078125 0.21527777708333332 0.68984375 0.22222222291666668 0.7005859375 0.22048611041666666 0.7123046875 0.19965277708333332 0.7123046875 0.18923611041666666 0.7140625 0.18611111249999998 0.7140625 0.18368055625000002 0.7123046875 0.16493055625 0.703515625 0.14930555625
0 0.6615234375 0.09652777916666667 0.6517578125 0.09652777916666667 0.6478515625 0.1 0.641015625 0.11909722291666666 0.641015625 0.12604166666666666 0.6458984375 0.13472222291666666 0.6517578125 0.13472222291666666 0.6650390625 0.15833333333333333 0.6666015640625 0.15833333333333333 0.668359375 0.15729166666666666 0.675 0.14253472291666666 0.675 0.12326388958333333 0.67421875 0.11215277916666667 0.6615234375 0.09652777916666667
0 0.586328125 0.09409722083333333 0.5736328125 0.10972222083333333 0.5736328125 0.13402777916666667 0.585635653125 0.15208333333333332 0.5916015578125 0.15208333333333332 0.5951171875 0.1513888875 0.6 0.14965277916666667 0.6048828125 0.14097222083333336 0.60625 0.12152777708333334 0.60625 0.11185515833333333 0.6 0.09756944375000001 0.586328125 0.09409722083333333
0 0.5509765625 0.09340277916666667 0.5421875 0.1125 0.5421875 0.12638888958333333 0.5509765625 0.1454861125 0.5537109375 0.14791666666666667 0.5601562453125 0.14791666666666667 0.563671875 0.14722222083333333 0.5734375 0.13333333333333333 0.5734375 0.10902777916666667 0.5646484375 0.09340277916666667 0.5509765625 0.09340277916666667
0 0.4119140625 0.14409722291666668 0.4138671875 0.15798611041666666 0.422265625 0.17291666666666666 0.427734371875 0.17291666666666666 0.4353515625 0.171875 0.43828125 0.17013888958333334 0.44375 0.15763888958333333 0.44375 0.13169192083333334 0.43485242968750004 0.11875 0.42410714374999997 0.11875 0.4158203125 0.13020833333333334 0.4119140625 0.14409722291666668
0 0.303515625 0.18315972291666668 0.2947265625 0.2022569458333333 0.2947265625 0.22656250208333334 0.2966796875 0.2335069458333333 0.303515625 0.24218750208333334 0.3114257734375 0.24375 0.3127929734375 0.24375 0.3171875 0.24218750208333334 0.3265625 0.22249053125 0.3265625 0.19332386666666668 0.3171875 0.17968750208333334 0.303515625 0.18315972291666668
1 0.37890625 0.203125 0.380859375 0.19618055625 0.380859375 0.17534722291666668 0.3740234375 0.15972222291666668 0.3623046875 0.15625 0.3564453125 0.15972222291666668 0.34765625 0.17534722291666668 0.345703125 0.19618055625 0.3544921875 0.21527777708333332 0.3583984375 0.21875 0.369140625 0.21701388958333334 0.37890625 0.203125
1 0.651171875 0.1357638875 0.63359375 0.1357638875 0.627734375 0.14270833125000001 0.6208984375 0.15833333125000001 0.6208984375 0.18611111041666667 0.6228515625 0.19305555416666667 0.63359375 0.20868055416666667 0.643554690625 0.21458333333333332 0.647070309375 0.21458333333333332 0.6482421875 0.2138888875 0.653125 0.21215277708333333 0.6619140625 0.19652777708333333 0.6640625 0.18697916458333333 0.6640625 0.16093749791666667 0.6619140625 0.1513888875 0.651171875 0.1357638875
1 0.6314453125 0.10034722083333333 0.6255859375 0.096875 0.6138671875 0.10034722083333333 0.60703125 0.1125 0.60703125 0.12291666666666666 0.605078125 0.1263888875 0.60703125 0.14027777708333333 0.6138671875 0.15243055416666668 0.6158203140625 0.15416666666666667 0.620703125 0.15416666666666667 0.6294921875 0.13854166666666667 0.6373046875 0.13506944375 0.6390625 0.13194444375 0.6390625 0.11944444375 0.63828125 0.1125 0.6314453125 0.10034722083333333
1 0.6703125 0.09479166666666666 0.6673828125 0.08958333333333333 0.6654296875 0.08958333333333333 0.6634765625 0.0861111125 0.6517578125 0.0861111125 0.644921875 0.09826388958333333 0.644921875 0.1017361125 0.6458984375 0.10347222291666666 0.6478515625 0.10347222291666666 0.6498046875 0.1 0.6517578125 0.1 0.6537109375 0.09652777916666667 0.6595703125 0.09652777916666667 0.6615234375 0.1 0.6654296875 0.1 0.6689453125 0.10625 0.6716796875 0.10625 0.671875 0.10590277916666667 0.671875 0.10104166875 0.6703125 0.09826388958333333 0.6703125 0.09479166666666666
1 0.6029296875 0.10069444375 0.6065755203125 0.11041666666666666 0.6080078125 0.11041666666666666 0.609765625 0.109375 0.6109375 0.103125 0.6109375 0.0978780875 0.60343191875 0.0875 0.5942057296875001 0.0875 0.58828125 0.09201388958333333 0.6029296875 0.10069444375