1 0.1314453125 0.5586805541666667 0.1236328125 0.5517361104166666 0.1099609375 0.5517361104166666 0.1041015625 0.5552083333333333 0.093359375 0.5743055541666667 0.089453125 0.58819444375 0.0875 0.6125 0.085546875 0.6159722208333334 0.0875 0.6472222208333334 0.097265625 0.68194444375 0.1080078125 0.69756944375 0.112109375 0.7 0.1238281171875 0.7 0.13046875 0.6993055541666667 0.1373046875 0.6940972208333334 0.148046875 0.6715277770833333 0.148046875 0.6645833333333333 0.1515625 0.6552083333333333 0.1515625 0.6109375 0.144140625 0.58125 0.1314453125 0.5586805541666667
1 0.5255859375 0.2548611125 0.5294921875 0.23750000208333333 0.5294921875 0.22013888958333333 0.5275390625 0.20972222291666667 0.51875 0.19062500208333333 0.505078125 0.18020833541666667 0.4953125 0.18020833541666667 0.4806640625 0.19583333541666667 0.4767578125 0.20625000208333333 0.4728515625 0.23402777916666664 0.4767578125 0.2548611125 0.4875 0.27395833333333336 0.4962890609375 0.2791666666666667 0.5041015625 0.2791666666666667 0.51484375 0.27395833333333336 0.5255859375 0.2548611125
1 0.5125 0.14965277708333333 0.506640625 0.14618055416666667 0.49296875 0.14965277708333333 0.4861328125 0.15833333125000001 0.4802734375 0.17569444374999998 0.4811967328125 0.19375 0.4822753890625 0.19375 0.494921875 0.18090277708333333 0.506640625 0.18090277708333333 0.5192871109375 0.19375 0.522070309375 0.19375 0.5232421875 0.19305555416666667 0.5234375 0.19270833125 0.5234375 0.16597222083333335 0.5232421875 0.16527777708333333 0.5125 0.14965277708333333
1 0.4365234375 0.18402777708333332 0.4267578125 0.18402777708333332 0.4169921875 0.19097222291666668 0.41015625 0.203125 0.4046875 0.22256944374999998 0.4046875 0.23159722083333334 0.408203125 0.23784722291666668 0.412109375 0.25868055625 0.4150390625 0.26388888958333334 0.416015625 0.26215277708333334 0.416015625 0.24131944375 0.419921875 0.22395833333333334 0.4306640625 0.20486111041666666 0.4462890625 0.20138888958333334 0.446875 0.19826388958333335 0.446875 0.19548611249999998 0.4443359375 0.19097222291666668 0.4365234375 0.18402777708333332
1 0.684375 0.24965277916666664 0.68046875 0.24965277916666664 0.674609375 0.24270833541666667 0.658984375 0.24270833541666667 0.64921875 0.24965277916666664 0.6404296875 0.26180555625 0.6326171875 0.28611111250000004 0.6306640625 0.31388888958333333 0.6384765625 0.34513888958333333 0.6453125 0.3572916666666667 0.6609375 0.37118055624999996 0.666796875 0.37118055624999996 0.6677734375 0.3729166666666667 0.6755859375 0.3729166666666667 0.690234375 0.36076388958333333 0.7009765625 0.33819444583333336 0.7015625 0.33611111250000003 0.7015625 0.28819444583333337 0.6970703125 0.27222222291666665 0.684375 0.24965277916666664
0 0.9939453125 0.540625 0.9900390625 0.5267361104166667 0.971484375 0.49722222083333334 0.955859375 0.49722222083333334 0.95 0.50069444375 0.9373046875 0.5197916666666667 0.9255859375 0.5579861104166667 0.9255859375 0.571875 0.9216796875 0.5927083333333333 0.9236328125 0.6239583333333333 0.9294921875 0.6552083333333333 0.9421875 0.6777777770833333 0.9484375015625 0.6833333333333333 0.9585937453125 0.6833333333333333 0.9607421875 0.6829861104166667 0.975390625 0.6743055541666667 0.9841796875 0.6586805541666667 0.9939453125 0.6309027770833333 0.9958984375 0.6100694437499999 0.996875 0.6083333333333333 0.996875 0.5631944437499999 0.9958984375 0.5614583333333333 0.9939453125 0.540625
0 0.8939453125 0.28159722291666667 0.8822265625 0.28159722291666667 0.8763671875 0.2850694458333333 0.863671875 0.3111111125 0.863671875 0.3215277791666667 0.86171875 0.325 0.863671875 0.35625 0.867578125 0.3770833333333333 0.8783203125 0.39618055625 0.8900390625 0.3996527791666667 0.89140625 0.40208333333333335 0.89375 0.40208333333333335 0.894921875 0.4013888895833333 0.9056640625 0.3927083333333333 0.9125 0.3770833333333333 0.915625 0.36597222291666665 0.915625 0.32929293125000003 0.9056640625 0.2954861125 0.8939453125 0.28159722291666667
0 0.9388671875 0.28194444375 0.9349609375 0.27847222083333334 0.9251953125 0.27847222083333334 0.91640625 0.290625 0.910546875 0.3079861104166667 0.91640625 0.33229166666666665 0.91640625 0.36701388749999997 0.9297526062499999 0.38125 0.934960934375 0.38125 0.9359375 0.38090277708333337 0.9427734375 0.37569444375 0.9515625 0.35659722083333334 0.953125 0.3315972208333333 0.953125 0.32349536874999996 0.94765625 0.29756944375 0.9388671875 0.28194444375
0 0.8962890625 0.25329861249999996 0.8923828125 0.24982638958333334 0.8767578125 0.24982638958333334 0.8640625 0.27586805625 0.8640625 0.3020833333333333 0.86689453125 0.3020833333333333 0.8767578125 0.2845486125 0.8826171875 0.2810763895833333 0.8982421875 0.2845486125 0.909375 0.30104166666666665 0.909375 0.2842013895833333 0.905078125 0.2689236125 0.8962890625 0.25329861249999996
0 0.7388671875 0.23611111041666666 0.7310546875 0.22916666666666666 0.7251953125 0.22569444375 0.7095703125 0.22916666666666666 0.7056640625 0.23263888958333334 0.69296875 0.25868055625 0.69296875 0.265625 0.70078125 0.2829861104166667 0.702734375 0.29340277708333334 0.702734375 0.328125 0.7046875 0.33506944375000003 0.7134765625 0.34722222291666666 0.733984375 0.3454861104166667 0.7408203125 0.34027777708333334 0.749609375 0.32465277708333334 0.753515625 0.3107638895833333 0.7546875 0.3045138895833333 0.7546875 0.2864583333333333 0.753515625 0.265625 0.7388671875 0.23611111041666666
0 0.565234375 0.17395833125000001 0.557421875 0.1670138875 0.541796875 0.1670138875 0.528125 0.18090277708333333 0.5232421875 0.19652777708333333 0.5291015625 0.21736111041666667 0.5291015625 0.24166666458333333 0.533984375 0.25034722083333333 0.542285159375 0.25625 0.553710921875 0.25625 0.5603515625 0.2555555541666667 0.56328125 0.25381944375 0.5740234375 0.23124999791666667 0.575 0.22604166458333333 0.575 0.20694444374999998 0.5740234375 0.19305555416666667 0.565234375 0.17395833125000001
0 0.4625 0.20798611041666665 0.4546875 0.20104166666666667 0.448828125 0.20104166666666667 0.446875 0.19756944375 0.444921875 0.20104166666666667 0.43515625 0.20104166666666667 0.4205078125 0.22361111041666665 0.4166015625 0.24097222083333333 0.4166015625 0.25833333333333336 0.4205078125 0.27222222291666665 0.43125 0.29131944375 0.4353515625 0.29375 0.4482421921875 0.29375 0.4556640625 0.29305555624999996 0.4693359375 0.27222222291666665 0.471875 0.26319444375 0.471875 0.22916666666666666 0.4693359375 0.22013888750000002 0.4625 0.20798611041666665
0 0.4009765625 0.22534722083333333 0.3912109375 0.21840277708333333 0.3794921875 0.21840277708333333 0.3658203125 0.23229166666666667 0.3609375 0.24444444375 0.35703125 0.2618055541666667 0.35703125 0.2791666666666667 0.3609375 0.2930555541666667 0.3697265625 0.3086805541666667 0.3796875 0.3145833333333333 0.3867187453125 0.3145833333333333 0.390234375 0.3138888875 0.3951171875 0.31215277708333333 0.4078125 0.28958333333333336 0.4109375 0.27847222083333334 0.4109375 0.24861111041666667 0.4078125 0.2375 0.4009765625 0.22534722083333333
0 0.1662109375 0.4045138895833333 0.1623046875 0.41840277708333334 0.1603515625 0.44618055624999997 0.1623046875 0.44965277708333334 0.1642578125 0.4704861104166667 0.175 0.4895833333333333 0.18203125 0.49583333333333335 0.188671871875 0.49583333333333335 0.1974609375 0.4947916666666667 0.2072265625 0.484375 0.2150390625 0.46006944375000003 0.2169921875 0.44965277708333334 0.2169921875 0.421875 0.2130859375 0.4045138895833333 0.20234375 0.3854166666666667 0.1900390609375 0.37916666666666665 0.1875000015625 0.37916666666666665 0.176953125 0.3854166666666667 0.1662109375 0.4045138895833333
0 0.021875 0.7186342583333333 0.021875 0.7524305541666667 0.0234375 0.7552083333333334 0.02734375 0.7864583333333334 0.033203125 0.8038194437499999 0.0458984375 0.8263888895833333 0.0490234375 0.8291666666666667 0.0564453078125 0.8291666666666667 0.06640625 0.828125 0.07421875 0.8177083333333334 0.0796875 0.7917824083333334 0.0796875 0.7579861124999999 0.078125 0.7552083333333334 0.076171875 0.734375 0.068359375 0.7065972229166667 0.0556640625 0.6840277770833333 0.0525390625 0.68125 0.03563058125 0.68125 0.02734375 0.6927083333333334 0.021875 0.7186342583333333