0 0.1357421875 0.52430555625 0.1298828125 0.52430555625 0.1279296875 0.5208333333333334 0.1181640625 0.52430555625 0.10546875 0.5399305562500001 0.09765625 0.5642361104166667 0.09765625 0.5746527770833333 0.095703125 0.578125 0.09765625 0.6197916666666666 0.107421875 0.6510416666666666 0.1162109375 0.6631944437499999 0.1201171875 0.6666666666666666 0.142578125 0.6649305562500001 0.15234375 0.6510416666666666 0.158203125 0.6336805562500001 0.16015625 0.609375 0.162109375 0.6059027770833333 0.16015625 0.578125 0.154296875 0.5538194437499999 0.1455078125 0.5347222229166667 0.1357421875 0.52430555625
0 0.2666015625 0.4166666666666667 0.2509765625 0.4270833333333333 0.240234375 0.44618055624999997 0.232421875 0.4739583333333333 0.232421875 0.5052083333333334 0.240234375 0.5434027770833333 0.2490234375 0.5590277770833333 0.2705078125 0.5763888895833333 0.279296875 0.5746527770833333 0.2919921875 0.5659722229166667 0.306640625 0.5399305562500001 0.3125 0.50868055625 0.3125 0.47743055624999997 0.30859375 0.45659722291666666 0.2958984375 0.43055555624999997 0.2802734375 0.4166666666666667 0.2666015625 0.4166666666666667
0 0.1806640625 0.3854166666666667 0.173828125 0.39756944375000003 0.16796875 0.41840277708333334 0.16796875 0.453125 0.171875 0.4670138895833333 0.1806640625 0.4826388895833333 0.1884765625 0.4895833333333333 0.19921875 0.48784722291666666 0.2041015625 0.4861111104166667 0.216796875 0.4635416666666667 0.220703125 0.4427083333333333 0.220703125 0.41493055624999997 0.216796875 0.39756944375000003 0.2080078125 0.38194444375000003 0.1943359375 0.375 0.1806640625 0.3854166666666667
0 0.5146484375 0.15625 0.5078125 0.16840277708333332 0.505859375 0.17534722291666668 0.505859375 0.19270833333333334 0.5078125 0.203125 0.5166015625 0.21875 0.5244140625 0.22569444375 0.533203125 0.22395833333333334 0.5400390625 0.21875 0.546875 0.20659722291666668 0.548828125 0.19965277708333332 0.548828125 0.17534722291666668 0.5400390625 0.15625 0.5322265625 0.14930555625 0.5244140625 0.14930555625 0.5146484375 0.15625
0 0.5654296875 0.20833333333333334 0.5712890625 0.20833333333333334 0.5732421875 0.20486111041666666 0.587890625 0.20659722291666668 0.591796875 0.18923611041666666 0.603515625 0.16840277708333332 0.5908203125 0.15625 0.5810546875 0.15625 0.5732421875 0.16319444375 0.56640625 0.17534722291666668 0.5625 0.19965277708333332 0.5654296875 0.20833333333333334
0 0.5927734375 0.2604166666666667 0.5830078125 0.2673611104166667 0.572265625 0.2829861104166667 0.564453125 0.3107638895833333 0.564453125 0.33506944375000003 0.5703125 0.359375 0.5791015625 0.37847222291666666 0.5908203125 0.3923611104166667 0.5966796875 0.3923611104166667 0.5986328125 0.3958333333333333 0.607421875 0.39409722291666666 0.6220703125 0.3854166666666667 0.634765625 0.36284722291666666 0.640625 0.33506944375000003 0.640625 0.3142361104166667 0.634765625 0.28993055624999997 0.6240234375 0.2708333333333333 0.6123046875 0.2604166666666667 0.5927734375 0.2604166666666667
0 0.6630859375 0.21875 0.6611328125 0.22222222291666668 0.6533203125 0.22222222291666668 0.6494140625 0.22569444375 0.63671875 0.25173611041666666 0.634765625 0.26215277708333334 0.634765625 0.28993055624999997 0.64453125 0.3177083333333333 0.6552734375 0.3333333333333333 0.6611328125 0.3333333333333333 0.6630859375 0.33680555624999997 0.67578125 0.33506944375000003 0.6826171875 0.3298611104166667 0.6953125 0.3072916666666667 0.69921875 0.2864583333333333 0.697265625 0.2829861104166667 0.697265625 0.265625 0.693359375 0.25173611041666666 0.6806640625 0.22916666666666666 0.6630859375 0.21875
0 0.7001953125 0.18055555625 0.69140625 0.18923611041666666 0.6875 0.19965277708333332 0.6875 0.20659722291666668 0.693359375 0.21701388958333334 0.6953125 0.22743055625 0.6982421875 0.23263888958333334 0.701171875 0.23090277708333332 0.7099609375 0.21875 0.7275390625 0.21875 0.7333984375 0.22222222291666668 0.734375 0.21354166666666666 0.728515625 0.19618055625 0.7197265625 0.18402777708333332 0.7158203125 0.18055555625 0.7001953125 0.18055555625
0 0.736328125 0.22395833333333334 0.748046875 0.24826388958333334 0.748046875 0.2552083333333333 0.7509765625 0.2604166666666667 0.75390625 0.25868055625 0.7705078125 0.22569444375 0.779296875 0.22048611041666666 0.779296875 0.21354166666666666 0.7685546875 0.19791666666666666 0.7529296875 0.19444444375 0.7392578125 0.20833333333333334 0.736328125 0.21701388958333334 0.736328125 0.22395833333333334
0 0.7978515625 0.22569444375 0.80859375 0.24479166666666666 0.8125 0.25868055625 0.814453125 0.25868055625 0.82421875 0.24131944375 0.82421875 0.22743055625 0.8203125 0.21701388958333334 0.8115234375 0.20486111041666666 0.7958984375 0.20486111041666666 0.7919921875 0.20833333333333334 0.787109375 0.21701388958333334 0.7978515625 0.22569444375
0 0.8154296875 0.28125 0.8232421875 0.27430555624999997 0.8408203125 0.27777777708333334 0.8505859375 0.28819444375000003 0.8603515625 0.3125 0.86328125 0.3107638895833333 0.86328125 0.2829861104166667 0.859375 0.265625 0.8525390625 0.25 0.8427734375 0.23958333333333334 0.8271484375 0.23958333333333334 0.81640625 0.2552083333333333 0.814453125 0.26215277708333334 0.8154296875 0.28125
0 0.79296875 0.33159722291666666 0.7890625 0.3420138895833333 0.787109375 0.3732638895833333 0.7890625 0.3767361104166667 0.79296875 0.4079861104166667 0.798828125 0.42534722291666666 0.8076171875 0.44097222291666666 0.8154296875 0.4479166666666667 0.82421875 0.44618055624999997 0.849609375 0.421875 0.85546875 0.39409722291666666 0.85546875 0.36284722291666666 0.84765625 0.33506944375000003 0.8349609375 0.3125 0.8154296875 0.30555555624999997 0.8037109375 0.3125 0.79296875 0.33159722291666666
0 0.8681640625 0.43055555624999997 0.8466796875 0.4270833333333333 0.8349609375 0.43402777708333334 0.81640625 0.4635416666666667 0.80859375 0.4947916666666667 0.80859375 0.546875 0.81640625 0.578125 0.8310546875 0.6041666666666666 0.8466796875 0.6145833333333334 0.857421875 0.6128472229166667 0.8740234375 0.6006944437499999 0.88671875 0.578125 0.89453125 0.546875 0.896484375 0.5052083333333334 0.89453125 0.5017361104166667 0.892578125 0.47743055624999997 0.8798828125 0.44444444375000003 0.8681640625 0.43055555624999997
0 0.9052734375 0.35069444375000003 0.8974609375 0.3576388895833333 0.890625 0.3697916666666667 0.88671875 0.38368055624999997 0.884765625 0.39409722291666666 0.884765625 0.4392361104166667 0.888671875 0.453125 0.888671875 0.4635416666666667 0.8974609375 0.4791666666666667 0.9052734375 0.4861111104166667 0.92578125 0.484375 0.935546875 0.4704861104166667 0.94140625 0.453125 0.943359375 0.4427083333333333 0.943359375 0.4045138895833333 0.939453125 0.38368055624999997 0.9306640625 0.3645833333333333 0.9169921875 0.35069444375000003 0.9052734375 0.35069444375000003
0 0.900390625 0.33159722291666666 0.896484375 0.3420138895833333 0.8955078125 0.3576388895833333 0.9072265625 0.35069444375000003 0.9228515625 0.3541666666666667 0.935546875 0.3732638895833333 0.94140625 0.39756944375000003 0.943359375 0.39756944375000003 0.9453125 0.39409722291666666 0.943359375 0.359375 0.939453125 0.3420138895833333 0.9326171875 0.3298611104166667 0.9189453125 0.31597222291666666 0.9169921875 0.31944444375000003 0.9111328125 0.31944444375000003 0.900390625 0.33159722291666666
0 0.91796875 0.30034722291666666 0.9033203125 0.27777777708333334 0.8916015625 0.27777777708333334 0.8876953125 0.28125 0.880859375 0.29340277708333334 0.875 0.3177083333333333 0.876953125 0.3420138895833333 0.880859375 0.359375 0.8876953125 0.37152777708333334 0.890625 0.3697916666666667 0.89453125 0.36284722291666666 0.89453125 0.35243055624999997 0.900390625 0.33159722291666666 0.9033203125 0.3263888895833333 0.9111328125 0.31944444375000003 0.9169921875 0.31944444375000003 0.919921875 0.3142361104166667 0.91796875 0.30034722291666666
1 0.7529296875 0.3298611104166667 0.7431640625 0.3298611104166667 0.7275390625 0.34027777708333334 0.716796875 0.359375 0.708984375 0.38368055624999997 0.708984375 0.42881944375000003 0.716796875 0.46006944375000003 0.7314453125 0.4861111104166667 0.7392578125 0.49305555624999997 0.755859375 0.4947916666666667 0.7646484375 0.4895833333333333 0.78125 0.4670138895833333 0.7890625 0.44618055624999997 0.79296875 0.4114583333333333 0.791015625 0.4079861104166667 0.7890625 0.3802083333333333 0.7705078125 0.34375 0.7529296875 0.3298611104166667
1 0.771484375 0.28993055624999997 0.7626953125 0.27430555624999997 0.7509765625 0.26388888958333334 0.7451171875 0.2604166666666667 0.7275390625 0.26388888958333334 0.71875 0.2760416666666667 0.7109375 0.30034722291666666 0.712890625 0.3420138895833333 0.71484375 0.3489583333333333 0.7177734375 0.3541666666666667 0.71875 0.35243055624999997 0.7294921875 0.33680555624999997 0.7412109375 0.3298611104166667 0.7548828125 0.3298611104166667 0.7705078125 0.34375 0.7744140625 0.34375 0.77734375 0.33159722291666666 0.77734375 0.32118055624999997 0.771484375 0.28993055624999997
1 0.755859375 0.2552083333333333 0.75390625 0.265625 0.7607421875 0.2708333333333333 0.771484375 0.28993055624999997 0.77734375 0.3177083333333333 0.775390625 0.3454861104166667 0.7783203125 0.3541666666666667 0.78515625 0.359375 0.794921875 0.32465277708333334 0.8046875 0.3107638895833333 0.806640625 0.2864583333333333 0.80078125 0.265625 0.7880859375 0.24652777708333332 0.7822265625 0.24305555625 0.7646484375 0.24305555625 0.755859375 0.2552083333333333
1 0.7646484375 0.24305555625 0.7880859375 0.24652777708333332 0.80078125 0.265625 0.8046875 0.2829861104166667 0.8076171875 0.28819444375000003 0.810546875 0.2864583333333333 0.8125 0.2829861104166667 0.8125 0.25868055625 0.80859375 0.24479166666666666 0.7978515625 0.22569444375 0.7900390625 0.21875 0.7802734375 0.21875 0.765625 0.234375 0.7646484375 0.24305555625
1 0.595703125 0.20659722291666668 0.595703125 0.21354166666666666 0.603515625 0.22743055625 0.609375 0.25868055625 0.6240234375 0.2708333333333333 0.6279296875 0.27777777708333334 0.6328125 0.2795138895833333 0.634765625 0.25868055625 0.64453125 0.23090277708333332 0.642578125 0.21701388958333334 0.6318359375 0.19791666666666666 0.6240234375 0.19097222291666668 0.6064453125 0.19097222291666668 0.6025390625 0.19444444375 0.595703125 0.20659722291666668
1 0.5673828125 0.20833333333333334 0.55078125 0.234375 0.548828125 0.24479166666666666 0.5625 0.26909722291666666 0.56640625 0.2864583333333333 0.5703125 0.2864583333333333 0.5771484375 0.27430555624999997 0.5908203125 0.2604166666666667 0.6064453125 0.2604166666666667 0.609375 0.2552083333333333 0.60546875 0.234375 0.5927734375 0.21180555625 0.5810546875 0.20486111041666666 0.5673828125 0.20833333333333334
1 0.2587890625 0.3263888895833333 0.2509765625 0.3263888895833333 0.2392578125 0.3333333333333333 0.228515625 0.35590277708333334 0.224609375 0.3767361104166667 0.224609375 0.39409722291666666 0.228515625 0.41493055624999997 0.2412109375 0.43402777708333334 0.24609375 0.4322916666666667 0.2587890625 0.4201388895833333 0.2724609375 0.4166666666666667 0.27734375 0.4079861104166667 0.28125 0.38715277708333334 0.28125 0.36631944375000003 0.275390625 0.3454861104166667 0.2705078125 0.33680555624999997 0.2587890625 0.3263888895833333
1 0.298828125 0.25173611041666666 0.29296875 0.27256944375000003 0.29296875 0.2864583333333333 0.294921875 0.296875 0.3037109375 0.3125 0.3115234375 0.31944444375000003 0.318359375 0.3177083333333333 0.3291015625 0.30902777708333334 0.3359375 0.29340277708333334 0.337890625 0.2864583333333333 0.337890625 0.26215277708333334 0.3271484375 0.23958333333333334 0.3232421875 0.23611111041666666 0.3115234375 0.23611111041666666 0.298828125 0.25173611041666666
1 0.4267578125 0.20833333333333334 0.4228515625 0.21527777708333332 0.4189453125 0.21527777708333332 0.4140625 0.23090277708333332 0.4140625 0.25173611041666666 0.4306640625 0.2708333333333333 0.4453125 0.27256944375000003 0.4521484375 0.2673611104166667 0.455078125 0.25868055625 0.455078125 0.234375 0.44921875 0.21354166666666666 0.44921875 0.20659722291666668 0.4423828125 0.20138888958333334 0.4365234375 0.20138888958333334 0.4267578125 0.20833333333333334
1 0.43359375 0.19965277708333332 0.4228515625 0.19097222291666668 0.4169921875 0.19444444375 0.416015625 0.21701388958333334 0.421875 0.21701388958333334 0.4306640625 0.20833333333333334 0.43359375 0.19965277708333332
1 0.6416015625 0.9340277770833333 0.6357421875 0.9375 0.6337890625 0.9444444437499999 0.6298828125 0.9444444437499999 0.6259765625 0.9548611104166667 0.6240234375 0.9513888895833333 0.6201171875 0.9548611104166667 0.6064453125 0.9305555562500001 0.5947265625 0.9166666666666666 0.5771484375 0.9027777770833333 0.5712890625 0.9027777770833333 0.5634765625 0.8958333333333334 0.5517578125 0.8958333333333334 0.5498046875 0.8923611104166667 0.5126953125 0.8958333333333334 0.4912109375 0.9097222229166667 0.4736328125 0.9305555562500001 0.4609375 0.953125 0.4453125 0.9947916666666666 0.4482421875 1 0.6328125 0.9982638895833333 0.638671875 0.9947916666666666 0.638671875 0.984375 0.634765625 0.9774305562500001 0.63671875 0.9739583333333334 0.63671875 0.9635416666666666 0.64453125 0.9600694437499999 0.64453125 0.9392361104166667 0.6416015625 0.9340277770833333