0 0.7724609375 0.24305555625 0.7626953125 0.23263888958333334 0.7568359375 0.22916666666666666 0.7412109375 0.22916666666666666 0.7353515625 0.23263888958333334 0.72265625 0.25173611041666666 0.720703125 0.26215277708333334 0.73046875 0.2760416666666667 0.73828125 0.296875 0.740234375 0.33159722291666666 0.73828125 0.33506944375000003 0.73828125 0.35243055624999997 0.736328125 0.35590277708333334 0.7412109375 0.3611111104166667 0.763671875 0.359375 0.7705078125 0.3576388895833333 0.783203125 0.33506944375000003 0.787109375 0.32118055624999997 0.7890625 0.296875 0.787109375 0.29340277708333334 0.78515625 0.27256944375000003 0.78125 0.25868055625 0.7724609375 0.24305555625
0 0.734375 0.2829861104166667 0.7216796875 0.2604166666666667 0.7021484375 0.24652777708333332 0.6884765625 0.24652777708333332 0.6748046875 0.25694444375 0.66015625 0.2864583333333333 0.658203125 0.296875 0.658203125 0.33159722291666666 0.6640625 0.359375 0.6748046875 0.37847222291666666 0.6943359375 0.3958333333333333 0.703125 0.39409722291666666 0.7177734375 0.3888888895833333 0.732421875 0.36631944375000003 0.73828125 0.3489583333333333 0.740234375 0.3107638895833333 0.73828125 0.3072916666666667 0.73828125 0.296875 0.734375 0.28993055624999997 0.734375 0.2829861104166667
0 0.5146484375 0.3888888895833333 0.5048828125 0.375 0.4912109375 0.3645833333333333 0.4736328125 0.3611111104166667 0.4716796875 0.3645833333333333 0.4638671875 0.3645833333333333 0.4521484375 0.37152777708333334 0.439453125 0.38715277708333334 0.42578125 0.421875 0.42578125 0.4322916666666667 0.421875 0.44965277708333334 0.421875 0.4739583333333333 0.42578125 0.49131944375000003 0.42578125 0.5052083333333334 0.4296875 0.5190972229166666 0.4423828125 0.5416666666666666 0.4638671875 0.5625 0.48828125 0.5607638895833333 0.5068359375 0.5486111104166667 0.5234375 0.5190972229166666 0.53125 0.48784722291666666 0.533203125 0.45659722291666666 0.53125 0.453125 0.529296875 0.42534722291666666 0.525390625 0.4114583333333333 0.5146484375 0.3888888895833333
0 0.4697265625 0.27430555624999997 0.4638671875 0.27430555624999997 0.4541015625 0.28125 0.439453125 0.3072916666666667 0.435546875 0.32118055624999997 0.43359375 0.35590277708333334 0.4404296875 0.37847222291666666 0.4462890625 0.37847222291666666 0.4560546875 0.36805555624999997 0.4619140625 0.36805555624999997 0.4716796875 0.3611111104166667 0.4833984375 0.3611111104166667 0.4853515625 0.3645833333333333 0.4970703125 0.36805555624999997 0.5048828125 0.375 0.5107421875 0.3854166666666667 0.515625 0.38715277708333334 0.51953125 0.3802083333333333 0.5234375 0.359375 0.521484375 0.32465277708333334 0.517578125 0.3072916666666667 0.4990234375 0.27777777708333334 0.4892578125 0.2708333333333333 0.4716796875 0.2708333333333333 0.4697265625 0.27430555624999997
0 0.5283203125 0.19097222291666668 0.5166015625 0.1875 0.4990234375 0.19791666666666666 0.48828125 0.21701388958333334 0.484375 0.23090277708333332 0.49609375 0.2552083333333333 0.5 0.2760416666666667 0.5068359375 0.28472222291666666 0.5205078125 0.3125 0.525390625 0.3107638895833333 0.5322265625 0.30902777708333334 0.546875 0.2829861104166667 0.552734375 0.25868055625 0.552734375 0.24479166666666666 0.55078125 0.24131944375 0.548828125 0.22048611041666666 0.5419921875 0.20486111041666666 0.5283203125 0.19097222291666668
0 0.6142578125 0.14930555625 0.5966796875 0.14930555625 0.5888671875 0.15625 0.578125 0.17881944375 0.578125 0.19270833333333334 0.576171875 0.19618055625 0.578125 0.21354166666666666 0.5869140625 0.23611111041666666 0.5947265625 0.24305555625 0.6025390625 0.24305555625 0.6123046875 0.25 0.615234375 0.24826388958333334 0.619140625 0.24131944375 0.6171875 0.23784722291666668 0.6171875 0.21354166666666666 0.619140625 0.203125 0.6328125 0.17534722291666668 0.630859375 0.16840277708333332 0.6201171875 0.15277777708333332 0.6142578125 0.14930555625
0 0.3056640625 0.2708333333333333 0.2919921875 0.2708333333333333 0.2783203125 0.28125 0.26953125 0.296875 0.263671875 0.32118055624999997 0.263671875 0.3489583333333333 0.26953125 0.3697916666666667 0.2783203125 0.3854166666666667 0.2900390625 0.3958333333333333 0.294921875 0.39409722291666666 0.3037109375 0.3923611104166667 0.3154296875 0.38194444375000003 0.3203125 0.3732638895833333 0.328125 0.3385416666666667 0.328125 0.3107638895833333 0.32421875 0.296875 0.3173828125 0.28125 0.3056640625 0.2708333333333333
0 0.2880859375 0.23958333333333334 0.275390625 0.26215277708333334 0.271484375 0.2795138895833333 0.271484375 0.28993055624999997 0.2734375 0.28993055624999997 0.2783203125 0.28125 0.2900390625 0.2708333333333333 0.3056640625 0.2708333333333333 0.3173828125 0.27777777708333334 0.32421875 0.25868055625 0.3173828125 0.24652777708333332 0.3056640625 0.23611111041666666 0.2880859375 0.23958333333333334
0 0.2880859375 0.23958333333333334 0.3056640625 0.23611111041666666 0.3154296875 0.24305555625 0.3193359375 0.25 0.322265625 0.24826388958333334 0.322265625 0.234375 0.328125 0.21354166666666666 0.328125 0.20659722291666668 0.3212890625 0.19791666666666666 0.3076171875 0.19791666666666666 0.2958984375 0.20833333333333334 0.287109375 0.23090277708333332 0.2880859375 0.23958333333333334
0 0.3671875 0.203125 0.361328125 0.22395833333333334 0.3701171875 0.22916666666666666 0.3759765625 0.23958333333333334 0.37890625 0.23784722291666668 0.3857421875 0.22916666666666666 0.3974609375 0.22222222291666668 0.4150390625 0.22569444375 0.416015625 0.22048611041666666 0.4013671875 0.19097222291666668 0.3955078125 0.1875 0.3759765625 0.19097222291666668 0.3671875 0.203125
0 0.3515625 0.171875 0.349609375 0.18229166666666666 0.3525390625 0.1875 0.3642578125 0.19097222291666668 0.3681640625 0.19791666666666666 0.37109375 0.19618055625 0.3818359375 0.1875 0.39453125 0.18576388958333334 0.39453125 0.17534722291666668 0.390625 0.16145833333333334 0.3837890625 0.14930555625 0.3681640625 0.14583333333333334 0.3603515625 0.15277777708333332 0.3515625 0.171875
1 0.6005859375 0.24305555625 0.5849609375 0.24305555625 0.5673828125 0.25694444375 0.55859375 0.27256944375000003 0.552734375 0.29340277708333334 0.552734375 0.3385416666666667 0.5546875 0.3489583333333333 0.5673828125 0.37847222291666666 0.5791015625 0.3888888895833333 0.5869140625 0.3888888895833333 0.5888671875 0.3923611104166667 0.607421875 0.390625 0.6162109375 0.3854166666666667 0.6328125 0.35243055624999997 0.634765625 0.33159722291666666 0.63671875 0.328125 0.634765625 0.30034722291666666 0.626953125 0.26909722291666666 0.6123046875 0.25 0.6005859375 0.24305555625
1 0.49609375 0.2552083333333333 0.4833984375 0.23263888958333334 0.4755859375 0.22569444375 0.4619140625 0.22222222291666668 0.4599609375 0.22569444375 0.4482421875 0.22916666666666666 0.43359375 0.24826388958333334 0.427734375 0.26909722291666666 0.42578125 0.3072916666666667 0.427734375 0.3177083333333333 0.431640625 0.328125 0.43359375 0.328125 0.439453125 0.3072916666666667 0.44921875 0.2864583333333333 0.4619140625 0.27430555624999997 0.4677734375 0.2708333333333333 0.4912109375 0.2708333333333333 0.4990234375 0.27777777708333334 0.5 0.26909722291666666 0.49609375 0.2552083333333333
1 0.3564453125 0.22569444375 0.3544921875 0.22222222291666668 0.3369140625 0.23263888958333334 0.326171875 0.25173611041666666 0.3203125 0.27256944375000003 0.3203125 0.2864583333333333 0.326171875 0.30034722291666666 0.328125 0.3177083333333333 0.3349609375 0.3298611104166667 0.3427734375 0.33680555624999997 0.359375 0.33506944375000003 0.37109375 0.32465277708333334 0.37109375 0.3142361104166667 0.3671875 0.30034722291666666 0.3671875 0.27256944375000003 0.37109375 0.2552083333333333 0.376953125 0.24131944375 0.3701171875 0.22916666666666666 0.3564453125 0.22569444375
1 0.3671875 0.7482638895833333 0.3671875 0.6996527770833333 0.36328125 0.6857638895833333 0.36328125 0.6753472229166667 0.3515625 0.6371527770833333 0.3408203125 0.6180555562500001 0.3291015625 0.6041666666666666 0.3212890625 0.5972222229166667 0.3017578125 0.59375 0.2998046875 0.5902777770833333 0.2880859375 0.59375 0.2861328125 0.5972222229166667 0.2783203125 0.5972222229166667 0.2607421875 0.6145833333333334 0.24609375 0.6440972229166667 0.2421875 0.6684027770833333 0.23828125 0.6788194437499999 0.23828125 0.7170138895833333 0.240234375 0.7204861104166667 0.240234375 0.7309027770833333 0.24609375 0.7517361104166667 0.24609375 0.7586805562500001 0.255859375 0.7864583333333334 0.2724609375 0.8159722229166667 0.2919921875 0.8298611104166667 0.318359375 0.8315972229166667 0.3271484375 0.8263888895833333 0.3310546875 0.8194444437499999 0.3369140625 0.8194444437499999 0.3486328125 0.8055555562500001 0.359375 0.7829861104166667 0.359375 0.7760416666666666 0.36328125 0.7690972229166667 0.3671875 0.7482638895833333
1 0.5029296875 0.11805555625 0.494140625 0.140625 0.494140625 0.15798611041666666 0.4970703125 0.16666666666666666 0.5 0.16493055625 0.501953125 0.15451388958333334 0.5126953125 0.13541666666666666 0.5166015625 0.13194444375 0.5361328125 0.13194444375 0.537109375 0.1267361104166667 0.5244140625 0.11111111041666667 0.5126953125 0.11111111041666667 0.5029296875 0.11805555625