0 0.8068359375 0.4708333333333333 0.7921875 0.44479166666666664 0.774609375 0.434375 0.7609375 0.434375 0.758984375 0.43784722291666667 0.751171875 0.43784722291666667 0.739453125 0.4482638895833333 0.7306640625 0.46041666666666664 0.7228515625 0.48125 0.7130859375 0.5263888895833333 0.7130859375 0.5645833333333333 0.7228515625 0.6027777791666666 0.7306640625 0.6201388895833334 0.739453125 0.6322916666666667 0.7546875 0.6458333333333334 0.7595703234375 0.6458333333333334 0.7775390625 0.6444444458333333 0.7921875 0.6322916666666667 0.8126953125 0.5923611125 0.8126953125 0.5854166666666667 0.8185546875 0.5715277791666666 0.8203125 0.5277777770833334 0.8203125 0.521875 0.8146484375 0.49166666666666664 0.8068359375 0.4708333333333333
0 0.797265625 0.3701388895833333 0.79140625 0.35625 0.7767578125 0.33368055625 0.7669921875 0.3267361125 0.7552734375 0.3267361125 0.7533203125 0.3232638895833333 0.7513671875 0.3267361125 0.7435546875 0.3267361125 0.7337890625 0.33368055625 0.72109375 0.35625 0.711328125 0.3944444458333333 0.711328125 0.42222222291666667 0.719140625 0.45347222291666667 0.725390625 0.46458333333333335 0.727734375 0.46458333333333335 0.72890625 0.4638888895833333 0.7357421875 0.4517361125 0.7591796875 0.434375 0.7787109375 0.434375 0.7943359375 0.4482638895833333 0.797265625 0.4465277791666667 0.8 0.434375 0.8 0.39027777916666667 0.797265625 0.38055555625 0.797265625 0.3701388895833333
0 0.8087890625 0.4010416666666667 0.8029296875 0.41840277708333334 0.7990234375 0.44965277708333334 0.8166015625 0.4947916666666667 0.8205078125 0.515625 0.8224609375 0.5434027770833333 0.833203125 0.5520833333333334 0.8498046875 0.5503472229166667 0.860546875 0.5451388895833333 0.8693359375 0.5295138895833333 0.8751953125 0.5017361104166667 0.8828125 0.4881944458333333 0.8828125 0.44166666666666665 0.8791015625 0.421875 0.8625 0.3854166666666667 0.85078125 0.375 0.833203125 0.375 0.815625 0.3888888895833333 0.8087890625 0.4010416666666667
0 0.93046875 0.47291666666666665 0.920703125 0.46597222083333334 0.901171875 0.46597222083333334 0.8875 0.4798611104166667 0.8787109375 0.4954861104166667 0.8728515625 0.5128472208333333 0.8728515625 0.5197916666666667 0.8689453125 0.5302083333333333 0.8689453125 0.5579861104166667 0.8669921875 0.5614583333333333 0.8689453125 0.5684027770833333 0.8689453125 0.5927083333333333 0.8767578125 0.6204861104166667 0.893359375 0.65 0.8957031265625 0.6520833333333333 0.913671865625 0.6520833333333333 0.9177734375 0.6517361104166667 0.924609375 0.65 0.9412109375 0.6239583333333333 0.95 0.5833333333333334 0.95 0.5284722208333333 0.9451171875 0.5024305541666666 0.93046875 0.47291666666666665
0 0.802734375 0.3104166666666667 0.796875 0.28611111250000004 0.7841796875 0.26354166875 0.7705078125 0.25312500208333333 0.7626953125 0.25312500208333333 0.7431640625 0.26701388958333333 0.736328125 0.2791666666666667 0.73046875 0.3 0.73046875 0.31736111250000004 0.728515625 0.32083333333333336 0.7314453125 0.33645833333333336 0.7431640625 0.3260416666666667 0.7685546875 0.3260416666666667 0.7822265625 0.33993055624999996 0.794921875 0.3625 0.798828125 0.3625 0.802734375 0.34861111250000004 0.802734375 0.3104166666666667
0 0.97578125 0.46232638958333333 0.966015625 0.45538194375 0.95625 0.45538194375 0.94453125 0.4657986104166667 0.9376953125 0.47795138958333333 0.9376953125 0.48489583333333336 0.9455078125 0.5022569437500001 0.9455078125 0.5092013895833333 0.9513671875 0.5300347229166666 0.9513671875 0.58211805625 0.9455078125 0.6064236104166666 0.9455078125 0.6229166666666667 0.9648763031250001 0.6229166666666667 0.973828125 0.6185763895833334 0.9826171875 0.6029513895833334 0.9845703125 0.5925347229166668 0.9884765625 0.5855902770833333 0.99375 0.5605902770833333 0.99375 0.5170138895833333 0.9865234375 0.48489583333333336 0.97578125 0.46232638958333333
0 0.436328125 0.06284722291666667 0.428515625 0.06284722291666667 0.4158203125 0.08194444583333334 0.4158203125 0.09930555625 0.4177734375 0.10972222291666665 0.42265625 0.11840277916666667 0.425390625 0.12083333333333333 0.433007815625 0.12083333333333333 0.4373046875 0.12013888958333332 0.4470703125 0.10625 0.4484375 0.10138888958333332 0.4484375 0.0804861125 0.444140625 0.06979166666666667 0.436328125 0.06284722291666667
1 0.472265625 0.11111111041666667 0.45859375 0.11111111041666667 0.452734375 0.11458333333333333 0.4439453125 0.13020833333333334 0.4400390625 0.14409722291666668 0.4419921875 0.16840277708333332 0.452734375 0.1875 0.45859375 0.19097222291666668 0.4732421875 0.18923611041666666 0.476171875 0.1875 0.4869140625 0.16493055625 0.4875 0.15763888958333333 0.4875 0.13576388958333335 0.4849609375 0.1267361104166667 0.472265625 0.11111111041666667
1 0.518359375 0.09027777708333334 0.50859375 0.09027777708333334 0.50078125 0.09722222291666666 0.4939453125 0.109375 0.4919921875 0.11631944375 0.4919921875 0.14409722291666668 0.50078125 0.16319444375 0.50859375 0.17013888958333334 0.5232421875 0.16840277708333332 0.526171875 0.16666666666666666 0.5359375 0.14614898958333333 0.5359375 0.11419753125000001 0.528125 0.09722222291666666 0.518359375 0.09027777708333334
1 0.6515625 0.1142361125 0.637890625 0.1142361125 0.630078125 0.12118055624999999 0.6212890625 0.14027777916666664 0.6193359375 0.17152777916666664 0.6232421875 0.18541666874999999 0.633984375 0.20451388958333333 0.643945309375 0.21041666666666667 0.6474609390625 0.21041666666666667 0.6486328125 0.20972222291666667 0.657421875 0.2079861125 0.6701171875 0.18888888958333333 0.671875 0.18263888958333335 0.671875 0.15024038541666668 0.659375 0.12118055624999999 0.6515625 0.1142361125
1 0.5931640625 0.03854166458333333 0.5775390625 0.03854166458333333 0.5736328125 0.0420138875 0.566796875 0.0576388875 0.56875 0.075 0.5812144890625001 0.09375 0.5835937421875 0.09375 0.5921875 0.09236111041666667 0.598046875 0.08541666666666667 0.6015625 0.07291666666666667 0.6015625 0.06736111041666668 0.6 0.05069444375 0.5931640625 0.03854166458333333
1 0.723828125 0.05225694375 0.7140625 0.05572916666666667 0.7052734375 0.07829861041666668 0.7052734375 0.09166666666666666 0.70787109375 0.09166666666666666 0.71796875 0.08350694375 0.723828125 0.08350694375 0.727734375 0.0765625 0.73359375 0.07309027708333334 0.734375 0.06614583125 0.734375 0.06406249791666667 0.7296875 0.05572916666666667 0.723828125 0.05225694375
1 0.7251953125 0.0829861125 0.7173828125 0.0829861125 0.7095703125 0.08993055624999999 0.702734375 0.10902777916666667 0.702734375 0.11597222291666666 0.710546875 0.12986111250000001 0.714453125 0.15416666666666667 0.718359375 0.15833333333333333 0.7292968671875 0.15833333333333333 0.7359375 0.15763888750000002 0.7453125 0.1376388875 0.7453125 0.11145833333333334 0.741796875 0.10208333333333333 0.7251953125 0.0829861125
1 0.6978515625 0.04149305625 0.69296875 0.046701389583333336 0.698828125 0.06059027916666667 0.7005615234375 0.07291666666666667 0.7053710953125 0.07291666666666667 0.7056640625 0.07274305625 0.710546875 0.05711805625 0.715625 0.0510995375 0.715625 0.049181547916666665 0.7095703125 0.04149305625 0.6978515625 0.04149305625
0 0.69921875 0.06041666875 0.6865234375 0.04479166875 0.6748046875 0.04479166875 0.6708984375 0.04826388958333334 0.666015625 0.06041666875 0.666015625 0.08125 0.66796875 0.08819444583333333 0.67578125 0.10208333333333333 0.693359375 0.10208333333333333 0.701171875 0.08125 0.69921875 0.06041666875
0 0.7375 0.04895833125 0.7328125 0.053958331250000005 0.7328125 0.06145833333333333 0.7392578125 0.07291666666666667 0.74121093125 0.07291666666666667 0.7482421875 0.07152777708333334 0.753125 0.06574073958333333 0.753125 0.062152775 0.74921875 0.052430554166666664 0.7375 0.04895833125
0 0.7486328125 0.06892361041666667 0.74765625 0.07065972291666665 0.7587890625 0.09375 0.762467446875 0.09375 0.7703125 0.08538194375000001 0.7703125 0.08337339583333334 0.7583984375 0.06545138958333334 0.7486328125 0.06892361041666667
0 0.7470703125 0.07274305416666667 0.7333984375 0.07274305416666667 0.7275390625 0.07621527708333334 0.725 0.08373842499999999 0.725 0.08512731458333334 0.7333984375 0.09010416666666667 0.7421875 0.10225694375000001 0.74609375 0.11267361041666667 0.74609375 0.13541666666666666 0.7537109375 0.13541666666666666 0.755859375 0.1335069458333333 0.755859375 0.11961805416666667 0.759375 0.10399305416666667 0.759375 0.09947916666666666 0.7578125 0.08836805416666667 0.7470703125 0.07274305416666667
1 0.01796875 0.44756944375 0.0130859375 0.4597222208333333 0.0111328125 0.4805555541666667 0.0176532453125 0.5020833333333333 0.0232421828125 0.5020833333333333 0.0267578125 0.5013888875 0.0248046875 0.4701388875 0.028125 0.45538194375 0.028125 0.45173611041666667 0.02578125 0.44756944375 0.01796875 0.44756944375
0 0.04453125 0.403125 0.0376953125 0.4152777791666667 0.0357421875 0.44305555625 0.038671875 0.4482638895833333 0.042578125 0.4482638895833333 0.0482421875 0.4583333333333333 0.049414065624999996 0.4583333333333333 0.0533203125 0.4569444458333333 0.05625 0.4491319458333333 0.05625 0.41354166875 0.050390625 0.403125 0.04453125 0.403125
0 0.1255859375 0.26319444583333335 0.116796875 0.27881944583333335 0.11484375 0.29965277916666666 0.1213758671875 0.3145833333333333 0.1259765671875 0.3145833333333333 0.132421875 0.31354166666666666 0.136328125 0.30659722291666663 0.1375 0.30034722291666666 0.1375 0.27395833333333336 0.1314453125 0.26319444583333335 0.1255859375 0.26319444583333335
1 0.0873046875 0.3157986125 0.08046875 0.3314236125 0.08046875 0.35 0.0827392578125 0.35 0.084375 0.33836805625 0.0912109375 0.3262152791666667 0.103125 0.32784455208333335 0.103125 0.3265625 0.0970703125 0.3157986125 0.0873046875 0.3157986125
1 0.27265625 0.17048611041666667 0.2775390625 0.16180555416666667 0.2794921875 0.14444444374999998 0.274609375 0.12881944375 0.26484375 0.12534722083333333 0.2541015625 0.14097222083333336 0.2541015625 0.16180555416666667 0.262137278125 0.17291666666666666 0.2658203078125 0.17291666666666666 0.2677734375 0.17222222083333336 0.27265625 0.17048611041666667
0 0.214453125 0.17777777708333334 0.2125 0.17430555416666668 0.210546875 0.17777777708333334 0.206640625 0.17777777708333334 0.1998046875 0.18993055416666668 0.1998046875 0.19340277708333334 0.1978515625 0.196875 0.1978515625 0.21076388750000002 0.1998046875 0.21423611041666665 0.1998046875 0.21770833333333334 0.202734375 0.22291666666666668 0.2046875 0.22291666666666668 0.205859375 0.225 0.21328125 0.225 0.2134765625 0.22465277708333334 0.214453125 0.22291666666666668 0.21640625 0.22291666666666668 0.2212890625 0.21423611041666665 0.2212890625 0.21076388750000002 0.221875 0.20972222083333333 0.221875 0.18402777708333332 0.218359375 0.17777777708333334 0.214453125 0.17777777708333334
0 0.22332938125 0.16503067708333333 0.2226846390625 0.16730623541666667 0.22218022343750002 0.18656815416666667 0.2251795390625 0.19866627083333332 0.2310659640625 0.20208333333333334 0.23403690156249998 0.20208333333333334 0.24018686093750002 0.19729531666666666 0.24375 0.18325623125 0.24375 0.16299175000000002 0.23705230781250003 0.15416666666666667 0.23565456093749998 0.15416666666666667 0.22932485156250002 0.15528790625 0.22332938125 0.16503067708333333
0 0.2425740125 0.15233443333333332 0.2409811203125 0.1494677875 0.2391398125 0.1494677875 0.23778522343750003 0.14682476666666666 0.2391543515625 0.14682476666666666 0.236409140625 0.1451863625 0.234258103125 0.14557629791666665 0.2318106109375 0.14653821458333333 0.2293643828125 0.14868679375 0.2268890796875 0.15151298333333332 0.2248575078125 0.15425826458333333 0.224133 0.15625 0.22429793281250002 0.15625 0.2290565515625 0.15374471875 0.233900334375 0.1514444354166667 0.23727638281250002 0.152696275 0.24122195 0.15613040416666665 0.2415308765625 0.15625 0.24375 0.15625 0.24375 0.1559472625 0.2425740125 0.15233443333333332
1 0.6072265625 0.3215277791666667 0.590625 0.2954861125 0.57890625 0.28854166666666664 0.559375 0.28854166666666664 0.54375 0.2989583333333333 0.5330078125 0.3145833333333333 0.5232421875 0.3527777791666667 0.5232421875 0.38055555625 0.5310546875 0.41180555625 0.5359375 0.4204861125 0.54765625 0.4204861125 0.5515625 0.4170138895833333 0.553515625 0.4204861125 0.5671875 0.4239583333333333 0.582421875 0.4375 0.583789065625 0.4375 0.5876953125 0.4361111125 0.59453125 0.4309027791666667 0.6013671875 0.41875 0.6111328125 0.38055555625 0.6140625 0.37534722291666667 0.6140625 0.3579861125 0.6130859375 0.3423611125 0.6072265625 0.3215277791666667