1 0.07421875 0.515625 0.0703125 0.5329861104166667 0.0703125 0.5677083333333334 0.076171875 0.5920138895833333 0.0849609375 0.6076388895833333 0.0888671875 0.6111111104166667 0.103515625 0.609375 0.1083984375 0.6076388895833333 0.1171875 0.5885416666666666 0.119140625 0.578125 0.119140625 0.5329861104166667 0.115234375 0.52256944375 0.115234375 0.515625 0.1044921875 0.49652777708333334 0.0986328125 0.49305555624999997 0.0830078125 0.49652777708333334 0.07421875 0.515625
1 0.1162109375 0.38194444375000003 0.107421875 0.39756944375000003 0.103515625 0.41493055624999997 0.103515625 0.4322916666666667 0.1064453125 0.4375 0.1123046875 0.4375 0.1220703125 0.4479166666666667 0.1298828125 0.47222222291666666 0.134765625 0.4704861104166667 0.1376953125 0.46875 0.142578125 0.45659722291666666 0.14453125 0.4357638895833333 0.146484375 0.4322916666666667 0.146484375 0.41493055624999997 0.142578125 0.39409722291666666 0.1376953125 0.3854166666666667 0.1298828125 0.37847222291666666 0.1220703125 0.37847222291666666 0.1162109375 0.38194444375000003
1 0.140625 0.35590277708333334 0.1474609375 0.36805555624999997 0.1533203125 0.37152777708333334 0.16015625 0.3697916666666667 0.1650390625 0.36805555624999997 0.171875 0.35590277708333334 0.17578125 0.33506944375000003 0.173828125 0.3072916666666667 0.1650390625 0.2916666666666667 0.1552734375 0.2916666666666667 0.1474609375 0.2986111104166667 0.138671875 0.32465277708333334 0.138671875 0.3489583333333333 0.140625 0.35590277708333334
1 0.6884765625 0.05902777708333333 0.6865234375 0.0625 0.6845703125 0.0625 0.6796875 0.07118055625 0.6796875 0.07465277708333334 0.677734375 0.078125 0.677734375 0.09548611041666667 0.6796875 0.09895833333333333 0.6796875 0.10243055625 0.6904296875 0.12152777708333334 0.7060546875 0.12152777708333334 0.70703125 0.11979166666666667 0.712890625 0.109375 0.712890625 0.10590277708333334 0.71484375 0.10243055625 0.71484375 0.08506944375 0.712890625 0.08159722291666666 0.712890625 0.078125 0.7041015625 0.0625 0.7021484375 0.0625 0.7001953125 0.05902777708333333 0.6884765625 0.05902777708333333
1 0.7236328125 0.05902777708333333 0.716796875 0.07118055625 0.716796875 0.10243055625 0.7255859375 0.11805555625 0.7353515625 0.11805555625 0.736328125 0.11631944375 0.736328125 0.09201388958333333 0.740234375 0.08506944375 0.740234375 0.08159722291666666 0.7412109375 0.07986111041666667 0.7431640625 0.07986111041666667 0.74609375 0.07465277708333334 0.7392578125 0.0625 0.7373046875 0.0625 0.7353515625 0.05902777708333333 0.7236328125 0.05902777708333333
1 0.7958984375 0.15972222291666668 0.806640625 0.15798611041666666 0.814453125 0.14409722291666668 0.81640625 0.13368055625 0.814453125 0.11631944375 0.8076171875 0.09722222291666666 0.7998046875 0.09027777708333334 0.7900390625 0.09027777708333334 0.779296875 0.11284722291666666 0.78125 0.13368055625 0.7919921875 0.15625 0.7958984375 0.15972222291666668
1 0.865234375 0.30381944375000003 0.87109375 0.328125 0.8798828125 0.34722222291666666 0.8896484375 0.3541666666666667 0.89453125 0.35243055624999997 0.9052734375 0.34722222291666666 0.9140625 0.33159722291666666 0.916015625 0.32465277708333334 0.916015625 0.2864583333333333 0.9052734375 0.25 0.8916015625 0.23958333333333334 0.8818359375 0.23958333333333334 0.869140625 0.25868055625 0.865234375 0.2795138895833333 0.865234375 0.30381944375000003
0 0.8046875 0.22743055625 0.80078125 0.24131944375 0.80078125 0.2760416666666667 0.8046875 0.29340277708333334 0.8134765625 0.3125 0.8271484375 0.3229166666666667 0.837890625 0.32118055624999997 0.8466796875 0.31597222291666666 0.8515625 0.3072916666666667 0.857421875 0.2864583333333333 0.857421875 0.2552083333333333 0.853515625 0.23784722291666668 0.8447265625 0.21875 0.8349609375 0.20833333333333334 0.8193359375 0.20833333333333334 0.8115234375 0.21527777708333332 0.8046875 0.22743055625
0 0.744140625 0.20659722291666668 0.740234375 0.22048611041666666 0.73828125 0.23090277708333332 0.740234375 0.25868055625 0.74609375 0.2760416666666667 0.7568359375 0.2951388895833333 0.7646484375 0.3020833333333333 0.779296875 0.30034722291666666 0.7880859375 0.2951388895833333 0.80078125 0.26909722291666666 0.80078125 0.23784722291666668 0.798828125 0.22743055625 0.794921875 0.21354166666666666 0.7802734375 0.19097222291666668 0.7744140625 0.1875 0.7607421875 0.1875 0.7548828125 0.19097222291666668 0.744140625 0.20659722291666668
0 0.85546875 0.19618055625 0.857421875 0.20659722291666668 0.8662109375 0.22569444375 0.8720703125 0.22916666666666666 0.880859375 0.22743055625 0.890625 0.21701388958333334 0.892578125 0.21006944375 0.892578125 0.18576388958333334 0.888671875 0.16840277708333332 0.8818359375 0.15625 0.8740234375 0.14930555625 0.8662109375 0.14930555625 0.8623046875 0.15277777708333332 0.85546875 0.16840277708333332 0.85546875 0.19618055625
0 0.9248046875 0.22916666666666666 0.931640625 0.22743055625 0.9345703125 0.22569444375 0.939453125 0.21354166666666666 0.94140625 0.203125 0.939453125 0.18576388958333334 0.9287109375 0.16319444375 0.9169921875 0.15972222291666668 0.912109375 0.16840277708333332 0.91015625 0.19618055625 0.9208984375 0.22569444375 0.9248046875 0.22916666666666666
0 0.9033203125 0.19444444375 0.91015625 0.19270833333333334 0.91015625 0.17881944375 0.912109375 0.16840277708333332 0.916015625 0.16145833333333334 0.916015625 0.15104166666666666 0.9072265625 0.13541666666666666 0.8955078125 0.13541666666666666 0.890625 0.15104166666666666 0.890625 0.16493055625 0.8994140625 0.19097222291666668 0.9033203125 0.19444444375
0 0.89453125 0.1267361104166667 0.8876953125 0.11111111041666667 0.8779296875 0.10763888958333333 0.87109375 0.11631944375 0.869140625 0.1267361104166667 0.87109375 0.14756944375 0.8818359375 0.15625 0.8857421875 0.16319444375 0.890625 0.16145833333333334 0.89453125 0.1267361104166667
0 0.828125 0.15451388958333334 0.8359375 0.14409722291666668 0.837890625 0.11979166666666667 0.833984375 0.10590277708333334 0.8271484375 0.09375 0.8154296875 0.09027777708333334 0.80859375 0.09895833333333333 0.81640625 0.1267361104166667 0.814453125 0.15104166666666666 0.8173828125 0.15625 0.828125 0.15451388958333334
0 0.64453125 0.09548611041666667 0.6552734375 0.11111111041666667 0.669921875 0.109375 0.677734375 0.09548611041666667 0.677734375 0.07118055625 0.67578125 0.06423611041666667 0.6669921875 0.052083333333333336 0.6591796875 0.052083333333333336 0.6572265625 0.048611110416666665 0.6494140625 0.052083333333333336 0.642578125 0.06770833333333333 0.642578125 0.08854166666666667 0.64453125 0.09548611041666667
0 0.296875 0.20659722291666668 0.306640625 0.18576388958333334 0.306640625 0.16493055625 0.2998046875 0.14930555625 0.2958984375 0.14583333333333334 0.2861328125 0.14583333333333334 0.2734375 0.16493055625 0.271484375 0.18576388958333334 0.2734375 0.19618055625 0.2822265625 0.20833333333333334 0.296875 0.20659722291666668
0 0.3271484375 0.18055555625 0.3359375 0.16145833333333334 0.3359375 0.13715277708333332 0.3251953125 0.12152777708333334 0.3154296875 0.12152777708333334 0.3046875 0.140625 0.306640625 0.171875 0.3154296875 0.18402777708333332 0.32421875 0.18229166666666666 0.3271484375 0.18055555625
0 0.19140625 0.3107638895833333 0.201171875 0.28993055624999997 0.201171875 0.26215277708333334 0.1943359375 0.24652777708333332 0.1826171875 0.24305555625 0.1748046875 0.25 0.169921875 0.26215277708333334 0.166015625 0.2795138895833333 0.166015625 0.28993055624999997 0.1767578125 0.3125 0.19140625 0.3107638895833333
0 0.0986328125 0.49305555624999997 0.1044921875 0.49652777708333334 0.115234375 0.515625 0.1171875 0.5295138895833333 0.1201171875 0.5347222229166667 0.123046875 0.5329861104166667 0.12890625 0.5121527770833334 0.12890625 0.4704861104166667 0.125 0.45659722291666666 0.1162109375 0.44097222291666666 0.1123046875 0.4375 0.1025390625 0.4375 0.08984375 0.453125 0.083984375 0.4739583333333333 0.08203125 0.4947916666666667 0.0986328125 0.49305555624999997
0 0.044921875 0.5052083333333334 0.0498046875 0.5208333333333334 0.0546875 0.5190972229166666 0.0546875 0.4947916666666667 0.056640625 0.484375 0.0654296875 0.46875 0.07421875 0.4635416666666667 0.07421875 0.46006944375000003 0.0634765625 0.44444444375000003 0.0556640625 0.4479166666666667 0.048828125 0.46006944375000003 0.044921875 0.48090277708333334 0.044921875 0.5052083333333334
0 0.0556640625 0.4479166666666667 0.048828125 0.46006944375000003 0.044921875 0.48090277708333334 0.044921875 0.5052083333333334 0.0498046875 0.5208333333333334 0.0546875 0.5190972229166666 0.0595703125 0.5138888895833333 0.0693359375 0.5138888895833333 0.0732421875 0.5173611104166667 0.080078125 0.4982638895833333 0.083984375 0.47743055624999997 0.0830078125 0.46875 0.0771484375 0.46527777708333334 0.0673828125 0.4479166666666667 0.0615234375 0.44444444375000003 0.0556640625 0.4479166666666667
1 0.015625 0.5815972229166667 0.0244140625 0.5972222229166667 0.03125 0.5954861104166667 0.0390625 0.5850694437499999 0.041015625 0.5746527770833333 0.041015625 0.5434027770833333 0.037109375 0.5260416666666666 0.0302734375 0.5138888895833333 0.0224609375 0.5104166666666666 0.013671875 0.5260416666666666 0.01171875 0.5364583333333334 0.01171875 0.5677083333333334 0.015625 0.5815972229166667