0 0.3380859375 0.7652777770833333 0.317578125 0.72881944375 0.301953125 0.7149305541666667 0.290234375 0.7114583333333333 0.28828125 0.7079861104166666 0.27265625 0.7079861104166666 0.270703125 0.7114583333333333 0.25703125 0.7149305541666667 0.24140625 0.7322916666666667 0.2345703125 0.74444444375 0.2267578125 0.7618055541666667 0.2208984375 0.7826388875 0.2208984375 0.7930555541666667 0.2189453125 0.7965277770833333 0.2189453125 0.8555555541666667 0.2208984375 0.8659722208333334 0.2267578125 0.8868055541666667 0.2384765625 0.9145833333333333 0.253125 0.9371527770833333 0.2811662953125 0.9604166666666667 0.29707030156249997 0.9604166666666667 0.3068359375 0.9597222208333334 0.321484375 0.9545138875 0.325390625 0.94756944375 0.33125 0.9440972208333334 0.3478515625 0.9076388875 0.3517578125 0.89375 0.3517578125 0.8729166666666667 0.353125 0.8704861104166667 0.353125 0.8177083333333334 0.3517578125 0.8104166666666667 0.3380859375 0.7652777770833333
0 0.2404296875 0.3767361104166667 0.2404296875 0.38715277708333334 0.2384765625 0.390625 0.2384765625 0.42534722291666666 0.2423828125 0.4427083333333333 0.253125 0.46180555624999997 0.26484375 0.46875 0.2736328125 0.4670138895833333 0.28828125 0.4583333333333333 0.2951171875 0.44618055624999997 0.3029296875 0.4045138895833333 0.3009765625 0.4010416666666667 0.2990234375 0.3732638895833333 0.28828125 0.35069444375000003 0.2765625 0.34375 0.26484375 0.34375 0.24921875 0.3576388895833333 0.2404296875 0.3767361104166667
0 0.333203125 0.3013888895833333 0.3234375 0.29444444583333335 0.313671875 0.29444444583333335 0.3 0.30486111250000003 0.2931640625 0.3170138895833333 0.2875 0.34722222291666666 0.2875 0.34861111250000004 0.2970703125 0.365625 0.3009765625 0.3795138895833333 0.3029296875 0.40034722291666663 0.3128124984375 0.4083333333333333 0.316406253125 0.4083333333333333 0.3205078125 0.40729166666666666 0.333203125 0.40208333333333335 0.3419921875 0.38645833333333335 0.346875 0.3662037041666667 0.346875 0.3309027770833334 0.3419921875 0.31354166666666666 0.333203125 0.3013888895833333
0 0.3775390625 0.3072916666666667 0.3775390625 0.3420138895833333 0.3814453125 0.35590277708333334 0.3921875 0.375 0.39921875 0.38125 0.4082031203125 0.38125 0.4205078125 0.3802083333333333 0.42734375 0.375 0.4400390625 0.3454861104166667 0.440625 0.34236111041666667 0.440625 0.3 0.4400390625 0.296875 0.4341796875 0.2795138895833333 0.4234375 0.2673611104166667 0.41875 0.26458333333333334 0.39758522812499997 0.26458333333333334 0.3853515625 0.2829861104166667 0.3775390625 0.3072916666666667
0 0.262890625 0.34322916666666664 0.286328125 0.3467013895833333 0.2873046875 0.3310763895833333 0.2765625 0.3154513895833333 0.258984375 0.3154513895833333 0.253125 0.31892361041666667 0.2423828125 0.3380208333333333 0.2404296875 0.3623263895833333 0.2384765625 0.36579861041666667 0.2384765625 0.375 0.2428178265625 0.375 0.24921875 0.35711805625 0.262890625 0.34322916666666664
0 0.262890625 0.2947916666666667 0.24921875 0.2947916666666667 0.243359375 0.2982638875 0.2326171875 0.3173611104166667 0.2287109375 0.35208333333333336 0.2326171875 0.36944444375 0.2345703125 0.3729166666666667 0.2384765625 0.3729166666666667 0.2404296875 0.3486111104166667 0.2462890625 0.32777777708333333 0.253125 0.3190972208333333 0.270703125 0.315625 0.2734375 0.3107638895833333 0.2734375 0.31006944375 0.266796875 0.2982638875 0.262890625 0.2947916666666667
0 0.298046875 0.27152777708333337 0.3029296875 0.259375 0.3009765625 0.22465277708333334 0.294140625 0.21597222083333334 0.282421875 0.21597222083333334 0.2736328125 0.228125 0.2697265625 0.24201388750000002 0.2697265625 0.2559027770833333 0.2765625 0.275 0.2789062515625 0.27708333333333335 0.2890624953125 0.27708333333333335 0.2912109375 0.2767361104166667 0.298046875 0.27152777708333337
0 0.3359375 0.2590277770833333 0.33984375 0.23472222083333336 0.3330078125 0.20868055416666667 0.3291015625 0.20520833125000001 0.3193359375 0.20520833125000001 0.302734375 0.22430555416666667 0.30078125 0.2451388875 0.302734375 0.2555555541666667 0.3095703125 0.2677083333333333 0.3130859390625 0.2708333333333333 0.3164062390625 0.2708333333333333 0.328125 0.26944444375000004 0.3359375 0.2590277770833333
0 0.3142578125 0.19427083125 0.30546875 0.20642361041666665 0.3015625 0.22031249791666668 0.3015625 0.22291666666666668 0.3043294265625 0.22291666666666668 0.3083984375 0.21857638750000002 0.3123046875 0.20815972083333334 0.33125 0.2033482125 0.33125 0.20096726041666668 0.3259765625 0.19427083125 0.3142578125 0.19427083125
0 0.4251953125 0.13836805625 0.422265625 0.15399305625 0.422265625 0.18524305625 0.4330078125 0.19739583333333333 0.4356445328125 0.19791666666666666 0.4465820296875 0.19791666666666666 0.4486328125 0.19739583333333333 0.453515625 0.18871527708333333 0.45625 0.18142361041666666 0.45625 0.15538194375 0.4486328125 0.14184027708333333 0.4251953125 0.13836805625
1 0.491796875 0.15451388958333334 0.491796875 0.18923611041666666 0.5020616328124999 0.20416666666666666 0.507617184375 0.20416666666666666 0.515234375 0.203125 0.525 0.18576388958333334 0.5265625 0.17743055625 0.5265625 0.17118055625 0.525 0.15451388958333334 0.5147352421875 0.13958333333333334 0.4998046875 0.13958333333333334 0.4966796875 0.14236111041666666 0.491796875 0.15451388958333334
1 0.546875 0.17534722291666668 0.5453125 0.178125 0.5453125 0.18229166666666666 0.546875 0.19618055625 0.548828125 0.203125 0.5595703125 0.21875 0.576171875 0.21701388958333334 0.5810546875 0.21180555625 0.5875 0.1970734125 0.5875 0.17105429375 0.5771484375 0.14930555625 0.5732421875 0.14583333333333334 0.5595703125 0.14583333333333334 0.546875 0.16493055625 0.546875 0.17534722291666668
1 0.3748046875 0.25277777916666666 0.3630859375 0.2597222229166667 0.35234375 0.27881944583333335 0.3484375 0.29618055625 0.3484375 0.32048611250000003 0.354296875 0.34131944583333335 0.36642795 0.35625 0.37207031874999996 0.35625 0.3796875 0.35520833333333335 0.377734375 0.34479166666666666 0.377734375 0.30659722291666663 0.385546875 0.28229166666666666 0.39375 0.2677083333333333 0.39375 0.25947420625 0.3884765625 0.25277777916666666 0.3748046875 0.25277777916666666
1 0.35859375 0.17986111249999998 0.3478515625 0.19895833333333332 0.3439453125 0.23020833333333332 0.3522321421875 0.24166666666666667 0.35859375625 0.24166666666666667 0.3673828125 0.240625 0.3765625 0.22430555625 0.3765625 0.19463383958333333 0.36640625 0.17986111249999998 0.35859375 0.17986111249999998
1 0.3458984375 0.20277777916666664 0.3576171875 0.18194444583333333 0.3546875 0.1767361125 0.344921875 0.1767361125 0.341015625 0.18020833541666667 0.3322265625 0.19930555625000002 0.3341796875 0.21319444583333333 0.3380859375 0.22013888958333333 0.3380859375 0.22708333541666667 0.3404296859375 0.23125 0.3427734390625 0.23125 0.3439453125 0.23055555625000002 0.3458984375 0.20277777916666664
1 0.299609375 0.27118055625 0.28984375 0.278125 0.2771484375 0.30416666666666664 0.2771484375 0.31805555625 0.2851841515625 0.32916666666666666 0.2888671890625 0.32916666666666666 0.2908203125 0.32847222291666667 0.2927734375 0.31805555625 0.299609375 0.3059027791666667 0.311328125 0.2954861125 0.3203125 0.2954861125 0.3203125 0.28772096041666667 0.311328125 0.2746527791666667 0.299609375 0.27118055625
1 0.2380859375 0.3944444458333333 0.229296875 0.3788194458333333 0.213671875 0.371875 0.201953125 0.3788194458333333 0.1912109375 0.39791666666666664 0.1853515625 0.42222222291666667 0.1853515625 0.45 0.1912109375 0.4708333333333333 0.201953125 0.4864583333333333 0.2072265609375 0.4895833333333333 0.21113282031249997 0.4895833333333333 0.2244140625 0.4881944458333333 0.2361328125 0.47430555625 0.2361328125 0.4673611125 0.2400390625 0.46041666666666664 0.240625 0.45729166666666665 0.240625 0.4359375 0.2380859375 0.42916666666666664 0.2380859375 0.3944444458333333
1 0.1615234375 0.3545138895833333 0.1498046875 0.3545138895833333 0.1390625 0.3701388895833333 0.13515625 0.39097222291666667 0.13515625 0.4048611125 0.137109375 0.4152777791666667 0.1439453125 0.4309027791666667 0.1466796875 0.43333333333333335 0.155468753125 0.43333333333333335 0.160546875 0.4326388895833333 0.168359375 0.42222222291666667 0.1734375 0.4041666666666667 0.1734375 0.3785493833333333 0.1654296875 0.3579861125 0.1615234375 0.3545138895833333
1 0.42890625 0.6840277770833333 0.4142578125 0.7135416666666666 0.4064453125 0.7378472229166667 0.4064453125 0.7447916666666666 0.4025390625 0.7517361104166667 0.3986328125 0.7725694437499999 0.3986328125 0.8211805562500001 0.4064453125 0.8524305562500001 0.4064453125 0.859375 0.4142578125 0.8802083333333334 0.42109375 0.8888888895833333 0.426953125 0.9027777770833333 0.438671875 0.9166666666666666 0.45234375 0.9270833333333334 0.473828125 0.9305555562500001 0.475390625 0.9333333333333333 0.481640621875 0.9333333333333333 0.4904296875 0.9322916666666666 0.501171875 0.9305555562500001 0.51484375 0.9166666666666666 0.51875 0.9166666666666666 0.5392578125 0.8871527770833333 0.5548828125 0.8420138895833333 0.5548828125 0.828125 0.55625 0.82569444375 0.55625 0.7729166666666667 0.5470703125 0.7239583333333334 0.5265625 0.6840277770833333 0.50703125 0.6666666666666666 0.49921875 0.6666666666666666 0.4886718734375 0.6604166666666667 0.4628906265625 0.6604166666666667 0.434765625 0.6770833333333334 0.42890625 0.6840277770833333
1 0.8234375 0.2079861125 0.815625 0.20104166874999999 0.801953125 0.20451388958333333 0.7951171875 0.21666666874999999 0.7912109375 0.23055555625000002 0.7931640625 0.25833333541666664 0.805859375 0.28784722291666665 0.81171875 0.28784722291666665 0.8126953125 0.28958333333333336 0.8224609375 0.28958333333333336 0.825390625 0.28784722291666665 0.8359375 0.26568813333333335 0.8359375 0.23680555833333333 0.8322265625 0.2236111125 0.8234375 0.2079861125
1 0.92421875 0.3072916666666667 0.92421875 0.3489583333333333 0.9330078125 0.375 0.93828125 0.38125 0.943164059375 0.38125 0.949609375 0.3802083333333333 0.9564453125 0.375 0.9625 0.3580853166666667 0.9625 0.32488425833333334 0.957421875 0.30381944375000003 0.9486328125 0.28819444375000003 0.9392578109375 0.28541666666666665 0.9361328125 0.28541666666666665 0.9330078125 0.28819444375000003 0.92421875 0.3072916666666667
0 0.738671875 0.19965277708333332 0.73671875 0.21006944375 0.738671875 0.234375 0.7513671875 0.2604166666666667 0.7619140640625 0.26666666666666666 0.7658203109375 0.26666666666666666 0.769921875 0.265625 0.781640625 0.24479166666666666 0.7828125 0.228125 0.7828125 0.21458333333333332 0.77578125 0.19270833333333334 0.7689453125 0.18402777708333332 0.7658203125 0.18125 0.7486328125 0.18125 0.7455078125 0.18402777708333332 0.738671875 0.19965277708333332