0 0.4130859375 0.21527777708333332 0.4072265625 0.22222222291666668 0.4033203125 0.22222222291666668 0.39453125 0.234375 0.38671875 0.26909722291666666 0.388671875 0.27256944375000003 0.388671875 0.2864583333333333 0.392578125 0.30034722291666666 0.4013671875 0.31597222291666666 0.4150390625 0.3263888895833333 0.4296875 0.32465277708333334 0.4365234375 0.3229166666666667 0.439453125 0.3177083333333333 0.44140625 0.30381944375000003 0.447265625 0.29340277708333334 0.44921875 0.2829861104166667 0.44921875 0.25173611041666666 0.4453125 0.23784722291666668 0.4345703125 0.22222222291666668 0.4267578125 0.21527777708333332 0.4130859375 0.21527777708333332
0 0.6201171875 0.2604166666666667 0.60546875 0.2864583333333333 0.6015625 0.30034722291666666 0.6015625 0.3385416666666667 0.607421875 0.359375 0.6142578125 0.375 0.6298828125 0.3923611104166667 0.6357421875 0.3958333333333333 0.658203125 0.39409722291666666 0.6640625 0.390625 0.666015625 0.3802083333333333 0.673828125 0.36631944375000003 0.6796875 0.3454861104166667 0.6796875 0.30381944375000003 0.673828125 0.2829861104166667 0.6630859375 0.26388888958333334 0.6494140625 0.25347222291666666 0.6318359375 0.25347222291666666 0.6201171875 0.2604166666666667
0 0.845703125 0.3732638895833333 0.83984375 0.4010416666666667 0.83984375 0.4322916666666667 0.84765625 0.4670138895833333 0.8583984375 0.4861111104166667 0.8701171875 0.49652777708333334 0.88671875 0.4947916666666667 0.8916015625 0.49305555624999997 0.908203125 0.46006944375000003 0.912109375 0.44618055624999997 0.912109375 0.4079861104166667 0.8984375 0.36284722291666666 0.8935546875 0.3541666666666667 0.8818359375 0.34375 0.8662109375 0.34375 0.8603515625 0.34722222291666666 0.845703125 0.3732638895833333
0 0.65625 0.19965277708333332 0.65625 0.22395833333333334 0.66015625 0.23784722291666668 0.6689453125 0.25347222291666666 0.6767578125 0.2604166666666667 0.69140625 0.26215277708333334 0.7001953125 0.2604166666666667 0.708984375 0.23784722291666668 0.7109375 0.22743055625 0.708984375 0.19618055625 0.70703125 0.18923611041666666 0.6943359375 0.17013888958333334 0.6767578125 0.16319444375 0.6669921875 0.17013888958333334 0.66015625 0.18229166666666666 0.65625 0.19965277708333332
0 0.6435546875 0.22916666666666666 0.6474609375 0.23263888958333334 0.658203125 0.23090277708333332 0.65625 0.22048611041666666 0.658203125 0.18923611041666666 0.671875 0.16145833333333334 0.6611328125 0.14583333333333334 0.6474609375 0.14583333333333334 0.6416015625 0.14930555625 0.630859375 0.16840277708333332 0.62890625 0.18923611041666666 0.6328125 0.21006944375 0.6435546875 0.22916666666666666
0 0.568359375 0.18576388958333334 0.568359375 0.203125 0.572265625 0.22048611041666666 0.5810546875 0.23611111041666666 0.5888671875 0.24305555625 0.607421875 0.24131944375 0.619140625 0.22395833333333334 0.62109375 0.21354166666666666 0.62109375 0.18576388958333334 0.6171875 0.171875 0.6103515625 0.15972222291666668 0.6025390625 0.15277777708333332 0.5869140625 0.15277777708333332 0.5810546875 0.15625 0.5703125 0.17534722291666668 0.568359375 0.18576388958333334
0 0.5078125 0.17534722291666668 0.5146484375 0.19097222291666668 0.5224609375 0.19791666666666666 0.5390625 0.19618055625 0.548828125 0.17534722291666668 0.548828125 0.14756944375 0.546875 0.140625 0.5400390625 0.12847222291666666 0.5341796875 0.125 0.5205078125 0.125 0.5166015625 0.12847222291666666 0.509765625 0.140625 0.505859375 0.15451388958333334 0.5078125 0.17534722291666668
0 0.505859375 0.11979166666666667 0.5078125 0.12326388958333333 0.5078125 0.13368055625 0.513671875 0.13368055625 0.5224609375 0.125 0.5341796875 0.125 0.5380859375 0.12847222291666666 0.541015625 0.12326388958333333 0.537109375 0.10243055625 0.5302734375 0.09375 0.5166015625 0.09375 0.5126953125 0.09722222291666666 0.505859375 0.11284722291666666 0.505859375 0.11979166666666667
0 0.326171875 0.19618055625 0.3310546875 0.19444444375 0.33984375 0.171875 0.3359375 0.15104166666666666 0.3310546875 0.14583333333333334 0.3232421875 0.14583333333333334 0.3154296875 0.15277777708333332 0.310546875 0.16840277708333332 0.3125 0.18576388958333334 0.3232421875 0.19791666666666666 0.326171875 0.19618055625
0 0.234375 0.26215277708333334 0.23828125 0.23784722291666668 0.2333984375 0.22222222291666668 0.2216796875 0.21875 0.2109375 0.234375 0.208984375 0.2552083333333333 0.2158203125 0.2708333333333333 0.2197265625 0.27430555624999997 0.2265625 0.27256944375000003 0.234375 0.26215277708333334
1 0.2587890625 0.24652777708333332 0.267578125 0.24479166666666666 0.2734375 0.23784722291666668 0.27734375 0.22395833333333334 0.27734375 0.20659722291666668 0.2705078125 0.19444444375 0.2626953125 0.19097222291666668 0.251953125 0.203125 0.248046875 0.21701388958333334 0.248046875 0.22743055625 0.2548828125 0.24305555625 0.2587890625 0.24652777708333332
1 0.46484375 0.15104166666666666 0.46484375 0.17881944375 0.4755859375 0.19791666666666666 0.4814453125 0.20138888958333334 0.490234375 0.19965277708333332 0.4951171875 0.19791666666666666 0.501953125 0.18576388958333334 0.505859375 0.16840277708333332 0.505859375 0.15451388958333334 0.50390625 0.14409722291666668 0.4951171875 0.13194444375 0.4912109375 0.12847222291666666 0.4794921875 0.12847222291666666 0.4716796875 0.13541666666666666 0.46484375 0.15104166666666666
1 0.5009765625 0.14236111041666666 0.50390625 0.140625 0.5078125 0.13020833333333334 0.5078125 0.12326388958333333 0.5009765625 0.10069444375 0.4970703125 0.09722222291666666 0.4853515625 0.09722222291666666 0.48046875 0.10243055625 0.4765625 0.11631944375 0.4775390625 0.12847222291666666 0.4912109375 0.12847222291666666 0.5009765625 0.14236111041666666
1 0.478515625 0.10590277708333334 0.482421875 0.09548611041666667 0.4775390625 0.09027777708333334 0.4716796875 0.09027777708333334 0.46484375 0.09895833333333333 0.478515625 0.10590277708333334
1 0.5390625 0.12326388958333333 0.544921875 0.12326388958333333 0.55078125 0.109375 0.546875 0.09201388958333333 0.5380859375 0.07986111041666667 0.5283203125 0.07986111041666667 0.5244140625 0.08333333333333333 0.5244140625 0.09375 0.5302734375 0.09375 0.53515625 0.09895833333333333 0.5390625 0.11284722291666666 0.5390625 0.12326388958333333
0 0.4765625 0.11284722291666666 0.4736328125 0.10416666666666667 0.4599609375 0.10069444375 0.44921875 0.11284722291666666 0.44921875 0.140625 0.4580078125 0.15277777708333332 0.46484375 0.15104166666666666 0.474609375 0.13020833333333334 0.4765625 0.11284722291666666
0 0.4365234375 0.15625 0.439453125 0.15451388958333334 0.4443359375 0.15277777708333332 0.44921875 0.14409722291666668 0.44921875 0.11284722291666666 0.4443359375 0.10416666666666667 0.4326171875 0.10416666666666667 0.4287109375 0.10763888958333333 0.423828125 0.11979166666666667 0.423828125 0.140625 0.4287109375 0.14930555625 0.4365234375 0.15625