1 0.73359375 0.31875 0.716015625 0.30486111250000003 0.696484375 0.30486111250000003 0.676953125 0.32222222291666663 0.6701171875 0.334375 0.6625 0.36822916666666666 0.6625 0.40477430625 0.6701171875 0.4420138895833333 0.68671875 0.47152777916666666 0.696484375 0.47847222291666663 0.704296875 0.47847222291666663 0.705859375 0.48125 0.708984378125 0.48125 0.7130859375 0.48020833333333335 0.719921875 0.47847222291666663 0.731640625 0.46805555625 0.7482421875 0.43854166666666666 0.753125 0.41539351875 0.753125 0.3714120375 0.7482421875 0.3482638895833333 0.73359375 0.31875
1 0.653515625 0.40694444375 0.6603515625 0.39479166666666665 0.6603515625 0.38090277708333337 0.6623046875 0.37743055416666665 0.6642578125 0.35659722083333334 0.6701171875 0.3392361104166667 0.6701171875 0.33229166666666665 0.6779296875 0.31840277708333337 0.6779296875 0.31145833333333334 0.6759765625 0.3079861104166667 0.6740234375 0.28715277708333337 0.66328125 0.26805555416666665 0.649609375 0.2576388875 0.628125 0.2576388875 0.614453125 0.26805555416666665 0.6056640625 0.28368055416666665 0.5978515625 0.31840277708333337 0.5978515625 0.34618055416666665 0.6056640625 0.37743055416666665 0.622265625 0.40694444375 0.6316406265625 0.4125 0.6410156203125 0.4125 0.6427734375 0.41215277708333337 0.653515625 0.40694444375
1 0.54609375 0.21180555625 0.5353515625 0.234375 0.55390625 0.25347222291666666 0.5646484375 0.27256944375000003 0.5705078125 0.30034722291666666 0.5705078125 0.32465277708333334 0.573046875 0.32916666666666666 0.5761718734375 0.32916666666666666 0.5802734375 0.328125 0.5900390625 0.3142361104166667 0.5978515625 0.28993055624999997 0.5998046875 0.2795138895833333 0.5998046875 0.24479166666666666 0.5958984375 0.23090277708333332 0.579296875 0.20486111041666666 0.574609375 0.20208333333333334 0.569531253125 0.20208333333333334 0.55390625 0.20486111041666666 0.54609375 0.21180555625
1 0.6107421875 0.24131944375 0.6048828125 0.265625 0.6048828125 0.2760416666666667 0.6078125 0.27777777708333334 0.613671875 0.2673611104166667 0.62734375 0.25694444375 0.648828125 0.25694444375 0.6625 0.2673611104166667 0.673828125 0.2875 0.675390625 0.2875 0.6765625 0.28680555625 0.6765625 0.25954861041666666 0.6732421875 0.24479166666666666 0.656640625 0.21875 0.644921875 0.21527777708333332 0.643359375 0.2125 0.6339843765625 0.2125 0.6234375 0.21875 0.6107421875 0.24131944375
1 0.49453125 0.26909722291666666 0.488671875 0.28993055624999997 0.488671875 0.3072916666666667 0.49453125 0.328125 0.496484375 0.35243055624999997 0.5091796875 0.375 0.5228515625 0.3854166666666667 0.535546875 0.38368055624999997 0.5482421875 0.37847222291666666 0.558984375 0.36284722291666666 0.5609375 0.35243055624999997 0.56875 0.33506944375000003 0.5703125 0.31006944375 0.5703125 0.303125 0.56875 0.30034722291666666 0.566796875 0.2795138895833333 0.5560546875 0.25694444375 0.5384765625 0.23958333333333334 0.5228515625 0.23958333333333334 0.5052734375 0.25 0.49453125 0.26909722291666666
1 0.4759765625 0.28402777916666666 0.4662109375 0.27708333333333335 0.4583984375 0.27708333333333335 0.4564453125 0.27361111250000003 0.4388671875 0.27708333333333335 0.4271484375 0.2875 0.4125 0.3170138895833333 0.40859375 0.334375 0.40859375 0.36215277916666666 0.414453125 0.39340277916666666 0.4232421875 0.4125 0.43824218593750003 0.42916666666666664 0.44707032187499995 0.42916666666666664 0.459375 0.428125 0.4779296875 0.4125 0.48671875 0.39340277916666666 0.492578125 0.37256944583333335 0.49375 0.35173611250000003 0.49375 0.334375 0.48671875 0.303125 0.4759765625 0.28402777916666666
1 0.4265625 0.24375 0.41484375 0.23680555416666668 0.403125 0.23680555416666668 0.389453125 0.24722222083333334 0.3787109375 0.26631944375 0.3708984375 0.3079861104166667 0.3767578125 0.33576388749999997 0.385546875 0.35138888749999997 0.39908854374999997 0.36041666666666666 0.40507812187500003 0.36041666666666666 0.4060546875 0.36006944375 0.4080078125 0.33229166666666665 0.4138671875 0.31145833333333334 0.428515625 0.28541666666666665 0.436328125 0.28194444375 0.4375 0.27986111041666667 0.4375 0.26423611041666667 0.4373046875 0.26284722083333334 0.4265625 0.24375
1 0.4916015625 0.21527777708333332 0.4759765625 0.20486111041666666 0.4662109375 0.20486111041666666 0.445703125 0.22395833333333334 0.43984375 0.24131944375 0.43984375 0.25173611041666666 0.437890625 0.2552083333333333 0.43984375 0.27256944375000003 0.4427734375 0.27777777708333334 0.4466796875 0.27430555624999997 0.4564453125 0.27430555624999997 0.4583984375 0.27777777708333334 0.4720703125 0.28125 0.4837890625 0.2951388895833333 0.48671875 0.29340277708333334 0.496484375 0.26215277708333334 0.503125 0.25034722291666667 0.503125 0.24305555625 0.500390625 0.23090277708333332 0.4916015625 0.21527777708333332
1 0.57265625 0.15798611041666666 0.5775390625 0.17361111041666666 0.5853515625 0.17361111041666666 0.5873046875 0.17708333333333334 0.615625 0.17534722291666668 0.61875 0.15034722291666666 0.61875 0.14209105 0.6107421875 0.12152777708333334 0.6029296875 0.11458333333333333 0.5873046875 0.11458333333333333 0.574609375 0.13368055625 0.57265625 0.15798611041666666
1 0.6666015625 0.13020833333333334 0.6666015625 0.14409722291666668 0.6705078125 0.16145833333333334 0.68125 0.17708333333333334 0.6978515625 0.17534722291666668 0.7037109375 0.16493055625 0.70625 0.15364583333333334 0.70625 0.13298611041666666 0.7056640625 0.1267361104166667 0.70078125 0.11458333333333333 0.691015625 0.10416666666666667 0.675390625 0.10416666666666667 0.6705078125 0.11284722291666666 0.6666015625 0.13020833333333334
1 0.7625 0.12465277708333335 0.748828125 0.11770833333333333 0.7361328125 0.12986111041666668 0.7322265625 0.14722222083333333 0.7322265625 0.15763888750000002 0.7341796875 0.16805555416666668 0.7461282171875 0.19583333333333333 0.7595703125 0.19583333333333333 0.7693359375 0.18541666666666667 0.771875 0.1763888875 0.771875 0.14809027708333333 0.7693359375 0.13680555416666668 0.7625 0.12465277708333335