1 0.6142578125 0.30555555624999997 0.59765625 0.33159722291666666 0.591796875 0.36284722291666666 0.591796875 0.38715277708333334 0.59765625 0.41493055624999997 0.6083984375 0.4375 0.6337890625 0.4583333333333333 0.642578125 0.45659722291666666 0.6552734375 0.4479166666666667 0.671875 0.421875 0.6796875 0.39409722291666666 0.6796875 0.359375 0.66796875 0.32118055624999997 0.6572265625 0.30555555624999997 0.6533203125 0.30555555624999997 0.6474609375 0.2986111104166667 0.6259765625 0.2986111104166667 0.6142578125 0.30555555624999997
1 0.794921875 0.36284722291666666 0.794921875 0.3802083333333333 0.8017578125 0.375 0.8271484375 0.375 0.8349609375 0.38194444375000003 0.84765625 0.4010416666666667 0.85546875 0.42534722291666666 0.857421875 0.4392361104166667 0.859375 0.4392361104166667 0.86328125 0.4322916666666667 0.8671875 0.4114583333333333 0.8671875 0.38368055624999997 0.861328125 0.35243055624999997 0.8505859375 0.3298611104166667 0.8388671875 0.31944444375000003 0.8251953125 0.31597222291666666 0.8115234375 0.3263888895833333 0.798828125 0.3489583333333333 0.794921875 0.36284722291666666
1 0.8271484375 0.375 0.8017578125 0.375 0.7978515625 0.38194444375000003 0.7919921875 0.3854166666666667 0.77734375 0.41493055624999997 0.77734375 0.421875 0.7734375 0.4322916666666667 0.771484375 0.4739583333333333 0.779296875 0.5121527770833334 0.7978515625 0.5451388895833333 0.8056640625 0.5520833333333334 0.8203125 0.5538194437499999 0.8271484375 0.5520833333333334 0.8388671875 0.5416666666666666 0.849609375 0.52256944375 0.85546875 0.5052083333333334 0.85546875 0.4947916666666667 0.859375 0.47743055624999997 0.859375 0.44965277708333334 0.849609375 0.4079861104166667 0.8349609375 0.38194444375000003 0.8271484375 0.375
1 0.4296875 0.24479166666666666 0.427734375 0.2552083333333333 0.427734375 0.2795138895833333 0.431640625 0.29340277708333334 0.4404296875 0.30902777708333334 0.4501953125 0.31597222291666666 0.46484375 0.3142361104166667 0.4697265625 0.3125 0.482421875 0.28993055624999997 0.486328125 0.2760416666666667 0.486328125 0.24826388958333334 0.482421875 0.234375 0.4755859375 0.22222222291666668 0.4619140625 0.21180555625 0.4521484375 0.21180555625 0.4404296875 0.22222222291666668 0.4296875 0.24479166666666666
1 0.314453125 0.2829861104166667 0.314453125 0.296875 0.31640625 0.30034722291666666 0.31640625 0.3107638895833333 0.3232421875 0.3298611104166667 0.3349609375 0.34027777708333334 0.34375 0.3420138895833333 0.3486328125 0.34027777708333334 0.36328125 0.32465277708333334 0.36328125 0.3177083333333333 0.369140625 0.30034722291666666 0.369140625 0.2760416666666667 0.3603515625 0.25 0.3427734375 0.23958333333333334 0.3271484375 0.25 0.3203125 0.26215277708333334 0.314453125 0.2829861104166667
1 0.1962890625 0.3611111104166667 0.2021484375 0.3645833333333333 0.2109375 0.3802083333333333 0.212890625 0.39409722291666666 0.216796875 0.39409722291666666 0.220703125 0.3767361104166667 0.220703125 0.3489583333333333 0.216796875 0.33506944375000003 0.2080078125 0.3229166666666667 0.1923828125 0.3229166666666667 0.1884765625 0.3263888895833333 0.181640625 0.3385416666666667 0.177734375 0.35243055624999997 0.177734375 0.36284722291666666 0.1962890625 0.3611111104166667
1 0.1640625 0.39409722291666666 0.1640625 0.4114583333333333 0.162109375 0.41493055624999997 0.166015625 0.4357638895833333 0.1845703125 0.4375 0.2001953125 0.4513888895833333 0.205078125 0.44965277708333334 0.212890625 0.42534722291666666 0.212890625 0.41493055624999997 0.21484375 0.4114583333333333 0.21484375 0.4010416666666667 0.208984375 0.3767361104166667 0.1982421875 0.3611111104166667 0.1826171875 0.3611111104166667 0.1748046875 0.36805555624999997 0.16796875 0.3802083333333333 0.1640625 0.39409722291666666
1 0.244140625 0.35243055624999997 0.240234375 0.36631944375000003 0.240234375 0.4010416666666667 0.244140625 0.41493055624999997 0.2509765625 0.4270833333333333 0.25390625 0.42534722291666666 0.25390625 0.4010416666666667 0.263671875 0.36631944375000003 0.2783203125 0.35069444375000003 0.29296875 0.3489583333333333 0.29296875 0.3420138895833333 0.2861328125 0.3298611104166667 0.2763671875 0.3229166666666667 0.2646484375 0.3229166666666667 0.2509765625 0.33680555624999997 0.244140625 0.35243055624999997
1 0.2958984375 0.35069444375000003 0.2802734375 0.35069444375000003 0.2705078125 0.3576388895833333 0.259765625 0.3767361104166667 0.25390625 0.4045138895833333 0.25390625 0.42881944375000003 0.2578125 0.4427083333333333 0.26171875 0.4427083333333333 0.2763671875 0.4375 0.2783203125 0.43402777708333334 0.2880859375 0.43402777708333334 0.2900390625 0.4375 0.3017578125 0.44097222291666666 0.3046875 0.4045138895833333 0.3125 0.38368055624999997 0.314453125 0.3697916666666667 0.3095703125 0.3611111104166667 0.2958984375 0.35069444375000003
1 0.1201171875 0.49652777708333334 0.130859375 0.4947916666666667 0.142578125 0.47743055624999997 0.14453125 0.4357638895833333 0.140625 0.41493055624999997 0.1357421875 0.40625 0.1201171875 0.40277777708333334 0.1103515625 0.41319444375000003 0.103515625 0.4322916666666667 0.103515625 0.4704861104166667 0.1142578125 0.49305555624999997 0.1201171875 0.49652777708333334
1 0.06640625 0.4635416666666667 0.060546875 0.48784722291666666 0.0625 0.515625 0.0712890625 0.5381944437499999 0.0751953125 0.5416666666666666 0.087890625 0.5399305562500001 0.0908203125 0.5381944437499999 0.09765625 0.52256944375 0.09765625 0.50868055625 0.099609375 0.5052083333333334 0.09765625 0.47743055624999997 0.095703125 0.4670138895833333 0.0888671875 0.4548611104166667 0.0849609375 0.4513888895833333 0.0732421875 0.4513888895833333 0.06640625 0.4635416666666667
1 0.0107421875 0.6215277770833333 0.021484375 0.640625 0.0283203125 0.6631944437499999 0.033203125 0.6614583333333334 0.0390625 0.6440972229166667 0.0390625 0.5989583333333334 0.03515625 0.5885416666666666 0.03515625 0.5815972229166667 0.0263671875 0.5659722229166667 0.0205078125 0.5625 0.0146484375 0.5659722229166667 0.005859375 0.5885416666666666 0.005859375 0.6197916666666666 0.0107421875 0.6215277770833333
0 0.1044921875 0.6041666666666666 0.0927734375 0.6041666666666666 0.078125 0.6232638895833333 0.072265625 0.6440972229166667 0.072265625 0.6579861104166667 0.0703125 0.6614583333333334 0.0703125 0.6927083333333334 0.072265625 0.6961805562500001 0.072265625 0.7065972229166667 0.078125 0.7309027770833333 0.0908203125 0.7569444437499999 0.1005859375 0.7673611104166667 0.12109375 0.765625 0.1279296875 0.7604166666666666 0.138671875 0.734375 0.138671875 0.7239583333333334 0.140625 0.7204861104166667 0.140625 0.6788194437499999 0.138671875 0.6753472229166667 0.138671875 0.6649305562500001 0.130859375 0.6371527770833333 0.1181640625 0.6145833333333334 0.1044921875 0.6041666666666666
0 0.244140625 0.47743055624999997 0.23828125 0.50868055625 0.240234375 0.5434027770833333 0.244140625 0.5607638895833333 0.25 0.5746527770833333 0.2626953125 0.59375 0.2783203125 0.6041666666666666 0.296875 0.6024305562500001 0.3134765625 0.5833333333333334 0.32421875 0.5607638895833333 0.330078125 0.5295138895833333 0.328125 0.4982638895833333 0.322265625 0.47743055624999997 0.3056640625 0.4479166666666667 0.2861328125 0.43402777708333334 0.2724609375 0.4375 0.2587890625 0.4479166666666667 0.244140625 0.47743055624999997
0 0.1611328125 0.4479166666666667 0.150390625 0.4704861104166667 0.146484375 0.49131944375000003 0.146484375 0.5260416666666666 0.15234375 0.546875 0.1630859375 0.5659722229166667 0.1708984375 0.5729166666666666 0.18359375 0.5746527770833333 0.1904296875 0.5729166666666666 0.20703125 0.546875 0.208984375 0.5260416666666666 0.2109375 0.52256944375 0.2109375 0.49131944375000003 0.205078125 0.4635416666666667 0.1962890625 0.4479166666666667 0.1904296875 0.44097222291666666 0.1748046875 0.4375 0.1611328125 0.4479166666666667
0 0.02734375 0.6614583333333334 0.021484375 0.640625 0.0126953125 0.625 0.0009765625 0.6215277770833333 0 0.7170138895833333 0.0146484375 0.7326388895833333 0.01953125 0.7309027770833333 0.029296875 0.7065972229166667 0.02734375 0.6614583333333334
0 0.3388671875 0.35069444375000003 0.3369140625 0.3541666666666667 0.3310546875 0.3541666666666667 0.3271484375 0.3611111104166667 0.3212890625 0.3645833333333333 0.3125 0.3802083333333333 0.30859375 0.39756944375000003 0.3046875 0.4045138895833333 0.302734375 0.4357638895833333 0.3203125 0.4739583333333333 0.32421875 0.47743055624999997 0.3291015625 0.49652777708333334 0.3408203125 0.5034722229166666 0.349609375 0.5017361104166667 0.3623046875 0.49652777708333334 0.380859375 0.4635416666666667 0.384765625 0.4427083333333333 0.384765625 0.42881944375000003 0.38671875 0.42534722291666666 0.38671875 0.4079861104166667 0.380859375 0.38368055624999997 0.3701171875 0.3645833333333333 0.3525390625 0.35069444375000003 0.3388671875 0.35069444375000003
0 0.462890625 0.38715277708333334 0.455078125 0.421875 0.455078125 0.44618055624999997 0.4609375 0.4739583333333333 0.4736328125 0.5 0.4970703125 0.5173611104166667 0.515625 0.515625 0.5263671875 0.5104166666666666 0.546875 0.47743055624999997 0.552734375 0.45659722291666666 0.552734375 0.4079861104166667 0.544921875 0.3802083333333333 0.5341796875 0.3611111104166667 0.5205078125 0.34722222291666666 0.5029296875 0.34375 0.4794921875 0.3576388895833333 0.462890625 0.38715277708333334
0 0.6455078125 0.49652777708333334 0.6142578125 0.49652777708333334 0.5908203125 0.5138888895833333 0.5849609375 0.5208333333333334 0.57421875 0.5434027770833333 0.56640625 0.5711805562500001 0.56640625 0.5885416666666666 0.564453125 0.5920138895833333 0.56640625 0.6371527770833333 0.57421875 0.671875 0.5966796875 0.7118055562500001 0.6083984375 0.7222222229166667 0.6220703125 0.7256944437499999 0.6240234375 0.7291666666666666 0.64453125 0.7274305562500001 0.6513671875 0.7256944437499999 0.6650390625 0.7118055562500001 0.6796875 0.6822916666666666 0.689453125 0.640625 0.689453125 0.6197916666666666 0.69140625 0.6163194437499999 0.689453125 0.5815972229166667 0.677734375 0.5399305562500001 0.6611328125 0.5104166666666666 0.6455078125 0.49652777708333334
0 0.509765625 0.24131944375 0.509765625 0.265625 0.513671875 0.2795138895833333 0.5244140625 0.2986111104166667 0.5380859375 0.30902777708333334 0.54296875 0.3072916666666667 0.5537109375 0.3020833333333333 0.564453125 0.2864583333333333 0.572265625 0.26215277708333334 0.572265625 0.24131944375 0.568359375 0.22395833333333334 0.5537109375 0.20138888958333334 0.5341796875 0.19791666666666666 0.5224609375 0.20833333333333334 0.51171875 0.23090277708333332 0.509765625 0.24131944375
0 0.625 0.17534722291666668 0.62109375 0.18923611041666666 0.62109375 0.19965277708333332 0.619140625 0.203125 0.62109375 0.22048611041666666 0.625 0.23090277708333332 0.6337890625 0.24305555625 0.6416015625 0.25 0.65234375 0.24826388958333334 0.6591796875 0.24652777708333332 0.66796875 0.23090277708333332 0.671875 0.21701388958333334 0.669921875 0.18923611041666666 0.66796875 0.18229166666666666 0.6552734375 0.16319444375 0.6494140625 0.16319444375 0.6474609375 0.15972222291666668 0.6337890625 0.16319444375 0.625 0.17534722291666668
0 0.02734375 0.5503472229166667 0.0361328125 0.5659722229166667 0.044921875 0.5642361104166667 0.0478515625 0.5625 0.052734375 0.5503472229166667 0.0546875 0.5399305562500001 0.0546875 0.515625 0.05078125 0.4982638895833333 0.0439453125 0.4861111104166667 0.0380859375 0.4826388895833333 0.02734375 0.4982638895833333 0.0234375 0.5295138895833333 0.02734375 0.5503472229166667
0 0.13671875 0.4045138895833333 0.14453125 0.42534722291666666 0.14453125 0.4357638895833333 0.1494140625 0.44444444375000003 0.16015625 0.4427083333333333 0.1640625 0.4392361104166667 0.1640625 0.39409722291666666 0.16796875 0.3802083333333333 0.173828125 0.3697916666666667 0.171875 0.36284722291666666 0.1650390625 0.3541666666666667 0.1513671875 0.3541666666666667 0.1455078125 0.3611111104166667 0.138671875 0.3767361104166667 0.13671875 0.4045138895833333