1 0.56640625 0.07118055625 0.5791015625 0.09722222291666666 0.59375 0.09548611041666667 0.603515625 0.08159722291666666 0.60546875 0.07465277708333334 0.60546875 0.05381944375 0.5986328125 0.03819444375 0.5869140625 0.027777777083333333 0.5732421875 0.03819444375 0.56640625 0.05034722291666667 0.56640625 0.07118055625
1 0.560546875 0.019097222916666667 0.560546875 0.026041666666666668 0.5634765625 0.03472222291666667 0.56640625 0.032986110416666665 0.5693359375 0.024305556250000002 0.5751953125 0.020833333333333332 0.5869140625 0.024305556250000002 0.587890625 0.019097222916666667 0.5830078125 0.010416666666666666 0.5771484375 0.00694444375 0.5654296875 0.010416666666666666 0.560546875 0.019097222916666667
1 0.60546875 0.07118055625 0.611328125 0.07118055625 0.6171875 0.057291666666666664 0.6171875 0.036458333333333336 0.6044921875 0.017361110416666665 0.5927734375 0.017361110416666665 0.58984375 0.026041666666666668 0.603515625 0.046875 0.60546875 0.05381944375 0.60546875 0.07118055625
1 0.5625 0.060763889583333335 0.56640625 0.060763889583333335 0.56640625 0.046875 0.5712890625 0.03819444375 0.5791015625 0.03125 0.58984375 0.029513889583333335 0.5849609375 0.017361110416666665 0.5751953125 0.017361110416666665 0.5625 0.029513889583333335 0.5625 0.060763889583333335
1 0.53125 0.05381944375 0.5419921875 0.06944444375 0.556640625 0.06770833333333333 0.560546875 0.057291666666666664 0.560546875 0.026041666666666668 0.5517578125 0.013888889583333335 0.5380859375 0.013888889583333335 0.5341796875 0.017361110416666665 0.529296875 0.029513889583333335 0.529296875 0.046875 0.53125 0.05381944375
1 0.498046875 0.057291666666666664 0.5048828125 0.06944444375 0.521484375 0.06770833333333333 0.529296875 0.04340277708333333 0.525390625 0.022569443749999998 0.5185546875 0.013888889583333335 0.5087890625 0.013888889583333335 0.5029296875 0.020833333333333332 0.4990234375 0.020833333333333332 0.494140625 0.032986110416666665 0.498046875 0.057291666666666664
1 0.494140625 0.019097222916666667 0.494140625 0.029513889583333335 0.49609375 0.029513889583333335 0.5009765625 0.024305556250000002 0.5048828125 0.013888889583333335 0.5146484375 0.013888889583333335 0.5166015625 0.017361110416666665 0.5234375 0.015625 0.5166015625 0.0034722229166666663 0.5068359375 0 0.494140625 0.019097222916666667
1 0.52734375 0.029513889583333335 0.53125 0.029513889583333335 0.53125 0.022569443749999998 0.5361328125 0.013888889583333335 0.5498046875 0.013888889583333335 0.55078125 0.00868055625 0.5439453125 0 0.5322265625 0.0034722229166666663 0.525390625 0.015625 0.52734375 0.029513889583333335
1 0.65234375 0.022569443749999998 0.65234375 0.00868055625 0.6494140625 0 0.626953125 0.0017361104166666666 0.626953125 0.012152777083333333 0.6298828125 0.017361110416666665 0.6376953125 0.017361110416666665 0.6474609375 0.024305556250000002 0.65234375 0.022569443749999998
1 0.6904296875 0.041666666666666664 0.7109375 0.05034722291666667 0.71484375 0.032986110416666665 0.7099609375 0.017361110416666665 0.7041015625 0.013888889583333335 0.7001953125 0.00694444375 0.6962890625 0.00694444375 0.689453125 0.015625 0.6875 0.032986110416666665 0.6904296875 0.041666666666666664
1 0.7392578125 0.06944444375 0.748046875 0.06770833333333333 0.75 0.05034722291666667 0.748046875 0.03993055625 0.7412109375 0.027777777083333333 0.7275390625 0.027777777083333333 0.724609375 0.032986110416666665 0.72265625 0.05381944375 0.7275390625 0.0625 0.7392578125 0.06944444375
0 0.951171875 0.22743055625 0.955078125 0.24131944375 0.955078125 0.25173611041666666 0.958984375 0.25173611041666666 0.962890625 0.24131944375 0.962890625 0.23090277708333332 0.95703125 0.20659722291666668 0.9482421875 0.19444444375 0.9404296875 0.19791666666666666 0.9375 0.203125 0.9375 0.21006944375 0.951171875 0.22743055625
0 0.9521484375 0.25347222291666666 0.95703125 0.25173611041666666 0.955078125 0.24826388958333334 0.955078125 0.23784722291666668 0.9443359375 0.21527777708333332 0.9345703125 0.21180555625 0.9296875 0.22048611041666666 0.9365234375 0.23611111041666666 0.9482421875 0.25 0.9521484375 0.25347222291666666