1 0.8814453125 0.37465277708333333 0.8716796875 0.36770833333333336 0.8580078125 0.36770833333333336 0.8443359375 0.378125 0.831640625 0.4041666666666667 0.82578125 0.4354166666666667 0.82578125 0.4493055541666667 0.823828125 0.45277777708333333 0.82578125 0.4805555541666667 0.83359375 0.5118055541666666 0.8501953125 0.5378472208333334 0.8531250015625 0.5395833333333333 0.878515625 0.5395833333333333 0.8892578125 0.5309027770833333 0.898046875 0.5152777770833333 0.90390625 0.49444444375 0.9046875 0.49027777708333337 0.9046875 0.43083333333333335 0.89609375 0.3972222208333333 0.8814453125 0.37465277708333333
0 0.8126953125 0.40729166666666666 0.8087890625 0.38645833333333335 0.8 0.3638888895833333 0.78046875 0.33958333333333335 0.762890625 0.33611111250000003 0.7609375 0.33958333333333335 0.753125 0.33958333333333335 0.7375 0.35347222291666663 0.7228515625 0.38645833333333335 0.7189453125 0.40381944583333335 0.7189453125 0.45590277916666666 0.7287109375 0.490625 0.743359375 0.5131944458333334 0.7579427062499999 0.5229166666666667 0.7656250078125 0.5229166666666667 0.7755859375 0.521875 0.782421875 0.5201388895833333 0.794140625 0.5097222229166667 0.8048828125 0.490625 0.8126953125 0.46284722291666663 0.8140625 0.4361111125 0.8140625 0.4236111125 0.8126953125 0.42118055625 0.8126953125 0.40729166666666666
0 0.6888671875 0.3326388895833333 0.6849609375 0.3326388895833333 0.6810546875 0.32569444583333335 0.6537109375 0.32569444583333335 0.6361328125 0.33958333333333335 0.61953125 0.37256944583333335 0.613671875 0.396875 0.613671875 0.43506944583333335 0.621484375 0.46631944583333335 0.6380859375 0.49583333333333335 0.6530859359375001 0.5125 0.6603515703125 0.5125 0.6703125 0.5114583333333333 0.6888671875 0.5027777791666667 0.7025390625 0.4888888895833333 0.709375 0.47673611250000003 0.71875 0.4434027791666667 0.71875 0.39895833333333336 0.707421875 0.35868055625 0.6888671875 0.3326388895833333
0 0.8427734375 0.29548611041666667 0.853515625 0.27291666666666664 0.853515625 0.26249999791666667 0.85546875 0.2590277770833333 0.853515625 0.23472222083333336 0.8427734375 0.20520833125000001 0.8369140625 0.20173611041666667 0.8330078125 0.19479166458333333 0.8173828125 0.19479166458333333 0.8095703125 0.20173611041666667 0.80078125 0.22430555416666667 0.80078125 0.2555555541666667 0.8046875 0.27291666666666664 0.8154296875 0.29548611041666667 0.8228515640625 0.3020833333333333 0.825781240625 0.3020833333333333 0.8359375 0.30069444375000004 0.8427734375 0.29548611041666667
0 0.87265625 0.23090277708333332 0.874609375 0.24131944375 0.8833984375 0.26388888958333334 0.8912109375 0.2708333333333333 0.9 0.26909722291666666 0.9078125 0.25868055625 0.9109375 0.24756944374999998 0.9109375 0.23368055625 0.909765625 0.21701388958333334 0.905859375 0.203125 0.8990234375 0.19097222291666668 0.8951171875 0.1875 0.8814453125 0.1875 0.87265625 0.203125 0.87265625 0.23090277708333332
0 0.8646484375 0.15329861041666665 0.8509765625 0.15329861041666665 0.844140625 0.16892361041666665 0.844140625 0.19322916666666667 0.8529296875 0.21927083333333333 0.8587890625 0.22621527708333333 0.86220703125 0.22708333333333333 0.8670898453125 0.22708333333333333 0.871484375 0.22447916666666667 0.8734375 0.20364583333333333 0.878125 0.19253472083333334 0.878125 0.17687815625 0.8685546875 0.15677083333333333 0.8646484375 0.15329861041666665
0 0.845703125 0.1611111125 0.849609375 0.15416666874999999 0.84765625 0.14375000208333333 0.8369140625 0.12465277916666667 0.8212890625 0.12465277916666667 0.814453125 0.14722222291666667 0.81640625 0.16458333541666667 0.8285937484374999 0.18958333333333333 0.836718759375 0.18958333333333333 0.841796875 0.18888888958333333 0.845703125 0.1611111125
0 0.7451171875 0.1142361125 0.734375 0.12986111250000001 0.734375 0.13680555625000002 0.73828125 0.14027777916666664 0.744140625 0.15763888958333333 0.744140625 0.18888888958333333 0.7421875 0.1923611125 0.7499218734374999 0.2 0.7550781296875 0.2 0.7578125 0.19930555625000002 0.76953125 0.18541666874999999 0.7734375 0.17152777916666664 0.7734375 0.15069444583333333 0.7607421875 0.12118055624999999 0.7451171875 0.1142361125
1 0.71796875 0.12152777708333334 0.71015625 0.125 0.6994140625 0.140625 0.6955078125 0.15451388958333334 0.6955078125 0.171875 0.6994140625 0.18229166666666666 0.6994140625 0.18923611041666666 0.712109375 0.21180555625 0.7306640625 0.21006944375 0.74375 0.19012896666666668 0.74375 0.15656565625000002 0.73359375 0.13194444375 0.71796875 0.12152777708333334
1 0.783984375 0.12204861041666668 0.778125 0.11510416666666666 0.76640625 0.11163194375 0.7595703125 0.1203125 0.7732421875 0.1515625 0.7732421875 0.17239583333333333 0.769580078125 0.18541666666666667 0.7802408859375001 0.18541666666666667 0.7859375 0.18107638958333333 0.7908203125 0.17239583333333333 0.7921875 0.15538194375 0.7921875 0.14496527708333332 0.7908203125 0.13767361041666665 0.783984375 0.12204861041666668
1 0.64140625 0.09756944375000001 0.62578125 0.09409722083333333 0.6169921875 0.10277777708333334 0.6130859375 0.11319444375000001 0.6111328125 0.13055555416666667 0.6130859375 0.13402777708333333 0.6130859375 0.14444444374999998 0.6208984375 0.16527777708333333 0.6251953140625 0.17291666666666666 0.6310546796875001 0.17291666666666666 0.6345703125 0.17222222083333336 0.6365234375 0.16874999791666667 0.6345703125 0.16527777708333333 0.6345703125 0.14444444374999998 0.6384765625 0.13055555416666667 0.6453125 0.11840277708333334 0.6515625 0.11364087291666666 0.6515625 0.11145833333333334 0.64921875 0.1045138875 0.64140625 0.09756944375000001
1 0.5984375 0.1142361125 0.592578125 0.10729166875 0.580859375 0.10381944583333333 0.569140625 0.11076388958333333 0.5603515625 0.12638888958333333 0.5603515625 0.16458333541666667 0.57109375 0.18368055625000002 0.579394528125 0.18958333333333333 0.5849609421874999 0.18958333333333333 0.5876953125 0.18888888958333333 0.59453125 0.18715277916666664 0.6052734375 0.16805555625000002 0.6078125 0.15451388958333334 0.6078125 0.13993055625 0.6052734375 0.12638888958333333 0.5984375 0.1142361125
1 0.35625 0.14270833125000001 0.3484375 0.14965277708333333 0.3376953125 0.17222222083333336 0.3376953125 0.19999999791666667 0.3396484375 0.20694444374999998 0.348186384375 0.21875 0.34941405937500003 0.21875 0.3533203125 0.21736111041666667 0.3494140625 0.19999999791666667 0.3513671875 0.1826388875 0.358203125 0.16354166458333333 0.3703125 0.15194978541666665 0.3703125 0.15081018333333332 0.362109375 0.14270833125000001 0.35625 0.14270833125000001
1 0.2955078125 0.19513888750000002 0.2818359375 0.19513888750000002 0.2779296875 0.19861111041666665 0.265234375 0.22465277708333334 0.265234375 0.24895833333333334 0.2818359375 0.25069444375 0.2876953125 0.25416666666666665 0.2964843765625 0.26666666666666666 0.2998046859375 0.26666666666666666 0.300390625 0.26631944375 0.3078125 0.24652777708333332 0.3078125 0.21979166458333335 0.304296875 0.20729166666666668 0.2955078125 0.19513888750000002
1 0.095703125 0.35590277708333334 0.095703125 0.36631944375000003 0.1064453125 0.3645833333333333 0.11171875 0.37083333333333335 0.1134765625 0.37083333333333335 0.115234375 0.3697916666666667 0.1171875 0.36631944375000003 0.1171875 0.35590277708333334 0.123046875 0.3420138895833333 0.123046875 0.33506944375000003 0.11675781249999999 0.32708333333333334 0.1098741328125 0.32708333333333334 0.099609375 0.3420138895833333 0.095703125 0.35590277708333334
1 0.0357421875 0.5038194458333334 0.02890625 0.5125 0.025 0.5263888895833333 0.023046875 0.5576388895833334 0.025 0.5611111125 0.026953125 0.5819444458333333 0.03125 0.5895833333333333 0.032421875 0.5895833333333333 0.0328125 0.5888888895833334 0.0328125 0.5645833333333333 0.040625 0.53680555625 0.0513671875 0.5246527791666666 0.0578125 0.5230158729166666 0.0578125 0.5220959604166667 0.0474609375 0.5003472229166667 0.0357421875 0.5038194458333334
1 0.0236328125 0.53680555625 0.01484375 0.5177083333333333 0.00703125 0.5177083333333333 0.0001953125 0.5298611125 0.0001953125 0.5888888895833334 0.00703125 0.6010416666666667 0.010546875 0.6041666666666666 0.011914065625000001 0.6041666666666666 0.0158203125 0.6027777791666666 0.0236328125 0.5923611125 0.0236328125 0.5784722229166667 0.025 0.5760416666666667 0.025 0.571875 0.0236328125 0.5645833333333333 0.0236328125 0.53680555625
1 0.0365234375 0.46875 0.0306640625 0.47222222291666666 0.023828125 0.484375 0.019921875 0.5017361104166667 0.019921875 0.5260416666666666 0.0228515625 0.53125 0.02578125 0.5295138895833333 0.027734375 0.5190972229166666 0.0365234375 0.5034722229166666 0.0423828125 0.5034722229166666 0.046875 0.49868055625 0.046875 0.4947916666666667 0.0453125 0.48090277708333334 0.0365234375 0.46875
1 0.0642578125 0.4638888895833333 0.0662109375 0.46041666666666664 0.0662109375 0.45 0.05546875 0.4482638895833333 0.0447265625 0.4708333333333333 0.0447265625 0.4881944458333333 0.0486328125 0.5020833333333333 0.059375 0.5246527791666666 0.062109375 0.5270833333333333 0.06738281406249999 0.5270833333333333 0.06875 0.5267361125 0.06875 0.5153935187500001 0.0642578125 0.5020833333333333 0.0642578125 0.4638888895833333
0 0.0697265625 0.534375 0.0599609375 0.5239583333333333 0.0521484375 0.5239583333333333 0.0443359375 0.5309027770833333 0.035546875 0.5534722208333334 0.03359375 0.5638888875 0.03359375 0.5951388875 0.04140625 0.6263888875 0.0501953125 0.6420138875 0.052148439062499996 0.64375 0.066796875 0.64375 0.0765625 0.6298611104166666 0.0796875 0.6187499979166666 0.0796875 0.5666666666666667 0.0765625 0.55 0.0697265625 0.534375
0 0.1095703125 0.4076388875 0.10078125 0.3954861104166667 0.0890625 0.3954861104166667 0.0802734375 0.4076388875 0.0765625 0.42083333333333334 0.0765625 0.43192129583333333 0.091015625 0.43020833333333336 0.094921875 0.4336805541666667 0.1017578125 0.44583333333333336 0.1056640625 0.4666666666666667 0.1080078125 0.4708333333333333 0.1091796875 0.4708333333333333 0.1095703125 0.4701388875 0.1125 0.4545138875 0.1125 0.4197916666666667 0.1115234375 0.41458333333333336 0.1095703125 0.4076388875
0 0.1453125 0.3295138875 0.135546875 0.3260416666666667 0.1228515625 0.33819444375 0.1169921875 0.3555555541666667 0.1150390625 0.3798611104166667 0.1189453125 0.40069444375 0.12578125 0.4128472208333333 0.1287109390625 0.41458333333333336 0.1384765625 0.41458333333333336 0.1453125 0.409375 0.1521484375 0.3972222208333333 0.1546875 0.38368055416666663 0.1546875 0.3529513875 0.1521484375 0.3416666666666667 0.1453125 0.3295138875
0 0.1978515625 0.27777777708333334 0.1861328125 0.27777777708333334 0.1783203125 0.28472222291666666 0.171484375 0.30034722291666666 0.167578125 0.32118055624999997 0.171484375 0.35243055624999997 0.1783203125 0.3645833333333333 0.1841796875 0.36805555624999997 0.191015625 0.36631944375000003 0.1998046875 0.3611111104166667 0.206640625 0.3489583333333333 0.209375 0.33680555624999997 0.209375 0.29618055625 0.20859375 0.29340277708333334 0.1978515625 0.27777777708333334
0 0.2875 0.2538194458333333 0.271875 0.25034722291666667 0.262109375 0.25729166666666664 0.2494140625 0.2798611125 0.2494140625 0.28680555625 0.2455078125 0.29375 0.2455078125 0.325 0.2513671875 0.3458333333333333 0.26015625 0.3579861125 0.2642578125 0.36041666666666666 0.274804690625 0.36041666666666666 0.2806640625 0.35972222291666667 0.29140625 0.35104166666666664 0.3001953125 0.32847222291666667 0.3015625 0.32118055624999997 0.3015625 0.28472222291666666 0.2962890625 0.26597222291666667 0.2875 0.2538194458333333
0 0.2 0.2467013875 0.1921875 0.25017361041666664 0.18828125 0.25364583333333335 0.1794921875 0.27274305416666667 0.18046875 0.28489583333333335 0.186328125 0.2779513875 0.19609375 0.2779513875 0.205859375 0.28489583333333335 0.2107421875 0.30399305416666667 0.2146484375 0.30399305416666667 0.215625 0.30052083333333335 0.215625 0.2670386895833333 0.209765625 0.25364583333333335 0.2 0.2467013875
0 0.2580078125 0.21006944375 0.2580078125 0.23784722291666668 0.2625 0.24583333333333332 0.2640625 0.24583333333333332 0.2658203125 0.24479166666666666 0.2677734375 0.21354166666666666 0.274609375 0.20138888958333334 0.282421875 0.19444444375 0.290234375 0.19444444375 0.290625 0.19236111041666665 0.290625 0.18819444375 0.28828125 0.18402777708333332 0.2789062484375 0.18125 0.275911459375 0.18125 0.2619140625 0.19618055625 0.2580078125 0.21006944375
0 0.36796875 0.15347222083333334 0.362109375 0.15694444375 0.3513671875 0.17951388750000002 0.3494140625 0.18993055416666668 0.3513671875 0.21423611041666665 0.3651141828125 0.23541666666666666 0.37773436718750003 0.23541666666666666 0.3806640625 0.23506944375 0.385546875 0.23333333333333334 0.3962890625 0.21076388750000002 0.396875 0.20868055416666667 0.396875 0.1767094 0.385546875 0.15347222083333334 0.36796875 0.15347222083333334
0 0.5494140625 0.10833333333333334 0.5376953125 0.10486111041666667 0.5357421875 0.1013888875 0.5240234375 0.10833333333333334 0.515234375 0.12395833333333334 0.51328125 0.13090277708333334 0.51328125 0.15173611041666665 0.5171875 0.165625 0.5240234375 0.17777777708333334 0.5302734390625 0.18333333333333332 0.5404296828125 0.18333333333333332 0.542578125 0.18298611041666665 0.5513671875 0.17777777708333334 0.55625 0.16909722083333334 0.558203125 0.16215277708333334 0.558203125 0.134375 0.559375 0.13229166666666667 0.559375 0.12840277708333334 0.5552734375 0.11527777708333334 0.5494140625 0.10833333333333334