1 0.589453125 0.09375 0.58359375 0.09722222291666666 0.5748046875 0.11284722291666666 0.5728515625 0.13020833333333334 0.5748046875 0.13368055625 0.5748046875 0.14409722291666668 0.585546875 0.16319444375 0.59140625 0.16666666666666666 0.5982421875 0.16493055625 0.603125 0.16319444375 0.6119140625 0.14756944375 0.6125 0.14548611041666665 0.6125 0.11691919166666667 0.603125 0.09722222291666666 0.589453125 0.09375
1 0.557421875 0.090625 0.553515625 0.09409722291666665 0.5466796875 0.10972222291666665 0.5466796875 0.13402777916666667 0.557421875 0.153125 0.5609375 0.15625 0.5630859421875 0.15625 0.5701171875 0.15486111249999998 0.5740234375 0.15138888958333335 0.5720703125 0.12013888958333332 0.575 0.11232638958333332 0.575 0.10104166875 0.57109375 0.09409722291666665 0.557421875 0.090625
1 0.534765625 0.0796875 0.523046875 0.08315972291666666 0.5201171875 0.09184027916666666 0.526953125 0.0970486125 0.5337890625 0.11614583333333334 0.5319056921875001 0.13958333333333334 0.540380859375 0.13958333333333334 0.5455078125 0.1335069458333333 0.5474609375 0.12309027916666666 0.5474609375 0.10572916666666667 0.5484375 0.10399305625 0.5484375 0.09878472291666666 0.5474609375 0.0953125 0.534765625 0.0796875
1 0.5224609375 0.09409722291666665 0.5166015625 0.090625 0.5048828125 0.09409722291666665 0.4984375 0.10555555624999999 0.4984375 0.13263888958333334 0.5 0.14097222291666667 0.510503471875 0.15625 0.5125000046875 0.15625 0.51953125 0.15486111249999998 0.5244140625 0.153125 0.5328125 0.13819444374999998 0.5328125 0.11180555625 0.53125 0.10625 0.5224609375 0.09409722291666665
1 0.486328125 0.16840277708333332 0.498046875 0.15104166666666666 0.5 0.140625 0.498046875 0.12326388958333333 0.49609375 0.11631944375 0.4873046875 0.10416666666666667 0.4814453125 0.10069444375 0.4716796875 0.10416666666666667 0.466796875 0.109375 0.4609375 0.1267361104166667 0.462890625 0.15451388958333334 0.4736328125 0.17013888958333334 0.486328125 0.16840277708333332
1 0.4869140625 0.08645833333333333 0.4732421875 0.08993055416666666 0.46640625 0.10555555416666666 0.4869140625 0.10381944375 0.49342447968750003 0.1125 0.495703125 0.1125 0.496875 0.11041666666666666 0.496875 0.09722222083333333 0.4927734375 0.08993055416666666 0.4869140625 0.08645833333333333
1 0.44765625 0.1013888875 0.4369140625 0.1170138875 0.4349609375 0.12395833333333334 0.4349609375 0.14479166666666668 0.441796875 0.16041666666666668 0.4453125015625 0.1625 0.4562499953125 0.1625 0.4583984375 0.16215277708333334 0.4623046875 0.15868055416666668 0.4603515625 0.12395833333333334 0.4640625 0.1140625 0.4640625 0.11305555625 0.459375 0.1013888875 0.44765625 0.1013888875
1 0.573828125 0.08055555416666667 0.562109375 0.08055555416666667 0.5572265625 0.08923611041666667 0.56796875 0.09097222083333333 0.57643229375 0.1 0.58125 0.1 0.58125 0.09081790000000001 0.573828125 0.08055555416666667
1 0.55078125 0.07118055625 0.5576171875 0.06944444375 0.55859375 0.060763889583333335 0.5498046875 0.052083333333333336 0.53515625 0.060763889583333335 0.5361328125 0.07291666666666667 0.55078125 0.07118055625
1 0.589453125 0.06423611041666667 0.5919921875 0.06875 0.6021484312500001 0.06875 0.615625 0.06779166666666667 0.615625 0.06145833333333333 0.61484375 0.057291666666666664 0.6065569187500001 0.04583333333333333 0.6048828140625 0.04583333333333333 0.5943359375 0.052083333333333336 0.589453125 0.06423611041666667
1 0.63984375 0.04895833125 0.6330078125 0.0576388875 0.6339626734375 0.07291666666666667 0.6388671703125001 0.07291666666666667 0.6578125 0.07156944375 0.6578125 0.060300925 0.649609375 0.04895833125 0.63984375 0.04895833125
0 0.8544921875 0.10451388958333332 0.85 0.10930555625 0.85 0.11054292916666666 0.8598557687499999 0.13125 0.8644531265625 0.13125 0.8671875 0.13055555624999998 0.86875 0.12222222291666666 0.86875 0.11944444583333333 0.8603515625 0.10451388958333332 0.8544921875 0.10451388958333332
0 0.8697265625 0.12534722083333333 0.866796875 0.13055555416666667 0.8677734375 0.1357638875 0.876074221875 0.14166666666666666 0.8828124921875 0.14166666666666666 0.8859375 0.14104938125000002 0.8859375 0.14040403958333333 0.8755859375 0.12534722083333333 0.8697265625 0.12534722083333333