1 0.5537109375 0.38194444375000003 0.5380859375 0.38194444375000003 0.5205078125 0.3923611104166667 0.501953125 0.421875 0.4921875 0.4635416666666667 0.4921875 0.48784722291666666 0.5 0.52256944375 0.5107421875 0.5416666666666666 0.5283203125 0.5625 0.5322265625 0.5625 0.5439453125 0.5729166666666666 0.55078125 0.5711805562500001 0.5712890625 0.5625 0.58984375 0.5329861104166667 0.59765625 0.50868055625 0.599609375 0.46006944375000003 0.591796875 0.42534722291666666 0.5791015625 0.40277777708333334 0.5654296875 0.3888888895833333 0.5537109375 0.38194444375000003
1 0.451171875 0.15451388958333334 0.447265625 0.16840277708333332 0.447265625 0.18576388958333334 0.451171875 0.19965277708333332 0.4638671875 0.21527777708333332 0.48046875 0.21354166666666666 0.494140625 0.19270833333333334 0.49609375 0.18576388958333334 0.49609375 0.15798611041666666 0.494140625 0.15104166666666666 0.4814453125 0.13194444375 0.4638671875 0.13194444375 0.4599609375 0.13541666666666666 0.451171875 0.15451388958333334
1 0.4365234375 0.09375 0.4267578125 0.09375 0.4140625 0.10590277708333334 0.41015625 0.11979166666666667 0.41015625 0.13368055625 0.4140625 0.13368055625 0.4208984375 0.11805555625 0.4267578125 0.11458333333333333 0.4404296875 0.11458333333333333 0.4462890625 0.125 0.44921875 0.12326388958333333 0.44921875 0.11631944375 0.4404296875 0.09722222291666666 0.4365234375 0.09375
1 0.47265625 0.109375 0.4765625 0.11979166666666667 0.4833984375 0.12847222291666666 0.49609375 0.1267361104166667 0.4990234375 0.125 0.505859375 0.109375 0.505859375 0.08506944375 0.4970703125 0.06944444375 0.4833984375 0.06944444375 0.4794921875 0.07291666666666667 0.47265625 0.08854166666666667 0.47265625 0.109375
1 0.56640625 0.078125 0.564453125 0.10243055625 0.5751953125 0.125 0.5791015625 0.12847222291666666 0.58984375 0.1267361104166667 0.599609375 0.11284722291666666 0.6015625 0.10590277708333334 0.6015625 0.08506944375 0.599609375 0.078125 0.5908203125 0.06597222291666667 0.5849609375 0.0625 0.5732421875 0.06597222291666667 0.56640625 0.078125
1 0.5517578125 0.10763888958333333 0.564453125 0.10590277708333334 0.564453125 0.08854166666666667 0.572265625 0.06423611041666667 0.5654296875 0.052083333333333336 0.5517578125 0.052083333333333336 0.5478515625 0.05555555625 0.541015625 0.07118055625 0.541015625 0.08506944375 0.5517578125 0.10763888958333333
1 0.640625 0.09895833333333333 0.640625 0.11284722291666666 0.6533203125 0.11458333333333333 0.6611328125 0.12152777708333334 0.6708984375 0.14236111041666666 0.673828125 0.140625 0.677734375 0.13368055625 0.677734375 0.11284722291666666 0.6796875 0.109375 0.677734375 0.09895833333333333 0.6650390625 0.07986111041666667 0.6513671875 0.07986111041666667 0.6474609375 0.08333333333333333 0.640625 0.09895833333333333
1 0.6650390625 0.07986111041666667 0.6767578125 0.09722222291666666 0.681640625 0.09548611041666667 0.681640625 0.078125 0.6748046875 0.05902777708333333 0.6669921875 0.052083333333333336 0.6572265625 0.052083333333333336 0.6484375 0.06423611041666667 0.6494140625 0.08333333333333333 0.6533203125 0.07986111041666667 0.6650390625 0.07986111041666667
1 0.720703125 0.109375 0.7255859375 0.11805555625 0.728515625 0.11631944375 0.7333984375 0.10763888958333333 0.7392578125 0.10416666666666667 0.75 0.10590277708333334 0.75 0.08854166666666667 0.7373046875 0.06944444375 0.7255859375 0.07291666666666667 0.71875 0.08854166666666667 0.720703125 0.109375
1 0.791015625 0.15451388958333334 0.791015625 0.171875 0.794921875 0.18576388958333334 0.8056640625 0.20486111041666666 0.8095703125 0.20833333333333334 0.81640625 0.20659722291666668 0.8212890625 0.20486111041666666 0.830078125 0.18576388958333334 0.830078125 0.16145833333333334 0.828125 0.15104166666666666 0.8154296875 0.13194444375 0.8017578125 0.13194444375 0.794921875 0.140625 0.791015625 0.15451388958333334
0 0.900390625 0.24131944375 0.908203125 0.265625 0.91796875 0.27256944375000003 0.923828125 0.24479166666666666 0.93359375 0.234375 0.93359375 0.22395833333333334 0.9296875 0.21006944375 0.9228515625 0.19791666666666666 0.9091796875 0.19444444375 0.90234375 0.21006944375 0.900390625 0.24131944375
0 0.830078125 0.14409722291666668 0.8408203125 0.15625 0.849609375 0.15451388958333334 0.85546875 0.140625 0.85546875 0.12326388958333333 0.853515625 0.11631944375 0.8408203125 0.09722222291666666 0.8310546875 0.10069444375 0.826171875 0.11631944375 0.826171875 0.13020833333333334 0.830078125 0.14409722291666668
0 0.7333984375 0.10763888958333333 0.724609375 0.12326388958333333 0.724609375 0.15451388958333334 0.7353515625 0.17708333333333334 0.7412109375 0.18055555625 0.75390625 0.17881944375 0.763671875 0.16493055625 0.765625 0.15451388958333334 0.765625 0.13715277708333332 0.76171875 0.12326388958333333 0.7509765625 0.10763888958333333 0.7451171875 0.10763888958333333 0.7431640625 0.10416666666666667 0.7333984375 0.10763888958333333
0 0.6796875 0.10590277708333334 0.677734375 0.11284722291666666 0.677734375 0.13368055625 0.681640625 0.14756944375 0.6923828125 0.16319444375 0.6962890625 0.16666666666666666 0.705078125 0.16493055625 0.7119140625 0.15972222291666668 0.716796875 0.15104166666666666 0.71875 0.14409722291666668 0.71875 0.11979166666666667 0.7080078125 0.09722222291666666 0.6943359375 0.09027777708333334 0.6845703125 0.09722222291666666 0.6796875 0.10590277708333334
0 0.6337890625 0.11805555625 0.623046875 0.140625 0.623046875 0.16840277708333332 0.625 0.17534722291666668 0.6416015625 0.20138888958333334 0.654296875 0.19965277708333332 0.6611328125 0.19444444375 0.66796875 0.18229166666666666 0.671875 0.16840277708333332 0.671875 0.14409722291666668 0.6611328125 0.12152777708333334 0.6533203125 0.11458333333333333 0.6396484375 0.11458333333333333 0.6337890625 0.11805555625
0 0.4345703125 0.3958333333333333 0.4326171875 0.39930555624999997 0.4208984375 0.40277777708333334 0.4033203125 0.4201388895833333 0.39453125 0.4357638895833333 0.384765625 0.4739583333333333 0.384765625 0.48090277708333334 0.38671875 0.484375 0.38671875 0.5052083333333334 0.390625 0.5260416666666666 0.4033203125 0.5555555562500001 0.4111328125 0.5659722229166667 0.4306640625 0.5798611104166667 0.447265625 0.578125 0.4619140625 0.5694444437499999 0.48046875 0.5434027770833333 0.48828125 0.515625 0.490234375 0.48090277708333334 0.482421875 0.4392361104166667 0.4716796875 0.4166666666666667 0.4521484375 0.39930555624999997 0.4345703125 0.3958333333333333
0 0.435546875 0.36631944375000003 0.4267578125 0.35069444375000003 0.4169921875 0.34027777708333334 0.4033203125 0.33680555624999997 0.4013671875 0.3333333333333333 0.3837890625 0.34027777708333334 0.36328125 0.3697916666666667 0.357421875 0.390625 0.35546875 0.42534722291666666 0.359375 0.44618055624999997 0.3720703125 0.47569444375000003 0.3779296875 0.4826388895833333 0.38671875 0.48090277708333334 0.38671875 0.4670138895833333 0.39453125 0.4357638895833333 0.4052734375 0.4166666666666667 0.4130859375 0.40625 0.4306640625 0.3958333333333333 0.44140625 0.39409722291666666 0.44140625 0.38715277708333334 0.435546875 0.36631944375000003
0 0.5078125 0.26909722291666666 0.4990234375 0.25694444375 0.4873046875 0.25 0.4716796875 0.25 0.4560546875 0.26388888958333334 0.443359375 0.28993055624999997 0.44140625 0.30034722291666666 0.44140625 0.3385416666666667 0.447265625 0.359375 0.4677734375 0.3854166666666667 0.490234375 0.38368055624999997 0.5048828125 0.36805555624999997 0.513671875 0.3489583333333333 0.517578125 0.33506944375000003 0.517578125 0.3177083333333333 0.51953125 0.3142361104166667 0.517578125 0.3107638895833333 0.517578125 0.296875 0.5078125 0.26909722291666666
0 0.3017578125 0.30555555624999997 0.2939453125 0.2986111104166667 0.2783203125 0.2986111104166667 0.2666015625 0.30902777708333334 0.255859375 0.33159722291666666 0.25390625 0.3420138895833333 0.25390625 0.3802083333333333 0.2626953125 0.40625 0.2763671875 0.4166666666666667 0.29296875 0.41493055624999997 0.3037109375 0.40625 0.30859375 0.39409722291666666 0.314453125 0.3732638895833333 0.314453125 0.35590277708333334 0.31640625 0.3489583333333333 0.314453125 0.3454861104166667 0.3125 0.32465277708333334 0.3017578125 0.30555555624999997
0 0.314453125 0.15104166666666666 0.310546875 0.16493055625 0.310546875 0.18229166666666666 0.3125 0.18923611041666666 0.3251953125 0.20486111041666666 0.330078125 0.203125 0.3349609375 0.20138888958333334 0.345703125 0.17881944375 0.345703125 0.15798611041666666 0.34375 0.15104166666666666 0.3349609375 0.13888888958333334 0.3251953125 0.13888888958333334 0.3212890625 0.14236111041666666 0.314453125 0.15104166666666666
0 0.359375 0.13368055625 0.3701171875 0.15625 0.3740234375 0.15972222291666668 0.384765625 0.15798611041666666 0.39453125 0.13715277708333332 0.39453125 0.11631944375 0.392578125 0.109375 0.3857421875 0.10069444375 0.3759765625 0.09722222291666666 0.36328125 0.11284722291666666 0.359375 0.12326388958333333 0.359375 0.13368055625
0 0.41015625 0.140625 0.41015625 0.16145833333333334 0.4140625 0.17534722291666668 0.4267578125 0.19097222291666668 0.431640625 0.18923611041666666 0.4423828125 0.18402777708333332 0.447265625 0.17534722291666668 0.447265625 0.16840277708333332 0.453125 0.15104166666666666 0.451171875 0.13020833333333334 0.4384765625 0.11111111041666667 0.4208984375 0.11805555625 0.41015625 0.140625
1 0.361328125 0.1267361104166667 0.3642578125 0.11111111041666667 0.3740234375 0.10069444375 0.380859375 0.09895833333333333 0.3740234375 0.09375 0.3662109375 0.09722222291666666 0.357421875 0.11631944375 0.357421875 0.1267361104166667 0.361328125 0.1267361104166667
0 0.5 0.07465277708333334 0.505859375 0.08506944375 0.5078125 0.109375 0.5107421875 0.11458333333333333 0.521484375 0.11284722291666666 0.5244140625 0.11111111041666667 0.53125 0.09548611041666667 0.533203125 0.08506944375 0.53125 0.07118055625 0.5205078125 0.05555555625 0.5087890625 0.05555555625 0.501953125 0.06423611041666667 0.5 0.07465277708333334