1 0.0884765625 0.40277777708333334 0.0787109375 0.40277777708333334 0.069921875 0.41840277708333334 0.06796875 0.42881944375000003 0.06796875 0.4635416666666667 0.0748046875 0.4791666666666667 0.0806640625 0.4826388895833333 0.0875 0.48090277708333334 0.0943359375 0.47569444375000003 0.0984375 0.46256944375 0.0984375 0.4200892854166666 0.0923828125 0.40625 0.0884765625 0.40277777708333334
1 0.0619140625 0.4510416666666667 0.0521484375 0.4510416666666667 0.0482421875 0.4545138875 0.043359375 0.4666666666666667 0.04140625 0.49444444375 0.047265625 0.5222222208333334 0.0542968765625 0.5291666666666667 0.058984375 0.5291666666666667 0.0638671875 0.5274305541666666 0.071875 0.5100308645833334 0.071875 0.47430555625 0.06875 0.46319444375 0.0619140625 0.4510416666666667
0 0.0599609375 0.4166666666666667 0.053125 0.42881944375000003 0.051171875 0.4392361104166667 0.0521484375 0.4513888895833333 0.066796875 0.44965277708333334 0.06875 0.42881944375000003 0.0703125 0.42604166666666665 0.0703125 0.42048611041666667 0.0697265625 0.41319444375000003 0.0599609375 0.4166666666666667
0 0.1357421875 0.2951388895833333 0.1298828125 0.2916666666666667 0.1240234375 0.2951388895833333 0.1171875 0.3072916666666667 0.115625 0.31284722083333333 0.115625 0.34270833333333334 0.1220703125 0.3541666666666667 0.134765625 0.35243055624999997 0.1421875 0.3326388895833333 0.1421875 0.31215277708333333 0.140625 0.30381944375000003 0.1357421875 0.2951388895833333
1 0.1404296875 0.28993055624999997 0.1404296875 0.3107638895833333 0.1423828125 0.3177083333333333 0.15066964375 0.32916666666666666 0.1531249984375 0.32916666666666666 0.1560546875 0.328125 0.1609375 0.3263888895833333 0.1658203125 0.3177083333333333 0.16875 0.3046875 0.16875 0.2795138895833333 0.1677734375 0.2760416666666667 0.15948660625 0.26458333333333334 0.1570312515625 0.26458333333333334 0.14921875 0.2673611104166667 0.1404296875 0.28993055624999997
0 0.1943359375 0.2677083333333333 0.19921875 0.2555555541666667 0.201171875 0.23124999791666667 0.1943359375 0.21562499791666667 0.1845703125 0.21562499791666667 0.173828125 0.23819444374999998 0.173828125 0.2555555541666667 0.182421875 0.2708333333333333 0.18437499375 0.2708333333333333 0.19140625 0.26944444375000004 0.1943359375 0.2677083333333333
1 0.2880859375 0.19756944583333333 0.294921875 0.18194444583333333 0.294921875 0.15763888958333333 0.2880859375 0.1454861125 0.2783203125 0.1454861125 0.2744140625 0.14895833541666667 0.267578125 0.16458333541666667 0.267578125 0.18541666874999999 0.2744140625 0.19756944583333333 0.2771484359375 0.2 0.281250003125 0.2 0.283203125 0.19930555625000002 0.2880859375 0.19756944583333333
0 0.348828125 0.1142361125 0.33515625 0.12118055624999999 0.3283203125 0.13680555625000002 0.3283203125 0.15416666874999999 0.3365234359375 0.16875 0.3458984484375 0.16875 0.3517578125 0.16805555625000002 0.3576171875 0.15763888958333333 0.3609375 0.14288194583333333 0.3609375 0.1376736125 0.3576171875 0.12291666875 0.348828125 0.1142361125
1 0.41640625 0.09548611041666667 0.41640625 0.11631944375 0.42667100781249995 0.13125 0.4306640609375 0.13125 0.4359375 0.13020833333333334 0.445703125 0.11631944375 0.446875 0.10381944375 0.446875 0.09370039583333334 0.4408203125 0.07986111041666667 0.4314453109375 0.07708333333333334 0.4284877234375 0.07708333333333334 0.418359375 0.08854166666666667 0.41640625 0.09548611041666667
1 0.5029296875 0.0548611125 0.494140625 0.06701388958333333 0.4921875 0.084375 0.5025991578125 0.10625 0.5072265671875 0.10625 0.513671875 0.10520833333333333 0.5166015625 0.10347222291666666 0.5234375 0.08784722291666666 0.5234375 0.0704861125 0.5126953125 0.0548611125 0.5029296875 0.0548611125
0 0.408203125 0.30329861041666667 0.412109375 0.28940972291666667 0.412109375 0.2546875 0.408203125 0.24079861041666667 0.4013671875 0.22864583333333333 0.3935546875 0.22170138958333335 0.3818359375 0.21822916666666667 0.3701171875 0.22517361041666667 0.359375 0.24079861041666667 0.353515625 0.26163194375 0.353515625 0.28940972291666667 0.3623046875 0.3154513895833333 0.3740234375 0.32586805625 0.3815429671875 0.32708333333333334 0.38603515625 0.32708333333333334 0.3974609375 0.3223958333333333 0.408203125 0.30329861041666667
0 0.3513671875 0.3711805541666667 0.3416015625 0.3607638875 0.3201171875 0.3572916666666667 0.3083984375 0.3642361104166667 0.295703125 0.38333333333333336 0.28984375 0.40069444375 0.287890625 0.42152777708333333 0.2859375 0.425 0.28984375 0.46319444375 0.30169270937500003 0.4875 0.31328125 0.4875 0.3474609375 0.47881944375 0.3552734375 0.471875 0.36015625 0.45625 0.362109375 0.4284722208333333 0.3625 0.42777777708333337 0.3625 0.4111111104166667 0.36015625 0.39027777708333333 0.3513671875 0.3711805541666667
1 0.5314453125 0.29618055625 0.51484375 0.2701388895833333 0.505078125 0.26319444583333335 0.489453125 0.26319444583333335 0.4796875 0.2701388895833333 0.471875 0.28055555625 0.4630859375 0.29965277916666666 0.459375 0.3326388895833333 0.459375 0.33541666666666664 0.4650390625 0.365625 0.47578125 0.38472222291666663 0.4906249984375 0.39791666666666664 0.494140628125 0.39791666666666664 0.4982421875 0.396875 0.508984375 0.3951388895833333 0.516796875 0.38819444583333335 0.52265625 0.38125 0.5314453125 0.36215277916666666 0.534375 0.34913194583333335 0.534375 0.3109375 0.5314453125 0.303125 0.5314453125 0.29618055625
0 0.553515625 0.23611111041666666 0.545703125 0.24305555625 0.5330078125 0.265625 0.5291015625 0.2864583333333333 0.5310546875 0.30381944375000003 0.5349609375 0.3142361104166667 0.5369140625 0.33506944375000003 0.5515625 0.3576388895833333 0.55625 0.36041666666666666 0.5656249953125 0.36041666666666666 0.5779296875 0.359375 0.58671875 0.35069444375000003 0.5994140625 0.32465277708333334 0.6 0.32152777708333335 0.6 0.2746527791666667 0.5974609375 0.265625 0.58671875 0.24652777708333332 0.575 0.23611111041666666 0.5671875 0.23611111041666666 0.565625 0.23333333333333334 0.56484375 0.23333333333333334 0.56328125 0.23611111041666666 0.553515625 0.23611111041666666
0 0.6787109375 0.18819444375 0.6689453125 0.17777777708333334 0.6552734375 0.17430555416666668 0.6416015625 0.18472222083333334 0.6328125 0.20381944375 0.6328125 0.21770833333333334 0.63125 0.22048611041666666 0.63125 0.22534722083333333 0.6328125 0.24201388750000002 0.638671875 0.259375 0.6494140625 0.275 0.6529296890625 0.27708333333333335 0.6669921796875 0.27708333333333335 0.669921875 0.2767361104166667 0.6767578125 0.27152777708333337 0.6875 0.25243055416666665 0.6890625 0.24409722083333335 0.6890625 0.21597222291666668 0.685546875 0.20034722083333334 0.6787109375 0.18819444375
0 0.561328125 0.11493055416666667 0.545703125 0.11493055416666667 0.5330078125 0.13055555416666667 0.5310546875 0.13749999791666667 0.5310546875 0.16527777708333333 0.541796875 0.18784722083333336 0.550097659375 0.19375 0.5544921828125 0.19375 0.5564453125 0.19305555416666667 0.56328125 0.19131944374999998 0.5720703125 0.17916666458333333 0.575 0.17135416458333333 0.575 0.1375 0.5740234375 0.13402777708333333 0.561328125 0.11493055416666667
0 0.7529296875 0.10104166666666667 0.7412109375 0.10104166666666667 0.7328125 0.11597222291666666 0.7328125 0.1417929291666667 0.7431640625 0.16354166666666667 0.7466796875 0.16666666666666666 0.7488281296875 0.16666666666666666 0.755859375 0.16527777916666667 0.765625 0.15138888958333335 0.7671875 0.14583333541666665 0.7671875 0.12626262708333333 0.7568359375 0.10451388958333332 0.7529296875 0.10104166666666667
0 0.7708984375 0.07569444583333333 0.7591796875 0.07569444583333333 0.754296875 0.084375 0.758203125 0.10520833333333333 0.7686147828125 0.12708333333333333 0.771679690625 0.12708333333333333 0.77578125 0.12604166666666666 0.78125 0.11631944375 0.78125 0.09375 0.777734375 0.084375 0.7708984375 0.07569444583333333
0 0.744921875 0.08055555416666667 0.733203125 0.08402777708333334 0.7263671875 0.09618055416666667 0.7263671875 0.11354166666666667 0.7288281249999999 0.12083333333333333 0.7316406234375 0.12083333333333333 0.7322265625 0.12048611041666667 0.741015625 0.1013888875 0.752734375 0.1013888875 0.7546875 0.10486111041666667 0.7546875 0.09270833333333334 0.7537109375 0.08923611041666667 0.744921875 0.08055555416666667
1 0.5982421875 0.0829861125 0.5875 0.0986111125 0.585546875 0.11597222291666666 0.5875 0.12638888958333333 0.5982421875 0.1454861125 0.6009765625 0.14791666666666667 0.6050781234375 0.14791666666666667 0.60703125 0.14722222083333333 0.60703125 0.11597222291666666 0.6177734375 0.10034722291666666 0.6203125 0.092824075 0.6203125 0.09128086458333334 0.6119140625 0.0829861125 0.5982421875 0.0829861125
0 0.5982421875 0.0829861125 0.5875 0.0986111125 0.585546875 0.11597222291666666 0.5875 0.12638888958333333 0.5982421875 0.1454861125 0.6009765625 0.14791666666666667 0.6050781234375 0.14791666666666667 0.60703125 0.14722222083333333 0.60703125 0.11597222291666666 0.6177734375 0.10034722291666666 0.6203125 0.092824075 0.6203125 0.09128086458333334 0.6119140625 0.0829861125 0.5982421875 0.0829861125
0 0.5765625 0.05520833333333333 0.578125 0.08854166666666667 0.5810546875 0.09375 0.587890625 0.09201388958333333 0.58984375 0.08159722291666666 0.603125 0.06135912708333333 0.603125 0.059722222916666665 0.599609375 0.05034722291666667 0.5927734375 0.041666666666666664 0.5791015625 0.041666666666666664 0.5765625 0.04618055625 0.5765625 0.05520833333333333
0 0.565234375 0.05954861041666667 0.5515625 0.05954861041666667 0.5466796875 0.06822916666666666 0.5466796875 0.07170138958333333 0.553515625 0.08038194375 0.56474609375 0.08125 0.575 0.08125 0.575 0.0800662875 0.565234375 0.05954861041666667
1 0.5828125 0.0421875 0.5759765625 0.05086805625 0.5759765625 0.061284722916666666 0.5798828125 0.07170138958333333 0.5798828125 0.0875 0.588134765625 0.0875 0.5896484375 0.08211805624999999 0.6 0.06678240625 0.6 0.055823864583333334 0.590625 0.0421875 0.5828125 0.0421875
1 0.63125 0.056319443749999996 0.63125 0.058333333333333334 0.634765625 0.06770833333333333 0.634765625 0.08159722291666666 0.6376953125 0.09027777708333334 0.6435546875 0.09375 0.650390625 0.09201388958333333 0.6578125 0.07881944375000001 0.6578125 0.05672348541666667 0.6474609375 0.041666666666666664 0.6396484375 0.041666666666666664 0.6357421875 0.045138889583333335 0.63125 0.056319443749999996
1 0.67734375 0.04930555416666667 0.671484375 0.05625 0.667578125 0.05625 0.6607421875 0.071875 0.6607421875 0.08229166666666667 0.670703125 0.1 0.68164061875 0.1 0.6841796875 0.09965277708333334 0.6880859375 0.09270833333333334 0.6880859375 0.08229166666666667 0.6890625 0.08055555625 0.6890625 0.071875 0.6880859375 0.06493055416666667 0.67734375 0.04930555416666667
0 0.6921875 0.04461805625 0.6853515625 0.05329861041666666 0.6892578125 0.07413194375000001 0.6892578125 0.08802083333333334 0.6921875 0.09322916666666667 0.6948242203125 0.09375 0.7018310546875 0.09375 0.709375 0.08302083333333334 0.709375 0.06421682083333333 0.701953125 0.048090277083333334 0.6921875 0.04461805625