1 0.5634765625 0.5663194458333333 0.5693359375 0.5663194458333333 0.5859375 0.54375 0.595703125 0.5194444458333334 0.6015625 0.47430555625 0.599609375 0.4708333333333333 0.59765625 0.4465277791666667 0.591796875 0.4256944458333333 0.5791015625 0.403125 0.5654296875 0.3892361125 0.5537109375 0.38229166666666664 0.5380859375 0.38229166666666664 0.5205078125 0.3927083333333333 0.50390625 0.41875 0.498046875 0.4361111125 0.4921875 0.4777777791666667 0.494140625 0.48125 0.49609375 0.5090277791666666 0.5 0.5229166666666667 0.5146484375 0.5489583333333333 0.537751115625 0.5729166666666666 0.541796884375 0.5729166666666666 0.556640625 0.5715277791666666 0.5634765625 0.5663194458333333
1 0.4791015625 0.1326388875 0.4654296875 0.1326388875 0.4556640625 0.13958333333333334 0.448828125 0.15173611041666665 0.444921875 0.16909722083333334 0.446875 0.19340277708333334 0.4517578125 0.20555555416666668 0.46022135625000005 0.21458333333333332 0.476367178125 0.21458333333333332 0.480078125 0.21423611041666665 0.49375 0.19340277708333334 0.4953125 0.18506944374999998 0.4953125 0.1607638875 0.491796875 0.14826388750000002 0.4791015625 0.1326388875
1 0.45625 0.10798611041666667 0.454296875 0.1045138875 0.442578125 0.10798611041666667 0.4337890625 0.1201388875 0.4298828125 0.13402777708333333 0.4298828125 0.1513888875 0.4337890625 0.16527777708333333 0.43980468906250003 0.17291666666666666 0.4435546828125 0.17291666666666666 0.4455078125 0.17222222083333336 0.4494140625 0.1513888875 0.45625 0.13923611041666667 0.4703125 0.13090277708333334 0.4703125 0.12256944375 0.462109375 0.10798611041666667 0.45625 0.10798611041666667
1 0.3646484375 0.09670138958333332 0.355859375 0.10885416666666667 0.35390625 0.11579861041666667 0.3548828125 0.12795138958333332 0.3705078125 0.12447916666666667 0.3763671875 0.13489583333333333 0.37783203125 0.13541666666666666 0.38193359375 0.13541666666666666 0.384375 0.1310763895833333 0.384375 0.10746527708333334 0.3783203125 0.09670138958333332 0.3646484375 0.09670138958333332
1 0.49296875 0.06527777916666667 0.483203125 0.06875 0.4744140625 0.084375 0.4744140625 0.10868055624999999 0.479296875 0.12083333333333333 0.4863281234375 0.12708333333333333 0.4906250046875 0.12708333333333333 0.4958984375 0.12604166666666666 0.50078125 0.12430555624999999 0.50625 0.11458333541666667 0.50625 0.08032407500000001 0.5046875 0.07569444583333333 0.49296875 0.06527777916666667
1 0.591015625 0.065625 0.58515625 0.06215277708333333 0.5734375 0.065625 0.5666015625 0.07777777708333335 0.5646484375 0.10208333333333333 0.575390625 0.12465277708333335 0.578125 0.12708333333333333 0.5857421828125 0.12708333333333333 0.5900390625 0.1263888875 0.5998046875 0.1125 0.6015625 0.10624999791666667 0.6015625 0.08402777708333334 0.5998046875 0.07777777708333335 0.591015625 0.065625
1 0.5521484375 0.05173611041666667 0.5482421875 0.05520833333333333 0.54140625 0.07083333333333333 0.54140625 0.08472222083333333 0.55165264375 0.10625 0.55976561875 0.10625 0.56484375 0.10555555416666666 0.56484375 0.08819444375 0.571875 0.06631944375 0.571875 0.06249999791666667 0.5658203125 0.05173611041666667 0.5521484375 0.05173611041666667
1 0.6646484375 0.08055555416666667 0.6490234375 0.08055555416666667 0.63828125 0.103125 0.63828125 0.12395833333333334 0.6490234375 0.14652777708333334 0.6552734390625 0.15208333333333332 0.6638671828125 0.15208333333333332 0.665625 0.15173611041666665 0.671484375 0.14131944375 0.671484375 0.1170138875 0.6765625 0.10497685208333334 0.6765625 0.10034722083333333 0.675390625 0.09618055416666667 0.6646484375 0.08055555416666667
1 0.6669921875 0.0515625 0.6572265625 0.0515625 0.6484375 0.06371527708333333 0.646875 0.07204861041666667 0.646875 0.0748263875 0.6494140625 0.07934027708333334 0.6650390625 0.07934027708333334 0.6689453125 0.0828125 0.6748046875 0.09670138958333332 0.67822265625 0.09791666666666667 0.67998046875 0.09791666666666667 0.68125 0.09565972083333334 0.68125 0.07651289583333334 0.6748046875 0.05850694375 0.6669921875 0.0515625
1 0.7375 0.06944444375 0.72578125 0.07291666666666667 0.7208984375 0.08159722291666666 0.7189453125 0.09201388958333333 0.7189453125 0.10243055625 0.7228515625 0.11631944375 0.739453125 0.12847222291666666 0.7443359375 0.1267361104166667 0.74921875 0.12152777708333334 0.7515625 0.11458333333333333 0.7515625 0.09340277708333335 0.7501953125 0.08854166666666667 0.7375 0.06944444375
1 0.8197265625 0.13576388958333335 0.8021484375 0.13229166666666667 0.7953125 0.14097222291666667 0.79140625 0.15486111249999998 0.793359375 0.17916666666666667 0.8060546875 0.20520833333333333 0.8095703125 0.20833333333333334 0.8117187546875 0.20833333333333334 0.81875 0.20694444583333332 0.8216796875 0.20520833333333333 0.8296875 0.18780864375 0.8296875 0.15763888958333333 0.828515625 0.15138888958333335 0.8197265625 0.13576388958333335
1 0.92265625 0.19791666666666666 0.908984375 0.19444444375 0.9001953125 0.21701388958333334 0.9001953125 0.24131944375 0.908984375 0.2673611104166667 0.916796875 0.27430555624999997 0.9197265625 0.27256944375000003 0.9216796875 0.25173611041666666 0.9265625 0.23958333333333334 0.9328125 0.23482142916666668 0.9328125 0.221875 0.9294921875 0.21006944375 0.92265625 0.19791666666666666
0 0.507421875 0.28541666666666665 0.49375 0.27152777708333337 0.48203125 0.27152777708333337 0.480078125 0.26805555416666665 0.478125 0.27152777708333337 0.468359375 0.27152777708333337 0.4625 0.27847222083333334 0.45859375 0.27847222083333334 0.4439453125 0.30451388749999997 0.4400390625 0.321875 0.4400390625 0.353125 0.4419921875 0.35659722083333334 0.4419921875 0.36701388749999997 0.452734375 0.4 0.4650390640625 0.4125 0.48281249062500003 0.4125 0.4869140625 0.41215277708333337 0.503515625 0.4 0.5142578125 0.38090277708333337 0.51875 0.3622685166666667 0.51875 0.31354166666666666 0.5142578125 0.29756944375 0.507421875 0.28541666666666665
0 0.4791015625 0.4395833333333333 0.4732421875 0.4256944458333333 0.4546875 0.403125 0.421484375 0.403125 0.415625 0.4100694458333333 0.41171875 0.4100694458333333 0.3931640625 0.4395833333333333 0.3853515625 0.47430555625 0.3853515625 0.5125 0.3873046875 0.5159722229166667 0.3873046875 0.5263888895833333 0.3912109375 0.5333333333333333 0.3912109375 0.5402777791666666 0.405859375 0.5663194458333333 0.41171875 0.5732638895833334 0.4287109359375 0.5833333333333334 0.4322265703125 0.5833333333333334 0.4439453125 0.5819444458333333 0.452734375 0.5802083333333333 0.464453125 0.5697916666666667 0.4654296875 0.5645833333333333 0.4830078125 0.53680555625 0.4869140625 0.5055555562499999 0.4875 0.5045138895833333 0.4875 0.48020833333333335 0.4869140625 0.4708333333333333 0.4791015625 0.4395833333333333
0 0.2224609375 0.4670138895833333 0.2166015625 0.4947916666666667 0.2166015625 0.5260416666666666 0.2234375 0.53125 0.2341796875 0.5503472229166667 0.246875 0.5902777770833333 0.252734375 0.5902777770833333 0.2546875 0.59375 0.2595703125 0.5920138895833333 0.268359375 0.5902777770833333 0.280078125 0.5798611104166667 0.2810546875 0.5746527770833333 0.2888671875 0.5642361104166667 0.2953125 0.5355902791666666 0.2953125 0.4979166666666667 0.2908203125 0.4739583333333333 0.280078125 0.4513888895833333 0.26640625 0.4375 0.244921875 0.4375 0.23125 0.4513888895833333 0.2224609375 0.4670138895833333
0 0.2314453125 0.6809027791666666 0.2421875 0.6548611125 0.24609375 0.6340277791666666 0.24609375 0.59930555625 0.244140625 0.5958333333333333 0.244140625 0.5854166666666667 0.234375 0.5541666666666667 0.2216796875 0.5315972229166667 0.2138671875 0.5246527791666666 0.2041015625 0.5246527791666666 0.2021484375 0.5211805562499999 0.1904296875 0.5246527791666666 0.1787109375 0.5350694458333333 0.16796875 0.5541666666666667 0.1640625 0.56805555625 0.162109375 0.5888888895833334 0.16015625 0.5923611125 0.162109375 0.63055555625 0.169921875 0.66180555625 0.1865234375 0.6878472229166667 0.196484375 0.69375 0.20937500468749998 0.69375 0.216796875 0.69305555625 0.2314453125 0.6809027791666666
0 0.3111328125 0.2951388895833333 0.3013671875 0.28819444375000003 0.2935546875 0.28819444375000003 0.2916015625 0.2916666666666667 0.2857421875 0.2916666666666667 0.2779296875 0.3020833333333333 0.265234375 0.328125 0.26328125 0.33506944375000003 0.26328125 0.3732638895833333 0.2759765625 0.39930555624999997 0.2896484375 0.40972222291666666 0.300390625 0.4079861104166667 0.3130859375 0.39930555624999997 0.319921875 0.38368055624999997 0.325 0.365625 0.325 0.3253472229166666 0.321875 0.3142361104166667 0.3111328125 0.2951388895833333
0 0.2751953125 0.27847222083333334 0.2615234375 0.27847222083333334 0.2537109375 0.28541666666666665 0.24296875 0.3079861104166667 0.2390625 0.32534722083333334 0.2390625 0.34618055416666665 0.24296875 0.36354166666666665 0.2517578125 0.37916666666666665 0.2552734390625 0.38125 0.2646484328125 0.38125 0.26640625 0.38090277708333337 0.264453125 0.37395833333333334 0.264453125 0.33576388749999997 0.2703125 0.31840277708333337 0.284375 0.29652777708333333 0.284375 0.2894675916666667 0.2830078125 0.28541666666666665 0.2751953125 0.27847222083333334
0 0.3169921875 0.23645833333333333 0.2994140625 0.22951388958333335 0.2896484375 0.23645833333333333 0.27890625 0.25555555625 0.276953125 0.2798611125 0.2857421875 0.2920138895833333 0.2994140625 0.28854166666666664 0.3111328125 0.2954861125 0.318359375 0.30833333333333335 0.320703125 0.30833333333333335 0.321875 0.3076388895833333 0.3265625 0.29375000208333335 0.3265625 0.25833333333333336 0.323828125 0.24861111249999998 0.3169921875 0.23645833333333333
0 0.369921875 0.12534722083333333 0.358203125 0.12534722083333333 0.3435546875 0.14791666458333333 0.3435546875 0.17569444374999998 0.350390625 0.18784722083333336 0.3570312515625 0.19375 0.36230468125000004 0.19375 0.3650390625 0.19305555416666667 0.369921875 0.19131944374999998 0.3767578125 0.17916666458333333 0.3796875 0.16875 0.3796875 0.14097222083333336 0.3787109375 0.13749999791666667 0.369921875 0.12534722083333333
0 0.326953125 0.13506944583333333 0.319140625 0.14201388958333333 0.3123046875 0.15416666874999999 0.3103515625 0.18194444583333333 0.3123046875 0.18888888958333333 0.32034039999999997 0.2 0.328710946875 0.2 0.3337890625 0.19930555625000002 0.33671875 0.19756944583333333 0.3421875 0.18506944583333332 0.3421875 0.14479166875 0.338671875 0.13854166874999999 0.326953125 0.13506944583333333
0 0.5208984375 0.05520833541666667 0.5091796875 0.05520833541666667 0.50234375 0.06388888958333333 0.50234375 0.07430555624999999 0.5052734375 0.07604166666666666 0.508203125 0.08472222291666666 0.508203125 0.10902777916666667 0.51015625 0.1125 0.521875 0.1125 0.5296875 0.10208333333333333 0.5328125 0.08263888958333333 0.5328125 0.07608024791666666 0.5248046875 0.05868055625 0.5208984375 0.05520833541666667
0 0.671875 0.11649305416666667 0.6703125 0.1248263875 0.6703125 0.13038194375 0.671875 0.14427083333333332 0.67578125 0.1546875 0.6865234375 0.1703125 0.6897460953125 0.17083333333333334 0.698291015625 0.17083333333333334 0.703125 0.16510416666666666 0.705078125 0.14427083333333332 0.7109375 0.13385416666666666 0.7125 0.12552083333333333 0.7125 0.12263621875000001 0.70044921875 0.09791666666666667 0.68203125 0.09791666666666667 0.6787109375 0.10086805416666667 0.671875 0.11649305416666667
0 0.7396484375 0.12881944583333332 0.7318359375 0.121875 0.7181640625 0.121875 0.71328125 0.12708333333333333 0.70546875 0.14791666666666667 0.70546875 0.17569444583333332 0.7201171875 0.20520833333333333 0.7253906234375 0.20833333333333334 0.7277343796875 0.20833333333333334 0.734765625 0.20694444583333332 0.7416015625 0.20173611249999998 0.7484375 0.18958333333333333 0.7515625 0.17291666666666666 0.7515625 0.16180555625 0.750390625 0.15138888958333335 0.7396484375 0.12881944583333332
0 0.840234375 0.096875 0.83046875 0.10034722083333333 0.8255859375 0.11597222083333333 0.8255859375 0.12986111041666668 0.8294921875 0.14375 0.834375 0.15243055416666668 0.8373046890625 0.15416666666666667 0.8490234375 0.15416666666666667 0.8546875 0.14074073958333333 0.8546875 0.12222222291666666 0.8529296875 0.11597222083333333 0.840234375 0.096875