1 0.22578125 0.18784722083333336 0.2140625 0.19131944374999998 0.2033203125 0.2138888875 0.2033203125 0.23819444374999998 0.2052734375 0.2451388875 0.21015625 0.25381944375 0.214257815625 0.25625 0.21894530781250002 0.25625 0.2208984375 0.2555555541666667 0.22578125 0.25381944375 0.2326171875 0.24166666458333333 0.2359375 0.22986111041666665 0.2359375 0.20486111041666666 0.2345703125 0.19999999791666667 0.22578125 0.18784722083333336
1 0.4087890625 0.09409722083333333 0.3951171875 0.09409722083333333 0.384375 0.10625 0.38046875 0.1201388875 0.38046875 0.14097222083333336 0.384375 0.1513888875 0.3912109375 0.16006944583333332 0.3939453125 0.1625 0.4003906203125 0.1625 0.40390625 0.16180555416666667 0.4107421875 0.15659722083333336 0.41875 0.13919753124999998 0.41875 0.11041666666666666 0.417578125 0.10625 0.4087890625 0.09409722083333333
1 0.630078125 0.6427083333333333 0.6203125 0.6322916666666667 0.602734375 0.6253472229166667 0.60078125 0.621875 0.571484375 0.621875 0.5421875 0.6427083333333333 0.5236328125 0.6722222229166667 0.5158203125 0.69305555625 0.5080078125 0.7277777791666666 0.5080078125 0.7416666666666667 0.50625 0.7447916666666666 0.50625 0.7496527791666666 0.5080078125 0.7902777791666666 0.5197265625 0.8319444458333333 0.534375 0.8579861125 0.55 0.8788194458333333 0.5611328109375 0.8854166666666666 0.56933595625 0.8854166666666666 0.5998046875 0.8840277791666666 0.6203125 0.871875 0.6447265625 0.8354166666666667 0.6544921875 0.8076388895833334 0.6583984375 0.78680555625 0.6583984375 0.7729166666666667 0.659375 0.77118055625 0.659375 0.7225694458333333 0.6525390625 0.6861111125 0.630078125 0.6427083333333333
1 0.5052734375 0.06215277708333333 0.4876953125 0.065625 0.47890625 0.08472222083333333 0.47890625 0.10208333333333333 0.4896484375 0.12465277708333335 0.4923828125 0.12708333333333333 0.4999999953125 0.12708333333333333 0.504296875 0.1263888875 0.5140625 0.1125 0.5171875 0.1013888875 0.5171875 0.08194444375000001 0.516015625 0.07777777708333335 0.5052734375 0.06215277708333333
1 0.5775390625 0.11875 0.5658203125 0.11180555416666667 0.5462890625 0.11875 0.53359375 0.14826388750000002 0.53359375 0.16215277708333334 0.5375 0.17951388750000002 0.54140625 0.18993055416666668 0.551193578125 0.20416666666666666 0.566992178125 0.20416666666666666 0.570703125 0.20381944375 0.5775390625 0.19861111041666665 0.584375 0.18645833333333334 0.5875 0.17534722083333334 0.5875 0.14201388750000002 0.586328125 0.13784722083333334 0.5775390625 0.11875
1 0.587109375 0.048611110416666665 0.5802734375 0.06423611041666667 0.58515625 0.07638888958333333 0.5880859375 0.07465277708333334 0.594921875 0.0625 0.609375 0.057361110416666666 0.609375 0.05704365 0.602734375 0.048611110416666665 0.587109375 0.048611110416666665
1 0.7921875 0.08645833333333333 0.78046875 0.08645833333333333 0.7736328125 0.09861111041666668 0.7736328125 0.11944444375 0.7755859375 0.1263888875 0.7853515625 0.14375 0.7970703125 0.14375 0.8048828125 0.13333333333333333 0.80625 0.12604166666666666 0.80625 0.11770833333333333 0.8048828125 0.10555555416666666 0.7921875 0.08645833333333333
1 0.164453125 0.7475694458333333 0.156640625 0.7267361124999999 0.1380859375 0.7006944458333333 0.1224609375 0.6902777791666667 0.1146484375 0.6902777791666667 0.0990234375 0.7006944458333333 0.08828125 0.7232638895833333 0.082421875 0.7545138895833333 0.084375 0.7996527791666667 0.08828125 0.8204861124999999 0.098046875 0.8482638895833333 0.1025390625 0.85625 0.1048828140625 0.85625 0.1078125 0.8552083333333333 0.11171875 0.8274305562500001 0.1205078125 0.8083333333333333 0.1380859375 0.7944444458333333 0.171875 0.7961607145833334 0.171875 0.7913194458333332 0.1703125 0.771875 0.164453125 0.7475694458333333
0 0.1931640625 0.6961805562500001 0.1853515625 0.734375 0.1853515625 0.7760416666666666 0.1892578125 0.796875 0.1951171875 0.8107638895833333 0.2009765625 0.8350694437499999 0.21171875 0.8576388895833333 0.225390625 0.875 0.23515625 0.8819444437499999 0.241015625 0.8819444437499999 0.24296875 0.8854166666666666 0.2615234375 0.8836805562500001 0.268359375 0.8819444437499999 0.280078125 0.8715277770833333 0.3005859375 0.828125 0.303125 0.8145833333333333 0.303125 0.7464699062500001 0.2927734375 0.7065972229166667 0.2703125 0.6701388895833333 0.252734375 0.65625 0.2234375 0.65625 0.2078125 0.6701388895833333 0.1931640625 0.6961805562500001
0 0.3509765625 0.5798611104166667 0.3333984375 0.59375 0.312890625 0.6267361104166667 0.305078125 0.6510416666666666 0.303125 0.671875 0.301171875 0.6753472229166667 0.301171875 0.7239583333333334 0.3109375 0.7621527770833333 0.3255859375 0.7916666666666666 0.3373046875 0.8055555562500001 0.3529296875 0.8159722229166667 0.3607421875 0.8159722229166667 0.3623046875 0.81875 0.3693359328125 0.81875 0.379296875 0.8177083333333334 0.3900390625 0.8159722229166667 0.4037109375 0.8055555562500001 0.4095703125 0.7916666666666666 0.4193359375 0.78125 0.428125 0.765625 0.4375 0.7189583333333334 0.4375 0.6872916666666666 0.428125 0.640625 0.4095703125 0.6041666666666666 0.4037109375 0.6006944437499999 0.3919921875 0.5833333333333334 0.3783203125 0.5798611104166667 0.3767578125 0.5770833333333333 0.3623046875 0.5770833333333333 0.3607421875 0.5798611104166667 0.3509765625 0.5798611104166667
0 0.21484375 0.8868055541666667 0.205078125 0.8555555541666667 0.1826171875 0.8121527770833333 0.1728515625 0.8052083333333333 0.1689453125 0.7982638875 0.1396484375 0.7947916666666667 0.1240234375 0.8052083333333333 0.11328125 0.8243055541666667 0.109375 0.83819444375 0.109375 0.8486111104166666 0.1078125 0.8513888895833334 0.1078125 0.9013888875 0.109375 0.9041666666666667 0.11328125 0.9388888875 0.125 0.9736111104166666 0.1404947921875 0.9979166666666667 0.16796875 0.9979166666666667 0.1689453125 0.9961805541666667 0.1708984390625 0.9979166666666667 0.205078125 0.9979166666666667 0.212890625 0.9875 0.21875 0.9666666666666667 0.21875 0.9493055541666667 0.2203125 0.9465277770833332 0.2203125 0.9381944437499999 0.21875 0.9076388875 0.21484375 0.8868055541666667
0 0.3958984375 0.37847222291666666 0.3880859375 0.37847222291666666 0.3861328125 0.375 0.3685546875 0.37847222291666666 0.3470703125 0.39930555624999997 0.334375 0.42534722291666666 0.328515625 0.453125 0.328515625 0.48784722291666666 0.336328125 0.5190972229166666 0.3421875 0.5329861104166667 0.3548828125 0.5520833333333334 0.3724609375 0.5625 0.39296875 0.5607638895833333 0.4076171875 0.5520833333333334 0.418359375 0.5295138895833333 0.41640625 0.5190972229166666 0.41640625 0.484375 0.418359375 0.48090277708333334 0.418359375 0.4670138895833333 0.425 0.44340277708333337 0.425 0.4230445916666667 0.4076171875 0.3888888895833333 0.3958984375 0.37847222291666666
0 0.4380859375 0.4166666666666667 0.4234375 0.44618055624999997 0.417578125 0.4739583333333333 0.417578125 0.5295138895833333 0.421484375 0.5399305562500001 0.421484375 0.546875 0.429296875 0.5607638895833333 0.433203125 0.5746527770833333 0.4439453125 0.5902777770833333 0.4478515625 0.5902777770833333 0.4576171875 0.6006944437499999 0.4634765625 0.6006944437499999 0.4654296875 0.6041666666666666 0.478125 0.6024305562500001 0.4947265625 0.5972222229166667 0.5025390625 0.5902777770833333 0.52109375 0.5607638895833333 0.5296875 0.5302083333333333 0.5296875 0.46875 0.526953125 0.45659722291666666 0.523046875 0.44965277708333334 0.523046875 0.4427083333333333 0.515234375 0.421875 0.5064453125 0.40972222291666666 0.4869140625 0.3958333333333333 0.4673828125 0.3958333333333333 0.4439453125 0.40972222291666666 0.4380859375 0.4166666666666667
0 0.7240234375 0.26631944375 0.709375 0.24375 0.699609375 0.23680555416666668 0.68203125 0.23680555416666668 0.66640625 0.25069444375 0.6595703125 0.26284722083333334 0.6517578125 0.290625 0.6517578125 0.31493055416666665 0.6537109375 0.31840277708333337 0.6556640625 0.3392361104166667 0.6595703125 0.34965277708333337 0.676171875 0.37916666666666665 0.6785156265625 0.38125 0.696484365625 0.38125 0.7005859375 0.38090277708333337 0.715234375 0.37222222083333334 0.7259765625 0.353125 0.73125 0.33125 0.73125 0.3152777770833334 0.7298828125 0.28368055416666665 0.7240234375 0.26631944375
0 0.8419921875 0.29670138749999997 0.8419921875 0.2654513875 0.8400390625 0.25503472083333334 0.8361328125 0.24114583125 0.82734375 0.22552083125 0.81171875 0.21510416458333334 0.8 0.21857638750000002 0.7853515625 0.24114583125 0.7853515625 0.2515624979166667 0.8078125 0.27065972083333334 0.8205078125 0.30364583333333334 0.8223911828125001 0.32708333333333334 0.8289713531249999 0.32708333333333334 0.8361328125 0.31753472083333334 0.8419921875 0.29670138749999997
0 0.8078125 0.27048611250000004 0.794140625 0.2565972229166667 0.778515625 0.25312500208333333 0.766796875 0.2600694458333333 0.7560546875 0.2791666666666667 0.7501953125 0.30347222291666665 0.7501953125 0.33472222291666665 0.7560546875 0.35902777916666667 0.76484375 0.38159722291666665 0.7785156234375 0.39375 0.7892578125 0.39375 0.80390625 0.38506944583333336 0.8166015625 0.35902777916666667 0.8205078125 0.34861111250000004 0.821875 0.32430555624999996 0.821875 0.31145833333333334 0.8166015625 0.28958333333333336 0.8078125 0.27048611250000004
0 0.8619140625 0.3576388895833333 0.8501953125 0.34722222291666666 0.8404296875 0.34375 0.8384765625 0.34722222291666666 0.8287109375 0.34722222291666666 0.8189453125 0.3541666666666667 0.80625 0.3802083333333333 0.80234375 0.4010416666666667 0.80234375 0.44618055624999997 0.81015625 0.47743055624999997 0.8169921875 0.49305555624999997 0.8267578125 0.5034722229166666 0.8384765625 0.50694444375 0.8404296875 0.5104166666666666 0.843359375 0.50868055625 0.8599609375 0.5034722229166666 0.8765625 0.4704861104166667 0.8796875 0.45659722291666666 0.8796875 0.40428240625 0.874609375 0.3802083333333333 0.8619140625 0.3576388895833333
0 0.927734375 0.3416666666666667 0.927734375 0.3104166666666667 0.92578125 0.3 0.921875 0.28611111250000004 0.9130859375 0.27048611250000004 0.9052734375 0.26354166875 0.8896484375 0.26701388958333333 0.87890625 0.28611111250000004 0.876953125 0.29652777916666667 0.876953125 0.33125 0.884765625 0.35902777916666667 0.8896484375 0.36770833333333336 0.8955078109375 0.3729166666666667 0.9140625 0.3729166666666667 0.923828125 0.35902777916666667 0.927734375 0.3416666666666667
0 0.9447265625 0.4256944458333333 0.9349609375 0.4013888895833333 0.928125 0.3927083333333333 0.9203125 0.3857638895833333 0.9046875 0.3857638895833333 0.8900390625 0.4048611125 0.8802734375 0.4465277791666667 0.8802734375 0.48125 0.8841796875 0.5020833333333333 0.891015625 0.5142361125 0.9046875 0.5003472229166667 0.922265625 0.5003472229166667 0.928125 0.5038194458333334 0.937158203125 0.5166666666666667 0.9384765625 0.5166666666666667 0.9388671875 0.5159722229166667 0.9427734375 0.5090277791666666 0.9484375 0.482175925 0.9484375 0.44965277708333334 0.9466796875 0.4465277791666667 0.9447265625 0.4256944458333333
0 0.9515625 0.5541666666666667 0.94375 0.5263888895833333 0.9349609375 0.5107638895833333 0.9232421875 0.5003472229166667 0.9076171875 0.5003472229166667 0.8919921875 0.5142361125 0.88125 0.5333333333333333 0.87734375 0.5506944458333333 0.8734375 0.5576388895833334 0.86953125 0.5784722229166667 0.86953125 0.6375 0.88125 0.6791666666666667 0.8900390625 0.6913194458333333 0.8927734375 0.69375 0.9085937562499999 0.69375 0.918359375 0.69305555625 0.9330078125 0.6809027791666666 0.945703125 0.6548611125 0.953515625 0.6236111125 0.9546875 0.6006944458333333 0.9546875 0.5840277791666666 0.953515625 0.5819444458333333 0.9515625 0.5541666666666667
0 0.61640625 0.06597222291666667 0.60859375 0.05902777708333333 0.594921875 0.0625 0.5861328125 0.08159722291666666 0.5861328125 0.10590277708333334 0.5900390625 0.11631944375 0.598828125 0.12847222291666666 0.6173828125 0.1267361104166667 0.6265625 0.10715277708333333 0.6265625 0.08645833333333333 0.6251953125 0.08159722291666666 0.61640625 0.06597222291666667
0 0.1099609375 0.28854166666666664 0.1041015625 0.2920138895833333 0.0953125 0.3076388895833333 0.093359375 0.3388888895833333 0.0953125 0.3458333333333333 0.10187500000000001 0.3541666666666667 0.10429687968750001 0.3541666666666667 0.112890625 0.3527777791666667 0.11875 0.3423611125 0.1203125 0.3340277791666667 0.1203125 0.30319444375 0.1158203125 0.2920138895833333 0.1099609375 0.28854166666666664
0 0.2734375 0.17534722291666668 0.2734375 0.19618055625 0.275390625 0.203125 0.28367745625 0.21458333333333332 0.290039059375 0.21458333333333332 0.298828125 0.21354166666666666 0.30859375 0.19965277708333332 0.3125 0.18576388958333334 0.3125 0.171875 0.310546875 0.16145833333333334 0.3056640625 0.15277777708333332 0.3025390625 0.15 0.2874720984375 0.15 0.27734375 0.16145833333333334 0.2734375 0.17534722291666668
1 0.5501953125 0.0935763875 0.5375 0.1092013875 0.53359375 0.12309027708333334 0.53359375 0.13541666666666666 0.537939453125 0.13541666666666666 0.539453125 0.13003472083333334 0.5501953125 0.11440972083333333 0.5658203125 0.1109375 0.5736328125 0.11788194375000001 0.5794921875 0.11788194375000001 0.5796875 0.11684027708333335 0.5796875 0.11128472083333334 0.5697265625 0.0935763875 0.5501953125 0.0935763875
1 0.6396484375 0.0625 0.6455078125 0.0625 0.646484375 0.057291666666666664 0.6416015625 0.052083333333333336 0.6240234375 0.05555555625 0.619140625 0.06423611041666667 0.619140625 0.07118055625 0.6259765625 0.08333333333333333 0.626953125 0.08159722291666666 0.6298828125 0.07291666666666667 0.6396484375 0.0625