1 0.7265625 0.7232638895833333 0.724609375 0.7197916666666667 0.720703125 0.6885416666666667 0.7021484375 0.6486111124999999 0.6884765625 0.63125 0.6708984375 0.6243055562500001 0.6689453125 0.6208333333333333 0.6513671875 0.6173611124999999 0.6494140625 0.6208333333333333 0.6357421875 0.6208333333333333 0.6123046875 0.6347222229166667 0.6025390625 0.6451388895833333 0.587890625 0.6711805562500001 0.576171875 0.7059027791666667 0.5703125 0.7371527791666667 0.5703125 0.7684027791666667 0.56875 0.77118055625 0.56875 0.7725694437499999 0.5703125 0.7753472229166667 0.5703125 0.803125 0.578125 0.834375 0.5986328125 0.8743055562500001 0.6064453125 0.8847222229166667 0.6249999984375 0.8979166666666667 0.639648453125 0.8979166666666667 0.66015625 0.896875 0.6728515625 0.8916666666666667 0.6923828125 0.8743055562500001 0.708984375 0.8482638895833333 0.72265625 0.8065972229166667 0.7265625 0.7857638895833333 0.7265625 0.7614583333333333 0.728125 0.753125 0.728125 0.7503472229166667 0.7265625 0.7475694458333333 0.7265625 0.7232638895833333
1 0.176171875 0.52256944375 0.1654296875 0.49305555624999997 0.1556640625 0.4826388895833333 0.1400390625 0.4791666666666667 0.1302734375 0.4861111104166667 0.11953125 0.5052083333333334 0.113671875 0.5295138895833333 0.113671875 0.5677083333333334 0.121484375 0.6024305562500001 0.1302734375 0.6180555562500001 0.1400390625 0.6284722229166667 0.1517578125 0.6319444437499999 0.1537109375 0.6354166666666666 0.156640625 0.6336805562500001 0.1634765625 0.6284722229166667 0.172265625 0.6128472229166667 0.178125 0.5920138895833333 0.1796875 0.58368055625 0.1796875 0.5461805562500001 0.178125 0.5434027770833333 0.176171875 0.52256944375
1 0.0666015625 0.5190972229166666 0.059765625 0.50694444375 0.0421875 0.5104166666666666 0.0353515625 0.52256944375 0.0333984375 0.5434027770833333 0.0314453125 0.546875 0.032421875 0.5625 0.034375 0.5625 0.0421875 0.5451388895833333 0.05390625 0.5416666666666666 0.059765625 0.5451388895833333 0.071484375 0.5659722229166667 0.071875 0.5652777770833333 0.071875 0.5548611104166666 0.0705078125 0.5329861104166667 0.0666015625 0.5190972229166666
1 0.131640625 0.38263888749999997 0.119921875 0.38263888749999997 0.1072265625 0.4017361104166667 0.1013671875 0.42604166666666665 0.1013671875 0.446875 0.112109375 0.47638888749999997 0.1222656265625 0.48541666666666666 0.129296871875 0.48541666666666666 0.1306640625 0.48506944375 0.13359375 0.48333333333333334 0.1423828125 0.4642361104166667 0.1443359375 0.43993055416666665 0.1453125 0.43819444375 0.1453125 0.40694444375 0.1443359375 0.4017361104166667 0.131640625 0.38263888749999997
1 0.165625 0.3333333333333333 0.15390625 0.3229166666666667 0.14609375 0.3298611104166667 0.1392578125 0.3420138895833333 0.1353515625 0.35590277708333334 0.1353515625 0.3802083333333333 0.151953125 0.4166666666666667 0.1607421875 0.41493055624999997 0.1685546875 0.4045138895833333 0.175 0.3701388895833333 0.175 0.3567708333333333 0.1724609375 0.3454861104166667 0.165625 0.3333333333333333
1 0.2232421875 0.25277777916666666 0.2095703125 0.25277777916666666 0.2056640625 0.25625 0.194921875 0.27881944583333335 0.19296875 0.28923611250000003 0.19296875 0.31354166666666666 0.20338040781250002 0.33541666666666664 0.21035157031249999 0.33541666666666664 0.2203125 0.334375 0.2251953125 0.32916666666666666 0.230078125 0.3170138895833333 0.228125 0.28229166666666666 0.23125 0.27118055625 0.23125 0.265625 0.230078125 0.26145833333333335 0.2232421875 0.25277777916666666
1 0.2751953125 0.26597222083333333 0.268359375 0.25381944375 0.25859375 0.24687499791666667 0.252734375 0.24687499791666667 0.2390625 0.25729166458333336 0.2380859375 0.26249999791666667 0.2322265625 0.26944444375000004 0.2283203125 0.29375 0.2302734375 0.29722222083333333 0.2302734375 0.3145833333333333 0.241015625 0.33368055416666664 0.25045573125 0.34375 0.25253905625 0.34375 0.2595703125 0.34236111041666667 0.2693359375 0.32847222083333333 0.2751953125 0.30763888749999996 0.2765625 0.28819444375000003 0.2765625 0.27881944375 0.2751953125 0.27638888749999996 0.2751953125 0.26597222083333333
1 0.340234375 0.16319444375 0.332421875 0.17013888958333334 0.3236328125 0.19270833333333334 0.3236328125 0.20659722291666668 0.3275390625 0.22395833333333334 0.332421875 0.23263888958333334 0.3373046875 0.23090277708333332 0.34609375 0.21180555625 0.3640625 0.19667397708333334 0.3640625 0.18125 0.35390625 0.16319444375 0.340234375 0.16319444375
1 0.373828125 0.20486111041666666 0.3640625 0.19791666666666666 0.362109375 0.20138888958333334 0.35625 0.20138888958333334 0.346484375 0.21180555625 0.3376953125 0.22743055625 0.3357421875 0.25868055625 0.3416015625 0.2864583333333333 0.35625 0.3020833333333333 0.3591796875 0.30034722291666666 0.3611328125 0.296875 0.3630859375 0.2760416666666667 0.3689453125 0.25868055625 0.3875 0.23229166666666667 0.3875 0.21825396666666666 0.381640625 0.20486111041666666 0.373828125 0.20486111041666666
1 0.45546875 0.13229166458333333 0.441796875 0.12534722083333333 0.430078125 0.13229166458333333 0.4212890625 0.14791666458333333 0.4193359375 0.15486111041666667 0.4193359375 0.17222222083333336 0.426171875 0.19131944374999998 0.4359375 0.1982638875 0.4392578140625 0.20416666666666666 0.44511717968750003 0.20416666666666666 0.4486328125 0.20347222083333336 0.4603515625 0.17916666458333333 0.4640625 0.15937499791666668 0.4640625 0.157465275 0.4603515625 0.14097222083333336 0.45546875 0.13229166458333333
1 0.5966796875 0.23298611041666667 0.607421875 0.21041666458333333 0.607421875 0.17569444374999998 0.603515625 0.15833333125000001 0.5927734375 0.14270833125000001 0.5751953125 0.14270833125000001 0.5673828125 0.14965277708333333 0.560546875 0.16180555416666667 0.556640625 0.17916666458333333 0.556640625 0.19652777708333333 0.560546875 0.2138888875 0.5712890625 0.23298611041666667 0.5787109390625 0.23958333333333334 0.581640615625 0.23958333333333334 0.591796875 0.23819444374999998 0.5966796875 0.23298611041666667
1 0.725390625 0.1357638875 0.71171875 0.1357638875 0.7029296875 0.14791666458333333 0.6970703125 0.17916666458333333 0.7029296875 0.19999999791666667 0.715625 0.22256944374999998 0.719726565625 0.225 0.7244140578125 0.225 0.7263671875 0.22430555416666667 0.733203125 0.21909722083333336 0.7439453125 0.19999999791666667 0.7453125 0.19513888750000002 0.7453125 0.17389520208333334 0.73515625 0.14270833125000001 0.725390625 0.1357638875
0 0.9796875 0.2918402770833334 0.973828125 0.28489583333333335 0.9640625 0.2814236104166667 0.96015625 0.28489583333333335 0.9515625 0.30356867083333333 0.9515625 0.34635416458333335 0.9572265625 0.36649305416666667 0.966015625 0.38211805416666667 0.9721679703125 0.38333333333333336 0.9751953125 0.38333333333333336 0.9826171875 0.3734375 0.9865234375 0.3595486104166667 0.9875 0.3543402770833334 0.9875 0.3126736104166667 0.9865234375 0.3074652770833334 0.9796875 0.2918402770833334
0 0.9375 0.3420138895833333 0.9404296875 0.34027777708333334 0.94921875 0.32118055624999997 0.94921875 0.2829861104166667 0.9345703125 0.25347222291666666 0.9248046875 0.25 0.9150390625 0.25694444375 0.91015625 0.2760416666666667 0.91015625 0.28993055624999997 0.916015625 0.3177083333333333 0.916015625 0.33506944375000003 0.9248046875 0.34375 0.9375 0.3420138895833333
0 0.891015625 0.22986111041666665 0.88515625 0.22638888750000002 0.86953125 0.22638888750000002 0.8626953125 0.23506944375 0.8548828125 0.26631944375 0.8609375 0.27708333333333335 0.8640624984375 0.27708333333333335 0.8646484375 0.2767361104166667 0.8734375 0.26458333333333334 0.879296875 0.26458333333333334 0.88125 0.2611111104166667 0.891015625 0.26458333333333334 0.902734375 0.275 0.903125 0.2673611104166667 0.903125 0.2527777770833333 0.9017578125 0.24548611041666665 0.891015625 0.22986111041666665
0 0.4169921875 1 0.4189453125 0.9965277770833333 0.4228515625 1 0.49609375 0.9982638895833333 0.498046875 0.9947916666666666 0.498046875 0.9774305562500001 0.4921875 0.9565972229166667 0.4921875 0.9496527770833333 0.4765625 0.9114583333333334 0.4619140625 0.8854166666666666 0.4443359375 0.8645833333333334 0.4267578125 0.8541666666666666 0.4189453125 0.8541666666666666 0.4091796875 0.8472222229166667 0.3974609375 0.8472222229166667 0.3955078125 0.84375 0.3642578125 0.8506944437499999 0.3505859375 0.8611111104166667 0.3388671875 0.875 0.3291015625 0.8888888895833333 0.3203125 0.9079861104166667 0.310546875 0.9392361104166667 0.306640625 0.9600694437499999 0.30859375 0.9947916666666666 0.3115234375 1 0.4169921875 1
0 0.236328125 0.7552083333333334 0.228515625 0.7829861104166667 0.2265625 0.8038194437499999 0.225 0.8065972229166667 0.225 0.8496527770833333 0.2265625 0.8524305562500001 0.23046875 0.8836805562500001 0.234375 0.890625 0.23828125 0.9079861104166667 0.2529296875 0.9375 0.2685546875 0.9548611104166667 0.2880859375 0.96875 0.3046875 0.9670138895833333 0.306640625 0.9635416666666666 0.30859375 0.9427083333333334 0.3203125 0.9045138895833333 0.3369140625 0.875 0.3525390625 0.8611111104166667 0.3564453125 0.8541666666666666 0.3642578125 0.8506944437499999 0.36875 0.8427083333333333 0.36875 0.8371527791666666 0.3671875 0.8177083333333334 0.365234375 0.8142361104166667 0.36328125 0.7934027770833333 0.35546875 0.7690972229166667 0.3310546875 0.7291666666666666 0.3271484375 0.7291666666666666 0.3154296875 0.7152777770833333 0.3095703125 0.7152777770833333 0.3017578125 0.7083333333333334 0.2744140625 0.7083333333333334 0.2529296875 0.7256944437499999 0.236328125 0.7552083333333334
0 0.2505859375 0.9862847208333334 0.2251953125 0.95850694375 0.2134765625 0.9515625 0.1998046875 0.9515625 0.1978515625 0.9480902770833333 0.1841796875 0.9480902770833333 0.1646484375 0.9619791666666667 0.1463588171875 0.9979166666666667 0.2546875 0.9979166666666667 0.2546875 0.99649305625 0.2505859375 0.9862847208333334
0 0.0759765625 0.5847222208333334 0.0720703125 0.5743055541666667 0.0720703125 0.5673611104166666 0.065234375 0.5517361104166666 0.05546875 0.54131944375 0.045703125 0.54131944375 0.0349609375 0.55694444375 0.0310546875 0.5743055541666667 0.0310546875 0.58819444375 0.0291015625 0.5916666666666667 0.0310546875 0.6333333333333333 0.04765625 0.66631944375 0.0517578125 0.66875 0.0599609328125 0.66875 0.0642578125 0.6680555541666667 0.0720703125 0.6541666666666667 0.0759765625 0.6402777770833333 0.0759765625 0.61944444375 0.0765625 0.6184027770833332 0.0765625 0.6111111104166667 0.0759765625 0.6090277770833333 0.0759765625 0.5847222208333334
0 0.0544921875 0.4703125 0.04765625 0.46163194583333333 0.037890625 0.46163194583333333 0.0291015625 0.4737847229166666 0.0251953125 0.49461805625 0.0251953125 0.5154513895833334 0.028466796875 0.5270833333333333 0.0340465203125 0.5270833333333333 0.041796875 0.51024305625 0.045703125 0.5067708333333333 0.05546875 0.5067708333333333 0.0578125 0.5026041666666666 0.0578125 0.4942708333333333 0.0564453125 0.47725694583333333 0.0544921875 0.4703125
0 0.1298828125 0.33038194375 0.119140625 0.34600694375 0.115625 0.35850694375000003 0.115625 0.38333333333333336 0.12451171875 0.38333333333333336 0.1298828125 0.38246527708333333 0.134765625 0.37378472291666665 0.134765625 0.35989583333333336 0.1421875 0.33680555416666663 0.1421875 0.33350694375 0.1416015625 0.33038194375 0.1298828125 0.33038194375
0 0.1888671875 0.3001736125 0.18203125 0.29149305625 0.172265625 0.28802083333333334 0.1625 0.2949652791666667 0.1556640625 0.30711805625 0.1517578125 0.32100694583333333 0.164453125 0.3331597229166666 0.1712890625 0.3453125 0.1751953125 0.3592013895833333 0.1751953125 0.36875 0.1797526046875 0.36875 0.1869140625 0.3592013895833333 0.1908203125 0.3453125 0.1921875 0.3307291666666667 0.1921875 0.3234375 0.1908203125 0.32100694583333333 0.1888671875 0.3001736125
0 0.365234375 0.26909722291666666 0.36328125 0.2795138895833333 0.36328125 0.3072916666666667 0.3671875 0.32465277708333334 0.3759765625 0.34722222291666666 0.3908203125 0.36041666666666666 0.397460934375 0.36041666666666666 0.40625 0.359375 0.4169921875 0.35069444375000003 0.427734375 0.328125 0.43359375 0.30381944375000003 0.43359375 0.2760416666666667 0.4296875 0.25868055625 0.4189453125 0.23958333333333334 0.4101562484375 0.23333333333333334 0.39446614687500003 0.23333333333333334 0.3798828125 0.24305555625 0.365234375 0.26909722291666666
0 0.4412109375 0.20711805625000002 0.43828125 0.20190972291666667 0.43046875 0.19496527708333333 0.4109375 0.19496527708333333 0.39921875 0.20538194375 0.3904296875 0.22100694375 0.3884765625 0.22795138958333333 0.389453125 0.23315972291666667 0.4109375 0.23315972291666667 0.424609375 0.24704861041666665 0.4333984375 0.27309027708333333 0.4333984375 0.2791666666666667 0.43958333281249995 0.2791666666666667 0.4431640625 0.26961805624999996 0.44375 0.25920138958333333 0.44375 0.23003472291666668 0.4412109375 0.22100694375 0.4412109375 0.20711805625000002
0 0.494921875 0.17777777708333334 0.4890625 0.17777777708333334 0.487109375 0.17430555416666668 0.471484375 0.17777777708333334 0.46171875 0.18472222083333334 0.4529296875 0.20034722083333334 0.4509765625 0.22118055416666668 0.4490234375 0.22465277708333334 0.4490234375 0.23854166666666668 0.4548828125 0.259375 0.471484375 0.28541666666666665 0.4738281265625 0.2875 0.480859371875 0.2875 0.4822265625 0.28715277708333337 0.491015625 0.28194444375 0.5037109375 0.259375 0.5078125 0.24236111041666666 0.5078125 0.20694444374999998 0.5076171875 0.20381944375 0.494921875 0.17777777708333334
0 0.5578125 0.08055555416666667 0.5470703125 0.09618055416666667 0.5453125 0.12118055624999999 0.5453125 0.1242521375 0.5568892046875 0.14166666666666666 0.5695312421875001 0.14166666666666666 0.5724609375 0.14131944375 0.5763671875 0.13784722083333334 0.58125 0.12337962916666667 0.58125 0.0975308625 0.5734375 0.08055555416666667 0.5578125 0.08055555416666667