0 0.794921875 0.28993055624999997 0.79296875 0.3072916666666667 0.80078125 0.3177083333333333 0.80859375 0.3420138895833333 0.80859375 0.390625 0.806640625 0.39409722291666666 0.8115234375 0.40277777708333334 0.8173828125 0.40625 0.82421875 0.4045138895833333 0.8330078125 0.39930555624999997 0.845703125 0.3767361104166667 0.849609375 0.359375 0.849609375 0.32118055624999997 0.84375 0.30034722291666666 0.8291015625 0.27777777708333334 0.8251953125 0.27430555624999997 0.8095703125 0.27430555624999997 0.8037109375 0.27777777708333334 0.794921875 0.28993055624999997
0 0.1943359375 0.4236111104166667 0.1796875 0.453125 0.177734375 0.47743055624999997 0.17578125 0.48090277708333334 0.177734375 0.5121527770833334 0.18359375 0.5329861104166667 0.1943359375 0.5486111104166667 0.2021484375 0.5555555562500001 0.22265625 0.5538194437499999 0.2294921875 0.5486111104166667 0.2421875 0.5190972229166666 0.244140625 0.4947916666666667 0.24609375 0.49131944375000003 0.244140625 0.4635416666666667 0.23828125 0.4427083333333333 0.2275390625 0.4236111104166667 0.2197265625 0.4166666666666667 0.2021484375 0.4166666666666667 0.1943359375 0.4236111104166667
0 0.412109375 0.2552083333333333 0.408203125 0.27256944375000003 0.408203125 0.30034722291666666 0.412109375 0.3177083333333333 0.4189453125 0.3298611104166667 0.4345703125 0.34027777708333334 0.447265625 0.3385416666666667 0.4619140625 0.3229166666666667 0.466796875 0.3107638895833333 0.470703125 0.28993055624999997 0.470703125 0.26909722291666666 0.466796875 0.2552083333333333 0.4580078125 0.23958333333333334 0.4501953125 0.23263888958333334 0.4365234375 0.22916666666666666 0.4248046875 0.23611111041666666 0.412109375 0.2552083333333333
0 0.4765625 0.2552083333333333 0.4765625 0.2795138895833333 0.482421875 0.30034722291666666 0.4892578125 0.3125 0.5048828125 0.3229166666666667 0.515625 0.32118055624999997 0.5263671875 0.3125 0.537109375 0.29340277708333334 0.541015625 0.27256944375000003 0.541015625 0.25868055625 0.537109375 0.24131944375 0.5244140625 0.21875 0.5068359375 0.21180555625 0.4912109375 0.22222222291666668 0.482421875 0.234375 0.4765625 0.2552083333333333
1 0.54296875 0.22395833333333334 0.541015625 0.234375 0.541015625 0.265625 0.54296875 0.2760416666666667 0.5556640625 0.2986111104166667 0.5654296875 0.30555555624999997 0.578125 0.30381944375000003 0.5869140625 0.2986111104166667 0.59765625 0.2795138895833333 0.6015625 0.26215277708333334 0.6015625 0.24131944375 0.59765625 0.22395833333333334 0.5830078125 0.20138888958333334 0.5791015625 0.19791666666666666 0.5615234375 0.19791666666666666 0.5537109375 0.20486111041666666 0.54296875 0.22395833333333334
0 0.59375 0.20659722291666668 0.59375 0.21354166666666666 0.6015625 0.24131944375 0.6015625 0.26909722291666666 0.6064453125 0.27777777708333334 0.6181640625 0.28472222291666666 0.626953125 0.2829861104166667 0.6318359375 0.28125 0.64453125 0.26215277708333334 0.6484375 0.24826388958333334 0.6484375 0.22048611041666666 0.64453125 0.20659722291666668 0.6357421875 0.19097222291666668 0.6279296875 0.18402777708333332 0.6103515625 0.18402777708333332 0.6025390625 0.19097222291666668 0.59375 0.20659722291666668
0 0.994140625 0.9322916666666666 1 0.9184027770833333 0.9990234375 0.8993055562500001 0.9970703125 0.8993055562500001 0.95703125 0.9739583333333334 0.9580078125 0.9791666666666666 0.962890625 0.9774305562500001 0.9814453125 0.9583333333333334 0.994140625 0.9322916666666666
0 0.916015625 0.9635416666666666 0.9248046875 0.9722222229166667 0.927734375 0.9704861104166667 0.958984375 0.9149305562500001 1 0.8246527770833333 0.9990234375 0.7916666666666666 0.984375 0.8177083333333334 0.970703125 0.8524305562500001 0.966796875 0.8559027770833333 0.966796875 0.859375 0.92578125 0.9357638895833333 0.923828125 0.9461805562500001 0.916015625 0.9635416666666666
0 1 0.7517361104166667 0.9970703125 0.7465277770833333 0.9892578125 0.7395833333333334 0.9736328125 0.7395833333333334 0.9677734375 0.7430555562500001 0.9521484375 0.7569444437499999 0.93359375 0.7934027770833333 0.92578125 0.8142361104166667 0.92578125 0.8211805562500001 0.919921875 0.8385416666666666 0.919921875 0.8489583333333334 0.916015625 0.8628472229166667 0.9140625 0.9079861104166667 0.912109375 0.9114583333333334 0.912109375 0.9288194437499999 0.91015625 0.9322916666666666 0.912109375 0.9427083333333334 0.9140625 0.9427083333333334 0.93359375 0.8975694437499999 0.958984375 0.8524305562500001 0.9765625 0.8107638895833333 1 0.765625 1 0.7517361104166667
0 0.943359375 0.36631944375000003 0.939453125 0.38715277708333334 0.94140625 0.41840277708333334 0.943359375 0.421875 0.9453125 0.4427083333333333 0.9521484375 0.4548611104166667 0.9560546875 0.4548611104166667 0.9619140625 0.46180555624999997 0.96875 0.46006944375000003 0.9755859375 0.4548611104166667 0.982421875 0.4427083333333333 0.98828125 0.41493055624999997 0.98828125 0.39756944375000003 0.982421875 0.36631944375000003 0.9716796875 0.34722222291666666 0.9619140625 0.34027777708333334 0.9560546875 0.34027777708333334 0.951171875 0.3454861104166667 0.943359375 0.36631944375000003
0 1 0.3420138895833333 0.9931640625 0.3333333333333333 0.9833984375 0.3333333333333333 0.9765625 0.3454861104166667 0.9765625 0.35243055624999997 0.98046875 0.359375 0.986328125 0.38368055624999997 0.986328125 0.39756944375000003 0.98828125 0.4010416666666667 0.986328125 0.4322916666666667 0.99609375 0.4322916666666667 1 0.42881944375000003 1 0.3420138895833333
0 0.931640625 0.35590277708333334 0.93359375 0.359375 0.935546875 0.38368055624999997 0.9384765625 0.3888888895833333 0.939453125 0.38715277708333334 0.94140625 0.3732638895833333 0.9521484375 0.34027777708333334 0.97265625 0.3420138895833333 0.970703125 0.32465277708333334 0.9638671875 0.30902777708333334 0.9560546875 0.3020833333333333 0.9462890625 0.3020833333333333 0.9423828125 0.30555555624999997 0.93359375 0.32465277708333334 0.931640625 0.35590277708333334
1 0.7802734375 0.2916666666666667 0.7626953125 0.2916666666666667 0.7509765625 0.3020833333333333 0.740234375 0.32465277708333334 0.73828125 0.3454861104166667 0.736328125 0.3489583333333333 0.736328125 0.3697916666666667 0.7421875 0.39756944375000003 0.7607421875 0.4236111104166667 0.7685546875 0.43055555624999997 0.787109375 0.42881944375000003 0.7939453125 0.4236111104166667 0.8046875 0.4045138895833333 0.80859375 0.390625 0.80859375 0.3767361104166667 0.810546875 0.3732638895833333 0.80859375 0.3385416666666667 0.798828125 0.3107638895833333 0.7900390625 0.2986111104166667 0.7861328125 0.2986111104166667 0.7802734375 0.2916666666666667
1 0.5458984375 0.15972222291666668 0.5390625 0.171875 0.53515625 0.18576388958333334 0.53515625 0.21006944375 0.5390625 0.22048611041666666 0.5419921875 0.22569444375 0.54296875 0.22395833333333334 0.5537109375 0.20486111041666666 0.5615234375 0.19791666666666666 0.5771484375 0.19791666666666666 0.5830078125 0.20138888958333334 0.583984375 0.18576388958333334 0.58203125 0.17881944375 0.5732421875 0.16319444375 0.5654296875 0.15625 0.5517578125 0.15625 0.5458984375 0.15972222291666668
1 0.4697265625 0.20138888958333334 0.4609375 0.21701388958333334 0.45703125 0.23090277708333332 0.45703125 0.23784722291666668 0.46484375 0.24826388958333334 0.470703125 0.26909722291666666 0.470703125 0.2829861104166667 0.4736328125 0.28819444375000003 0.478515625 0.28993055624999997 0.4765625 0.2829861104166667 0.4765625 0.25173611041666666 0.478515625 0.24479166666666666 0.4873046875 0.22569444375 0.4990234375 0.21527777708333332 0.505859375 0.21354166666666666 0.505859375 0.20659722291666668 0.4951171875 0.19444444375 0.4775390625 0.19444444375 0.4697265625 0.20138888958333334
1 0.1005859375 0.6736111104166667 0.08984375 0.703125 0.087890625 0.7135416666666666 0.087890625 0.7621527770833333 0.08984375 0.765625 0.08984375 0.7795138895833333 0.095703125 0.8003472229166667 0.1083984375 0.8263888895833333 0.1240234375 0.84375 0.1298828125 0.84375 0.1318359375 0.8472222229166667 0.138671875 0.8454861104166667 0.1533203125 0.8402777770833333 0.162109375 0.828125 0.171875 0.7899305562500001 0.171875 0.7482638895833333 0.1640625 0.7170138895833333 0.1640625 0.7100694437499999 0.1474609375 0.6770833333333334 0.1298828125 0.6597222229166667 0.1142578125 0.6597222229166667 0.1005859375 0.6736111104166667
0 0.029296875 0.8767361104166667 0.029296875 0.8871527770833333 0.04296875 0.9149305562500001 0.0615234375 0.9479166666666666 0.0712890625 0.9583333333333334 0.083984375 0.9809027770833333 0.0859375 0.9913194437499999 0.0908203125 1 0.111328125 0.9982638895833333 0.111328125 0.9774305562500001 0.109375 0.9739583333333334 0.109375 0.9600694437499999 0.10546875 0.9392361104166667 0.08984375 0.8940972229166667 0.0732421875 0.8645833333333334 0.0615234375 0.8541666666666666 0.0458984375 0.8506944437499999 0.0361328125 0.8576388895833333 0.029296875 0.8767361104166667