1 0.35390625 0.6413194437499999 0.3314453125 0.6048611104166667 0.3080078125 0.5909722208333333 0.2962890625 0.5909722208333333 0.2943359375 0.5944444437499999 0.2767578125 0.5979166666666667 0.2669921875 0.6118055541666667 0.2611328125 0.6152777770833333 0.250390625 0.634375 0.242578125 0.6586805541666667 0.242578125 0.6690972208333333 0.238671875 0.6829861104166667 0.238671875 0.7177083333333333 0.240625 0.7211805541666667 0.242578125 0.7420138875000001 0.25234375 0.7767361104166667 0.2728515625 0.8166666666666667 0.2904296890625 0.8291666666666667 0.3197265453125 0.8291666666666667 0.3265625 0.8288194437499999 0.3314453125 0.8201388875000001 0.3353515625 0.8201388875000001 0.3490234375 0.80625 0.359765625 0.7836805541666667 0.359765625 0.7767361104166667 0.3671875 0.7503472229166667 0.3671875 0.6947916666666667 0.363671875 0.6760416666666667 0.35390625 0.6413194437499999
1 0.2587890625 0.25694444375 0.2470703125 0.25694444375 0.23046875 0.2795138895833333 0.225 0.30219907291666664 0.225 0.3232638895833333 0.2265625 0.33159722291666666 0.2333984375 0.34722222291666666 0.2470703125 0.3576388895833333 0.2578125 0.35590277708333334 0.2626953125 0.3541666666666667 0.26953125 0.3454861104166667 0.26953125 0.3107638895833333 0.275 0.29131944583333336 0.275 0.28213734583333333 0.2666015625 0.26388888958333334 0.2587890625 0.25694444375
1 0.483850309375 0.23514460416666666 0.476037809375 0.22820015833333332 0.460412809375 0.2247279375 0.448694059375 0.23167238125 0.436975309375 0.24556127083333334 0.428186246875 0.2681307145833333 0.4265625 0.3027706479166667 0.4265625 0.31061716666666667 0.43066720937499997 0.32083333333333336 0.433000578125 0.32083333333333336 0.434045621875 0.3202140479166667 0.434045621875 0.3132696020833333 0.442834684375 0.29417238125 0.460412809375 0.27681126875 0.481897184375 0.2733390479166667 0.499475309375 0.28722793541666664 0.5 0.2788328854166667 0.5 0.2699962791666667 0.496545621875 0.2577140479166667 0.483850309375 0.23514460416666666
1 0.50703125 0.11527777708333334 0.501171875 0.11527777708333334 0.49921875 0.11180555416666667 0.493359375 0.11180555416666667 0.48359375 0.11875 0.475 0.1408179 0.475 0.15912698333333333 0.4810329859375 0.17291666666666666 0.4839843734375 0.17291666666666666 0.4845703125 0.17256944375 0.4953125 0.16388888750000002 0.516796875 0.16736111041666665 0.51875 0.16157407291666667 0.51875 0.134375 0.5177734375 0.13090277708333334 0.50703125 0.11527777708333334
0 0.5865234375 0.1107638875 0.5826171875 0.10729166666666666 0.5689453125 0.10729166666666666 0.55625 0.12291666666666666 0.55234375 0.13680555416666668 0.55234375 0.15763888750000002 0.558203125 0.175 0.5657366078125 0.18541666666666667 0.585546875 0.18541666666666667 0.5884765625 0.18368055416666668 0.5984375 0.162752525 0.5984375 0.13402777708333333 0.5953125 0.12291666666666666 0.5865234375 0.1107638875
0 0.548828125 0.28263888958333333 0.552734375 0.26875 0.552734375 0.25138888958333333 0.5546875 0.24791666874999999 0.546875 0.21319444583333333 0.5419921875 0.20451388958333333 0.5283203125 0.19062500208333333 0.5087890625 0.19062500208333333 0.4970703125 0.20104166874999999 0.490234375 0.21319444583333333 0.484375 0.23402777916666664 0.49609375 0.25833333541666664 0.5 0.28611111250000004 0.513671875 0.3104166666666667 0.525390625 0.3104166666666667 0.5380859375 0.30173611250000004 0.548828125 0.28263888958333333
0 0.5314453125 0.4361111125 0.5255859375 0.41180555625 0.5109375 0.38229166666666664 0.49140625 0.36493055625 0.471875 0.3614583333333333 0.469921875 0.36493055625 0.45625 0.3684027791666667 0.44453125 0.3788194458333333 0.4337890625 0.39791666666666664 0.4259765625 0.42222222291666667 0.4259765625 0.4326388895833333 0.4220703125 0.4465277791666667 0.4220703125 0.47430555625 0.4259765625 0.4881944458333333 0.4279296875 0.5125 0.442578125 0.5420138895833334 0.4656249984375 0.5625 0.4693359453125 0.5625 0.4826171875 0.5611111125 0.505078125 0.5489583333333333 0.5216796875 0.5229166666666667 0.5314453125 0.4881944458333333 0.5328125 0.46631944583333335 0.5328125 0.45590277916666666 0.5314453125 0.45347222291666667 0.5314453125 0.4361111125
0 0.51953993125 0.3116694729166667 0.50293836875 0.28215558124999995 0.48926649375000003 0.2717389145833333 0.47364149375000003 0.2717389145833333 0.45411024375000003 0.28562780625 0.43946180625000003 0.3116694729166667 0.43750868125000003 0.3186139145833333 0.43750868125000003 0.335975025 0.43555555625000003 0.33944724791666664 0.43555555625000003 0.36375280625 0.4410625796875 0.38333333333333336 0.4484488125 0.38333333333333336 0.46192274375000003 0.3689611395833333 0.46778211875000003 0.3689611395833333 0.47754774375000003 0.36201669166666667 0.49317274375000003 0.36201669166666667 0.50489149375 0.3689611395833333 0.51856336875 0.382850025 0.521875 0.3722528041666667 0.521875 0.32484076458333333 0.51953993125 0.3186139145833333 0.51953993125 0.3116694729166667
0 0.3244140625 0.36597222291666665 0.3322265625 0.33819444583333336 0.3341796875 0.31388888958333333 0.3283203125 0.28611111250000004 0.31953125 0.27048611250000004 0.31171875 0.26354166875 0.29609375 0.26354166875 0.284375 0.27395833333333336 0.2755859375 0.28958333333333336 0.2697265625 0.3104166666666667 0.2697265625 0.34513888958333333 0.2736328125 0.35902777916666667 0.28828125 0.38159722291666665 0.2912109359375 0.38333333333333336 0.3068359375 0.38333333333333336 0.31953125 0.37465277916666667 0.3244140625 0.36597222291666665
0 0.2240234375 0.3006944458333333 0.2259765625 0.2902777791666667 0.215234375 0.278125 0.207421875 0.278125 0.2015625 0.28159722291666667 0.2005859375 0.28680555625 0.1888671875 0.30416666666666664 0.1849609375 0.3388888895833333 0.1888671875 0.35625 0.19765625 0.371875 0.2029296859375 0.375 0.2052734421875 0.375 0.2123046875 0.3736111125 0.219140625 0.371875 0.225 0.36493055625 0.2296875 0.34326388958333337 0.2296875 0.34178240833333334 0.2240234375 0.325 0.2240234375 0.3006944458333333
0 0.2779296875 0.18020833541666667 0.2671875 0.19583333541666667 0.26328125 0.21319444583333333 0.26328125 0.2236111125 0.2681640625 0.22881944583333333 0.2740234375 0.22881944583333333 0.2798828125 0.23576388958333333 0.285009765625 0.24791666666666667 0.28867188125 0.24791666666666667 0.2935546875 0.24618055625000002 0.300390625 0.23055555625000002 0.3015625 0.22638888958333334 0.3015625 0.197608025 0.2935546875 0.18020833541666667 0.2779296875 0.18020833541666667
0 0.411328125 0.15572916666666667 0.403515625 0.16267361041666667 0.3986328125 0.17135416666666667 0.3927734375 0.1921875 0.3927734375 0.20607638958333335 0.3966796875 0.22690972291666667 0.403515625 0.2390625 0.41142578125 0.24375 0.4123046875 0.24375 0.4123046875 0.21996527708333333 0.4181640625 0.19565972291666667 0.426953125 0.18003472291666667 0.4375 0.17151199583333332 0.4375 0.16761188125 0.42890625 0.15572916666666667 0.411328125 0.15572916666666667
0 0.4134765625 0.1357638875 0.3958984375 0.1357638875 0.383203125 0.15486111041666667 0.379296875 0.17222222083333336 0.38125 0.18958333125000001 0.3894531265625 0.20416666666666666 0.391796871875 0.20416666666666666 0.39296875 0.20347222083333336 0.394921875 0.1826388875 0.40078125 0.16874999791666667 0.4115234375 0.15659722083333336 0.4193359375 0.15659722083333336 0.421875 0.15208333125 0.421875 0.15041666458333333 0.4173828125 0.13923611041666667 0.4134765625 0.1357638875
0 0.77265625 0.22881944375 0.7609375 0.21840277708333333 0.747265625 0.21840277708333333 0.7375 0.22534722083333333 0.7296875 0.23576388750000002 0.7248046875 0.24791666666666667 0.7208984375 0.2618055541666667 0.7208984375 0.29652777708333333 0.7267578125 0.3173611104166667 0.7375 0.3399305541666667 0.744140625 0.3458333333333333 0.7576171781250001 0.3458333333333333 0.7658203125 0.3451388875 0.774609375 0.3399305541666667 0.7833984375 0.3243055541666667 0.7890625 0.30416666458333336 0.7890625 0.27152777708333337 0.7814453125 0.24444444375 0.77265625 0.22881944375
1 0.6748046875 0.5142361125 0.6865234375 0.5038194458333334 0.697265625 0.48472222291666667 0.703125 0.4638888895833333 0.70703125 0.4326388895833333 0.708984375 0.42916666666666664 0.70703125 0.4083333333333333 0.701171875 0.3770833333333333 0.6865234375 0.3475694458333333 0.6669921875 0.33368055625 0.6435546875 0.33368055625 0.6416015625 0.3371527791666667 0.6357421875 0.3371527791666667 0.6259765625 0.3475694458333333 0.609375 0.38055555625 0.603515625 0.41180555625 0.60546875 0.45 0.61328125 0.4777777791666667 0.6318359375 0.5072916666666667 0.6494140625 0.5142361125 0.65078125 0.5166666666666667 0.6613281296875 0.5166666666666667 0.66796875 0.5159722229166667 0.6748046875 0.5142361125
0 0.93515625 0.5572916666666666 0.93125 0.5677083333333334 0.9234375 0.6128472229166667 0.9234375 0.640625 0.921484375 0.6510416666666666 0.9234375 0.6545138895833333 0.925390625 0.6892361104166667 0.9341796875 0.7048611104166667 0.943294271875 0.7145833333333333 0.949023434375 0.7145833333333333 0.956640625 0.7135416666666666 0.9615234375 0.7118055562500001 0.980078125 0.6857638895833333 0.98984375 0.6545138895833333 0.991796875 0.6336805562500001 0.99375 0.6302083333333334 0.99375 0.6128472229166667 0.9953125 0.6100694437499999 0.9953125 0.5739583333333333 0.99375 0.5711805562500001 0.99375 0.5607638895833333 0.9830078125 0.5347222229166667 0.9720703125 0.525 0.9585937515625 0.525 0.9498046875 0.53125 0.93515625 0.5572916666666666