0 0.7912109375 0.6055555541666667 0.8009765625 0.5673611104166666 0.8029296875 0.5291666666666667 0.8009765625 0.5256944437500001 0.8009765625 0.5083333333333333 0.7931640625 0.47708333333333336 0.77265625 0.4440972208333333 0.751171875 0.43020833333333336 0.74921875 0.4336805541666667 0.731640625 0.43715277708333333 0.723828125 0.4440972208333333 0.7052734375 0.4736111104166667 0.7033203125 0.48402777708333333 0.6955078125 0.5013888875 0.6955078125 0.5118055541666666 0.6916015625 0.5291666666666667 0.6916015625 0.55 0.6994140625 0.5916666666666667 0.7140625 0.6211805541666667 0.73582589375 0.64375 0.7541015625 0.64375 0.774609375 0.6315972208333334 0.7912109375 0.6055555541666667
0 0.758984375 0.23680555416666668 0.7453125 0.22638888750000002 0.727734375 0.22638888750000002 0.716015625 0.23680555416666668 0.7072265625 0.2559027770833333 0.7072265625 0.26284722083333334 0.7033203125 0.27326388749999997 0.7033203125 0.30451388749999997 0.7111328125 0.33229166666666665 0.721875 0.35138888749999997 0.7320312515625 0.36041666666666666 0.7437499937500001 0.36041666666666666 0.7462890625 0.36006944375 0.75703125 0.3548611104166667 0.7697265625 0.33576388749999997 0.7736328125 0.321875 0.775 0.29756944375 0.775 0.2840277770833334 0.7697265625 0.2559027770833333 0.758984375 0.23680555416666668
0 0.8294921875 0.26909722291666666 0.8275390625 0.29340277708333334 0.8255859375 0.296875 0.8275390625 0.30034722291666666 0.8275390625 0.3177083333333333 0.8353515625 0.3454861104166667 0.844140625 0.3611111104166667 0.855078125 0.37083333333333335 0.8578124984375 0.37083333333333335 0.8607421875 0.3697916666666667 0.867578125 0.36805555624999997 0.8822265625 0.3454861104166667 0.8859375 0.33229166666666665 0.8859375 0.3029513875 0.8783203125 0.26909722291666666 0.867578125 0.25 0.860546875 0.24375 0.8453125 0.24375 0.83828125 0.25 0.8294921875 0.26909722291666666
0 0.6908203125 0.19479166458333333 0.6751953125 0.18437499791666667 0.6654296875 0.18437499791666667 0.6556640625 0.19131944374999998 0.644921875 0.20694444374999998 0.641015625 0.22430555416666667 0.641015625 0.26249999791666667 0.644921875 0.27638888749999996 0.6615234375 0.30590277708333335 0.6732421875 0.309375 0.675 0.3125 0.676171871875 0.3125 0.680078125 0.31111111041666667 0.6849609375 0.309375 0.699609375 0.29375 0.703515625 0.27986111041666667 0.703515625 0.26944444375000004 0.70625 0.26215277708333334 0.70625 0.23055555416666668 0.7015625 0.2138888875 0.6908203125 0.19479166458333333
0 0.43046875 0.2951388895833333 0.4177734375 0.32118055624999997 0.4138671875 0.3385416666666667 0.4138671875 0.3767361104166667 0.4197265625 0.4010416666666667 0.428515625 0.4166666666666667 0.4314453125 0.41493055624999997 0.4431640625 0.38368055624999997 0.46171875 0.3611111104166667 0.467578125 0.3611111104166667 0.46953125 0.3576388895833333 0.496875 0.3593151333333333 0.496875 0.3346354166666667 0.4900390625 0.3072916666666667 0.4734375 0.28472222291666666 0.465625 0.28472222291666666 0.463671875 0.28125 0.448046875 0.28125 0.4421875 0.28472222291666666 0.43046875 0.2951388895833333
0 0.6779296875 0.12986111250000001 0.6779296875 0.11944444583333333 0.6740234375 0.10208333333333333 0.669140625 0.09340277916666667 0.657421875 0.0829861125 0.64765625 0.0829861125 0.637890625 0.08993055624999999 0.6330078125 0.0986111125 0.6291015625 0.1125 0.630078125 0.12118055624999999 0.6359375 0.12118055624999999 0.637890625 0.11770833333333333 0.65546875 0.11770833333333333 0.6662109375 0.13333333333333333 0.6707682296875 0.14791666666666667 0.6728515609375 0.14791666666666667 0.6740234375 0.14722222083333333 0.6779296875 0.12986111250000001
0 0.6146484375 0.08506944375 0.6166015625 0.09201388958333333 0.626953125 0.11041666666666666 0.627734375 0.11041666666666666 0.6283203125 0.109375 0.637109375 0.09027777708333334 0.6515625 0.08171296458333334 0.6515625 0.07951388958333333 0.6498046875 0.060763889583333335 0.644921875 0.052083333333333336 0.6361328109375 0.04583333333333333 0.6267795140625 0.04583333333333333 0.6146484375 0.060763889583333335 0.6146484375 0.08506944375
0 0.7341796875 0.08506944375 0.7341796875 0.09895833333333333 0.7380859375 0.11284722291666666 0.746875 0.12847222291666666 0.7515625 0.13125 0.7554687484375 0.13125 0.7595703125 0.13020833333333334 0.7625 0.12847222291666666 0.7703125 0.11149691458333333 0.7703125 0.09895833333333333 0.7693359375 0.08854166666666667 0.7634765625 0.07465277708333334 0.7571875 0.06666666666666667 0.7535156265625 0.06666666666666667 0.741015625 0.06944444375 0.7341796875 0.08506944375
0 0.735546875 0.048611110416666665 0.7267578125 0.060763889583333335 0.725 0.06701388958333333 0.725 0.06979166666666667 0.7267578125 0.08854166666666667 0.731640625 0.09722222291666666 0.7345703125 0.09548611041666667 0.7365234375 0.078125 0.739453125 0.07291666666666667 0.753125 0.06481481458333334 0.753125 0.061805554166666665 0.74921875 0.052083333333333336 0.735546875 0.048611110416666665
1 0.50625 0.37083333333333335 0.500390625 0.36736111250000003 0.496484375 0.36041666666666666 0.490625 0.35694444583333335 0.469140625 0.35694444583333335 0.4671875 0.36041666666666666 0.461328125 0.36041666666666666 0.44765625 0.37430555625 0.4330078125 0.40381944583333335 0.4271484375 0.44895833333333335 0.4291015625 0.45243055625 0.4291015625 0.46979166666666666 0.4349609375 0.490625 0.44375 0.5097222229166667 0.46651785625000003 0.5333333333333333 0.47382813281249997 0.5333333333333333 0.4837890625 0.5322916666666667 0.4876953125 0.5288194458333334 0.4896484375 0.5045138895833333 0.4955078125 0.4732638895833333 0.51015625 0.44375 0.521875 0.43333333333333335 0.5265625 0.42500000208333333 0.5265625 0.41354166875 0.5228515625 0.40034722291666663 0.50625 0.37083333333333335
1 0.653515625 0.1173611125 0.637890625 0.1173611125 0.63203125 0.12083333333333333 0.6232421875 0.1329861125 0.6193359375 0.146875 0.6193359375 0.178125 0.6212890625 0.18506944583333332 0.6374479156249999 0.21041666666666667 0.6398437515625 0.21041666666666667 0.6427734375 0.209375 0.6515625 0.19375 0.66328125 0.18333333333333332 0.669140625 0.18333333333333332 0.671875 0.17847222291666667 0.671875 0.14982638958333333 0.6642578125 0.12951388958333332 0.653515625 0.1173611125
1 0.6546875 0.07881944375000001 0.6591796875 0.08680555625 0.6630859375 0.08680555625 0.6748046875 0.10416666666666667 0.67578125 0.10243055625 0.6826171875 0.09722222291666666 0.6875 0.08854166666666667 0.6890625 0.0829861125 0.6890625 0.06334325416666667 0.6826171875 0.048611110416666665 0.6748046875 0.041666666666666664 0.6650390625 0.041666666666666664 0.6546875 0.05672348541666667 0.6546875 0.07881944375000001
1 0.5865234375 0.05173611041666667 0.57578125 0.07083333333333333 0.57578125 0.0951388875 0.5884765625 0.11423611041666668 0.592578125 0.11666666666666667 0.598437496875 0.11666666666666667 0.601171875 0.11597222083333333 0.6060546875 0.11423611041666668 0.6109375 0.10555555416666666 0.6140625 0.09444444375000001 0.6140625 0.07266413958333334 0.6041015625 0.05173611041666667 0.5865234375 0.05173611041666667
1 0.533984375 0.03854166458333333 0.5232421875 0.05416666458333333 0.5232421875 0.07847222083333333 0.5337456609375 0.09375 0.5353515578125 0.09375 0.5408203125 0.09236111041666667 0.5408203125 0.06805555416666667 0.5447265625 0.0576388875 0.5515625 0.052430554166666664 0.5515625 0.04598214166666667 0.545703125 0.03854166458333333 0.533984375 0.03854166458333333
1 0.503125 0.16666666666666666 0.508984375 0.17013888958333334 0.5197265625 0.16840277708333332 0.5265625 0.16319444375 0.5333984375 0.15104166666666666 0.5373046875 0.13368055625 0.5353515625 0.11631944375 0.528515625 0.10069444375 0.51875 0.09027777708333334 0.503125 0.09375 0.4943359375 0.10590277708333334 0.4884765625 0.12326388958333333 0.4904296875 0.14409722291666668 0.4923828125 0.15104166666666666 0.503125 0.16666666666666666
1 0.4701171875 0.11111111041666667 0.4525390625 0.11458333333333333 0.4486328125 0.11805555625 0.43984375 0.13715277708333332 0.43984375 0.16145833333333334 0.441796875 0.171875 0.4544921875 0.19097222291666668 0.47109375 0.18923611041666666 0.4779296875 0.18402777708333332 0.484765625 0.16840277708333332 0.4859375 0.16423611041666666 0.4859375 0.1355113625 0.4759765625 0.11458333333333333 0.4701171875 0.11111111041666667
0 0.44609375 0.08368055416666667 0.428515625 0.090625 0.4197265625 0.11319444375000001 0.4197265625 0.12361111041666667 0.4236328125 0.1375 0.43046875 0.14965277916666667 0.433203125 0.15208333333333332 0.4361328109375 0.15208333333333332 0.4373046875 0.1513888875 0.4412109375 0.13055555416666667 0.448046875 0.11840277708333334 0.459375 0.11065704999999999 0.459375 0.10243055416666666 0.4587890625 0.09930555416666667 0.44609375 0.08368055416666667
0 0.434765625 0.0625 0.423046875 0.06597222291666667 0.4142578125 0.08506944375 0.4162109375 0.109375 0.419140625 0.11458333333333333 0.4201171875 0.11284722291666666 0.42890625 0.09027777708333334 0.4328125 0.08680555625 0.44453125 0.08680555625 0.446875 0.07986111041666667 0.446875 0.07708333333333334 0.440625 0.06597222291666667 0.434765625 0.0625
0 0.2162109375 0.17743055416666667 0.2064453125 0.17743055416666667 0.199609375 0.18611111041666667 0.195703125 0.20694444374999998 0.2005859375 0.22256944374999998 0.2033203140625 0.225 0.20976561718750003 0.225 0.21328125 0.22430555416666667 0.22109375 0.21041666458333333 0.221875 0.20624999791666668 0.221875 0.18958333125000001 0.22109375 0.1826388875 0.2162109375 0.17743055416666667
0 0.24162381718749998 0.16164856458333335 0.236131178125 0.15746629375 0.2278655734375 0.15977563541666667 0.220996446875 0.16556746875 0.220996446875 0.18987302291666666 0.222949571875 0.19681746875 0.22873706562499999 0.20416666666666666 0.23352995000000001 0.20416666666666666 0.234668321875 0.2037619125 0.244433946875 0.19334524583333332 0.2453125 0.18590922916666666 0.2453125 0.17140004583333335 0.24506755 0.16735252916666665 0.24162381718749998 0.16164856458333335
0 0.240032471875 0.15428572916666666 0.236126221875 0.14734128541666666 0.234173096875 0.14734128541666666 0.232219971875 0.15081350833333335 0.226360596875 0.15081350833333335 0.223430909375 0.15602184166666666 0.223430909375 0.1625 0.2275994453125 0.1625 0.230266846875 0.15775795208333332 0.232219971875 0.15775795208333332 0.234173096875 0.15428572916666666 0.236126221875 0.15428572916666666 0.240032471875 0.161230175 0.241985596875 0.161230175 0.2421875 0.16087123541666667 0.2421875 0.15464466875 0.241985596875 0.15428572916666666 0.240032471875 0.15428572916666666
1 0.2751953125 0.13402777708333333 0.272265625 0.12881944375 0.268359375 0.12881944375 0.26640625 0.12534722083333333 0.264453125 0.12534722083333333 0.2625 0.12881944375 0.260546875 0.12881944375 0.25859375 0.13229166458333333 0.256640625 0.13229166458333333 0.2556640625 0.13402777708333333 0.2556640625 0.13749999791666667 0.2517578125 0.14444444374999998 0.2517578125 0.15833333125000001 0.2537109375 0.16180555416666667 0.2537109375 0.16527777708333333 0.256640625 0.17048611041666667 0.25859375 0.17048611041666667 0.2599609390625 0.17291666666666666 0.2669921859375 0.17291666666666666 0.2673828125 0.17222222083333336 0.268359375 0.17048611041666667 0.2703125 0.17048611041666667 0.2751953125 0.16180555416666667 0.2751953125 0.15833333125000001 0.2765625 0.15590277708333333 0.2765625 0.1399305541666667 0.2751953125 0.13749999791666667 0.2751953125 0.13402777708333333
1 0.3171875 0.14583333333333334 0.315234375 0.14236111041666666 0.311328125 0.14236111041666666 0.309375 0.14583333333333334 0.30546875 0.14583333333333334 0.303515625 0.14930555625 0.3015625 0.14930555625 0.2966796875 0.15798611041666666 0.2966796875 0.16145833333333334 0.2927734375 0.171875 0.2927734375 0.18576388958333334 0.2947265625 0.18923611041666666 0.2947265625 0.19618055625 0.3015625 0.20833333333333334 0.303515625 0.20833333333333334 0.30546875 0.21180555625 0.315234375 0.21180555625 0.3162109375 0.21006944375 0.319140625 0.20833333333333334 0.3279296875 0.19270833333333334 0.3279296875 0.18923611041666666 0.328125 0.18888888750000002 0.328125 0.15833333333333333 0.32109375 0.14583333333333334 0.3171875 0.14583333333333334
1 0.01796875 0.44756944375 0.0111328125 0.46319444375 0.0111328125 0.4875 0.0175130203125 0.5020833333333333 0.0232421828125 0.5020833333333333 0.0267578125 0.5013888875 0.0267578125 0.4666666666666667 0.028125 0.459375 0.028125 0.4552083333333333 0.023828125 0.44756944375 0.01796875 0.44756944375
1 0.05625 0.4739583333333333 0.05625 0.4635416666666667 0.054296875 0.46006944375000003 0.05625 0.453125 0.05625 0.4357638895833333 0.06015625 0.42534722291666666 0.0513671875 0.4236111104166667 0.0474609375 0.4270833333333333 0.042578125 0.4392361104166667 0.042578125 0.4704861104166667 0.04453125 0.48090277708333334 0.0513671875 0.49305555624999997 0.0609375 0.49150883749999996 0.0609375 0.48506944375 0.06015625 0.48090277708333334 0.05625 0.4739583333333333
1 0.079296875 0.35694444583333335 0.0705078125 0.37604166666666666 0.0705078125 0.40381944583333335 0.0724609375 0.4107638895833333 0.0787499984375 0.41875 0.0828125046875 0.41875 0.0880859375 0.41770833333333335 0.0939453125 0.40729166666666666 0.0953125 0.4 0.0953125 0.3712301604166666 0.0890625 0.35694444583333335 0.079296875 0.35694444583333335
0 0.0501953125 0.403125 0.0423828125 0.403125 0.035546875 0.41875 0.03359375 0.4395833333333333 0.03828125 0.4479166666666667 0.039062501562500004 0.4479166666666667 0.04140625 0.4465277791666667 0.05625 0.4234375 0.05625 0.41805555624999996 0.055078125 0.41180555625 0.0501953125 0.403125
0 0.1216796875 0.2673611104166667 0.11484375 0.2829861104166667 0.11484375 0.3072916666666667 0.1197265625 0.31597222291666666 0.13046875 0.3142361104166667 0.136328125 0.30034722291666666 0.1375 0.28993055624999997 0.1375 0.28120039583333334 0.1314453125 0.2673611104166667 0.1216796875 0.2673611104166667