0 0.971875 0.24583333333333332 0.96015625 0.24236111249999998 0.954296875 0.24583333333333332 0.9494140625 0.2579861125 0.9474609375 0.28923611250000003 0.9552734375 0.32395833333333335 0.9635602671875001 0.33541666666666664 0.9675781296875 0.33541666666666664 0.9728515625 0.334375 0.97578125 0.3326388895833333 0.984375 0.31396605 0.984375 0.28148148125 0.9787109375 0.2579861125 0.971875 0.24583333333333332
0 0.465625 0.20833333333333334 0.455859375 0.19791666666666666 0.434375 0.19444444375 0.432421875 0.19791666666666666 0.4265625 0.19791666666666666 0.416796875 0.20833333333333334 0.4060546875 0.23090277708333332 0.4021484375 0.24826388958333334 0.4021484375 0.2760416666666667 0.4060546875 0.29340277708333334 0.42265625 0.31944444375000003 0.434375 0.3229166666666667 0.436328125 0.3263888895833333 0.4470703125 0.32465277708333334 0.46171875 0.31597222291666666 0.4724609375 0.29340277708333334 0.4765625 0.2763888895833333 0.4765625 0.24340277708333333 0.4724609375 0.22395833333333334 0.465625 0.20833333333333334
0 0.453125 0.17256944375 0.4609375 0.15520833333333334 0.4482421875 0.13611111041666665 0.4423828125 0.1326388875 0.4248046875 0.13611111041666665 0.4169921875 0.14305555416666668 0.408203125 0.15868055416666668 0.40625 0.16909722083333334 0.4091796875 0.17430555416666668 0.4189453125 0.17777777708333334 0.4248046875 0.18472222083333334 0.4281901046875 0.19375 0.445117178125 0.19375 0.44921875 0.19340277708333334 0.453125 0.17256944375
0 0.45703125 0.12291666666666666 0.466796875 0.1125 0.466796875 0.10555555624999999 0.4580078125 0.09340277916666667 0.4443359375 0.09340277916666667 0.4384765625 0.096875 0.423828125 0.11944444583333333 0.4248046875 0.13506944583333333 0.4423828125 0.13159722291666667 0.4490234375 0.1375 0.4519531234375 0.1375 0.453125 0.13680555416666668 0.45703125 0.12291666666666666
0 0.4658203125 0.09774305624999999 0.466796875 0.0890625 0.4599609375 0.07690972291666666 0.4423828125 0.0734375 0.4306640625 0.08385416666666666 0.423828125 0.09947916666666666 0.423828125 0.10833333333333334 0.43095703125 0.10833333333333334 0.4423828125 0.09427083333333333 0.4658203125 0.09774305624999999
0 0.5568359375 0.12604166666666666 0.54609375 0.11041666666666666 0.540234375 0.10694444583333333 0.52265625 0.10694444583333333 0.516796875 0.11041666666666666 0.5060546875 0.12604166666666666 0.5021484375 0.146875 0.5119140625 0.16423611249999998 0.5158203125 0.18506944583333332 0.5158203125 0.19895833333333332 0.522265625 0.21041666666666667 0.5292968828125 0.21041666666666667 0.5392578125 0.209375 0.5568359375 0.19201388958333335 0.5625 0.171875 0.5625 0.14583333333333334 0.5607421875 0.13645833333333332 0.5568359375 0.12604166666666666
0 0.538671875 0.08402777708333334 0.5328125 0.08055555416666667 0.519140625 0.08055555416666667 0.50546875 0.09444444375000001 0.5025390625 0.103125 0.5025390625 0.11354166666666667 0.506640625 0.12083333333333333 0.5097656234375 0.12083333333333333 0.5103515625 0.12048611041666667 0.523046875 0.10833333333333334 0.540625 0.10833333333333334 0.546484375 0.11527777708333334 0.55 0.11527777708333334 0.55 0.10173611041666668 0.5494140625 0.09965277708333334 0.538671875 0.08402777708333334
0 0.3685546875 0.15885416875 0.3607421875 0.15885416875 0.3451171875 0.16927083541666665 0.336328125 0.18489583541666665 0.332421875 0.2022569458333333 0.332421875 0.23003472291666668 0.334375 0.24045138958333334 0.3431640625 0.25607638958333334 0.3509765625 0.26302083541666665 0.3588867109375 0.26458333333333334 0.3603515671875 0.26458333333333334 0.371484375 0.26128472291666666 0.371484375 0.25086805625 0.36953125 0.24739583541666665 0.36953125 0.21614583541666665 0.3734375 0.2022569458333333 0.3828125 0.18559027916666665 0.3828125 0.17393904583333333 0.3744140625 0.16232638958333334 0.3685546875 0.15885416875
0 0.36953125 0.12465277916666667 0.36171875 0.12465277916666667 0.351953125 0.13159722291666667 0.3392578125 0.15763888958333333 0.34015066875 0.16875 0.34433594218749997 0.16875 0.3470703125 0.16805555625000002 0.3578125 0.15937500208333333 0.375390625 0.16284722291666667 0.3796875 0.13993055625 0.3796875 0.13576388958333335 0.375390625 0.12812500208333333 0.36953125 0.12465277916666667
1 0.319140625 0.16406249791666666 0.311328125 0.17100694375 0.3044921875 0.18315972083333334 0.2986328125 0.2039930541666667 0.2986328125 0.22829861041666666 0.3025390625 0.24218749791666666 0.3112025671875 0.25416666666666665 0.33291015625 0.25416666666666665 0.3357421875 0.24913194375 0.3318359375 0.2352430541666667 0.3318359375 0.2039930541666667 0.3357421875 0.18663194375 0.3390625 0.18072916458333335 0.3390625 0.16822916458333334 0.33671875 0.16406249791666666 0.319140625 0.16406249791666666
1 0.40234375 0.2829861104166667 0.40234375 0.24826388958333334 0.40625 0.23090277708333332 0.4189453125 0.20486111041666666 0.427734375 0.19618055625 0.4208984375 0.18055555625 0.4111328125 0.17361111041666666 0.3955078125 0.17361111041666666 0.3857421875 0.18055555625 0.375 0.19965277708333332 0.369140625 0.22048611041666666 0.369140625 0.24479166666666666 0.373046875 0.26215277708333334 0.3876953125 0.28472222291666666 0.40234375 0.2829861104166667
1 0.399609375 0.12152777708333334 0.38984375 0.12847222291666666 0.3810546875 0.14409722291666668 0.3771484375 0.16145833333333334 0.3791015625 0.16840277708333332 0.3859375 0.18055555625 0.3869140625 0.17881944375 0.395703125 0.17361111041666666 0.403515625 0.17361111041666666 0.4083984375 0.15798611041666666 0.421875 0.13745039583333335 0.421875 0.12996031666666666 0.415234375 0.12152777708333334 0.399609375 0.12152777708333334
1 0.4015625 0.0970486125 0.39375 0.10399305625 0.3849609375 0.11961805625 0.3833251953125 0.13125 0.38927176406249997 0.13125 0.399609375 0.12135416666666667 0.423046875 0.12482638958333332 0.4234375 0.1171875 0.4234375 0.1051504625 0.415234375 0.0970486125 0.4015625 0.0970486125
1 0.5134765625 0.17465277916666666 0.5046875 0.15208333333333332 0.494921875 0.14166666666666666 0.48125 0.13819444583333332 0.479296875 0.14166666666666666 0.467578125 0.14513888958333335 0.4529296875 0.17465277916666666 0.4509765625 0.19201388958333335 0.463671875 0.20416666666666666 0.4705078125 0.21631944583333332 0.4763671875 0.23368055625 0.47919034062500004 0.2520833333333333 0.4835937546875 0.2520833333333333 0.4900390625 0.25104166666666666 0.498828125 0.24583333333333332 0.5115234375 0.22326388958333335 0.5140625 0.21197916875 0.5140625 0.18958333333333333 0.5134765625 0.18854166666666666 0.5134765625 0.17465277916666666
1 0.4814453125 0.13923611249999998 0.4892578125 0.13923611249999998 0.5009765625 0.14618055416666667 0.505859375 0.13055555416666667 0.505859375 0.12361111041666667 0.5009765625 0.11145833333333334 0.4912109375 0.1045138875 0.4736328125 0.1045138875 0.4677734375 0.10798611041666667 0.4580078125 0.121875 0.455078125 0.13055555416666667 0.455078125 0.14097222083333336 0.461328125 0.15208333333333332 0.4636718734375 0.15208333333333332 0.46484375 0.1513888875 0.4814453125 0.13923611249999998
1 0.48125 0.0734375 0.4734375 0.08038194375 0.4666015625 0.09253472291666666 0.467578125 0.1046875 0.491015625 0.1046875 0.49716796875 0.10833333333333334 0.500244140625 0.10833333333333334 0.5037109375 0.09600694375 0.50625 0.09375 0.50625 0.08404356041666668 0.496875 0.0734375 0.48125 0.0734375
1 0.5921875 0.08263888958333333 0.582421875 0.07569444583333333 0.570703125 0.07569444583333333 0.562890625 0.08263888958333333 0.5541015625 0.09826388958333333 0.5521484375 0.11909722291666666 0.5599609375 0.13645833333333332 0.5619140625 0.15381944583333332 0.56875 0.16597222291666666 0.5734374984375 0.16875 0.5765625015625 0.16875 0.5794921875 0.16770833333333332 0.5921875 0.1625 0.6029296875 0.14340277916666666 0.6046875 0.13715277708333332 0.6046875 0.11145833541666667 0.6009765625 0.09826388958333333 0.5921875 0.08263888958333333
1 0.184765625 0.16388888750000002 0.180859375 0.16736111041666665 0.1740234375 0.19340277708333334 0.1759765625 0.20729166666666668 0.180078125 0.21458333333333332 0.186328121875 0.21458333333333332 0.1876953125 0.21423611041666665 0.192578125 0.2125 0.2013671875 0.196875 0.203125 0.1875 0.203125 0.18581349166666666 0.196484375 0.16388888750000002 0.184765625 0.16388888750000002
1 0.942578125 0.125 0.9328125 0.12847222291666666 0.9318359375 0.15104166666666666 0.9337890625 0.15798611041666666 0.942578125 0.17361111041666666 0.946484375 0.17708333333333334 0.9494140625 0.17534722291666668 0.953125 0.16545138958333333 0.953125 0.15034722291666666 0.9494140625 0.13715277708333332 0.942578125 0.125
1 0.88359375 0.07986111041666667 0.8787109375 0.08506944375 0.8767578125 0.09201388958333333 0.8796875 0.10069444375 0.889453125 0.10763888958333333 0.897265625 0.11805555625 0.9015625 0.11652777708333333 0.9015625 0.09761904791666667 0.8953125 0.08333333333333333 0.88359375 0.07986111041666667
1 0.98046875 0.19895833333333332 0.98046875 0.18854166666666666 0.9765625 0.17118055625 0.9677734375 0.15902777916666666 0.9599609375 0.1625 0.95703125 0.17118055625 0.958984375 0.19201388958333335 0.9638671875 0.20416666666666666 0.9708984359375 0.21041666666666667 0.9736328140625 0.21041666666666667 0.9765625 0.209375 0.98046875 0.19895833333333332