1 0.057421875 0.496875 0.049609375 0.496875 0.0408203125 0.5125 0.0408203125 0.5229166666666667 0.0388671875 0.5263888895833333 0.0408203125 0.5576388895833334 0.047504340625 0.5729166666666666 0.050195318749999995 0.5729166666666666 0.0603515625 0.5715277791666666 0.0642578125 0.56805555625 0.0671875 0.5550347229166667 0.0671875 0.5177083333333333 0.0662109375 0.5125 0.057421875 0.496875
1 0.821484375 0.30833333333333335 0.817578125 0.30486111250000003 0.8 0.30486111250000003 0.7853515625 0.32743055625 0.7814453125 0.34131944583333335 0.7833984375 0.38298611250000003 0.7873046875 0.396875 0.8 0.41597222291666663 0.8078125 0.41597222291666663 0.809375 0.41875 0.8132812546875 0.41875 0.8185546875 0.41770833333333335 0.825390625 0.4125 0.8341796875 0.396875 0.8375 0.38211805625 0.8375 0.34618055625 0.8322265625 0.32743055625 0.821484375 0.30833333333333335
1 0.4794921875 0.16319444375 0.4677734375 0.16319444375 0.455078125 0.17881944375 0.453125 0.18576388958333334 0.453125 0.20659722291666668 0.4638671875 0.22916666666666666 0.4677734375 0.23263888958333334 0.474609375 0.23090277708333332 0.4833984375 0.22569444375 0.48828125 0.21701388958333334 0.4921875 0.203125 0.4921875 0.18576388958333334 0.4833984375 0.16666666666666666 0.4794921875 0.16319444375
1 0.3251953125 0.17361111041666666 0.31640625 0.18576388958333334 0.314453125 0.203125 0.3232421875 0.22222222291666668 0.333984375 0.22048611041666666 0.341796875 0.20659722291666668 0.341796875 0.18576388958333334 0.33984375 0.17881944375 0.3349609375 0.17361111041666666 0.3251953125 0.17361111041666666
1 0.6294921875 0.15659722083333336 0.6197265625 0.15659722083333336 0.6099609375 0.1670138875 0.60703125 0.17569444374999998 0.60703125 0.19999999791666667 0.608984375 0.20694444374999998 0.6191406265625 0.225 0.629687484375 0.225 0.636328125 0.22430555416666667 0.6453125 0.20833333333333334 0.6453125 0.17986111041666666 0.6421875 0.16874999791666667 0.6294921875 0.15659722083333336
1 0.6517578125 0.14618055416666667 0.641015625 0.16180555416666667 0.64296875 0.17222222083333336 0.646875 0.17916666458333333 0.646875 0.20347222083333336 0.6517578125 0.21215277708333333 0.655859378125 0.21458333333333332 0.6605468703125 0.21458333333333332 0.6625 0.2138888875 0.6693359375 0.20868055416666667 0.67421875 0.19999999791666667 0.675 0.19722222083333335 0.675 0.16620370208333332 0.6673828125 0.14965277708333333 0.6517578125 0.14618055416666667
1 0.6275390625 0.10729166666666666 0.6158203125 0.10729166666666666 0.60703125 0.1263888875 0.608984375 0.14375 0.61484375 0.15416666666666667 0.63046875 0.15416666666666667 0.636328125 0.14375 0.6375 0.1375 0.6375 0.12986111041666668 0.634375 0.11597222083333333 0.6275390625 0.10729166666666666
1 0.783984375 0.18038194375 0.772265625 0.17343749791666668 0.7595703125 0.19253472083333334 0.7595703125 0.20295138750000002 0.7634765625 0.21684027708333334 0.7634765625 0.23420138750000002 0.768359375 0.24288194375 0.7727539109375 0.24375 0.7781249984375 0.24375 0.7888671875 0.23420138750000002 0.7921875 0.21944444375 0.7921875 0.20381944375 0.7888671875 0.18906249791666668 0.783984375 0.18038194375
1 0.6919921875 0.12118055416666666 0.6861328125 0.11770833333333333 0.6763671875 0.12118055416666666 0.66953125 0.13680555416666668 0.66953125 0.15416666666666667 0.6783203125 0.17326388750000002 0.6802734390625 0.175 0.691015625 0.175 0.6939453125 0.17326388750000002 0.7 0.15942460208333334 0.7 0.14791666666666667 0.698828125 0.13333333333333333 0.6919921875 0.12118055416666666
1 0.7189453125 0.12326388958333333 0.7267578125 0.140625 0.7267578125 0.16145833333333334 0.731640625 0.16666666666666666 0.7345703125 0.16493055625 0.739453125 0.15972222291666668 0.7423828125 0.15104166666666666 0.74375 0.14375 0.74375 0.1375 0.7423828125 0.13020833333333334 0.73359375 0.11458333333333333 0.723828125 0.11458333333333333 0.719921875 0.11805555625 0.7189453125 0.12326388958333333
1 0.0734375 0.47743055624999997 0.0734375 0.48784722291666666 0.07734375 0.5052083333333334 0.08563058125 0.5166666666666667 0.0880859359375 0.5166666666666667 0.091015625 0.515625 0.094921875 0.48784722291666666 0.1046875 0.4704861104166667 0.102734375 0.453125 0.0962890625 0.44166666666666665 0.0857421875 0.44166666666666665 0.07734375 0.45659722291666666 0.0734375 0.47743055624999997
1 0.17890625 0.29930555416666665 0.1681640625 0.31493055416666665 0.1662109375 0.321875 0.1662109375 0.34270833333333334 0.173046875 0.35833333333333334 0.1765625015625 0.36041666666666666 0.184374996875 0.36041666666666666 0.1857421875 0.36006944375 0.1916015625 0.34965277708333337 0.1953125 0.33645833125 0.1953125 0.31795634791666666 0.188671875 0.30277777708333337 0.17890625 0.29930555416666665
1 0.282421875 0.21510416666666668 0.2765625 0.2116319458333333 0.266796875 0.21857638958333334 0.2599609375 0.23420138958333334 0.2599609375 0.2550347229166667 0.26650390625 0.26666666666666666 0.28076171875 0.26666666666666666 0.2873046875 0.2550347229166667 0.2890625 0.24565972291666668 0.2890625 0.24253472291666667 0.2873046875 0.22378472291666668 0.282421875 0.21510416666666668
0 0.17890625 0.29930555416666665 0.1681640625 0.31493055416666665 0.1662109375 0.321875 0.1662109375 0.34270833333333334 0.173046875 0.35833333333333334 0.1765625015625 0.36041666666666666 0.184374996875 0.36041666666666666 0.1857421875 0.36006944375 0.1916015625 0.34965277708333337 0.1953125 0.33645833125 0.1953125 0.31795634791666666 0.188671875 0.30277777708333337 0.17890625 0.29930555416666665
0 0.0734375 0.47743055624999997 0.0734375 0.48784722291666666 0.07734375 0.5052083333333334 0.08563058125 0.5166666666666667 0.0880859359375 0.5166666666666667 0.091015625 0.515625 0.094921875 0.48784722291666666 0.1046875 0.4704861104166667 0.1046875 0.45659722291666666 0.0962890625 0.44166666666666665 0.0857421875 0.44166666666666665 0.07734375 0.45659722291666666 0.0734375 0.47743055624999997
0 0.534375 0.11770833333333333 0.528515625 0.11770833333333333 0.52265625 0.12118055416666666 0.5177734375 0.13333333333333333 0.5236328125 0.14722222083333333 0.5236328125 0.16805555416666668 0.5291015625 0.175 0.5333984375 0.175 0.53828125 0.17326388750000002 0.5451171875 0.16111111041666665 0.546875 0.15486111041666667 0.546875 0.13631944375000002 0.5421875 0.12465277708333335 0.534375 0.11770833333333333
0 0.5521484375 0.15451388958333334 0.5521484375 0.171875 0.562890625 0.19444444375 0.566796875 0.19791666666666666 0.5775390625 0.19618055625 0.5873046875 0.18229166666666666 0.5890625 0.17291666666666666 0.5890625 0.16979166666666667 0.5873046875 0.15104166666666666 0.5765625 0.13541666666666666 0.562890625 0.13541666666666666 0.5541015625 0.14756944375 0.5521484375 0.15451388958333334
0 0.698828125 0.140625 0.70078125 0.14409722291666668 0.70078125 0.16145833333333334 0.702734375 0.16840277708333332 0.7052734375 0.17291666666666666 0.711523434375 0.17291666666666666 0.7203125 0.171875 0.725 0.1607638875 0.725 0.13645833333333332 0.72421875 0.13368055625 0.7173828125 0.12152777708333334 0.7115234375 0.12152777708333334 0.7099609375 0.11875 0.7085937515625 0.11875 0.6998046875 0.125 0.698828125 0.140625
0 0.7404296875 0.16145833333333334 0.7384765625 0.17534722291666668 0.74140625 0.18055555625 0.751171875 0.18402777708333332 0.756640625 0.19375 0.758203125 0.19375 0.7599609375 0.19270833333333334 0.7716796875 0.16840277708333332 0.7677734375 0.15798611041666666 0.761484375 0.15 0.7484375 0.15 0.7453125 0.15277777708333332 0.7404296875 0.16145833333333334
0 0.777734375 0.11770833333333333 0.769921875 0.11770833333333333 0.7630859375 0.1263888875 0.7611328125 0.14722222083333333 0.7708984375 0.16458333333333333 0.7806640625 0.16458333333333333 0.7806640625 0.14375 0.7859375 0.134375 0.7859375 0.13125 0.7845703125 0.1263888875 0.777734375 0.11770833333333333
0 0.7861328125 0.1326388875 0.7796875 0.14737103125 0.7796875 0.15173611041666665 0.78125 0.165625 0.7880859375 0.18125 0.7904296890625 0.18333333333333332 0.7990234328125 0.18333333333333332 0.80078125 0.18298611041666665 0.80625 0.17326388750000002 0.80625 0.15104166666666666 0.7978515625 0.13611111041666665 0.7861328125 0.1326388875
0 0.780078125 0.2746527791666667 0.772265625 0.2677083333333333 0.756640625 0.2677083333333333 0.748828125 0.2746527791666667 0.7380859375 0.29722222291666667 0.7380859375 0.3076388895833333 0.7361328125 0.3111111125 0.7380859375 0.31805555625 0.7380859375 0.33541666666666664 0.7400390625 0.3458333333333333 0.756640625 0.371875 0.76015625 0.375 0.7626953171874999 0.375 0.7712890625 0.3736111125 0.7810546875 0.36666666666666664 0.7810546875 0.3423611125 0.7830078125 0.3319444458333333 0.7921875 0.3090972229166667 0.7921875 0.30555555624999997 0.7869140625 0.28680555625 0.780078125 0.2746527791666667
0 0.836328125 0.22534722291666667 0.820703125 0.22187500208333333 0.8099609375 0.23750000208333333 0.8080078125 0.25138888958333333 0.8138671875 0.26180555625 0.8177734375 0.27569444583333336 0.8177734375 0.29305555624999996 0.8216796875 0.3 0.8373046875 0.3 0.8470703125 0.28611111250000004 0.8484375 0.27881944583333335 0.8484375 0.2673611125 0.8470703125 0.24791666874999999 0.836328125 0.22534722291666667
0 0.8783203125 0.24652777708333332 0.8666015625 0.24652777708333332 0.8626953125 0.25 0.85390625 0.26909722291666666 0.85390625 0.29340277708333334 0.855859375 0.30381944375000003 0.8607421875 0.31597222291666666 0.863671875 0.3142361104166667 0.8705078125 0.30555555624999997 0.8841796875 0.30555555624999997 0.8900390625 0.30902777708333334 0.8921875 0.30266203750000004 0.8921875 0.2892361104166667 0.891015625 0.27256944375000003 0.8783203125 0.24652777708333332
0 0.90234375 0.26909722291666666 0.900390625 0.2795138895833333 0.90234375 0.30034722291666666 0.9091796875 0.3229166666666667 0.914453125 0.32916666666666666 0.9185546859375 0.32916666666666666 0.923828125 0.328125 0.9267578125 0.3263888895833333 0.93359375 0.3107638895833333 0.935546875 0.30034722291666666 0.93359375 0.2829861104166667 0.931640625 0.27256944375000003 0.9212890625 0.25416666666666665 0.9103515625 0.25416666666666665 0.9072265625 0.25694444375 0.90234375 0.26909722291666666
0 0.9552734375 0.390625 0.9630859375 0.42534722291666666 0.971875 0.4375 0.9787109375 0.4357638895833333 0.9884765625 0.421875 0.9921875 0.40208333333333335 0.9921875 0.38622685208333335 0.9865234375 0.359375 0.97578125 0.34375 0.96796875 0.34375 0.9572265625 0.36631944375000003 0.9552734375 0.390625
1 0.1390625 0.41041666666666665 0.1390625 0.4138888895833333 0.1408203125 0.4357638895833333 0.153515625 0.4375 0.16664062500000001 0.45416666666666666 0.167578125 0.45416666666666666 0.1681640625 0.453125 0.175 0.4348958333333333 0.175 0.39409722291666666 0.1740234375 0.390625 0.16573660625 0.37916666666666665 0.15123197187499998 0.37916666666666665 0.1408203125 0.4010416666666667 0.1390625 0.41041666666666665
1 0.155078125 0.43715277916666667 0.14140625 0.43715277916666667 0.1306640625 0.45277777916666667 0.1248046875 0.47708333333333336 0.1248046875 0.49444444583333336 0.1306640625 0.51875 0.1375 0.5309027791666667 0.14160155937500002 0.5333333333333333 0.150976571875 0.5333333333333333 0.1560546875 0.5326388895833333 0.158984375 0.5309027791666667 0.1677734375 0.51180555625 0.16875 0.5065972229166666 0.16875 0.46493055624999996 0.1677734375 0.45972222291666665 0.155078125 0.43715277916666667
0 0.2978515625 0.19479166458333333 0.2939453125 0.1982638875 0.2875 0.21299603125 0.2875 0.2320987625 0.2957386375 0.25 0.29726562031250003 0.25 0.302734375 0.24861111041666667 0.3076171875 0.24687499791666667 0.310546875 0.24166666458333333 0.3140625 0.22916666666666666 0.3140625 0.20625 0.3095703125 0.1982638875 0.2978515625 0.19479166458333333
0 0.2798828125 0.19496527708333333 0.273046875 0.20711805625000002 0.2740234375 0.21579861041666665 0.28037109375 0.21666666666666667 0.28701171875 0.21666666666666667 0.2921875 0.20133101875 0.2921875 0.19809027708333332 0.2916015625 0.19496527708333333 0.2798828125 0.19496527708333333