0 0.8576171875 0.4739583333333333 0.8498046875 0.5052083333333334 0.8478515625 0.5399305562500001 0.8498046875 0.5434027770833333 0.8517578125 0.5677083333333334 0.8576171875 0.5885416666666666 0.868359375 0.6111111104166667 0.88203125 0.625 0.9005859375 0.6232638895833333 0.911328125 0.6145833333333334 0.9240234375 0.5954861104166667 0.9337890625 0.5572916666666666 0.9337890625 0.5329861104166667 0.9357421875 0.52256944375 0.9279296875 0.47743055624999997 0.911328125 0.44444444375000003 0.903515625 0.4375 0.88203125 0.4375 0.8703125 0.4479166666666667 0.8576171875 0.4739583333333333
0 0.802734375 0.23784722291666668 0.798828125 0.25173611041666666 0.798828125 0.2760416666666667 0.8046875 0.30034722291666666 0.8134765625 0.31597222291666666 0.8212890625 0.3229166666666667 0.833984375 0.32118055624999997 0.84765625 0.30034722291666666 0.849609375 0.28993055624999997 0.849609375 0.265625 0.845703125 0.24479166666666666 0.8369140625 0.22916666666666666 0.8251953125 0.21875 0.8173828125 0.21875 0.8095703125 0.22569444375 0.802734375 0.23784722291666668
0 0.7166015625 0.15798611041666666 0.7166015625 0.18576388958333334 0.7185546875 0.19270833333333334 0.73125 0.21180555625 0.7359375 0.21458333333333332 0.7398437484375 0.21458333333333332 0.7439453125 0.21354166666666666 0.7556640625 0.19618055625 0.75625 0.18993055625000002 0.75625 0.16927083333333334 0.7537109375 0.15798611041666666 0.746875 0.14583333333333334 0.73984375 0.13958333333333334 0.7359375015625 0.13958333333333334 0.7234375 0.14236111041666666 0.7166015625 0.15798611041666666
0 0.6572265625 0.12465277916666667 0.6416015625 0.12812500208333333 0.6328125 0.14375000208333333 0.63125 0.1631944458333333 0.63125 0.16944444583333332 0.634765625 0.18194444583333333 0.6416015625 0.19409722291666667 0.649902340625 0.2 0.6566406312499999 0.2 0.66015625 0.19930555625000002 0.6669921875 0.19409722291666667 0.6734375 0.17936507916666666 0.6734375 0.15277777916666666 0.669921875 0.14027777916666664 0.6572265625 0.12465277916666667
0 0.630859375 0.1553819458333333 0.62890625 0.14496527916666666 0.6181640625 0.12586805625 0.6142578125 0.12239583333333333 0.6025390625 0.12239583333333333 0.58984375 0.14149305625 0.587890625 0.16232638958333334 0.58984375 0.17274305625 0.5966796875 0.18489583333333334 0.6023925765625 0.19166666666666668 0.61826171875 0.19166666666666668 0.62890625 0.17274305625 0.630859375 0.1553819458333333
0 0.4515625 0.15659722083333336 0.445703125 0.15312499791666667 0.433984375 0.15659722083333336 0.4232421875 0.17222222083333336 0.4193359375 0.18958333125000001 0.4193359375 0.19999999791666667 0.4232421875 0.2138888875 0.430078125 0.22604166458333333 0.4335937515625 0.22916666666666666 0.43730467500000003 0.22916666666666666 0.4505859375 0.22777777708333333 0.4623046875 0.20694444374999998 0.4640625 0.18506944374999998 0.4640625 0.18206018333333332 0.4583984375 0.16527777708333333 0.4515625 0.15659722083333336
0 0.305859375 0.2597222229166667 0.29609375 0.25277777916666666 0.286328125 0.25277777916666666 0.28046875 0.25625 0.2697265625 0.27534722291666663 0.2658203125 0.28923611250000003 0.2658203125 0.3170138895833333 0.274609375 0.33958333333333335 0.2833984359375 0.3458333333333333 0.28867187968749997 0.3458333333333333 0.2951171875 0.34479166666666666 0.3 0.34305555625 0.3126953125 0.3170138895833333 0.3140625 0.2951388895833333 0.3140625 0.28315972291666663 0.3107421875 0.26840277916666666 0.305859375 0.2597222229166667
1 0.341796875 0.2864583333333333 0.3486328125 0.2986111104166667 0.3583984375 0.30555555624999997 0.369140625 0.30381944375000003 0.3759765625 0.2986111104166667 0.384765625 0.2829861104166667 0.388671875 0.265625 0.388671875 0.24826388958333334 0.38671875 0.23784722291666668 0.3798828125 0.22222222291666668 0.3720703125 0.21527777708333332 0.3564453125 0.21527777708333332 0.341796875 0.23784722291666668 0.337890625 0.25173611041666666 0.337890625 0.27256944375000003 0.341796875 0.2864583333333333
1 0.677734375 0.14756944375 0.673828125 0.16493055625 0.677734375 0.18923611041666666 0.6904296875 0.20833333333333334 0.70703125 0.20659722291666668 0.712890625 0.19618055625 0.716796875 0.18229166666666666 0.716796875 0.16145833333333334 0.71484375 0.15451388958333334 0.7021484375 0.13541666666666666 0.6865234375 0.13541666666666666 0.6826171875 0.13888888958333334 0.677734375 0.14756944375
1 0.791015625 0.29409722083333334 0.794921875 0.28020833333333334 0.796875 0.26979166666666665 0.794921875 0.24201388750000002 0.787109375 0.22118055416666668 0.7802734375 0.2125 0.7705078125 0.20555555416666668 0.7587890625 0.20902777708333334 0.7509765625 0.21597222083333334 0.7421875 0.23854166666666668 0.7421875 0.26979166666666665 0.74609375 0.28368055416666665 0.7607421875 0.30625 0.7642578140625 0.30833333333333335 0.7783203046875 0.30833333333333335 0.78125 0.3079861104166667 0.791015625 0.29409722083333334
1 0.7333984375 0.13854166666666667 0.734375 0.13333333333333333 0.7236328125 0.11770833333333333 0.7099609375 0.11770833333333333 0.705078125 0.1263888875 0.703125 0.13680555416666668 0.7146661937500001 0.15416666666666667 0.71875 0.15416666666666667 0.7236328125 0.14201388750000002 0.7333984375 0.13854166666666667
0 0.9599609375 0.3302083333333333 0.9443359375 0.3302083333333333 0.9404296875 0.33368055625 0.9296875 0.35625 0.9296875 0.39791666666666664 0.935546875 0.42916666666666664 0.9404296875 0.43784722291666667 0.9517578125 0.4479166666666667 0.953515628125 0.4479166666666667 0.958984375 0.4465277791666667 0.9658203125 0.4413194458333333 0.974609375 0.42222222291666667 0.9765625 0.41180555625 0.9765625 0.3736111125 0.97265625 0.3527777791666667 0.9599609375 0.3302083333333333
0 0.962890625 0.33506944375000003 0.97265625 0.35243055624999997 0.9765625 0.3697916666666667 0.9765625 0.41493055624999997 0.974609375 0.421875 0.9775390625 0.4270833333333333 0.984375 0.42534722291666666 0.9921875 0.4079861104166667 0.99609375 0.390625 0.99609375 0.3802083333333333 0.998046875 0.3767361104166667 0.99609375 0.359375 0.9921875 0.3420138895833333 0.9833984375 0.3263888895833333 0.9794921875 0.3229166666666667 0.9697265625 0.3229166666666667 0.9658203125 0.3263888895833333 0.962890625 0.33506944375000003
1 0.662890625 0.121875 0.655078125 0.11493055416666667 0.6453125 0.11493055416666667 0.64140625 0.11840277708333334 0.6326171875 0.1375 0.635546875 0.13923611249999998 0.6453125 0.12881944375 0.658984375 0.12881944375 0.668017578125 0.14166666666666666 0.66875 0.14166666666666666 0.66875 0.13229166875 0.662890625 0.121875