0 0.8341796875 0.28836805416666667 0.8576171875 0.2918402770833334 0.8615234375 0.28489583333333335 0.8673828125 0.2814236104166667 0.8703125 0.27274305416666667 0.8625 0.2484375 0.8556640625 0.23975694374999998 0.8517578125 0.23628472083333335 0.8380859375 0.23628472083333335 0.82734375 0.25190972083333335 0.8234375 0.26579861041666664 0.8234375 0.2935763875 0.829296875 0.2935763875 0.8341796875 0.28836805416666667
0 0.9115234375 0.27413194583333333 0.8998046875 0.2706597229166666 0.8939453125 0.27413194583333333 0.891015625 0.2793402791666667 0.891015625 0.2862847229166666 0.896875 0.2967013895833333 0.9024047843749999 0.3229166666666667 0.90810546875 0.3229166666666667 0.9115234375 0.31927083333333334 0.925 0.31927083333333334 0.925 0.30086805624999996 0.92421875 0.2967013895833333 0.9115234375 0.27413194583333333
0 0.9310546875 0.32725694583333337 0.9251953125 0.3203125 0.9115234375 0.3203125 0.9076171875 0.32378472291666666 0.896875 0.3463541666666667 0.894921875 0.3567708333333333 0.894921875 0.3810763895833333 0.9046875 0.40190972291666666 0.9125 0.43663194583333337 0.9153320296875 0.44166666666666665 0.92462890625 0.44166666666666665 0.9330078125 0.4348958333333333 0.93984375 0.42274305624999997 0.9453125 0.4000578708333334 0.9453125 0.37204861250000004 0.93984375 0.34288194583333337 0.9310546875 0.32725694583333337
0 0.8958984375 0.38177083333333334 0.8822265625 0.36788194583333333 0.8685546875 0.36788194583333333 0.8529296875 0.38177083333333334 0.844140625 0.4043402791666667 0.8626953125 0.4234375 0.8734375 0.44600694583333333 0.88125 0.48072916666666665 0.88125 0.5166666666666667 0.8890136734375 0.5166666666666667 0.898828125 0.5050347229166666 0.909375 0.47065972291666663 0.909375 0.4203125020833333 0.9046875 0.40086805625 0.8958984375 0.38177083333333334
0 0.8578125 0.42048611041666667 0.851953125 0.41354166666666664 0.834375 0.40659722083333333 0.832421875 0.41006944375000004 0.820703125 0.41354166666666664 0.8109375 0.42743055416666664 0.7982421875 0.45347222083333333 0.7923828125 0.48125 0.7923828125 0.5229166666666667 0.8001953125 0.5541666645833333 0.812890625 0.58020833125 0.825195315625 0.5895833333333333 0.8365234328125 0.5895833333333333 0.8431640625 0.5888888895833334 0.86171875 0.5732638895833334 0.8705078125 0.5576388895833334 0.8796875 0.5217361104166667 0.8796875 0.47847222291666663 0.8744140625 0.45347222083333333 0.8578125 0.42048611041666667
0 0.9525390625 0.44722222291666663 0.9447265625 0.44027777916666666 0.9291015625 0.44027777916666666 0.9212890625 0.44722222291666663 0.910546875 0.46631944583333335 0.902734375 0.49409722291666663 0.902734375 0.5045138895833333 0.90078125 0.5079861125 0.90078125 0.5461805562500001 0.90859375 0.5809027791666667 0.9193359375 0.6 0.9263671859375 0.60625 0.9337890703125 0.60625 0.94375 0.6052083333333333 0.9525390625 0.6 0.96328125 0.5809027791666667 0.969140625 0.5600694458333333 0.9703125 0.5538194458333333 0.9703125 0.49444444583333336 0.96328125 0.46631944583333335 0.9525390625 0.44722222291666663
0 0.618359375 0.2746527791666667 0.6125 0.27118055625 0.60859375 0.2642361125 0.602734375 0.2642361125 0.60078125 0.26076388958333335 0.579296875 0.2642361125 0.567578125 0.278125 0.5568359375 0.3076388895833333 0.5568359375 0.33541666666666664 0.5587890625 0.3388888895833333 0.5587890625 0.34930555625 0.5646484375 0.36666666666666664 0.5669921875 0.37083333333333335 0.5693359375 0.37083333333333335 0.5705078125 0.3701388895833333 0.58125 0.35104166666666664 0.59296875 0.340625 0.598828125 0.340625 0.60078125 0.3371527791666667 0.62421875 0.3371527791666667 0.626171875 0.340625 0.63203125 0.340625 0.6328125 0.3253472229166666 0.6328125 0.32065972291666667 0.6251953125 0.28680555625 0.618359375 0.2746527791666667
0 0.6546875 0.38298611250000003 0.648828125 0.365625 0.6302734375 0.33958333333333335 0.6244140625 0.33611111250000003 0.6009765625 0.33611111250000003 0.5990234375 0.33958333333333335 0.5873046875 0.34305555625 0.570703125 0.36909722291666663 0.566796875 0.38298611250000003 0.566796875 0.39340277916666666 0.56484375 0.396875 0.56484375 0.43159722291666663 0.566796875 0.4420138895833333 0.5765625 0.4732638895833333 0.5931640625 0.49583333333333335 0.6001953109375 0.5020833333333333 0.6107421984375 0.5020833333333333 0.625390625 0.5010416666666667 0.6380859375 0.4888888895833333 0.648828125 0.46979166666666666 0.656640625 0.44548611250000003 0.6578125 0.4392361125 0.6578125 0.3982638895833333 0.6546875 0.38993055625 0.6546875 0.38298611250000003
0 0.5169921875 0.1454861125 0.5091796875 0.13854166874999999 0.4955078125 0.14201388958333333 0.48671875 0.1611111125 0.48671875 0.18194444583333333 0.490625 0.19583333541666667 0.4998325875 0.20625 0.5140625015625 0.20625 0.521875 0.19583333541666667 0.525 0.18472222291666668 0.525 0.16180555625 0.523828125 0.15763888958333333 0.5169921875 0.1454861125
0 0.72421875 0.234375 0.730078125 0.25173611041666666 0.7388671875 0.26388888958333334 0.7419921875 0.26666666666666666 0.748632809375 0.26666666666666666 0.757421875 0.265625 0.769140625 0.24131944375 0.769140625 0.23090277708333332 0.7703125 0.22881944375 0.7703125 0.22048611041666666 0.769140625 0.21006944375 0.7564453125 0.18402777708333332 0.7533203125 0.18125 0.7365755218750001 0.18125 0.72421875 0.20659722291666668 0.72421875 0.234375
0 0.7845703125 0.18784722083333336 0.773828125 0.19999999791666667 0.769921875 0.2138888875 0.771875 0.21736111041666667 0.7728515625 0.24340277708333333 0.7767578125 0.24340277708333333 0.7865234375 0.23298611041666667 0.7962890625 0.23298611041666667 0.8060546875 0.23993055416666667 0.8093750015625 0.24583333333333332 0.811718746875 0.24583333333333332 0.8125 0.24537036875 0.8125 0.22004629374999998 0.7982421875 0.19131944374999998 0.7845703125 0.18784722083333336
0 0.43828125 0.15937500208333333 0.428515625 0.15937500208333333 0.4275390625 0.18541666874999999 0.43046875 0.19062500208333333 0.43828125 0.19409722291666667 0.4451171875 0.20625 0.4509765625 0.20625 0.4515625 0.20208333541666665 0.4515625 0.18628472291666667 0.4490234375 0.17500000208333333 0.43828125 0.15937500208333333
0 0.4658203125 0.14236111041666666 0.455078125 0.15451388958333334 0.4515625 0.1670138875 0.4515625 0.18658459583333334 0.4619140625 0.20833333333333334 0.4677734375 0.21180555625 0.474609375 0.21006944375 0.4775390625 0.20833333333333334 0.4859375 0.19008487500000001 0.4859375 0.1574179291666667 0.4755859375 0.14236111041666666 0.4658203125 0.14236111041666666
0 0.2908203125 0.28993055624999997 0.2859375 0.27777777708333334 0.2810546875 0.28993055624999997 0.2810546875 0.3142361104166667 0.2849609375 0.328125 0.291796875 0.34027777708333334 0.299609375 0.34722222291666666 0.3015625 0.3460648145833333 0.3015625 0.3416666666666667 0.2927734375 0.3072916666666667 0.2908203125 0.28993055624999997
0 0.20390625 0.38472222291666663 0.190234375 0.37777777916666666 0.174609375 0.39166666666666666 0.1677734375 0.40729166666666666 0.1638671875 0.42465277916666666 0.1638671875 0.45590277916666666 0.1677734375 0.46979166666666666 0.178515625 0.4888888895833333 0.1832031234375 0.49166666666666664 0.18945313125000002 0.49166666666666664 0.1970703125 0.490625 0.20390625 0.48541666666666666 0.2146484375 0.46284722291666663 0.215625 0.4576388895833333 0.215625 0.4107638895833333 0.2126953125 0.40034722291666663 0.20390625 0.38472222291666663
0 0.140234375 0.5274305541666666 0.1265625 0.5204861104166667 0.11484375 0.5274305541666666 0.1041015625 0.5430555541666667 0.0962890625 0.5777777770833333 0.0962890625 0.6020833333333333 0.0982421875 0.6055555541666667 0.1001953125 0.6298611104166666 0.112890625 0.659375 0.1251953125 0.66875 0.1330078078125 0.66875 0.1373046875 0.6680555541666667 0.14609375 0.6628472208333334 0.1587890625 0.6333333333333333 0.159375 0.6302083333333334 0.159375 0.57578125 0.1529296875 0.55 0.140234375 0.5274305541666666
1 0.2734375 0.4076388875 0.27734375 0.39375 0.27734375 0.3625 0.275390625 0.35208333333333336 0.2646484375 0.3329861104166667 0.2548828125 0.3260416666666667 0.2470703125 0.3260416666666667 0.2333984375 0.3399305541666667 0.224609375 0.35902777708333333 0.22265625 0.36944444375 0.22265625 0.3972222208333333 0.224609375 0.4076388875 0.2333984375 0.4267361104166667 0.24479166718749998 0.4354166666666667 0.255859375 0.4354166666666667 0.2607421875 0.4336805541666667 0.2734375 0.4076388875
1 0.3880859375 0.38506944583333336 0.3744140625 0.37465277916666667 0.3587890625 0.37465277916666667 0.3451171875 0.38506944583333336 0.332421875 0.4041666666666667 0.32265625 0.44236111250000004 0.32265625 0.47013888958333333 0.328515625 0.4979166666666667 0.3412109375 0.5204861125 0.3529296875 0.5309027791666667 0.3587890625 0.5309027791666667 0.3601562484375 0.5333333333333333 0.36484375468749997 0.5333333333333333 0.367578125 0.5326388895833333 0.3861328125 0.5239583333333333 0.398828125 0.5083333333333333 0.4078125 0.4795833333333333 0.4078125 0.4326388895833333 0.40078125 0.40763888958333333 0.3880859375 0.38506944583333336
1 0.437890625 0.3 0.4310546875 0.284375 0.4212890625 0.27395833333333336 0.4154296875 0.2704861104166667 0.4017578125 0.2704861104166667 0.3919921875 0.2774305541666667 0.383203125 0.28958333333333336 0.37734375 0.3104166666666667 0.37734375 0.3451388875 0.383203125 0.3659722208333333 0.3900390625 0.378125 0.4005859375 0.3875 0.41171874218750004 0.3875 0.418359375 0.3868055541666667 0.43203125 0.36944444375 0.4390625 0.34756944375000004 0.4390625 0.3125 0.437890625 0.3104166666666667 0.437890625 0.3
1 0.6064453125 0.16284722291666667 0.5908203125 0.15590277916666664 0.578125 0.17152777916666664 0.5765625 0.18263889166666666 0.5765625 0.18645833541666665 0.580078125 0.19583333541666667 0.591796875 0.21319444583333333 0.591796875 0.22708333541666667 0.587890625 0.23750000208333333 0.5917968734375 0.24166666666666667 0.5980468812499999 0.24166666666666667 0.6015625 0.24097222291666667 0.6103515625 0.23229166874999999 0.6171875 0.21666666874999999 0.61875 0.21111111249999998 0.61875 0.18773148125 0.61328125 0.17152777916666664 0.6064453125 0.16284722291666667
1 0.753125 0.32708333333333334 0.7453125 0.32013888749999997 0.723828125 0.32013888749999997 0.712109375 0.33055555416666665 0.7013671875 0.34965277708333337 0.6955078125 0.37395833333333334 0.6955078125 0.415625 0.7033203125 0.44340277708333337 0.716015625 0.46597222083333334 0.72955729375 0.475 0.7402343703125001 0.475 0.7423828125 0.47465277708333337 0.747265625 0.47291666666666665 0.751171875 0.46597222083333334 0.755078125 0.46597222083333334 0.7697265625 0.43993055416666665 0.775 0.41493055416666663 0.775 0.37881944375000004 0.7658203125 0.34618055416666665 0.753125 0.32708333333333334
1 0.88984375 0.2850694458333333 0.880078125 0.278125 0.8703125 0.278125 0.860546875 0.28854166666666664 0.8595703125 0.29722222291666667 0.8673828125 0.3111111125 0.8732421875 0.32847222291666667 0.8751953125 0.36666666666666664 0.8892578109375 0.375 0.8904296890625 0.375 0.8927734375 0.3736111125 0.8966796875 0.3423611125 0.9 0.33645833333333336 0.9 0.3090277791666667 0.8966796875 0.29722222291666667 0.88984375 0.2850694458333333
1 0.484179775 1 0.6287109375 0.9986111125 0.6296875 0.996875 0.6296875 0.9795138895833334 0.6248046875 0.9708333333333333 0.6248046875 0.9569444458333333 0.621875 0.9552083333333333 0.619921875 0.95868055625 0.60625 0.9309027791666666 0.59453125 0.9170138895833334 0.576953125 0.903125 0.569140625 0.903125 0.561328125 0.89618055625 0.541796875 0.89618055625 0.53984375 0.8927083333333333 0.52421875 0.8927083333333333 0.522265625 0.89618055625 0.506640625 0.8996527791666666 0.494921875 0.9065972229166667 0.48125 0.9204861125 0.4587890625 0.9569444458333333 0.4451171875 0.9951388895833334 0.4478515625 1 0.484179775 1