0 0.6591796875 0.17708333333333334 0.6416015625 0.17361111041666666 0.6357421875 0.17708333333333334 0.625 0.19618055625 0.6234375 0.215625 0.6234375 0.221875 0.62890625 0.24131944375 0.6376953125 0.25694444375 0.6474609375 0.26388888958333334 0.650390625 0.26215277708333334 0.6630859375 0.25347222291666666 0.669921875 0.24131944375 0.6734375 0.23194444374999998 0.6734375 0.20868055416666667 0.66796875 0.18923611041666666 0.6591796875 0.17708333333333334
0 0.7212890625 0.20694444583333332 0.710546875 0.184375 0.702734375 0.17743055625 0.69296875 0.17743055625 0.687109375 0.18090277916666667 0.6783203125 0.19305555625 0.6744140625 0.20694444583333332 0.6744140625 0.22777777916666667 0.6783203125 0.24513888958333335 0.687109375 0.26076388958333335 0.69375 0.26666666666666666 0.7001953140625 0.26666666666666666 0.7037109375 0.26597222291666667 0.710546875 0.26076388958333335 0.7193359375 0.24513888958333335 0.721875 0.23159722291666668 0.721875 0.221875 0.7212890625 0.22083333333333333 0.7212890625 0.20694444583333332
0 0.7544921875 0.13576388958333335 0.7505859375 0.13229166666666667 0.7408203125 0.13229166666666667 0.730078125 0.14791666666666667 0.730078125 0.17222222291666667 0.7408203125 0.19479166666666667 0.7443359375 0.19791666666666666 0.746093753125 0.19791666666666666 0.7515625 0.19652777916666667 0.7583984375 0.19131944583333332 0.76328125 0.18263888958333335 0.7640625 0.17430555625000002 0.7640625 0.15763888958333333 0.761328125 0.14791666666666667 0.7544921875 0.13576388958333335
0 0.8021484375 0.128125 0.7982421875 0.13159722083333333 0.7962890625 0.128125 0.789453125 0.14027777708333333 0.789453125 0.16458333333333333 0.7982421875 0.18368055416666668 0.8001953140625 0.18541666666666667 0.808984375 0.18541666666666667 0.8119140625 0.18368055416666668 0.815625 0.17444444375 0.815625 0.14814814791666667 0.8080078125 0.13159722083333333 0.8021484375 0.128125
0 0.77109375 0.14756944375 0.7779296875 0.16319444375 0.7818359375 0.16666666666666666 0.788671875 0.16493055625 0.788671875 0.140625 0.79375 0.1285879625 0.79375 0.12565586458333333 0.7857421875 0.11458333333333333 0.7759765625 0.11458333333333333 0.77109375 0.1267361104166667 0.77109375 0.14756944375
0 0.7630859375 0.09670138958333332 0.75234375 0.11232638958333332 0.75234375 0.1296875 0.7611328125 0.1453125 0.7637695328125 0.14583333333333334 0.77060546875 0.14583333333333334 0.771875 0.14357638958333335 0.771875 0.12621527708333333 0.775 0.12065972291666666 0.775 0.10777392083333333 0.7669921875 0.09670138958333332 0.7630859375 0.09670138958333332
0 0.69765625 0.12326388958333333 0.69765625 0.14409722291666668 0.695703125 0.14756944375 0.6982421875 0.15208333333333332 0.703710934375 0.15208333333333332 0.711328125 0.15104166666666666 0.71875 0.1345486125 0.71875 0.11894290208333333 0.7103515625 0.10069444375 0.7009765609375 0.09791666666666667 0.6982421875 0.09791666666666667 0.691796875 0.109375 0.69765625 0.12326388958333333
1 0.6791015625 0.10069444375 0.668359375 0.11284722291666666 0.66640625 0.11979166666666667 0.66640625 0.13715277708333332 0.6771484375 0.15972222291666668 0.68984375 0.15798611041666666 0.696875 0.1454861125 0.696875 0.12455357083333334 0.6908203125 0.10763888958333333 0.6791015625 0.10069444375
1 0.732421875 0.13680555416666668 0.734375 0.11597222291666666 0.7275390625 0.10034722291666666 0.7158203125 0.09340277916666667 0.7119140625 0.096875 0.7109375 0.10208333333333333 0.71875 0.12291666666666666 0.716796875 0.14375 0.719140625 0.14791666666666667 0.7226562484375 0.14791666666666667 0.724609375 0.14722222083333333 0.732421875 0.13680555416666668
1 0.5984375 0.09652777916666667 0.584765625 0.09652777916666667 0.5759765625 0.115625 0.5779296875 0.1329861125 0.586328125 0.14791666666666667 0.59179688125 0.14791666666666667 0.5994140625 0.146875 0.6072265625 0.13645833333333332 0.6078125 0.13020833333333334 0.6078125 0.11197916666666667 0.6052734375 0.10520833333333333 0.5984375 0.09652777916666667
1 0.6095703125 0.11979166666666667 0.6115234375 0.13020833333333334 0.61640625 0.13888888958333334 0.61953125 0.14166666666666666 0.6230468734375 0.14166666666666666 0.6271484375 0.140625 0.6291015625 0.13715277708333332 0.6271484375 0.11631944375 0.634375 0.10026041666666667 0.634375 0.09791666666666667 0.630078125 0.09027777708333334 0.6222656234375 0.0875 0.61981026875 0.0875 0.6115234375 0.09895833333333333 0.6095703125 0.11979166666666667
0 0.5466796875 0.109375 0.5466796875 0.13020833333333334 0.557421875 0.14583333333333334 0.5701171875 0.14409722291666668 0.575 0.13252314791666667 0.575 0.10455246874999999 0.5671875 0.09375 0.55546875 0.09375 0.5515625 0.09722222291666666 0.5466796875 0.109375
1 0.13828125 0.39166666666666666 0.132421875 0.38819444583333335 0.12265625 0.3951388895833333 0.1138671875 0.41423611250000003 0.1138671875 0.43159722291666663 0.128515625 0.42986111250000003 0.132421875 0.43333333333333335 0.1392578125 0.44548611250000003 0.1412109375 0.45590277916666666 0.14375 0.46041666666666664 0.14453125 0.46041666666666664 0.1451171875 0.459375 0.1490234375 0.44895833333333335 0.1490234375 0.43506944583333335 0.15 0.43333333333333335 0.15 0.42552083333333335 0.1470703125 0.40729166666666666 0.13828125 0.39166666666666666
1 0.155078125 0.33680555624999997 0.1453125 0.3333333333333333 0.1326171875 0.35243055624999997 0.1306640625 0.36284722291666666 0.1306640625 0.38715277708333334 0.13359375 0.3923611104166667 0.14140625 0.3958333333333333 0.1453125 0.40625 0.1521484375 0.4045138895833333 0.1580078125 0.39756944375000003 0.1619140625 0.38368055624999997 0.1625 0.37638888958333333 0.1625 0.35208333333333336 0.1619140625 0.3489583333333333 0.155078125 0.33680555624999997
0 0.161328125 0.29444444583333335 0.1544921875 0.303125 0.1505859375 0.3170138895833333 0.1505859375 0.33090277916666666 0.1623046875 0.3482638895833333 0.163203125 0.35625 0.16601562812499998 0.35625 0.1701171875 0.35520833333333335 0.1759765625 0.3482638895833333 0.1796875 0.33506944375000003 0.1796875 0.3131172833333334 0.17109375 0.29444444583333335 0.161328125 0.29444444583333335
0 0.28046875 0.19027777916666666 0.270703125 0.19027777916666666 0.2599609375 0.20590277916666666 0.2599609375 0.21284722291666666 0.2742647046875 0.24166666666666667 0.277343753125 0.24166666666666667 0.2814453125 0.240625 0.2890625 0.2203125 0.2890625 0.20875000000000002 0.284375 0.19375 0.28046875 0.19027777916666666
0 0.2544921875 0.20868055416666667 0.2447265625 0.21215277708333333 0.2359375 0.22777777708333333 0.233984375 0.24861111041666667 0.2365625 0.25625 0.238671871875 0.25625 0.23984375 0.2555555541666667 0.241796875 0.24166666458333333 0.2505859375 0.22604166458333333 0.2609375 0.221022725 0.2609375 0.21967592500000002 0.2583984375 0.21215277708333333 0.2544921875 0.20868055416666667
1 0.2857421875 0.19270833333333334 0.2876953125 0.19618055625 0.2876953125 0.20659722291666668 0.290625 0.21180555625 0.296484375 0.21875 0.3052734375 0.21701388958333334 0.3033203125 0.18576388958333334 0.30625 0.17534722291666668 0.30625 0.17013888958333334 0.304296875 0.16666666666666666 0.2984375 0.16666666666666666 0.2876953125 0.18229166666666666 0.2857421875 0.19270833333333334
1 0.2990234375 0.19618055625 0.30390625 0.21527777708333332 0.3078125 0.21875 0.3185546875 0.21701388958333334 0.3146484375 0.21006944375 0.3146484375 0.18576388958333334 0.3203125 0.1723379625 0.3203125 0.17152777708333333 0.317578125 0.16666666666666666 0.309765625 0.16666666666666666 0.3029296875 0.17534722291666668 0.2990234375 0.19618055625
1 0.7837890625 0.234375 0.7818359375 0.22743055625 0.7671875 0.20486111041666666 0.753515625 0.20486111041666666 0.74765625 0.20833333333333334 0.7408203125 0.22048611041666666 0.7369140625 0.234375 0.7388671875 0.265625 0.7515625 0.2916666666666667 0.75546875 0.2951388895833333 0.7681640625 0.29340277708333334 0.775 0.28819444375000003 0.7837890625 0.26909722291666666 0.7837890625 0.2552083333333333 0.784375 0.25416666666666665 0.784375 0.24930555625 0.7837890625 0.24826388958333334 0.7837890625 0.234375
1 0.14296875 0.30243055625 0.1361328125 0.3145833333333333 0.1361328125 0.3215277791666667 0.1390625 0.3267361125 0.14462890625 0.3333333333333333 0.1455078140625 0.3333333333333333 0.1478515625 0.3319444458333333 0.153125 0.31319444583333333 0.153125 0.30381944583333337 0.152734375 0.2989583333333333 0.14296875 0.30243055625
1 0.13203125 0.4725694458333333 0.12421875 0.465625 0.114453125 0.465625 0.106640625 0.4725694458333333 0.1046875 0.46909722291666667 0.1037109375 0.47430555625 0.1076171875 0.48472222291666667 0.1251953125 0.5125 0.1330078125 0.53680555625 0.1357421875 0.5416666666666666 0.1365234390625 0.5416666666666666 0.1388671875 0.5402777791666666 0.140625 0.5371527791666666 0.140625 0.49409722291666663 0.1388671875 0.48472222291666667 0.13203125 0.4725694458333333
0 0.1298828125 0.3232638895833333 0.125 0.32847222291666667 0.121875 0.3395833354166667 0.121875 0.342992425 0.130546875 0.35 0.13359375 0.35 0.134765625 0.34930555625 0.1416015625 0.340625 0.14375 0.33425926041666665 0.14375 0.33095238125000004 0.1376953125 0.3232638895833333 0.1298828125 0.3232638895833333
0 0.101953125 0.4670138895833333 0.1048828125 0.47569444375000003 0.1087890625 0.47569444375000003 0.1126953125 0.46875 0.1263671875 0.46875 0.137109375 0.484375 0.1398716515625 0.49583333333333335 0.1412109375 0.49583333333333335 0.14296875 0.4947916666666667 0.14296875 0.48090277708333334 0.14375 0.4795138895833333 0.14375 0.4670138895833333 0.14296875 0.46006944375000003 0.1390625 0.44618055624999997 0.1322265625 0.43402777708333334 0.1291015625 0.43125 0.1162109375 0.43125 0.105859375 0.44965277708333334 0.101953125 0.4670138895833333
1 0.0203125 0.5416666666666666 0.0173828125 0.546875 0.0173828125 0.5711805562500001 0.0212890625 0.5920138895833333 0.026171875 0.6006944437499999 0.03203125 0.6041666666666666 0.0369140625 0.6024305562500001 0.03984375 0.6006944437499999 0.0421875 0.59375 0.0421875 0.5911458333333334 0.0310546875 0.5746527770833333 0.0203125 0.5416666666666666
0 0.2591796875 0.18715277916666664 0.250390625 0.20277777916666664 0.25125000000000003 0.21041666666666667 0.25664063125 0.21041666666666667 0.26015625 0.20972222291666667 0.26875 0.1944444458333333 0.26875 0.19027777916666666 0.2669921875 0.18715277916666664 0.2591796875 0.18715277916666664