1 0.429296875 0.86944444375 0.4205078125 0.85381944375 0.3990234375 0.8260416666666667 0.3873046875 0.815625 0.3755859375 0.8086805541666667 0.3677734375 0.8086805541666667 0.3658203125 0.8052083333333333 0.3404296875 0.8052083333333333 0.3384765625 0.8086805541666667 0.3248046875 0.8121527770833333 0.3072265625 0.8260416666666667 0.284765625 0.8659722208333334 0.280859375 0.8763888875 0.280859375 0.8868055541666667 0.276953125 0.89375 0.273046875 0.9493055541666667 0.275 0.9527777770833333 0.276953125 0.9840277770833333 0.27890625 0.9909722208333334 0.284375 0.9979166666666667 0.2984375 0.9979166666666667 0.2994140625 0.9961805541666667 0.3013671890625 0.9979166666666667 0.444921875 0.9979166666666667 0.4484375 0.9916666645833333 0.4484375 0.9402777770833333 0.441015625 0.90069444375 0.429296875 0.86944444375
1 0.475390625 0.5208333333333334 0.463671875 0.50694444375 0.459765625 0.50694444375 0.448046875 0.49652777708333334 0.420703125 0.49652777708333334 0.403125 0.50694444375 0.3787109375 0.5434027770833333 0.3669921875 0.5850694437499999 0.3650390625 0.6267361104166667 0.3708984375 0.6545138895833333 0.3708984375 0.6649305562500001 0.3787109375 0.6892361104166667 0.385546875 0.7013888895833333 0.3953125 0.7152777770833333 0.39921875 0.7152777770833333 0.403125 0.7222222229166667 0.408984375 0.7256944437499999 0.428515625 0.7291666666666666 0.43046875 0.7326388895833333 0.4373046875 0.7309027770833333 0.448046875 0.7291666666666666 0.4734375 0.7083333333333334 0.4900390625 0.6788194437499999 0.4984375 0.64 0.4984375 0.5891666666666667 0.4900390625 0.5503472229166667 0.475390625 0.5208333333333334
1 0.5044921875 0.3888888895833333 0.4849609375 0.37152777708333334 0.4556640625 0.37152777708333334 0.4400390625 0.38194444375000003 0.425390625 0.4045138895833333 0.417578125 0.4357638895833333 0.417578125 0.44618055624999997 0.413671875 0.4635416666666667 0.415625 0.49131944375000003 0.4185546875 0.49652777708333334 0.4380859375 0.49652777708333334 0.4419921875 0.49305555624999997 0.4595703125 0.50694444375 0.4634765625 0.50694444375 0.4673828125 0.5138888895833333 0.4732421875 0.5173611104166667 0.4927734375 0.5555555562500001 0.495703125 0.5538194437499999 0.5044921875 0.5451388895833333 0.515234375 0.5260416666666666 0.525 0.4947916666666667 0.5265625 0.4670138875 0.5265625 0.4579861104166667 0.519140625 0.41840277708333334 0.5044921875 0.3888888895833333
1 0.2517578125 0.30364583333333334 0.24296875 0.28802083333333334 0.2390625 0.2845486125 0.2234375 0.2845486125 0.215625 0.29149305625 0.2068359375 0.30711805625 0.2029296875 0.3314236125 0.205859375 0.33663194583333333 0.215625 0.33663194583333333 0.21953125 0.34010416666666665 0.2283203125 0.35572916666666665 0.2337036125 0.38125 0.24326171875 0.38125 0.2498046875 0.36961805625 0.2537109375 0.35225694583333333 0.2537109375 0.3418402791666667 0.2546875 0.34010416666666665 0.2546875 0.32621527708333337 0.2537109375 0.3140625 0.2517578125 0.30364583333333334
1 0.135546875 0.3298611104166667 0.123828125 0.3298611104166667 0.1169921875 0.3385416666666667 0.1111328125 0.359375 0.1091796875 0.3767361104166667 0.1130859375 0.39756944375000003 0.11796875 0.40625 0.121875 0.40972222291666666 0.1345703125 0.4079861104166667 0.1423828125 0.39756944375000003 0.1453125 0.38194444375000003 0.1453125 0.35267857083333337 0.139453125 0.3333333333333333 0.135546875 0.3298611104166667
1 0.1400390625 0.28090277708333333 0.13125 0.2930555541666667 0.129296875 0.3034722208333333 0.1390625 0.3138888875 0.14296875 0.3416666666666667 0.1453125 0.3458333333333333 0.1476562484375 0.3458333333333333 0.148828125 0.3451388875 0.15625 0.3220486104166667 0.15625 0.29910714374999997 0.1498046875 0.284375 0.1400390625 0.28090277708333333
1 0.255859375 0.23819444374999998 0.2431640625 0.22604166458333333 0.2412109375 0.2295138875 0.2353515625 0.2295138875 0.22265625 0.24861111041666667 0.21875 0.26597222083333333 0.21875 0.27986111041666667 0.2216796875 0.28506944375000004 0.2392578125 0.28506944375000004 0.2507421890625 0.3020833333333333 0.251171875 0.3020833333333333 0.251953125 0.30069444375000004 0.2578125 0.28680555416666664 0.2578125 0.27986111041666667 0.25390625 0.26944444375000004 0.255859375 0.23819444374999998
1 0.63671875 0.32430555624999996 0.638671875 0.28263888958333333 0.634765625 0.26180555625 0.630859375 0.25138888958333333 0.6162109375 0.22881944583333333 0.6044921875 0.22534722291666667 0.6025390625 0.22187500208333333 0.5869140625 0.22187500208333333 0.5810546875 0.22534722291666667 0.5625 0.25138888958333333 0.5625 0.25833333541666664 0.55859375 0.26875 0.55859375 0.28958333333333336 0.556640625 0.29305555624999996 0.55859375 0.31388888958333333 0.5732421875 0.35034722291666665 0.5886230453125 0.3625 0.611328125 0.3625 0.6259765625 0.35034722291666665 0.63671875 0.32430555624999996
1 0.672265625 0.18819444375 0.6625 0.17777777708333334 0.656640625 0.17430555416666668 0.64296875 0.17430555416666668 0.637109375 0.17777777708333334 0.629296875 0.18819444375 0.6224609375 0.20381944375 0.6205078125 0.23506944375 0.6302734375 0.25243055416666665 0.6406063984375 0.2875 0.6589843640625 0.2875 0.6634765625 0.28715277708333337 0.676171875 0.275 0.6830078125 0.2559027770833333 0.684375 0.24861111041666667 0.684375 0.23506944375 0.6830078125 0.21076388750000002 0.672265625 0.18819444375
1 0.651171875 0.11041666666666666 0.6453125 0.11041666666666666 0.643359375 0.10694444583333333 0.63359375 0.11041666666666666 0.6296875 0.11388888958333333 0.6208984375 0.1329861125 0.6189453125 0.15034722291666666 0.6228515625 0.16770833333333332 0.629296875 0.17916666666666667 0.632421878125 0.17916666666666667 0.6365234375 0.178125 0.643359375 0.17291666666666666 0.6609375 0.17638888958333335 0.6671875 0.15892857083333334 0.6671875 0.14427083333333332 0.6638671875 0.12951388958333332 0.651171875 0.11041666666666666
1 0.605078125 0.12881944375 0.601171875 0.12534722083333333 0.58359375 0.12534722083333333 0.573828125 0.1357638875 0.5689453125 0.14791666458333333 0.5669921875 0.17916666458333333 0.571875 0.19131944374999998 0.585546875 0.20173611041666667 0.5927734390625 0.21458333333333332 0.5962890578125 0.21458333333333332 0.5982421875 0.2138888875 0.603125 0.21215277708333333 0.6138671875 0.19652777708333333 0.61875 0.17916666666666667 0.61875 0.15746527708333333 0.6158203125 0.14444444374999998 0.605078125 0.12881944375
1 0.498046875 0.13020833333333334 0.496875 0.134375 0.496875 0.14826388958333334 0.498046875 0.16493055625 0.5025390625 0.17291666666666666 0.5041015625 0.17291666666666666 0.505859375 0.171875 0.505859375 0.15104166666666666 0.5078125 0.14409722291666668 0.5166015625 0.12847222291666666 0.5244140625 0.12152777708333334 0.5341796875 0.12152777708333334 0.534375 0.12118055416666666 0.534375 0.11840277708333334 0.5322265625 0.11458333333333333 0.5216796859375 0.10833333333333334 0.5185546890625 0.10833333333333334 0.5107421875 0.11111111041666667 0.498046875 0.13020833333333334
0 0.52734375 0.26909722291666666 0.53125 0.2829861104166667 0.5458984375 0.30902777708333334 0.5517578125 0.3125 0.55859375 0.3107638895833333 0.55859375 0.27256944375000003 0.560546875 0.26215277708333334 0.5771484375 0.22916666666666666 0.5888671875 0.22569444375 0.591796875 0.22048611041666666 0.5869140625 0.20486111041666666 0.5673828125 0.1875 0.5654296875 0.19097222291666668 0.5634765625 0.1875 0.5498046875 0.19097222291666668 0.5419921875 0.19791666666666666 0.53125 0.21701388958333334 0.525390625 0.24479166666666666 0.52734375 0.26909722291666666
0 0.5458984375 0.12881944583333332 0.5361328125 0.121875 0.5244140625 0.121875 0.5185546875 0.12534722291666667 0.509765625 0.1375 0.50625 0.15 0.50625 0.17708333541666665 0.509765625 0.18958333333333333 0.5222301125000001 0.20833333333333334 0.52500000625 0.20833333333333334 0.53515625 0.20694444583333332 0.552734375 0.18958333333333333 0.55625 0.17708333541666665 0.55625 0.15625 0.5546875 0.14791666666666667 0.5458984375 0.12881944583333332
0 0.28671875 0.21111111249999998 0.273046875 0.21111111249999998 0.265234375 0.21805555625 0.2564453125 0.23715277916666666 0.2544921875 0.24409722291666666 0.2544921875 0.26840277916666666 0.2583984375 0.28229166666666666 0.268526784375 0.29375 0.27500000625 0.29375 0.2837890625 0.29270833333333335 0.288671875 0.29097222291666663 0.2984375 0.26729798125 0.2984375 0.23020833333333332 0.2974609375 0.22673611249999998 0.28671875 0.21111111249999998
0 0.2162109375 0.33645833333333336 0.1986328125 0.33645833333333336 0.1888671875 0.346875 0.18203125 0.3625 0.176171875 0.3868055541666667 0.176171875 0.4111111104166667 0.178125 0.41458333333333336 0.178125 0.425 0.183984375 0.4423611104166667 0.1927734375 0.4545138875 0.1986328125 0.4545138875 0.199609375 0.45625 0.20546875 0.45625 0.2201171875 0.44756944375 0.22890625 0.43194444375 0.234375 0.40601851875 0.234375 0.37499999791666666 0.22890625 0.3555555541666667 0.2162109375 0.33645833333333336
0 0.1658203125 0.540625 0.1619140625 0.5336805541666667 0.1599609375 0.5232638875 0.151171875 0.5076388875 0.1375 0.49722222083333334 0.127734375 0.49722222083333334 0.116015625 0.5076388875 0.1052734375 0.5302083333333333 0.1013671875 0.5510416666666667 0.1013671875 0.5961805541666667 0.1091796875 0.6274305541666667 0.119921875 0.6465277770833333 0.1277343765625 0.6520833333333333 0.13984374375 0.6520833333333333 0.1423828125 0.6517361104166667 0.15703125 0.6430555541666667 0.1658203125 0.6239583333333333 0.1677734375 0.5996527770833333 0.16875 0.5979166666666667 0.16875 0.5666666666666667 0.1677734375 0.5649305541666667 0.1658203125 0.540625
0 0.0130859375 0.5399305562500001 0.019921875 0.5590277770833333 0.023828125 0.5625 0.0326171875 0.5607638895833333 0.035546875 0.5590277770833333 0.0404296875 0.546875 0.0421875 0.5125 0.0421875 0.5078125 0.0384765625 0.49131944375000003 0.031640625 0.4791666666666667 0.021875 0.4791666666666667 0.0130859375 0.5017361104166667 0.0130859375 0.5399305562500001
0 0.0767578125 0.4048611125 0.071875 0.39618055625 0.0640625 0.3927083333333333 0.0552734375 0.4048611125 0.0513671875 0.41875 0.0513671875 0.45 0.0599964484375 0.46875 0.062304692187499996 0.46875 0.0708984375 0.4673611125 0.0767578125 0.4569444458333333 0.0796875 0.4361111125 0.0796875 0.42743055625 0.0787109375 0.4256944458333333 0.0767578125 0.4048611125
0 0.133984375 0.30486111250000003 0.1203125 0.30833333333333335 0.1134765625 0.32048611250000003 0.1095703125 0.34131944583333335 0.1095703125 0.35173611250000003 0.112109375 0.35625 0.112890625 0.35625 0.1134765625 0.35520833333333335 0.1173828125 0.34131944583333335 0.126171875 0.32916666666666666 0.133984375 0.32916666666666666 0.1359375 0.3326388895833333 0.1421875 0.33105158958333336 0.1421875 0.32829861250000003 0.1388671875 0.31354166666666666 0.133984375 0.30486111250000003
0 0.2056640625 0.2673611104166667 0.1939453125 0.2673611104166667 0.1861328125 0.27430555624999997 0.17734375 0.296875 0.17734375 0.328125 0.1861328125 0.34722222291666666 0.191015625 0.3454861104166667 0.1939453125 0.34027777708333334 0.202734375 0.33506944375000003 0.206640625 0.3072916666666667 0.215625 0.29131944583333336 0.215625 0.2857638895833333 0.214453125 0.2795138895833333 0.2056640625 0.2673611104166667