0 0.337890625 0.265625 0.3271484375 0.25 0.3115234375 0.24305555625 0.2939453125 0.25347222291666666 0.28515625 0.26909722291666666 0.27734375 0.30034722291666666 0.27734375 0.3177083333333333 0.28125 0.3385416666666667 0.2919921875 0.3611111104166667 0.3017578125 0.36805555624999997 0.3203125 0.36631944375000003 0.3310546875 0.3576388895833333 0.3359375 0.3489583333333333 0.337890625 0.3385416666666667 0.341796875 0.33159722291666666 0.34375 0.3107638895833333 0.345703125 0.3072916666666667 0.34375 0.30381944375000003 0.34375 0.2829861104166667 0.33984375 0.2760416666666667 0.337890625 0.265625
0 0.2562268890625 0.42784735625 0.2327893890625 0.44173624375000003 0.2200940765625 0.4643056895833333 0.2122815765625 0.4955556895833333 0.2122815765625 0.5337501333333333 0.2142347015625 0.53722235625 0.2142347015625 0.55111124375 0.2181409515625 0.5580556895833334 0.2200940765625 0.56847235625 0.2347425140625 0.5945140229166667 0.2425550140625 0.6014584666666667 0.2669690765625 0.59972235625 0.2738050140625 0.5945140229166667 0.2855237640625 0.5771529104166666 0.2923597015625 0.5615279104166666 0.2982190765625 0.5337501333333333 0.2982190765625 0.49902791041666666 0.2962659515625 0.4955556895833333 0.2943128265625 0.4712501333333333 0.2855237640625 0.4486806895833333 0.2738050140625 0.4347918 0.2562268890625 0.42784735625
0 0.0478515625 0.4270833333333333 0.0517578125 0.43055555624999997 0.05859375 0.42881944375000003 0.06640625 0.4114583333333333 0.068359375 0.390625 0.064453125 0.3697916666666667 0.0576171875 0.3611111104166667 0.0537109375 0.3611111104166667 0.046875 0.3697916666666667 0.04296875 0.38368055624999997 0.041015625 0.4079861104166667 0.04296875 0.41840277708333334 0.0478515625 0.4270833333333333
1 0.0712890625 0.3923611104166667 0.0751953125 0.3958333333333333 0.08203125 0.39409722291666666 0.08984375 0.38368055624999997 0.09375 0.35243055624999997 0.091796875 0.3489583333333333 0.091796875 0.3385416666666667 0.0849609375 0.3263888895833333 0.0751953125 0.3263888895833333 0.06640625 0.3420138895833333 0.064453125 0.35243055624999997 0.064453125 0.3767361104166667 0.0712890625 0.3923611104166667
0 0.095703125 0.28993055624999997 0.095703125 0.3072916666666667 0.099609375 0.3177083333333333 0.1044921875 0.3229166666666667 0.11328125 0.32118055624999997 0.119140625 0.3107638895833333 0.12109375 0.28993055624999997 0.123046875 0.2864583333333333 0.12109375 0.2829861104166667 0.12109375 0.27256944375000003 0.1142578125 0.2604166666666667 0.1103515625 0.2604166666666667 0.1044921875 0.26388888958333334 0.099609375 0.27256944375000003 0.095703125 0.28993055624999997
1 0.1875 0.21701388958333334 0.1962890625 0.22916666666666666 0.201171875 0.22743055625 0.2060546875 0.22569444375 0.21484375 0.203125 0.21484375 0.18229166666666666 0.212890625 0.17534722291666668 0.2041015625 0.16666666666666666 0.2001953125 0.16666666666666666 0.1904296875 0.17708333333333334 0.185546875 0.19270833333333334 0.185546875 0.21006944375 0.1875 0.21701388958333334
0 0.2568359375 0.18402777708333332 0.26953125 0.18229166666666666 0.27734375 0.171875 0.28125 0.14756944375 0.279296875 0.13715277708333332 0.2744140625 0.12847222291666666 0.2626953125 0.125 0.25 0.140625 0.248046875 0.14756944375 0.248046875 0.16840277708333332 0.25 0.17534722291666668 0.2568359375 0.18402777708333332
1 0.3486328125 0.12847222291666666 0.357421875 0.1267361104166667 0.3642578125 0.12152777708333334 0.369140625 0.109375 0.37109375 0.08854166666666667 0.3642578125 0.07291666666666667 0.3603515625 0.06944444375 0.3505859375 0.06944444375 0.33984375 0.08506944375 0.337890625 0.09201388958333333 0.337890625 0.11284722291666666 0.3486328125 0.12847222291666666
0 0.4287109375 0.09027777708333334 0.439453125 0.08854166666666667 0.4443359375 0.08680555625 0.447265625 0.08159722291666666 0.451171875 0.06770833333333333 0.451171875 0.05381944375 0.4443359375 0.03819444375 0.4326171875 0.03472222291666667 0.4267578125 0.03819444375 0.419921875 0.05034722291666667 0.41796875 0.06770833333333333 0.4287109375 0.09027777708333334
1 0.439453125 0.08854166666666667 0.4443359375 0.08680555625 0.447265625 0.08159722291666666 0.451171875 0.06770833333333333 0.451171875 0.05381944375 0.4443359375 0.03819444375 0.4326171875 0.03472222291666667 0.419921875 0.05034722291666667 0.41796875 0.06770833333333333 0.4287109375 0.09027777708333334 0.439453125 0.08854166666666667
1 0.0205078125 0.5 0 0.5190972229166666 0.0010114984375 0.5690410124999999 0.0263671875 0.5833333333333334 0.03125 0.5572916666666666 0.03125 0.5260416666666666 0.0205078125 0.5
1 0.4423828125 0.28472222291666666 0.4267578125 0.2951388895833333 0.412109375 0.32118055624999997 0.408203125 0.33159722291666666 0.404296875 0.3697916666666667 0.40625 0.3732638895833333 0.40625 0.390625 0.4169921875 0.4201388895833333 0.4365234375 0.44097222291666666 0.455078125 0.4392361104166667 0.4638671875 0.4375 0.4716796875 0.43055555624999997 0.486328125 0.4079861104166667 0.4921875 0.38715277708333334 0.494140625 0.35243055624999997 0.484375 0.3142361104166667 0.4794921875 0.30555555624999997 0.4677734375 0.2916666666666667 0.4560546875 0.28472222291666666 0.4423828125 0.28472222291666666
0 0.4990234375 0.25347222291666666 0.48828125 0.27256944375000003 0.484375 0.2864583333333333 0.484375 0.3142361104166667 0.4921875 0.33506944375000003 0.4921875 0.3420138895833333 0.49609375 0.35243055624999997 0.49609375 0.36284722291666666 0.5029296875 0.375 0.5107421875 0.38194444375000003 0.5205078125 0.38194444375000003 0.5224609375 0.3854166666666667 0.53125 0.38368055624999997 0.5380859375 0.38194444375000003 0.5498046875 0.37152777708333334 0.560546875 0.35243055624999997 0.56640625 0.328125 0.56640625 0.28993055624999997 0.5625 0.2760416666666667 0.5478515625 0.25 0.5341796875 0.23958333333333334 0.5146484375 0.23958333333333334 0.4990234375 0.25347222291666666
0 0.470703125 0.11284722291666666 0.466796875 0.1267361104166667 0.466796875 0.15104166666666666 0.470703125 0.16145833333333334 0.4814453125 0.17708333333333334 0.4873046875 0.18055555625 0.49609375 0.17881944375 0.5087890625 0.17013888958333334 0.513671875 0.16145833333333334 0.517578125 0.14756944375 0.517578125 0.12326388958333333 0.513671875 0.109375 0.5068359375 0.10069444375 0.4990234375 0.09375 0.4873046875 0.09375 0.4775390625 0.10069444375 0.470703125 0.11284722291666666
0 0.591796875 0.18229166666666666 0.58984375 0.18923611041666666 0.58984375 0.22395833333333334 0.595703125 0.24479166666666666 0.6064453125 0.2604166666666667 0.6162109375 0.2673611104166667 0.6328125 0.265625 0.6416015625 0.25694444375 0.650390625 0.24131944375 0.654296875 0.22395833333333334 0.654296875 0.203125 0.6484375 0.17881944375 0.6416015625 0.16666666666666666 0.6240234375 0.15277777708333332 0.6142578125 0.15277777708333332 0.5986328125 0.16666666666666666 0.591796875 0.18229166666666666
0 0.5234375 0.09201388958333333 0.525390625 0.10243055625 0.5341796875 0.11805555625 0.5439453125 0.125 0.546875 0.12326388958333333 0.548828125 0.11979166666666667 0.546875 0.09548611041666667 0.55078125 0.08159722291666666 0.5576171875 0.07291666666666667 0.560546875 0.06423611041666667 0.5556640625 0.05555555625 0.5419921875 0.052083333333333336 0.53125 0.060763889583333335 0.525390625 0.07465277708333334 0.5234375 0.09201388958333333
0 0.4951171875 0.03125 0.4833984375 0.03125 0.4765625 0.04340277708333333 0.4775390625 0.048611110416666665 0.4814453125 0.048611110416666665 0.4853515625 0.05555555625 0.494140625 0.05381944375 0.5078125 0.05034722291666667 0.4951171875 0.03125
1 0.59375 0.04340277708333333 0.59375 0.019097222916666667 0.5810546875 0.0034722229166666663 0.5712890625 0.00694444375 0.56640625 0.015625 0.56640625 0.026041666666666668 0.5703125 0.032986110416666665 0.572265625 0.05381944375 0.587890625 0.05381944375 0.59375 0.04340277708333333
0 0.62890625 0.046875 0.62890625 0.032986110416666665 0.6201171875 0.013888889583333335 0.6103515625 0.010416666666666666 0.6025390625 0.017361110416666665 0.595703125 0.029513889583333335 0.595703125 0.04340277708333333 0.6064453125 0.0625 0.62109375 0.060763889583333335 0.62890625 0.046875
0 0.640625 0.05381944375 0.6484375 0.04340277708333333 0.6484375 0.019097222916666667 0.6416015625 0.00694444375 0.6279296875 0.0034722229166666663 0.623046875 0.012152777083333333 0.623046875 0.019097222916666667 0.62890625 0.032986110416666665 0.62890625 0.05034722291666667 0.6318359375 0.05555555625 0.640625 0.05381944375
0 0.6513671875 0 0.64453125 0.00868055625 0.6484375 0.022569443749999998 0.6484375 0.04340277708333333 0.6533203125 0.048611110416666665 0.662109375 0.046875 0.662109375 0.029513889583333335 0.66796875 0.012152777083333333 0.6591796875 0 0.6513671875 0
0 0.6796875 0.09548611041666667 0.68359375 0.109375 0.6904296875 0.12152777708333334 0.703125 0.1267361104166667 0.7119140625 0.12152777708333334 0.716796875 0.11284722291666666 0.71875 0.10590277708333334 0.71875 0.08159722291666666 0.7119140625 0.06597222291666667 0.7041015625 0.05902777708333333 0.6904296875 0.05902777708333333 0.68359375 0.06770833333333333 0.6796875 0.08506944375 0.6796875 0.09548611041666667
0 0.72265625 0.078125 0.7265625 0.07118055625 0.728515625 0.060763889583333335 0.724609375 0.04340277708333333 0.7138671875 0.027777777083333333 0.7021484375 0.03125 0.697265625 0.03993055625 0.701171875 0.046875 0.703125 0.057291666666666664 0.7177734375 0.07986111041666667 0.72265625 0.078125
0 0.673828125 0.078125 0.6787109375 0.08680555625 0.6796875 0.08506944375 0.6845703125 0.06597222291666667 0.6904296875 0.05902777708333333 0.703125 0.057291666666666664 0.703125 0.05034722291666667 0.6982421875 0.041666666666666664 0.6904296875 0.03472222291666667 0.6826171875 0.03472222291666667 0.671875 0.05034722291666667 0.669921875 0.06423611041666667 0.673828125 0.078125
1 0.5166015625 0.06597222291666667 0.51953125 0.06423611041666667 0.5234375 0.060763889583333335 0.525390625 0.05034722291666667 0.533203125 0.036458333333333336 0.533203125 0.029513889583333335 0.5263671875 0.013888889583333335 0.5107421875 0.013888889583333335 0.505859375 0.026041666666666668 0.51171875 0.04340277708333333 0.51171875 0.057291666666666664 0.5166015625 0.06597222291666667
1 0.53515625 0.036458333333333336 0.5380859375 0.03472222291666667 0.5458984375 0.017361110416666665 0.5556640625 0.017361110416666665 0.556640625 0.012152777083333333 0.5517578125 0.00694444375 0.5439453125 0.00694444375 0.5361328125 0.013888889583333335 0.533203125 0.022569443749999998 0.533203125 0.036458333333333336 0.53515625 0.036458333333333336
1 0.59765625 0.026041666666666668 0.6005859375 0.020833333333333332 0.6123046875 0.013888889583333335 0.615234375 0.00868055625 0.6123046875 0.0034722229166666663 0.6025390625 0 0.591796875 0.012152777083333333 0.59375 0.03993055625 0.595703125 0.03993055625 0.59765625 0.026041666666666668