1 0.0341796875 0.7534722229166667 0.0302734375 0.75 0.0166015625 0.75 0.0078125 0.765625 0.00390625 0.7829861104166667 0.00390625 0.8211805562500001 0.005859375 0.8246527770833333 0.005859375 0.8350694437499999 0.021484375 0.8802083333333334 0.0283203125 0.8923611104166667 0.0361328125 0.8993055562500001 0.0390625 0.8975694437499999 0.0390625 0.8628472229166667 0.041015625 0.859375 0.041015625 0.8489583333333334 0.04296875 0.8420138895833333 0.05859375 0.8177083333333334 0.05859375 0.8142361104166667 0.048828125 0.7795138895833333 0.0341796875 0.7534722229166667
1 0.0283203125 0.5729166666666666 0.01953125 0.5920138895833333 0.017578125 0.6024305562500001 0.017578125 0.6336805562500001 0.021484375 0.6545138895833333 0.0322265625 0.6770833333333334 0.0380859375 0.6805555562500001 0.046875 0.6788194437499999 0.056640625 0.6614583333333334 0.056640625 0.6371527770833333 0.05859375 0.6336805562500001 0.056640625 0.6059027770833333 0.0478515625 0.5798611104166667 0.0380859375 0.5694444437499999 0.0322265625 0.5694444437499999 0.0283203125 0.5729166666666666
1 0.1259765625 0.39930555624999997 0.1181640625 0.40625 0.111328125 0.421875 0.109375 0.4427083333333333 0.107421875 0.44618055624999997 0.109375 0.48090277708333334 0.11328125 0.4947916666666667 0.126953125 0.4947916666666667 0.12890625 0.49131944375000003 0.12890625 0.453125 0.130859375 0.4427083333333333 0.134765625 0.4322916666666667 0.14453125 0.41840277708333334 0.14453125 0.4114583333333333 0.1357421875 0.39930555624999997 0.1259765625 0.39930555624999997
1 0.1474609375 0.41319444375000003 0.1435546875 0.4166666666666667 0.130859375 0.4427083333333333 0.12890625 0.453125 0.12890625 0.484375 0.134765625 0.5052083333333334 0.1416015625 0.5173611104166667 0.1513671875 0.52430555625 0.16015625 0.52256944375 0.1669921875 0.5173611104166667 0.173828125 0.5052083333333334 0.1796875 0.47743055624999997 0.1796875 0.45659722291666666 0.17578125 0.4357638895833333 0.1650390625 0.4166666666666667 0.1611328125 0.41319444375000003 0.1474609375 0.41319444375000003
1 0.2744140625 0.375 0.2666015625 0.36805555624999997 0.2451171875 0.36805555624999997 0.23046875 0.390625 0.224609375 0.4114583333333333 0.22265625 0.4322916666666667 0.224609375 0.4357638895833333 0.2265625 0.4635416666666667 0.2314453125 0.47569444375000003 0.234375 0.4739583333333333 0.2431640625 0.4583333333333333 0.2548828125 0.4479166666666667 0.2666015625 0.44444444375000003 0.26953125 0.4392361104166667 0.271484375 0.4114583333333333 0.279296875 0.39409722291666666 0.279296875 0.38368055624999997 0.2744140625 0.375
1 0.240234375 0.328125 0.23828125 0.33159722291666666 0.240234375 0.35590277708333334 0.2451171875 0.36805555624999997 0.2607421875 0.3645833333333333 0.2744140625 0.375 0.279296875 0.3732638895833333 0.2890625 0.3454861104166667 0.2890625 0.32465277708333334 0.283203125 0.30034722291666666 0.2724609375 0.28819444375000003 0.2568359375 0.28819444375000003 0.2529296875 0.2916666666666667 0.240234375 0.3177083333333333 0.240234375 0.328125
1 0.3642578125 0.23611111041666666 0.349609375 0.25868055625 0.345703125 0.27256944375000003 0.345703125 0.296875 0.34765625 0.3072916666666667 0.3544921875 0.3229166666666667 0.3681640625 0.3333333333333333 0.37890625 0.33159722291666666 0.3837890625 0.3298611104166667 0.39453125 0.3107638895833333 0.400390625 0.2864583333333333 0.400390625 0.2760416666666667 0.396484375 0.25868055625 0.3857421875 0.23958333333333334 0.3798828125 0.23611111041666666 0.3642578125 0.23611111041666666
1 0.5224609375 0.26388888958333334 0.5087890625 0.27777777708333334 0.5 0.29340277708333334 0.494140625 0.3177083333333333 0.494140625 0.3489583333333333 0.5 0.3697916666666667 0.5126953125 0.3923611104166667 0.5166015625 0.3923611104166667 0.5205078125 0.39930555624999997 0.5263671875 0.40277777708333334 0.54296875 0.4010416666666667 0.5517578125 0.3923611104166667 0.568359375 0.359375 0.5703125 0.35243055624999997 0.5703125 0.3142361104166667 0.5625 0.28993055624999997 0.5498046875 0.2708333333333333 0.5380859375 0.26388888958333334 0.5224609375 0.26388888958333334
1 0.7080078125 0.23958333333333334 0.69921875 0.2552083333333333 0.697265625 0.265625 0.693359375 0.27256944375000003 0.69140625 0.30034722291666666 0.6953125 0.3072916666666667 0.6953125 0.3142361104166667 0.701171875 0.33159722291666666 0.7099609375 0.34722222291666666 0.7216796875 0.3576388895833333 0.734375 0.35590277708333334 0.7509765625 0.33680555624999997 0.755859375 0.32465277708333334 0.7578125 0.3142361104166667 0.7578125 0.2795138895833333 0.751953125 0.25868055625 0.7373046875 0.23611111041666666 0.7177734375 0.23263888958333334 0.7080078125 0.23958333333333334
0 0.9482421875 0.3645833333333333 0.9384765625 0.3576388895833333 0.9326171875 0.3576388895833333 0.9189453125 0.36805555624999997 0.9140625 0.3767361104166667 0.908203125 0.4010416666666667 0.908203125 0.4427083333333333 0.9140625 0.4670138895833333 0.9169921875 0.47222222291666666 0.921875 0.4704861104166667 0.9287109375 0.4548611104166667 0.9384765625 0.44444444375000003 0.9541015625 0.44097222291666666 0.9619140625 0.4479166666666667 0.96484375 0.4427083333333333 0.96484375 0.4114583333333333 0.95703125 0.3802083333333333 0.9482421875 0.3645833333333333
0 1 0.39409722291666666 0.9951171875 0.3888888895833333 0.9833984375 0.3888888895833333 0.9794921875 0.3923611104166667 0.96875 0.41493055624999997 0.966796875 0.42534722291666666 0.966796875 0.453125 0.974609375 0.4670138895833333 0.98046875 0.48784722291666666 0.982421875 0.5121527770833334 0.998046875 0.5121527770833334 1 0.50868055625 1 0.39409722291666666
0 0.5185546875 0.15972222291666668 0.509765625 0.17881944375 0.509765625 0.18923611041666666 0.5078125 0.19270833333333334 0.509765625 0.21006944375 0.513671875 0.22048611041666666 0.5224609375 0.23263888958333334 0.54296875 0.23090277708333332 0.55078125 0.22048611041666666 0.5546875 0.20659722291666668 0.5546875 0.17881944375 0.552734375 0.171875 0.5419921875 0.15625 0.5361328125 0.15277777708333332 0.5283203125 0.15277777708333332 0.5185546875 0.15972222291666668
0 0.3779296875 0.3333333333333333 0.3642578125 0.34375 0.349609375 0.3697916666666667 0.34375 0.39409722291666666 0.34375 0.421875 0.3515625 0.45659722291666666 0.3583984375 0.46875 0.3818359375 0.4861111104166667 0.392578125 0.484375 0.4052734375 0.47569444375000003 0.419921875 0.44965277708333334 0.42578125 0.42534722291666666 0.427734375 0.39756944375000003 0.421875 0.3697916666666667 0.4072265625 0.34375 0.3896484375 0.3333333333333333 0.3779296875 0.3333333333333333
0 0.3193359375 0.3645833333333333 0.2978515625 0.3645833333333333 0.2900390625 0.37152777708333334 0.2734375 0.4045138895833333 0.26953125 0.42534722291666666 0.26953125 0.4427083333333333 0.2763671875 0.4479166666666667 0.2822265625 0.4479166666666667 0.2958984375 0.46180555624999997 0.3046875 0.47743055624999997 0.3125 0.5052083333333334 0.318359375 0.5052083333333334 0.3232421875 0.5034722229166666 0.3349609375 0.4861111104166667 0.34375 0.4670138895833333 0.345703125 0.45659722291666666 0.34375 0.4010416666666667 0.341796875 0.39409722291666666 0.3251953125 0.36805555624999997 0.3193359375 0.3645833333333333
0 0.2607421875 0.44444444375000003 0.2470703125 0.4548611104166667 0.2392578125 0.46527777708333334 0.232421875 0.48090277708333334 0.2265625 0.5017361104166667 0.2265625 0.5503472229166667 0.234375 0.578125 0.2451171875 0.5972222229166667 0.2646484375 0.6111111104166667 0.28125 0.609375 0.2919921875 0.6006944437499999 0.30859375 0.5677083333333334 0.3125 0.5503472229166667 0.3125 0.5052083333333334 0.3046875 0.47743055624999997 0.2939453125 0.4583333333333333 0.2744140625 0.44444444375000003 0.2607421875 0.44444444375000003
0 0.2890625 0.8315972229166667 0.28515625 0.8107638895833333 0.275390625 0.7829861104166667 0.2529296875 0.7465277770833333 0.2412109375 0.7361111104166667 0.2255859375 0.7326388895833333 0.2236328125 0.7291666666666666 0.2021484375 0.7326388895833333 0.1904296875 0.7430555562500001 0.173828125 0.7725694437499999 0.169921875 0.7864583333333334 0.166015625 0.8385416666666666 0.16796875 0.8420138895833333 0.16796875 0.8559027770833333 0.169921875 0.859375 0.171875 0.8802083333333334 0.1796875 0.9079861104166667 0.2001953125 0.9444444437499999 0.2197265625 0.9618055562500001 0.2314453125 0.9652777770833333 0.2333984375 0.96875 0.251953125 0.9670138895833333 0.2724609375 0.9513888895833333 0.28125 0.9357638895833333 0.287109375 0.9184027770833333 0.2890625 0.890625 0.291015625 0.8871527770833333 0.291015625 0.8489583333333334 0.2890625 0.8454861104166667 0.2890625 0.8315972229166667
0 0.0927734375 0.8402777770833333 0.0751953125 0.8229166666666666 0.0595703125 0.8194444437499999 0.0517578125 0.8263888895833333 0.04296875 0.8420138895833333 0.041015625 0.8628472229166667 0.0390625 0.8663194437499999 0.041015625 0.9045138895833333 0.046875 0.9357638895833333 0.064453125 0.9670138895833333 0.064453125 0.9704861104166667 0.0830078125 1 0.119140625 0.9982638895833333 0.123046875 0.984375 0.126953125 0.953125 0.125 0.9496527770833333 0.125 0.9357638895833333 0.123046875 0.9322916666666666 0.12109375 0.9114583333333334 0.107421875 0.8663194437499999 0.0927734375 0.8402777770833333
0 0.076171875 0.45659722291666666 0.072265625 0.4704861104166667 0.072265625 0.49131944375000003 0.0859375 0.5121527770833334 0.08984375 0.5364583333333334 0.095703125 0.5364583333333334 0.10546875 0.5260416666666666 0.109375 0.5121527770833334 0.111328125 0.49131944375000003 0.109375 0.48784722291666666 0.107421875 0.46006944375000003 0.0986328125 0.44444444375000003 0.0869140625 0.44097222291666666 0.076171875 0.45659722291666666
1 0.0634765625 0.49305555624999997 0.048828125 0.5260416666666666 0.048828125 0.5538194437499999 0.052734375 0.5711805562500001 0.0595703125 0.5833333333333334 0.0693359375 0.5902777770833333 0.078125 0.5885416666666666 0.087890625 0.5677083333333334 0.087890625 0.5503472229166667 0.08984375 0.546875 0.087890625 0.5260416666666666 0.083984375 0.50868055625 0.0791015625 0.5 0.0712890625 0.49305555624999997 0.0634765625 0.49305555624999997
0 0.041015625 0.5121527770833334 0.041015625 0.5434027770833333 0.044921875 0.5572916666666666 0.0498046875 0.5659722229166667 0.05078125 0.5642361104166667 0.048828125 0.52256944375 0.052734375 0.50868055625 0.0615234375 0.49305555624999997 0.06640625 0.49131944375000003 0.0615234375 0.4826388895833333 0.0537109375 0.4826388895833333 0.04296875 0.5017361104166667 0.041015625 0.5121527770833334