0 0.47734375 0.71875 0.4685546875 0.7378472229166667 0.4607421875 0.7586805562500001 0.4529296875 0.7899305562500001 0.4529296875 0.8003472229166667 0.4509765625 0.8038194437499999 0.4509765625 0.8559027770833333 0.4587890625 0.8975694437499999 0.48515625 0.9513888895833333 0.49296875 0.9583333333333334 0.498828125 0.9583333333333334 0.50859375 0.96875 0.514453125 0.96875 0.5232421890625 0.975 0.5308593703125 0.975 0.5408203125 0.9739583333333334 0.561328125 0.96875 0.57890625 0.9548611104166667 0.5828125 0.9479166666666666 0.588671875 0.9444444437499999 0.6091796875 0.9114583333333334 0.6169921875 0.8871527770833333 0.6228515625 0.8559027770833333 0.6234375 0.8392361104166667 0.6234375 0.79305555625 0.6169921875 0.7586805562500001 0.6072265625 0.734375 0.588671875 0.7013888895833333 0.576953125 0.6944444437499999 0.573046875 0.6875 0.561328125 0.6840277770833333 0.559765625 0.68125 0.5191406265625 0.68125 0.496875 0.6944444437499999 0.47734375 0.71875
0 0.9515625 0.5604166666666667 0.945703125 0.5430555541666667 0.9310546875 0.5170138875 0.9232421875 0.5100694437500001 0.9017578125 0.5100694437500001 0.8861328125 0.5239583333333333 0.8734375 0.5465277770833333 0.863671875 0.5916666666666667 0.863671875 0.6055555541666667 0.86171875 0.6090277770833333 0.863671875 0.6576388875 0.8734375 0.6923611104166666 0.8763671875 0.6940972208333334 0.8861328125 0.7149305541666667 0.8927734375 0.7208333333333333 0.8968749984375 0.7208333333333333 0.898828125 0.7201388875 0.9134765625 0.7184027770833333 0.9330078125 0.7010416666666667 0.945703125 0.6715277770833333 0.953515625 0.6368055541666667 0.9546875 0.6118055541666667 0.9546875 0.59375 0.953515625 0.5916666666666667 0.9515625 0.5604166666666667
0 0.967578125 0.3163194458333333 0.959765625 0.309375 0.951953125 0.309375 0.94609375 0.3163194458333333 0.9412109375 0.32847222291666667 0.9412109375 0.35625 0.9392578125 0.35972222291666667 0.9412109375 0.39791666666666664 0.95 0.41354166666666664 0.9552734359375 0.4166666666666667 0.9580078171874999 0.4166666666666667 0.9666015625 0.4152777791666667 0.9783203125 0.39791666666666664 0.9796875 0.390625 0.9796875 0.3467013895833333 0.9763671875 0.3319444458333333 0.967578125 0.3163194458333333
0 0.8625 0.18784722291666667 0.85078125 0.18784722291666667 0.846875 0.19131944583333332 0.8421875 0.2029861125 0.8421875 0.23869598958333332 0.85078125 0.26076388958333335 0.857421875 0.26666666666666666 0.8638671890625 0.26666666666666666 0.8673828125 0.26597222291666667 0.8703125 0.2642361125 0.878125 0.24726080416666668 0.878125 0.21535790833333335 0.86640625 0.19131944583333332 0.8625 0.18784722291666667
0 0.786328125 0.16006944374999998 0.782421875 0.15659722083333336 0.76875 0.15659722083333336 0.7580078125 0.17916666458333333 0.75625 0.18854166458333335 0.75625 0.19131944166666667 0.7580078125 0.20694444374999998 0.770703125 0.23298611041666667 0.7734375015625 0.23541666666666666 0.7833984234375 0.23541666666666666 0.7892578125 0.23472222083333336 0.7990234375 0.22083333125000001 0.8 0.20694444374999998 0.8 0.18958333125000001 0.7970703125 0.17916666458333333 0.786328125 0.16006944374999998
0 0.7396484375 0.14201388958333333 0.7337890625 0.14201388958333333 0.7318359375 0.13854166874999999 0.7220703125 0.14201388958333333 0.7162109375 0.14895833541666667 0.711328125 0.1611111125 0.711328125 0.18888888958333333 0.71328125 0.19583333541666667 0.7259765625 0.21493055625000002 0.7279296859375 0.21666666666666667 0.7425781265625 0.21666666666666667 0.7484375 0.20972222291666667 0.753125 0.19583333541666667 0.753125 0.17569444583333332 0.75234375 0.16458333541666667 0.7396484375 0.14201388958333333
0 0.5654296875 0.14895833541666667 0.5595703125 0.1454861125 0.5419921875 0.14895833541666667 0.5296875 0.17419872083333335 0.5296875 0.20359848541666667 0.5400390625 0.22534722291666667 0.5466796859375 0.23125 0.5578125125 0.23125 0.564453125 0.23055555625000002 0.576171875 0.21319444583333333 0.5796875 0.19756944583333333 0.5796875 0.18055555625 0.576171875 0.16805555625000002 0.5654296875 0.14895833541666667
1 0.491796875 0.22743055625 0.4791015625 0.20833333333333334 0.4732421875 0.20833333333333334 0.4712890625 0.20486111041666666 0.4576171875 0.20833333333333334 0.4498046875 0.21527777708333332 0.4390625 0.234375 0.43515625 0.25173611041666666 0.43515625 0.2760416666666667 0.4390625 0.28993055624999997 0.4517578125 0.30902777708333334 0.4615234375 0.31597222291666666 0.476171875 0.3142361104166667 0.4849609375 0.30555555624999997 0.495703125 0.2829861104166667 0.496875 0.2767361104166667 0.496875 0.25868055625 0.495703125 0.23784722291666668 0.491796875 0.22743055625
1 0.9271484375 0.2911458333333333 0.9173828125 0.2842013895833333 0.9095703125 0.2842013895833333 0.894921875 0.3067708333333333 0.89296875 0.3171875 0.89296875 0.35190972291666667 0.898828125 0.37274305625 0.9095703125 0.39184027708333335 0.917805990625 0.3958333333333333 0.9223632796875 0.3958333333333333 0.9291015625 0.39184027708333335 0.9390625 0.37091224791666666 0.9390625 0.32135416666666666 0.933984375 0.30329861041666667 0.9271484375 0.2911458333333333
1 0.83515625 0.25069444375 0.8419921875 0.23506944375 0.8419921875 0.20034722083333334 0.8380859375 0.18993055416666668 0.82734375 0.17430555416666668 0.809765625 0.17777777708333334 0.8009765625 0.196875 0.8029296875 0.228125 0.813671875 0.25069444375 0.8214843765625 0.25625 0.827343746875 0.25625 0.8283203125 0.2559027770833333 0.83515625 0.25069444375
1 0.8498046875 0.18958333125000001 0.8498046875 0.17916666458333333 0.8390625 0.15659722083333336 0.82734375 0.15312499791666667 0.8166015625 0.16874999791666667 0.81953125 0.17395833125000001 0.825390625 0.17395833125000001 0.833203125 0.18090277708333333 0.840859375 0.19791666666666666 0.8416015609375 0.19791666666666666 0.8439453125 0.19652777708333333 0.8498046875 0.18958333125000001
1 0.7666015625 0.15920138958333335 0.7705078125 0.15572916666666667 0.7783203125 0.15572916666666667 0.7802734375 0.15920138958333335 0.787109375 0.15746527708333333 0.7763671875 0.14184027708333333 0.7705078125 0.13836805625 0.7607421875 0.14184027708333333 0.751953125 0.1609375 0.7538208015625 0.1875 0.75794921875 0.1875 0.759765625 0.17135416666666667 0.7666015625 0.15920138958333335