1 0.640234375 0.9180555541666667 0.6197265625 0.8815972208333334 0.6080078125 0.8677083333333333 0.5748046875 0.846875 0.5494140625 0.846875 0.5474609375 0.8503472208333334 0.5396484375 0.8503472208333334 0.5240234375 0.8607638875 0.5181640625 0.8607638875 0.5064453125 0.8711805541666667 0.480078125 0.9076388875 0.476171875 0.9215277770833333 0.468359375 0.9354166666666667 0.45859375 0.9770833333333333 0.4594951921875 0.9979166666666667 0.651953125 0.9979166666666667 0.653125 0.9958333333333333 0.653125 0.9805555541666667 0.651953125 0.9597222208333334 0.640234375 0.9180555541666667
1 0.439453125 0.296875 0.431640625 0.328125 0.431640625 0.35243055624999997 0.4375 0.38368055624999997 0.4482421875 0.40625 0.4638671875 0.4201388895833333 0.4697265625 0.4201388895833333 0.4712890625 0.42291666666666666 0.4736328109375 0.42291666666666666 0.4765625 0.421875 0.4873046875 0.4201388895833333 0.4990234375 0.40972222291666666 0.515625 0.38368055624999997 0.521484375 0.35590277708333334 0.521484375 0.33506944375000003 0.515625 0.30381944375000003 0.51171875 0.29340277708333334 0.4970703125 0.2708333333333333 0.4833984375 0.2673611104166667 0.4818359375 0.26458333333333334 0.466731771875 0.26458333333333334 0.4521484375 0.27430555624999997 0.439453125 0.296875
1 0.3916015625 0.2923611104166667 0.3798828125 0.28194444375 0.3642578125 0.27847222083333334 0.3486328125 0.28888888749999997 0.3359375 0.3079861104166667 0.328125 0.33576388749999997 0.3265625 0.3607638875 0.3265625 0.36886573958333335 0.33203125 0.39479166666666665 0.3408203125 0.41041666666666665 0.3566406265625 0.42291666666666666 0.37480467812499996 0.42291666666666666 0.37890625 0.42256944375 0.3837890625 0.42083333333333334 0.39453125 0.40868055416666665 0.40625 0.36701388749999997 0.4078125 0.34479166666666666 0.4078125 0.3376736104166667 0.400390625 0.3079861104166667 0.3916015625 0.2923611104166667
1 0.423046875 0.3579861125 0.4318359375 0.3458333333333333 0.4318359375 0.3215277791666667 0.4416015625 0.2902777791666667 0.4513671875 0.27291666666666664 0.4435546875 0.24861111249999998 0.434765625 0.23645833333333333 0.425 0.22951388958333335 0.40546875 0.22951388958333335 0.3869140625 0.2520833333333333 0.3791015625 0.2798611125 0.38984375 0.28854166666666664 0.4025390625 0.3111111125 0.4083984375 0.33541666666666664 0.4083984375 0.35625 0.4107421875 0.36041666666666666 0.4142578140625 0.36041666666666666 0.4162109375 0.35972222291666667 0.423046875 0.3579861125
1 0.546875 0.21701388958333334 0.54375 0.228125 0.54375 0.26886574166666666 0.548828125 0.28993055624999997 0.5576171875 0.30555555624999997 0.57060546875 0.31875 0.576367184375 0.31875 0.583984375 0.3177083333333333 0.5908203125 0.31597222291666666 0.6025390625 0.30555555624999997 0.607421875 0.296875 0.611328125 0.2829861104166667 0.6125 0.25173611041666666 0.6125 0.228125 0.609375 0.21701388958333334 0.5927734375 0.19444444375 0.5880859375 0.19166666666666668 0.5666015625 0.19166666666666668 0.5556640625 0.20138888958333334 0.546875 0.21701388958333334
1 0.63671875 0.29722222291666667 0.642578125 0.2833333333333333 0.6513671875 0.27118055625 0.6650390625 0.26076388958333335 0.685546875 0.25902777916666664 0.681640625 0.24166666666666667 0.6689453125 0.21909722291666667 0.6552734375 0.20868055625 0.6376953125 0.20868055625 0.6259765625 0.21909722291666667 0.615234375 0.23819444583333332 0.611328125 0.25555555625 0.611328125 0.2902777791666667 0.6171875 0.3111111125 0.62734375 0.32916666666666666 0.6296875 0.32916666666666666 0.630859375 0.32847222291666667 0.63671875 0.29722222291666667
1 0.576171875 0.15381944583333332 0.5693359375 0.14513888958333335 0.5595703125 0.13819444583333332 0.5458984375 0.13819444583333332 0.5361328125 0.14513888958333335 0.53125 0.15381944583333332 0.528125 0.16493055625 0.528125 0.18090277708333333 0.533203125 0.19895833333333332 0.533203125 0.21979166666666666 0.5396484375 0.23125 0.5412109390625 0.23125 0.54296875 0.23020833333333332 0.546875 0.21631944583333332 0.5595703125 0.19722222291666666 0.5673828125 0.19027777916666666 0.5791015625 0.19027777916666666 0.58125 0.18645833541666665 0.58125 0.1767361125 0.580078125 0.16423611249999998 0.576171875 0.15381944583333332
1 0.537890625 0.10121527708333335 0.5359375 0.1046875 0.52421875 0.10815972291666666 0.5154296875 0.12725694375000002 0.5154296875 0.13333333333333333 0.5199327265625 0.13333333333333333 0.530078125 0.11857638958333333 0.541796875 0.11857638958333333 0.5515625 0.12552083333333333 0.55546875 0.13246527708333333 0.559375 0.1310763895833333 0.559375 0.12800099166666665 0.553515625 0.11163194375 0.537890625 0.10121527708333335
1 0.4849609375 0.11180555416666667 0.4771484375 0.11875 0.4703125 0.13090277708333334 0.46640625 0.14826388750000002 0.4685546875 0.15208333333333332 0.4701171875 0.15208333333333332 0.4703125 0.15173611041666665 0.4810546875 0.13958333333333334 0.4869140625 0.13958333333333334 0.4888671875 0.13611111041666665 0.5025390625 0.13958333333333334 0.5103515625 0.15 0.5125 0.14618055625 0.5125 0.13298611041666666 0.5025390625 0.11527777708333334 0.4849609375 0.11180555416666667
1 0.4072265625 0.14583333333333334 0.4130859375 0.14236111041666666 0.4306640625 0.14236111041666666 0.4423828125 0.15625 0.4453125 0.15451388958333334 0.4453125 0.14409722291666668 0.4365234375 0.12847222291666666 0.4306640625 0.125 0.4189453125 0.125 0.40625 0.140625 0.4072265625 0.14583333333333334
1 0.362890625 0.14861111249999998 0.34921875 0.14861111249999998 0.3365234375 0.16423611249999998 0.3326171875 0.18159722291666666 0.3326171875 0.19548611249999998 0.33515625 0.2 0.3398437546875 0.2 0.3462890625 0.19895833333333332 0.3482421875 0.18506944583333332 0.3609375 0.1625 0.366796875 0.1625 0.36875 0.15902777708333332 0.36875 0.15555555625 0.366796875 0.15208333333333332 0.362890625 0.14861111249999998
0 0.677734375 0.4045138895833333 0.6669921875 0.3888888895833333 0.6416015625 0.37152777708333334 0.6220703125 0.37152777708333334 0.6005859375 0.3888888895833333 0.587890625 0.4114583333333333 0.578125 0.4427083333333333 0.578125 0.453125 0.575 0.4642361125 0.575 0.4822916666666667 0.576171875 0.484375 0.576171875 0.5017361104166667 0.58203125 0.5260416666666666 0.5986328125 0.5555555562500001 0.6220703125 0.5763888895833333 0.640625 0.5746527770833333 0.6572265625 0.5625 0.671875 0.5399305562500001 0.67578125 0.52256944375 0.690625 0.4895833333333333 0.690625 0.44965277708333334 0.68359375 0.41840277708333334 0.677734375 0.4045138895833333
0 0.7568359375 0.6947916666666667 0.7626953125 0.684375 0.7685546875 0.6809027791666666 0.78125 0.6583333333333333 0.7890625 0.6340277791666666 0.79296875 0.59930555625 0.794921875 0.5958333333333333 0.794921875 0.56805555625 0.79296875 0.5645833333333333 0.791015625 0.53680555625 0.783203125 0.5125 0.7626953125 0.4795138895833333 0.7412109375 0.465625 0.7177734375 0.46909722291666667 0.6982421875 0.4864583333333333 0.6796875 0.5159722229166667 0.66796875 0.5576388895833334 0.66796875 0.5715277791666666 0.666015625 0.575 0.66796875 0.6166666666666667 0.677734375 0.6583333333333333 0.6904296875 0.684375 0.7041015625 0.6947916666666667 0.7333984375 0.6947916666666667 0.73515625 0.6979166666666666 0.7386718828125 0.6979166666666666 0.751953125 0.6965277791666666 0.7568359375 0.6947916666666667
0 0.6390625 0.7038194437499999 0.62734375 0.6621527770833333 0.6126953125 0.6326388875000001 0.6009765625 0.61875 0.5833984375 0.6048611104166667 0.5755859375 0.6048611104166667 0.5736328125 0.6013888875000001 0.5501953125 0.6013888875000001 0.5482421875 0.6048611104166667 0.5423828125 0.6048611104166667 0.5208984375 0.6222222208333333 0.5052734375 0.6430555541666667 0.490625 0.6725694437499999 0.480859375 0.7142361104166667 0.480859375 0.7350694437499999 0.47890625 0.7385416666666667 0.480859375 0.7454861104166667 0.47890625 0.7489583333333333 0.480859375 0.7871527770833333 0.492578125 0.8288194437499999 0.5103515625 0.8604166666666667 0.5181640578125 0.8604166666666667 0.519921875 0.8600694437499999 0.5326171875 0.8513888875000001 0.5501953125 0.8479166666666667 0.5521484375 0.8444444437499999 0.5697265625 0.8444444437499999 0.5716796875 0.8479166666666667 0.5833984375 0.8479166666666667 0.5970703125 0.8583333333333333 0.6068359375 0.8583333333333333 0.617578125 0.8427083333333333 0.633203125 0.8045138875000001 0.633203125 0.7975694437499999 0.6421875 0.7656249979166667 0.6421875 0.7336805541666667 0.641015625 0.7315972208333333 0.6390625 0.7038194437499999
0 0.7490234375 0.9795138895833334 0.7548828125 0.9725694458333333 0.7607421875 0.95868055625 0.7646484375 0.95868055625 0.775390625 0.9395833333333333 0.78125 0.91875 0.787109375 0.9083333333333333 0.7890625 0.8909722229166667 0.79296875 0.88055555625 0.794921875 0.8111111125 0.79296875 0.8076388895833334 0.7890625 0.7763888895833334 0.78125 0.7520833333333333 0.7568359375 0.7121527791666666 0.7333984375 0.6982638895833334 0.7080078125 0.6982638895833334 0.7060546875 0.7017361125 0.6884765625 0.7052083333333333 0.6806640625 0.7121527791666666 0.6689453125 0.7260416666666667 0.6484375 0.7590277791666666 0.642578125 0.7729166666666667 0.62890625 0.825 0.62890625 0.8388888895833334 0.626953125 0.8423611125 0.626953125 0.88055555625 0.62890625 0.8909722229166667 0.642578125 0.9152777791666666 0.6484375 0.9326388895833334 0.65625 0.9465277791666666 0.66015625 0.9638888895833334 0.6650390625 0.9690972229166667 0.6669921875 0.9760416666666667 0.6806640625 0.98993055625 0.6923828125 0.9934027791666666 0.69375 0.9958333333333333 0.7113281312499999 0.9958333333333333 0.72265625 0.9951388895833334 0.7490234375 0.9795138895833334
0 0.47265625 0.6817708333333333 0.4609375 0.6470486104166666 0.4482421875 0.6244791666666667 0.4267578125 0.6036458333333333 0.4150390625 0.6001736104166666 0.4130859375 0.5967013895833334 0.3955078125 0.5967013895833334 0.3935546875 0.6001736104166666 0.3720703125 0.60711805625 0.3603515625 0.6175347229166667 0.341796875 0.6505208333333333 0.33203125 0.6817708333333333 0.330078125 0.7095486104166666 0.328125 0.7130208333333333 0.328125 0.7373263895833334 0.330078125 0.7407986104166666 0.330078125 0.7581597229166667 0.333984375 0.77899305625 0.341796875 0.8032986104166666 0.3505859375 0.8154513895833334 0.3740234375 0.8154513895833334 0.3759765625 0.8189236104166666 0.3837890625 0.8189236104166666 0.4013671875 0.8328125 0.4052734375 0.8328125 0.4169921875 0.8467013895833334 0.42791015625 0.8541666666666666 0.4313476546875 0.8541666666666666 0.4462890625 0.8432291666666667 0.4541015625 0.8328125 0.466796875 0.81024305625 0.474609375 0.7859375 0.4765625 0.7755208333333333 0.4765625 0.69913194375 0.47265625 0.6887152770833332 0.47265625 0.6817708333333333
0 0.322656328125 1 0.4515625 0.9986111125 0.4544921875 0.996875 0.457421875 0.9881944458333333 0.4609375 0.96319444375 0.4609375 0.9597222229166668 0.459375 0.9569444458333333 0.457421875 0.9361111125 0.445703125 0.8979166666666667 0.4271484375 0.8614583333333333 0.4193359375 0.8545138895833334 0.4134765625 0.8440972229166667 0.3861328125 0.8232638895833334 0.3802734375 0.8232638895833334 0.3783203125 0.8197916666666667 0.3470703125 0.8197916666666667 0.3451171875 0.8232638895833334 0.3333984375 0.8267361125 0.3177734375 0.840625 0.29921875 0.8701388895833334 0.289453125 0.8979166666666667 0.285546875 0.91875 0.285546875 0.9777777791666666 0.2875 0.98125 0.2875 0.9951388895833334 0.290234375 1 0.322656328125 1
0 0.3466796875 0.43680555625 0.3330078125 0.42291666666666666 0.3095703125 0.41944444583333335 0.3076171875 0.42291666666666666 0.3017578125 0.42291666666666666 0.2841796875 0.44027777916666666 0.2734375 0.46284722291666663 0.265625 0.49409722291666663 0.265625 0.5392361124999999 0.2734375 0.5739583333333333 0.2900390625 0.6034722229166667 0.3067382796875 0.6166666666666667 0.3142578203125 0.6166666666666667 0.32421875 0.615625 0.3349609375 0.6104166666666667 0.3505859375 0.5930555562500001 0.36328125 0.5635416666666667 0.3671875 0.5427083333333333 0.3671875 0.49756944583333335 0.359375 0.46284722291666663 0.3466796875 0.43680555625
0 0.329296875 0.27118055625 0.309765625 0.27118055625 0.301953125 0.278125 0.2873046875 0.30416666666666664 0.2833984375 0.3215277791666667 0.2833984375 0.35625 0.2912109375 0.38055555625 0.305859375 0.3996527791666667 0.3099609375 0.40208333333333335 0.3158203140625 0.40208333333333335 0.3185546875 0.4013888895833333 0.3302734375 0.3944444458333333 0.3263671875 0.3736111125 0.3263671875 0.34930555625 0.3322265625 0.31805555625 0.3361328125 0.3111111125 0.3380859375 0.3006944458333333 0.34375 0.29398148125 0.34375 0.29330357083333336 0.337109375 0.278125 0.329296875 0.27118055625
0 0.2666015625 0.278125 0.2529296875 0.278125 0.2451171875 0.2850694458333333 0.234375 0.30416666666666664 0.23125 0.31527777916666666 0.23125 0.35069444583333337 0.232421875 0.3527777791666667 0.232421875 0.3701388895833333 0.2392578125 0.3857638895833333 0.2505859375 0.3958333333333333 0.25351563125 0.3958333333333333 0.263671875 0.3944444458333333 0.2744140625 0.3857638895833333 0.283203125 0.36666666666666664 0.283203125 0.3215277791666667 0.284375 0.31944444583333337 0.284375 0.30277777708333337 0.2724609375 0.28159722291666667 0.2666015625 0.278125
0 0.3068359375 0.2552083333333333 0.303125 0.26840277916666666 0.303125 0.2701388895833333 0.30390625 0.27430555624999997 0.309765625 0.2708333333333333 0.329296875 0.2708333333333333 0.33515625 0.27430555624999997 0.344921875 0.2916666666666667 0.3458984375 0.28993055624999997 0.360546875 0.28125 0.3625 0.27777777708333334 0.3625 0.2673611104166667 0.3615234375 0.265625 0.3615234375 0.2552083333333333 0.344921875 0.22916666666666666 0.325390625 0.22916666666666666 0.317578125 0.23611111041666666 0.3068359375 0.2552083333333333
0 0.3453125 0.20069444583333332 0.331640625 0.20069444583333332 0.321875 0.20763888958333335 0.3130859375 0.22326388958333335 0.3072265625 0.240625 0.308203125 0.24583333333333332 0.312109375 0.24583333333333332 0.323828125 0.22847222291666666 0.347265625 0.22847222291666666 0.360546875 0.2520833333333333 0.3621093765625 0.2520833333333333 0.3625 0.2518518520833333 0.3625 0.23107638958333335 0.3599609375 0.21979166666666666 0.3453125 0.20069444583333332
0 0.416796875 0.190625 0.4109375 0.18715277708333333 0.393359375 0.18715277708333333 0.385546875 0.19409722083333333 0.3748046875 0.21319444375 0.3708984375 0.22708333333333333 0.3708984375 0.25486111041666665 0.3728515625 0.26527777708333333 0.3771484375 0.27291666666666664 0.3794921875 0.27291666666666664 0.3806640625 0.27222222291666665 0.3865234375 0.2513888875 0.405078125 0.22881944375 0.424609375 0.22881944375 0.428515625 0.23229166666666667 0.4296875 0.23020833333333332 0.4296875 0.21458333333333332 0.4294921875 0.21319444375 0.416796875 0.190625
0 0.4486328125 0.15625 0.4427734375 0.15277777708333332 0.4251953125 0.15625 0.4193359375 0.16319444375 0.410546875 0.18229166666666666 0.4115234375 0.1875 0.4251953125 0.20138888958333334 0.430078125 0.21701388958333334 0.4330078125 0.22222222291666668 0.433984375 0.22048611041666666 0.4447265625 0.19791666666666666 0.4505859375 0.19097222291666668 0.4609375 0.18595328333333333 0.4609375 0.1829861125 0.459375 0.171875 0.4486328125 0.15625
0 0.466015625 0.15798611041666666 0.4640625 0.18229166666666666 0.4669921875 0.1875 0.473828125 0.18576388958333334 0.477734375 0.17534722291666668 0.4865234375 0.16319444375 0.4982421875 0.15625 0.5099609375 0.15972222291666668 0.5109375 0.15104166666666666 0.4982421875 0.13541666666666666 0.4865234375 0.13541666666666666 0.4728515625 0.14583333333333334 0.466015625 0.15798611041666666
0 0.5140625 0.14340277916666666 0.5140625 0.16190025208333333 0.5238002234375 0.17291666666666666 0.5255859375 0.17291666666666666 0.52734375 0.171875 0.5341796875 0.14930555625 0.5478515625 0.13888888958333334 0.5556640625 0.13888888958333334 0.55625 0.13576388958333335 0.55625 0.1329861125 0.5517578125 0.125 0.5429687484375 0.11875 0.5314453125 0.11875 0.5244140625 0.125 0.5140625 0.14340277916666666
0 0.5943359375 0.10034722083333333 0.5767578125 0.096875 0.5640625 0.1125 0.56015625 0.12291666666666666 0.56015625 0.13680555416666668 0.5728515625 0.14895833333333333 0.577734375 0.15763888750000002 0.5821732953125001 0.175 0.593359375 0.175 0.605078125 0.15763888750000002 0.60625 0.15347222083333334 0.60625 0.12708333333333333 0.603125 0.11597222083333333 0.5943359375 0.10034722083333333