1 0.32265625 0.33611111250000003 0.30703125 0.33611111250000003 0.293359375 0.34652777916666666 0.2787109375 0.3795138895833333 0.2787109375 0.40034722291666663 0.2767578125 0.40381944583333335 0.2767578125 0.41770833333333335 0.2787109375 0.42118055625 0.2767578125 0.42465277916666666 0.2826171875 0.4420138895833333 0.297265625 0.46458333333333335 0.3060546859375 0.4708333333333333 0.31289063125 0.4708333333333333 0.3216796875 0.46979166666666666 0.3275390625 0.46284722291666663 0.3236328125 0.4420138895833333 0.3236328125 0.40729166666666666 0.3255859375 0.396875 0.340625 0.366796875 0.340625 0.35779914583333333 0.328515625 0.33958333333333335 0.32265625 0.33611111250000003
1 0.4701171875 0.3123263895833333 0.4583984375 0.30885416666666665 0.4564453125 0.30538194583333333 0.4427734375 0.30538194583333333 0.4310546875 0.3123263895833333 0.41640625 0.33489583333333334 0.410546875 0.35225694583333333 0.40859375 0.3626736125 0.40859375 0.39739583333333334 0.414453125 0.4217013895833333 0.4232421875 0.4373263895833333 0.4340820296875 0.44375 0.44550781562499997 0.44375 0.449609375 0.4425347229166666 0.4515625 0.4355902791666667 0.4515625 0.4112847229166666 0.45546875 0.4043402791666667 0.45546875 0.39739583333333334 0.465234375 0.36961805625 0.4720703125 0.3574652791666667 0.4859375 0.3492476854166667 0.4859375 0.3399884270833333 0.480859375 0.3279513895833333 0.4701171875 0.3123263895833333
1 0.4330078125 0.26805555416666665 0.4154296875 0.2576388875 0.4134765625 0.2611111104166667 0.4037109375 0.2611111104166667 0.3919921875 0.27152777708333337 0.379296875 0.30451388749999997 0.379296875 0.33576388749999997 0.383203125 0.34965277708333337 0.3978515625 0.36875 0.4001953140625 0.37083333333333335 0.405664059375 0.37083333333333335 0.406640625 0.3704861104166667 0.414453125 0.3392361104166667 0.4271484375 0.31666666666666665 0.4453125 0.30476973541666663 0.4453125 0.30243055416666664 0.441796875 0.28368055416666665 0.4330078125 0.26805555416666665
1 0.6236328125 0.3064236125 0.6021484375 0.2890625 0.5884765625 0.2890625 0.5865234375 0.29253472291666666 0.5806640625 0.29253472291666666 0.562109375 0.3151041666666667 0.554296875 0.33940972291666666 0.55234375 0.3776041666666667 0.558203125 0.40538194583333337 0.5669921875 0.4244791666666667 0.5863281234375 0.44166666666666665 0.6048242203124999 0.44166666666666665 0.6177734375 0.4348958333333333 0.6255859375 0.4244791666666667 0.634375 0.40538194583333337 0.6375 0.3887152791666667 0.6375 0.34658564791666663 0.632421875 0.3255208333333333 0.6236328125 0.3064236125
1 0.83515625 0.5482638895833334 0.8537109375 0.51180555625 0.8576171875 0.49444444583333336 0.8576171875 0.44583333333333336 0.8478515625 0.40763888958333333 0.837109375 0.3885416666666667 0.825390625 0.378125 0.809765625 0.37465277916666667 0.8078125 0.378125 0.79609375 0.38159722291666665 0.7794921875 0.40763888958333333 0.7716796875 0.43888888958333333 0.7697265625 0.47708333333333336 0.7716796875 0.48055555624999996 0.7736328125 0.5013888895833333 0.786328125 0.5343750020833333 0.8048828109375 0.5541666666666667 0.8146484484375 0.5541666666666667 0.8205078125 0.5534722229166668 0.83515625 0.5482638895833334
1 0.478515625 0.30069444375000004 0.482421875 0.28680555416666664 0.482421875 0.2555555541666667 0.478515625 0.24166666458333333 0.4697265625 0.22604166458333333 0.4560546875 0.21562499791666667 0.4462890625 0.22256944374999998 0.4404296875 0.22256944374999998 0.4345703125 0.2295138875 0.42578125 0.24861111041666667 0.423828125 0.2590277770833333 0.4326171875 0.2677083333333333 0.44140625 0.2833333333333333 0.4482421875 0.30590277708333335 0.4580078125 0.30590277708333335 0.4691406265625 0.3125 0.4703124984375 0.3125 0.47265625 0.31111111041666667 0.478515625 0.30069444375000004
1 0.358203125 0.23541666666666666 0.35234375 0.23194444583333332 0.33671875 0.23194444583333332 0.3240234375 0.24756944583333332 0.3181640625 0.26840277916666666 0.3181640625 0.29618055625 0.3324678296875 0.325 0.3394531328125 0.325 0.3494140625 0.32395833333333335 0.35625 0.31875 0.3650390625 0.303125 0.365625 0.3 0.365625 0.2635416666666667 0.3650390625 0.25104166666666666 0.358203125 0.23541666666666666
1 0.2748046875 0.30902777708333334 0.2591796875 0.30902777708333334 0.2513671875 0.31597222291666666 0.242578125 0.33159722291666666 0.23671875 0.35590277708333334 0.2396484375 0.3645833333333333 0.2494140625 0.3576388895833333 0.2591796875 0.3576388895833333 0.2689453125 0.3645833333333333 0.2767578125 0.37847222291666666 0.281640625 0.3767361104166667 0.285546875 0.36284722291666666 0.290625 0.35381944583333336 0.290625 0.3333719125 0.2826171875 0.31597222291666666 0.2748046875 0.30902777708333334
1 0.4072265625 0.22534722083333333 0.3974609375 0.21840277708333333 0.3876953125 0.21840277708333333 0.369140625 0.24097222083333333 0.365625 0.2534722208333334 0.365625 0.2618055541666667 0.3671875 0.28958333333333336 0.37356770781250004 0.30416666666666664 0.3769531265625 0.30416666666666664 0.37890625 0.30347222291666665 0.384765625 0.28263888958333333 0.3916015625 0.2704861104166667 0.4013671875 0.26006944375 0.415625 0.255 0.415625 0.2513888875 0.4140625 0.2375 0.4072265625 0.22534722083333333
1 0.450390625 0.19496527708333333 0.440625 0.19496527708333333 0.430859375 0.20190972291666667 0.4181640625 0.22795138958333333 0.4162109375 0.25225694375 0.419140625 0.25746527708333333 0.42158203125 0.25833333333333336 0.42418619843750005 0.25833333333333336 0.4259765625 0.24878472291666667 0.434765625 0.2296875 0.454296875 0.21579861041666665 0.46796875 0.22621527708333333 0.46875 0.21927083333333333 0.46875 0.2171875 0.462109375 0.20538194375 0.450390625 0.19496527708333333
0 0.6681640625 0.18194444583333333 0.65546875 0.16284722291666667 0.649609375 0.15937500208333333 0.633984375 0.16284722291666667 0.6251953125 0.17500000208333333 0.6212890625 0.18888888958333333 0.6193359375 0.21319444583333333 0.633984375 0.24270833541666667 0.6398437484375 0.24791666666666667 0.65644531875 0.24791666666666667 0.661328125 0.24618055625000002 0.6701171875 0.22708333541666667 0.671875 0.21770833541666665 0.671875 0.21388889166666666 0.6701171875 0.18888888958333333 0.6681640625 0.18194444583333333
0 0.5802734375 0.28263888958333333 0.5841796875 0.26180555625 0.5822265625 0.23750000208333333 0.5783203125 0.2236111125 0.571484375 0.21145833541666667 0.563671875 0.20451388958333333 0.5578125 0.20451388958333333 0.555859375 0.20104166874999999 0.53828125 0.20451388958333333 0.532421875 0.21145833541666667 0.5236328125 0.23055555625000002 0.5197265625 0.25138888958333333 0.5216796875 0.27569444583333336 0.5275390625 0.28958333333333336 0.53828125 0.30520833333333336 0.5456054671875 0.3104166666666667 0.5587890625 0.3104166666666667 0.56953125 0.30173611250000004 0.5802734375 0.28263888958333333
0 0.5244140625 0.3541666666666667 0.5146484375 0.34722222291666666 0.4970703125 0.34375 0.4951171875 0.34722222291666666 0.4755859375 0.3541666666666667 0.4697265625 0.3611111104166667 0.4609375 0.3802083333333333 0.4515625 0.41354166666666664 0.4515625 0.4547453708333334 0.45703125 0.47743055624999997 0.4716796875 0.5034722229166666 0.4892578125 0.5173611104166667 0.4951171875 0.5173611104166667 0.4970703125 0.5208333333333334 0.505859375 0.5190972229166666 0.5224609375 0.5104166666666666 0.541015625 0.48090277708333334 0.5484375 0.45451388958333333 0.5484375 0.40673611041666663 0.5390625 0.3767361104166667 0.5244140625 0.3541666666666667
0 0.3564453125 0.35069444375000003 0.3447265625 0.3611111104166667 0.3359375 0.3767361104166667 0.326171875 0.4010416666666667 0.325 0.40729166666666666 0.325 0.4429398145833333 0.330078125 0.4670138895833333 0.3408203125 0.4861111104166667 0.3486328125 0.49652777708333334 0.3525390625 0.49652777708333334 0.3583984375 0.5034722229166666 0.3642578125 0.5034722229166666 0.3658203125 0.50625 0.3681640609375 0.50625 0.37109375 0.5052083333333334 0.3837890625 0.5 0.40234375 0.4704861104166667 0.409375 0.4454861104166667 0.409375 0.40381944375 0.40625 0.38715277708333334 0.3955078125 0.3645833333333333 0.3818359375 0.35069444375000003 0.3720703125 0.35069444375000003 0.3689453125 0.34791666666666665 0.3677734375 0.34791666666666665 0.3662109375 0.35069444375000003 0.3564453125 0.35069444375000003
0 0.353125 0.55 0.347265625 0.5361111104166666 0.3345703125 0.5170138875 0.3169921875 0.503125 0.2955078125 0.503125 0.2818359375 0.5135416666666667 0.265234375 0.5395833333333333 0.257421875 0.5708333333333333 0.25546875 0.6229166666666667 0.265234375 0.6680555541666667 0.269140625 0.6784722208333334 0.2798828125 0.6940972208333334 0.2952636734375 0.70625 0.323828125 0.70625 0.3384765625 0.69756944375 0.35703125 0.6645833333333333 0.3640625 0.6239583333333333 0.3640625 0.6055555541666667 0.362890625 0.5847222208333334 0.353125 0.55
0 0.265625 0.5395833333333333 0.28515625 0.5083333333333333 0.287109375 0.5013888875 0.287109375 0.45625 0.2724609375 0.4197916666666667 0.2607421875 0.409375 0.2412109375 0.409375 0.2314453125 0.41631944375 0.220703125 0.4354166666666667 0.21875 0.4493055541666667 0.212890625 0.4666666666666667 0.212890625 0.5048611104166667 0.220703125 0.5326388875 0.2314453125 0.5517361104166666 0.2490234375 0.5586805541666667 0.25 0.5604166666666667 0.25390625 0.5604166666666667 0.2587890625 0.5586805541666667 0.265625 0.5395833333333333
0 0.140625 0.77569444375 0.146484375 0.7583333333333333 0.14453125 0.6958333333333333 0.13671875 0.6645833333333333 0.1279296875 0.6454861104166666 0.1162109375 0.6315972208333334 0.0986328125 0.628125 0.0849609375 0.6385416666666667 0.07421875 0.6680555541666667 0.072265625 0.6784722208333334 0.072265625 0.7201388875 0.07421875 0.7236111104166666 0.07421875 0.7375 0.08203125 0.7652777770833333 0.0986328125 0.7947916666666667 0.1103515625 0.7982638875 0.111328125 0.8 0.12109375 0.8 0.1318359375 0.79131944375 0.140625 0.77569444375
0 0.2583984375 0.3567708333333333 0.2505859375 0.3567708333333333 0.2486328125 0.36024305416666663 0.2369140625 0.36371527708333334 0.228125 0.37586805416666663 0.2203125 0.4001736104166667 0.218370225 0.43125 0.22239332812499998 0.43125 0.2388671875 0.4088541666666667 0.2603515625 0.4088541666666667 0.2759765625 0.42274305416666663 0.2765625 0.3967013875 0.2765625 0.37864583333333335 0.2701171875 0.3671875 0.2583984375 0.3567708333333333
0 0.213671875 0.33958333333333335 0.209765625 0.33611111250000003 0.2 0.33611111250000003 0.194140625 0.33958333333333335 0.1833984375 0.35868055625 0.1794921875 0.37256944583333335 0.1775390625 0.40034722291666663 0.1833984375 0.42465277916666666 0.18828125 0.43333333333333335 0.1953124984375 0.4395833333333333 0.20195313124999997 0.4395833333333333 0.2107421875 0.43854166666666666 0.2185546875 0.43159722291666663 0.2185546875 0.4107638895833333 0.2205078125 0.40729166666666666 0.2205078125 0.396875 0.225 0.38622685208333335 0.225 0.36423611250000004 0.2224609375 0.35520833333333335 0.213671875 0.33958333333333335
0 0.309765625 0.33715277708333335 0.3166015625 0.325 0.3185546875 0.31805555416666664 0.3185546875 0.28680555416666664 0.3166015625 0.27638888749999996 0.309765625 0.26423611041666667 0.301953125 0.25729166458333336 0.290234375 0.25729166458333336 0.282421875 0.26423611041666667 0.2736328125 0.27986111041666667 0.2697265625 0.29375 0.2697265625 0.30763888749999996 0.28046875 0.31284722083333333 0.2912109375 0.33194444375000004 0.2912109375 0.33888888749999996 0.2939453125 0.34375 0.295117184375 0.34375 0.2990234375 0.34236111041666667 0.309765625 0.33715277708333335
1 0.74765625 0.30555555624999997 0.72421875 0.3020833333333333 0.70859375 0.31597222291666666 0.6978515625 0.3385416666666667 0.6919921875 0.36284722291666666 0.6939453125 0.39756944375000003 0.6958984375 0.4079861104166667 0.6998046875 0.41493055624999997 0.6998046875 0.421875 0.7125 0.44444444375000003 0.726171875 0.4583333333333333 0.7466796875 0.45659722291666666 0.757421875 0.4479166666666667 0.7720703125 0.421875 0.775 0.4088541666666667 0.775 0.36298076875 0.76328125 0.3229166666666667 0.74765625 0.30555555624999997
1 0.7966796875 0.3560763875 0.7947265625 0.3769097208333333 0.80546875 0.37864583333333335 0.807421875 0.3751736104166667 0.819140625 0.3751736104166667 0.834765625 0.3855902770833334 0.8494140625 0.41163194375 0.85692274375 0.44166666666666665 0.8596354171874999 0.44166666666666665 0.865625 0.42569444375000004 0.865625 0.3765625 0.8611328125 0.35260416666666666 0.8533203125 0.33524305416666667 0.84453125 0.3230902770833334 0.830859375 0.31961805416666667 0.82919921875 0.31666666666666665 0.827734375 0.31666666666666665 0.81328125 0.3230902770833334 0.7966796875 0.3560763875
1 0.192578125 0.34375 0.200390625 0.33680555624999997 0.21015625 0.33680555624999997 0.21943359375 0.35 0.22109375 0.35 0.2228515625 0.3489583333333333 0.2248046875 0.32465277708333334 0.218515625 0.31666666666666665 0.203835228125 0.31666666666666665 0.1916015625 0.33506944375000003 0.192578125 0.34375
0 0.24365234375 0.2942708333333333 0.23583984375 0.30121527708333334 0.22900390625 0.31336805416666663 0.22509765625 0.3237847208333333 0.22314453125 0.3515625 0.22701171874999998 0.36875 0.2330078125 0.36875 0.23681640625 0.3619791666666667 0.24267578125 0.3307291666666667 0.25146484375 0.3151041666666667 0.2625 0.3085648125 0.2625 0.3004050916666667 0.25732421875 0.2942708333333333 0.24365234375 0.2942708333333333