1 0.0419921875 0.7881944437499999 0.0380859375 0.7916666666666666 0.02734375 0.8142361104166667 0.02734375 0.828125 0.025390625 0.8315972229166667 0.02734375 0.8697916666666666 0.03125 0.8836805562500001 0.03125 0.8940972229166667 0.0390625 0.9184027770833333 0.0556640625 0.9513888895833333 0.0625 0.953125 0.06640625 0.9461805562500001 0.06640625 0.9288194437499999 0.072265625 0.9045138895833333 0.0849609375 0.8854166666666666 0.0947265625 0.8819444437499999 0.095703125 0.8663194437499999 0.083984375 0.828125 0.0673828125 0.7986111104166667 0.0576171875 0.7881944437499999 0.0419921875 0.7881944437499999
1 0.03125 0.6024305562500001 0.02734375 0.6163194437499999 0.02734375 0.6371527770833333 0.025390625 0.640625 0.02734375 0.6440972229166667 0.02734375 0.6614583333333334 0.03125 0.6788194437499999 0.0400390625 0.6979166666666666 0.0458984375 0.7048611104166667 0.0517578125 0.7048611104166667 0.0537109375 0.7083333333333334 0.05859375 0.7065972229166667 0.0703125 0.6892361104166667 0.072265625 0.6788194437499999 0.072265625 0.6371527770833333 0.0703125 0.6336805562500001 0.0703125 0.6232638895833333 0.06640625 0.609375 0.0556640625 0.5902777770833333 0.0517578125 0.5868055562500001 0.0400390625 0.5868055562500001 0.03125 0.6024305562500001
1 0.060546875 0.5399305562500001 0.05859375 0.5434027770833333 0.060546875 0.5746527770833333 0.0712890625 0.6006944437499999 0.0849609375 0.6111111104166667 0.087890625 0.609375 0.0908203125 0.6076388895833333 0.1015625 0.5850694437499999 0.103515625 0.5434027770833333 0.099609375 0.52256944375 0.0888671875 0.5034722229166666 0.0849609375 0.5 0.0732421875 0.5 0.064453125 0.5121527770833334 0.060546875 0.5260416666666666 0.060546875 0.5399305562500001
1 0.15234375 0.453125 0.15234375 0.48784722291666666 0.15625 0.5017361104166667 0.1669921875 0.5208333333333334 0.1806640625 0.53125 0.185546875 0.5295138895833333 0.201171875 0.5121527770833334 0.208984375 0.47743055624999997 0.208984375 0.45659722291666666 0.203125 0.42881944375000003 0.1982421875 0.4201388895833333 0.1884765625 0.40972222291666666 0.1728515625 0.40972222291666666 0.1650390625 0.4166666666666667 0.154296875 0.4427083333333333 0.15234375 0.453125
1 0.123046875 0.4357638895833333 0.123046875 0.4739583333333333 0.125 0.48090277708333334 0.1376953125 0.5 0.15234375 0.4982638895833333 0.154296875 0.4947916666666667 0.15234375 0.48784722291666666 0.15234375 0.44965277708333334 0.158203125 0.42881944375000003 0.1640625 0.41840277708333334 0.1552734375 0.40277777708333334 0.1435546875 0.39930555624999997 0.1337890625 0.40625 0.125 0.42534722291666666 0.123046875 0.4357638895833333
1 0.2958984375 0.3541666666666667 0.2861328125 0.3611111104166667 0.275390625 0.3802083333333333 0.26953125 0.4010416666666667 0.267578125 0.42881944375000003 0.26953125 0.4322916666666667 0.26953125 0.44618055624999997 0.2734375 0.4635416666666667 0.2861328125 0.4826388895833333 0.294921875 0.484375 0.306640625 0.453125 0.3173828125 0.4375 0.3232421875 0.43402777708333334 0.328125 0.41840277708333334 0.328125 0.4045138895833333 0.33203125 0.390625 0.33203125 0.3802083333333333 0.3232421875 0.3611111104166667 0.3134765625 0.3541666666666667 0.2958984375 0.3541666666666667
1 0.265625 0.3177083333333333 0.265625 0.3454861104166667 0.267578125 0.35590277708333334 0.2744140625 0.37152777708333334 0.28125 0.3697916666666667 0.2939453125 0.3541666666666667 0.3115234375 0.3541666666666667 0.318359375 0.3385416666666667 0.318359375 0.3177083333333333 0.314453125 0.30034722291666666 0.3017578125 0.28125 0.2841796875 0.28125 0.2802734375 0.28472222291666666 0.26953125 0.30381944375000003 0.265625 0.3177083333333333
1 0.37890625 0.265625 0.37890625 0.29340277708333334 0.3916015625 0.31944444375000003 0.4013671875 0.3263888895833333 0.412109375 0.32465277708333334 0.4208984375 0.31944444375000003 0.4296875 0.30034722291666666 0.43359375 0.2864583333333333 0.43359375 0.25868055625 0.431640625 0.25173611041666666 0.4169921875 0.22916666666666666 0.3974609375 0.22916666666666666 0.3896484375 0.23611111041666666 0.380859375 0.2552083333333333 0.37890625 0.265625
1 0.5654296875 0.26388888958333334 0.5546875 0.2864583333333333 0.55078125 0.3072916666666667 0.55078125 0.328125 0.556640625 0.35243055624999997 0.5693359375 0.375 0.5810546875 0.3854166666666667 0.59765625 0.38368055624999997 0.6083984375 0.375 0.62109375 0.35243055624999997 0.625 0.33506944375000003 0.625 0.30034722291666666 0.6171875 0.2760416666666667 0.6064453125 0.2604166666666667 0.5966796875 0.25347222291666666 0.5751953125 0.25347222291666666 0.5712890625 0.2604166666666667 0.5654296875 0.26388888958333334
1 0.732421875 0.24826388958333334 0.728515625 0.25868055625 0.7265625 0.2829861104166667 0.734375 0.3142361104166667 0.7451171875 0.3333333333333333 0.7548828125 0.34027777708333334 0.767578125 0.3385416666666667 0.7763671875 0.3298611104166667 0.78515625 0.3142361104166667 0.787109375 0.30381944375000003 0.787109375 0.2760416666666667 0.78125 0.25173611041666666 0.7705078125 0.23263888958333334 0.7626953125 0.22569444375 0.7509765625 0.22569444375 0.7412109375 0.23263888958333334 0.732421875 0.24826388958333334
0 0.416015625 0.3489583333333333 0.41015625 0.3732638895833333 0.41015625 0.4114583333333333 0.419921875 0.4427083333333333 0.4306640625 0.4583333333333333 0.4345703125 0.4583333333333333 0.4462890625 0.46875 0.462890625 0.4670138895833333 0.4755859375 0.4548611104166667 0.48828125 0.4322916666666667 0.494140625 0.4079861104166667 0.49609375 0.38368055624999997 0.48828125 0.3489583333333333 0.4755859375 0.3263888895833333 0.4580078125 0.31597222291666666 0.4443359375 0.31597222291666666 0.4267578125 0.3298611104166667 0.416015625 0.3489583333333333
0 0.333984375 0.3802083333333333 0.330078125 0.39409722291666666 0.328125 0.42534722291666666 0.3525390625 0.4270833333333333 0.3583984375 0.43055555624999997 0.3740234375 0.44444444375000003 0.3896484375 0.47569444375000003 0.39453125 0.4739583333333333 0.404296875 0.46006944375000003 0.408203125 0.44618055624999997 0.41015625 0.4079861104166667 0.404296875 0.3802083333333333 0.3974609375 0.3645833333333333 0.3896484375 0.3541666666666667 0.3798828125 0.34722222291666666 0.3603515625 0.34722222291666666 0.3466796875 0.3576388895833333 0.333984375 0.3802083333333333
0 0.3525390625 0.4270833333333333 0.3310546875 0.4270833333333333 0.3154296875 0.44097222291666666 0.30078125 0.4670138895833333 0.294921875 0.4982638895833333 0.296875 0.5434027770833333 0.302734375 0.5642361104166667 0.3173828125 0.5902777770833333 0.3408203125 0.6041666666666666 0.3515625 0.6024305562500001 0.3662109375 0.59375 0.37890625 0.5746527770833333 0.38671875 0.5538194437499999 0.390625 0.5399305562500001 0.390625 0.52256944375 0.392578125 0.5190972229166666 0.390625 0.48784722291666666 0.38671875 0.4704861104166667 0.3740234375 0.44444444375000003 0.3525390625 0.4270833333333333
0 0.419921875 0.8454861104166667 0.41796875 0.8246527770833333 0.404296875 0.7829861104166667 0.3935546875 0.7638888895833333 0.3662109375 0.7361111104166667 0.3603515625 0.7361111104166667 0.3583984375 0.7326388895833333 0.3232421875 0.7326388895833333 0.3115234375 0.7395833333333334 0.2958984375 0.7569444437499999 0.28125 0.7829861104166667 0.271484375 0.8211805562500001 0.271484375 0.8454861104166667 0.26953125 0.8489583333333334 0.271484375 0.8802083333333334 0.27734375 0.9114583333333334 0.28125 0.921875 0.28125 0.9288194437499999 0.2978515625 0.9618055562500001 0.3056640625 0.9722222229166667 0.3212890625 0.9826388895833333 0.3251953125 0.9895833333333334 0.3369140625 0.9965277770833333 0.37109375 0.9947916666666666 0.3837890625 0.9895833333333334 0.3974609375 0.9756944437499999 0.408203125 0.9565972229166667 0.416015625 0.9322916666666666 0.41796875 0.9114583333333334 0.419921875 0.9079861104166667 0.419921875 0.8940972229166667 0.421875 0.890625 0.421875 0.8489583333333334 0.419921875 0.8454861104166667
0 0.06640625 0.9565972229166667 0.068359375 0.9600694437499999 0.068359375 0.9739583333333334 0.072265625 0.984375 0.0830078125 1 0.16796875 0.9982638895833333 0.16796875 0.9878472229166667 0.15234375 0.9392361104166667 0.1357421875 0.9097222229166667 0.1240234375 0.8958333333333334 0.1044921875 0.8819444437499999 0.0908203125 0.8819444437499999 0.0810546875 0.8888888895833333 0.072265625 0.9045138895833333 0.06640625 0.9322916666666666 0.06640625 0.9565972229166667
0 0.09765625 0.515625 0.1044921875 0.5486111104166667 0.111328125 0.546875 0.119140625 0.5364583333333334 0.123046875 0.5190972229166666 0.123046875 0.47743055624999997 0.12109375 0.4670138895833333 0.1123046875 0.4513888895833333 0.1083984375 0.4479166666666667 0.0966796875 0.4479166666666667 0.0859375 0.4635416666666667 0.080078125 0.4947916666666667 0.09765625 0.515625
0 0.046875 0.5538194437499999 0.05078125 0.5711805562500001 0.0595703125 0.5868055562500001 0.064453125 0.5850694437499999 0.060546875 0.5746527770833333 0.05859375 0.5434027770833333 0.060546875 0.5399305562500001 0.0625 0.5190972229166666 0.07421875 0.4982638895833333 0.0693359375 0.49305555624999997 0.0576171875 0.49652777708333334 0.05078125 0.50868055625 0.046875 0.5260416666666666 0.046875 0.5538194437499999
0 0.53125 0.17881944375 0.53125 0.203125 0.53515625 0.21354166666666666 0.5458984375 0.22916666666666666 0.5625 0.22743055625 0.5712890625 0.21875 0.57421875 0.21006944375 0.576171875 0.19965277708333332 0.576171875 0.17534722291666668 0.5703125 0.16145833333333334 0.5634765625 0.15277777708333332 0.5576171875 0.14930555625 0.5458984375 0.15277777708333332 0.533203125 0.171875 0.53125 0.17881944375
0 0.921875 0.3732638895833333 0.923828125 0.41493055624999997 0.9296875 0.4357638895833333 0.9345703125 0.44444444375000003 0.939453125 0.4427083333333333 0.9482421875 0.4166666666666667 0.9580078125 0.40625 0.970703125 0.4045138895833333 0.970703125 0.3767361104166667 0.96484375 0.35590277708333334 0.9521484375 0.33680555624999997 0.9384765625 0.33680555624999997 0.9345703125 0.34027777708333334 0.92578125 0.35590277708333334 0.921875 0.3732638895833333
0 1 0.36631944375000003 0.9951171875 0.3611111104166667 0.9853515625 0.3611111104166667 0.9814453125 0.3645833333333333 0.97265625 0.38368055624999997 0.97265625 0.4045138895833333 0.986328125 0.42881944375000003 0.994140625 0.4704861104166667 0.9970703125 0.47569444375000003 1 0.4739583333333333 1 0.36631944375000003
1 0.015625 0.7899305562500001 0.005859375 0.7482638895833333 0.0009765625 0.7395833333333334 0 0.8107638895833333 0.0029296875 0.8125 0.0126953125 0.8333333333333334 0.013671875 0.8315972229166667 0.015625 0.828125 0.015625 0.7899305562500001
1 0.001953125 0.7309027770833333 0.005859375 0.7135416666666666 0.005859375 0.6857638895833333 0.0009765625 0.6631944437499999 0 0.7309027770833333 0.001953125 0.7309027770833333
0 0.005859375 0.8454861104166667 0.0146484375 0.8611111104166667 0.015625 0.859375 0.013671875 0.8350694437499999 0.0009765625 0.8055555562500001 0 0.8315972229166667 0.005859375 0.8454861104166667