1 0.50859375 0.14409722291666668 0.5046875 0.15798611041666666 0.5046875 0.18229166666666666 0.5095703125 0.19444444375 0.5212890625 0.20833333333333334 0.5359375 0.20659722291666668 0.549609375 0.18576388958333334 0.55 0.184375 0.55 0.14775883750000002 0.5408203125 0.12847222291666666 0.5369140625 0.125 0.5232421875 0.125 0.5154296875 0.13194444375 0.50859375 0.14409722291666668
1 0.50390625 0.18194444583333333 0.50390625 0.15763888958333333 0.505859375 0.14722222291666667 0.5166015625 0.12812500208333333 0.521484375 0.12638888958333333 0.521484375 0.11944444583333333 0.5146484375 0.1142361125 0.4970703125 0.11770833541666666 0.4931640625 0.12118055624999999 0.486328125 0.13680555625000002 0.486328125 0.16458333541666667 0.4921875 0.17847222291666667 0.5002232125 0.18958333333333333 0.503906253125 0.18958333333333333 0.505859375 0.18888888958333333 0.50390625 0.18194444583333333
1 0.540625 0.11354166666666667 0.5298828125 0.1013888875 0.5201171875 0.1013888875 0.51328125 0.11006944375000001 0.5162109375 0.11875 0.5201171875 0.11875 0.5240234375 0.12569444375 0.5357421875 0.12569444375 0.5404296890625 0.13125 0.54375 0.13125 0.54375 0.121875 0.540625 0.11354166666666667
1 0.4802734375 0.1046875 0.4734375 0.11684027708333335 0.4734375 0.12378472291666666 0.4763671875 0.12552083333333333 0.48125 0.13767361041666665 0.48125 0.16197916666666667 0.4856445296875 0.16458333333333333 0.487109375 0.16458333333333333 0.487109375 0.14114583333333333 0.4890625 0.13420138958333333 0.4978515625 0.11857638958333333 0.5017578125 0.11857638958333333 0.503125 0.11614583333333334 0.503125 0.11160037916666667 0.4939453125 0.10121527708333335 0.4802734375 0.1046875
1 0.48046875 0.16145833333333334 0.48046875 0.13715277708333332 0.4765625 0.1267361104166667 0.4697265625 0.11805555625 0.4560546875 0.11458333333333333 0.4453125 0.1267361104166667 0.44140625 0.140625 0.44140625 0.16493055625 0.443359375 0.171875 0.4541015625 0.1875 0.466796875 0.18576388958333334 0.4697265625 0.18402777708333332 0.48046875 0.16145833333333334
1 0.400390625 0.14756944375 0.396875 0.16006944374999998 0.396875 0.17614850416666666 0.4091796875 0.20138888958333334 0.4123046875 0.20416666666666666 0.417382809375 0.20416666666666666 0.423828125 0.203125 0.435546875 0.18576388958333334 0.4390625 0.17326388958333333 0.4390625 0.15342261875000002 0.4326171875 0.13541666666666666 0.4185546859375 0.12916666666666668 0.4158203125 0.12916666666666668 0.4111328125 0.13194444375 0.400390625 0.14756944375
1 0.437109375 0.10694444583333333 0.4263671875 0.12256944583333333 0.42734375 0.13125 0.433203125 0.13472222291666666 0.440625 0.14791666666666667 0.44140625 0.14791666666666667 0.4419921875 0.146875 0.4439453125 0.12951388958333332 0.4546875 0.11678240833333334 0.4546875 0.11438492083333333 0.448828125 0.10694444583333333 0.437109375 0.10694444583333333
1 0.4171875 0.13038194375 0.4142578125 0.1217013875 0.3986328125 0.1217013875 0.387890625 0.14079861041666666 0.3859375 0.16510416666666666 0.3908203125 0.17725694374999998 0.395703125 0.1789930541666667 0.39765625 0.1546875 0.4015625 0.14427083333333332 0.4103515625 0.13211805416666667 0.4171875 0.13038194375
1 0.54375 0.06284722291666667 0.537890625 0.06284722291666667 0.5271484375 0.075 0.5280598953125 0.08958333333333333 0.54394531875 0.08958333333333333 0.5544921875 0.08888888958333332 0.5546875 0.08854166666666667 0.5546875 0.07916666666666666 0.5544921875 0.07847222291666665 0.54375 0.06284722291666667
1 0.602734375 0.0592013875 0.5958984375 0.07135416666666666 0.5958984375 0.08871527708333334 0.598828125 0.09392361041666668 0.6212890625 0.09565972083333334 0.625 0.0890625 0.625 0.07787422708333333 0.61640625 0.0592013875 0.602734375 0.0592013875
1 0.662890625 0.06614583333333333 0.651171875 0.06267361041666666 0.6404296875 0.0748263875 0.6404296875 0.09565972083333334 0.643359375 0.10086805416666667 0.660449225 0.10208333333333333 0.66806640625 0.10208333333333333 0.66875 0.10086805624999999 0.66875 0.08003472083333334 0.6677734375 0.0748263875 0.662890625 0.06614583333333333
0 0.8923828125 0.18229166666666666 0.897265625 0.19791666666666666 0.9041015625 0.19618055625 0.908984375 0.1875 0.916796875 0.1875 0.9171875 0.18541666666666667 0.9171875 0.18041666666666664 0.912890625 0.16666666666666666 0.903125 0.15625 0.89921875 0.15625 0.8923828125 0.16493055625 0.8923828125 0.18229166666666666
0 0.9228515625 0.19131944374999998 0.9111328125 0.18437499791666667 0.9046875 0.19255952291666667 0.9046875 0.20069444166666667 0.9072265625 0.20520833125000001 0.9208984375 0.21215277708333333 0.9264648453125 0.21875 0.927734371875 0.21875 0.93125 0.2175 0.93125 0.21458333333333332 0.9296875 0.20347222083333336 0.9228515625 0.19131944374999998
0 0.9759765625 0.22916666666666666 0.9740234375 0.22569444375 0.9720703125 0.22569444375 0.9701171875 0.22916666666666666 0.9681640625 0.22916666666666666 0.96328125 0.23784722291666668 0.96328125 0.24479166666666666 0.9642578125 0.24652777708333332 0.9662109375 0.24652777708333332 0.9681640625 0.25 0.9701171875 0.25 0.9720703125 0.25347222291666666 0.9759765625 0.25347222291666666 0.976953125 0.25173611041666666 0.978125 0.24965277708333333 0.978125 0.22951388958333335 0.9779296875 0.22916666666666666 0.9759765625 0.22916666666666666