0 0.0294921875 0.7625 0.01875 0.7434027791666666 0.0109375 0.73993055625 0.0001953125 0.7520833333333333 0.0001953125 0.8284722229166667 0.028056376562500002 0.8916666666666667 0.034960940625 0.8916666666666667 0.0392578125 0.8909722229166667 0.0484375 0.8713888895833333 0.0484375 0.8510850708333333 0.0333984375 0.8076388895833334 0.0294921875 0.7625
0 0.2396484375 0.44583333333333336 0.2337890625 0.43194444583333336 0.225 0.4197916666666667 0.219140625 0.41631944583333336 0.203515625 0.41631944583333336 0.19375 0.42326388958333333 0.1849609375 0.43888888958333333 0.1791015625 0.45625 0.1791015625 0.4666666666666667 0.1771484375 0.47013888958333333 0.1791015625 0.5152777791666667 0.1830078125 0.5222222229166666 0.1849609375 0.5326388895833333 0.19765625 0.5517361104166666 0.203515625 0.5517361104166666 0.2048828125 0.5541666666666667 0.2166015765625 0.5541666666666667 0.2240234375 0.5534722229166668 0.2376953125 0.5326388895833333 0.2435546875 0.51180555625 0.2435546875 0.4979166666666667 0.2453125 0.49479166874999997 0.2453125 0.49131944583333337 0.2435546875 0.46319444583333336 0.2396484375 0.44583333333333336
0 0.3828125 0.35902777708333333 0.3701171875 0.3329861104166667 0.3583984375 0.32256944375 0.3427734375 0.32256944375 0.3310546875 0.3329861104166667 0.3203125 0.3486111104166667 0.3125 0.3729166666666667 0.3109375 0.38958333333333334 0.3109375 0.39444444375000004 0.3125 0.3972222208333333 0.314453125 0.42152777708333333 0.3232421875 0.4440972208333333 0.3416015625 0.46041666666666664 0.3492187453125 0.46041666666666664 0.353515625 0.4597222208333333 0.3681640625 0.4510416666666667 0.37890625 0.4284722208333333 0.384375 0.4057870375 0.384375 0.3722222229166666 0.3828125 0.36944444375 0.3828125 0.35902777708333333
0 0.301171875 0.28055555625 0.293359375 0.27361111250000003 0.2796875 0.27361111250000003 0.271875 0.28055555625 0.2650390625 0.29270833333333335 0.2611328125 0.30659722291666663 0.2611328125 0.33784722291666663 0.273828125 0.3638888895833333 0.2769531234375 0.36666666666666664 0.28359375625 0.36666666666666664 0.2923828125 0.365625 0.3060546875 0.34479166666666666 0.3060546875 0.33784722291666663 0.309375 0.32899305624999997 0.309375 0.30399305625 0.3060546875 0.28923611250000003 0.301171875 0.28055555625
0 0.78984375 0.18784722083333336 0.787890625 0.18437499791666667 0.7859375 0.18784722083333336 0.780078125 0.18784722083333336 0.7693359375 0.20694444374999998 0.7693359375 0.21736111041666667 0.7673828125 0.22083333125000001 0.7693359375 0.22430555416666667 0.7693359375 0.24166666458333333 0.7721484375000001 0.25 0.7728515609375 0.25 0.7751953125 0.24861111041666667 0.7810546875 0.22430555416666667 0.7859375 0.21562499791666667 0.78984375 0.21215277708333333 0.807421875 0.21215277708333333 0.8078125 0.21006944375 0.8078125 0.20606303333333334 0.795703125 0.18784722083333336 0.78984375 0.18784722083333336
0 0.8876953125 0.2704861104166667 0.8720703125 0.27395833333333336 0.865625 0.28869047708333334 0.865625 0.2907986104166667 0.873046875 0.3138888875 0.873046875 0.32083333333333336 0.875390625 0.325 0.8777343734375 0.325 0.87890625 0.3243055541666667 0.8798828125 0.3190972208333333 0.8896484375 0.3086805541666667 0.9078125 0.3103801166666667 0.9078125 0.30902777708333334 0.90234375 0.28958333333333336 0.8876953125 0.2704861104166667
0 0.8453125 0.32743055625 0.8365234375 0.31180555625 0.8267578125 0.30486111250000003 0.8091796875 0.30486111250000003 0.8013671875 0.31180555625 0.79453125 0.32395833333333335 0.788671875 0.34131944583333335 0.788671875 0.38993055625 0.792578125 0.40381944583333335 0.7951171875 0.4083333333333333 0.7966796890625 0.4083333333333333 0.7984375 0.40729166666666666 0.8150390625 0.38819444583333335 0.8228515625 0.38819444583333335 0.8248046875 0.38472222291666663 0.8365234375 0.38819444583333335 0.8482421875 0.39861111250000003 0.853125 0.396875 0.8546875 0.39131944583333333 0.8546875 0.38229166666666664 0.853125 0.35173611250000003 0.8453125 0.32743055625
0 0.98046875 0.3873263875 0.974609375 0.36302083333333335 0.9677734375 0.35086805416666667 0.9599609375 0.3439236104166667 0.9501953125 0.3439236104166667 0.9462890625 0.34739583333333335 0.94140625 0.3595486104166667 0.9443359375 0.36475694375 0.9482421875 0.36475694375 0.958984375 0.38385416666666666 0.96484375 0.4046875 0.96484375 0.41458333333333336 0.9691015625 0.41458333333333336 0.98046875 0.39774305416666667 0.98046875 0.3873263875
0 1 0.7027777770833333 0.9990234375 0.5621527770833333 0.986328125 0.58125 0.9765625 0.6263888875 0.9765625 0.6784722208333334 0.978515625 0.68194444375 0.978515625 0.6923611104166666 0.984375 0.71319444375 0.988671875 0.7208333333333333 0.9910156234375 0.7208333333333333 0.9921875 0.7201388875 1 0.7027777770833333
1 0.9990234375 0.7050347208333334 0.9921875 0.7206597208333334 0.982421875 0.75538194375 0.98046875 0.7762152770833333 0.978515625 0.7796875 0.9765625 0.81788194375 0.978515625 0.8213541666666667 0.98046875 0.8456597208333334 0.986328125 0.8456597208333334 1 0.81788194375 0.9990234375 0.7050347208333334
1 1 0.4078125 0.9912109375 0.39913194583333333 0.9794921875 0.39913194583333333 0.9755859375 0.40260416666666665 0.96875 0.41475694583333333 0.96875 0.4251736125 0.9716796875 0.43038194583333333 0.9794921875 0.43038194583333333 0.9873046875 0.4373263895833333 0.99609375 0.4529513895833333 0.9977294921875 0.46458333333333335 1 0.46458333333333335 1 0.4078125
1 0.927734375 0.48090277708333334 0.9345703125 0.4895833333333333 0.9404296875 0.49305555624999997 0.9453125 0.49131944375000003 0.955078125 0.44618055624999997 0.966796875 0.42881944375000003 0.966796875 0.41493055624999997 0.9541015625 0.37152777708333334 0.9443359375 0.3611111104166667 0.9306640625 0.3611111104166667 0.919921875 0.3767361104166667 0.916015625 0.390625 0.916015625 0.4045138895833333 0.921875 0.41840277708333334 0.927734375 0.4427083333333333 0.927734375 0.48090277708333334
1 0.9107421875 0.39861111250000003 0.9009765625 0.38819444583333335 0.8814453125 0.38819444583333335 0.8775390625 0.39166666666666666 0.86484375 0.41770833333333335 0.86484375 0.428125 0.870703125 0.44895833333333335 0.870703125 0.46284722291666663 0.87265625 0.46631944583333335 0.86875 0.51493055625 0.8775390625 0.5340277791666667 0.8884765609375 0.54375 0.8927734421875 0.54375 0.898046875 0.5427083333333333 0.9068359375 0.5375 0.91953125 0.5184027791666667 0.9265625 0.4902777791666667 0.9265625 0.4413194458333333 0.9234375 0.42465277916666666 0.9107421875 0.39861111250000003
1 0.84609375 0.3954861104166667 0.836328125 0.3885416666666667 0.81484375 0.3885416666666667 0.801171875 0.4024305541666667 0.7923828125 0.425 0.7923828125 0.4354166666666667 0.7884765625 0.4493055541666667 0.7884765625 0.4666666666666667 0.7865234375 0.4701388875 0.7884765625 0.4736111104166667 0.7884765625 0.4979166666666667 0.7962890625 0.5256944437500001 0.812890625 0.5552083333333333 0.82021484375 0.5604166666666667 0.8314453125 0.5604166666666667 0.85390625 0.54131944375 0.8666015625 0.5152777770833333 0.8703125 0.50208333125 0.8703125 0.4486111104166667 0.8626953125 0.42152777708333333 0.84609375 0.3954861104166667
1 0.8404296875 0.24704861041666665 0.8287109375 0.23663194375 0.8150390625 0.24010416666666667 0.808203125 0.25225694375 0.81796875 0.2765625 0.821735490625 0.3 0.8242079 0.3 0.8306640625 0.28524305624999996 0.8384765625 0.2782986104166667 0.85 0.27672275625 0.85 0.2713541666666667 0.847265625 0.25920138958333333 0.8404296875 0.24704861041666665
1 0.6994140625 0.29340277708333334 0.6935546875 0.3107638895833333 0.6916015625 0.32118055624999997 0.6916015625 0.35590277708333334 0.6974609375 0.3802083333333333 0.708203125 0.39930555624999997 0.723046875 0.4125 0.728124996875 0.4125 0.7345703125 0.4114583333333333 0.743359375 0.40625 0.7580078125 0.38368055624999997 0.7638671875 0.359375 0.7619140625 0.32118055624999997 0.7560546875 0.30034722291666666 0.739453125 0.27777777708333334 0.734765625 0.275 0.728906253125 0.275 0.71015625 0.27777777708333334 0.6994140625 0.29340277708333334
1 0.569140625 0.16944444583333332 0.5583984375 0.18506944583333332 0.5583984375 0.19201388958333335 0.5671875 0.20416666666666666 0.5701171875 0.21284722291666666 0.5701171875 0.22326388958333335 0.5720703125 0.22673611249999998 0.5701171875 0.24756944583333332 0.57265625 0.2520833333333333 0.5796875078125 0.2520833333333333 0.5896484375 0.25104166666666666 0.5994140625 0.23715277916666666 0.6015625 0.22951388958333335 0.6015625 0.19272876041666667 0.58671875 0.16944444583333332 0.569140625 0.16944444583333332
1 0.521875 0.20659722291666668 0.51796875 0.22048611041666666 0.51796875 0.24479166666666666 0.521875 0.25868055625 0.5287109375 0.2708333333333333 0.5404296875 0.28125 0.54921875 0.2795138895833333 0.5580078125 0.27430555624999997 0.56875 0.2552083333333333 0.570703125 0.24826388958333334 0.570703125 0.23090277708333332 0.571875 0.22881944375 0.571875 0.22604166666666667 0.570703125 0.22395833333333334 0.570703125 0.21354166666666666 0.5580078125 0.19097222291666668 0.5541015625 0.1875 0.5365234375 0.1875 0.5306640625 0.19097222291666668 0.521875 0.20659722291666668
1 0.463671875 0.1842013875 0.448046875 0.1842013875 0.4353515625 0.20329861041666666 0.4314453125 0.22413194374999998 0.43828125 0.25017361041666664 0.444140625 0.25017361041666664 0.44609375 0.2467013875 0.465625 0.2467013875 0.4744140625 0.25190972083333335 0.4796875 0.23315972083333333 0.4796875 0.21221064791666666 0.471484375 0.19114583333333332 0.463671875 0.1842013875
1 0.405078125 0.26319444583333335 0.397265625 0.25625 0.385546875 0.25277777916666666 0.38359375 0.25625 0.37578125 0.25625 0.3591796875 0.28229166666666666 0.3552734375 0.29618055625 0.3552734375 0.32048611250000003 0.369921875 0.3326388895833333 0.3787109375 0.3482638895833333 0.3806640625 0.35868055625 0.38515625 0.36666666666666664 0.3867187515625 0.36666666666666664 0.3884765625 0.365625 0.39921875 0.36041666666666666 0.4119140625 0.33784722291666663 0.4140625 0.3302083333333333 0.4140625 0.2833333333333333 0.4138671875 0.28229166666666666 0.405078125 0.26319444583333335
1 0.07109375 0.7114583333333333 0.059375 0.7010416666666667 0.04765625 0.7010416666666667 0.041796875 0.7045138875 0.0349609375 0.7166666666666667 0.0310546875 0.7340277770833333 0.0310546875 0.74444444375 0.0291015625 0.7479166666666667 0.0310546875 0.7930555541666667 0.0369140625 0.8173611104166666 0.0447265625 0.83819444375 0.05546875 0.8572916666666667 0.06279296875 0.8625 0.0701171875 0.8625 0.0828125 0.8572916666666667 0.0916015625 0.83819444375 0.0921875 0.8350694437499999 0.0921875 0.7696180541666667 0.0857421875 0.7409722208333334 0.07109375 0.7114583333333333