0 0.912109375 0.5746527770833333 0.8955078125 0.5416666666666666 0.8857421875 0.53125 0.8798828125 0.53125 0.8779296875 0.5277777770833334 0.8623046875 0.5277777770833334 0.8447265625 0.5416666666666666 0.830078125 0.5642361104166667 0.818359375 0.5989583333333334 0.81640625 0.6197916666666666 0.814453125 0.6232638895833333 0.814453125 0.6371527770833333 0.8125 0.640625 0.8125 0.6545138895833333 0.814453125 0.6579861104166667 0.814453125 0.6788194437499999 0.818359375 0.6996527770833333 0.822265625 0.7135416666666666 0.8310546875 0.7291666666666666 0.8388671875 0.7395833333333334 0.8427734375 0.7395833333333334 0.8486328125 0.7465277770833333 0.876953125 0.7447916666666666 0.8857421875 0.7395833333333334 0.90625 0.7065972229166667 0.91796875 0.6614583333333334 0.91796875 0.6475694437499999 0.919921875 0.6440972229166667 0.91796875 0.6371527770833333 0.91796875 0.6059027770833333 0.912109375 0.5746527770833333
0 0.9404296875 0.4861111104166667 0.9267578125 0.47569444375000003 0.9111328125 0.47569444375000003 0.9013671875 0.4826388895833333 0.888671875 0.5017361104166667 0.8828125 0.5190972229166666 0.8828125 0.5295138895833333 0.8955078125 0.5416666666666666 0.91015625 0.5677083333333334 0.91796875 0.6024305562500001 0.91796875 0.6302083333333334 0.919921875 0.6336805562500001 0.91796875 0.6649305562500001 0.923828125 0.6649305562500001 0.9384765625 0.6527777770833333 0.94921875 0.6336805562500001 0.95703125 0.5989583333333334 0.958984375 0.5538194437499999 0.95703125 0.5503472229166667 0.955078125 0.52256944375 0.947265625 0.4982638895833333 0.9404296875 0.4861111104166667
0 0.9736328125 0.4583333333333333 0.9580078125 0.4548611104166667 0.9443359375 0.46875 0.9375 0.484375 0.9404296875 0.4861111104166667 0.951171875 0.50868055625 0.958984375 0.5503472229166667 0.958984375 0.5850694437499999 0.95703125 0.5885416666666666 0.95703125 0.6024305562500001 0.953125 0.6232638895833333 0.96484375 0.6232638895833333 0.9755859375 0.6180555562500001 0.98828125 0.5920138895833333 0.99609375 0.5503472229166667 0.99609375 0.5260416666666666 0.994140625 0.52256944375 0.994140625 0.50868055625 0.986328125 0.48090277708333334 0.9736328125 0.4583333333333333
0 0.8876953125 0.375 0.8740234375 0.37847222291666666 0.8662109375 0.3854166666666667 0.853515625 0.4114583333333333 0.853515625 0.41840277708333334 0.8642578125 0.43402777708333334 0.873046875 0.453125 0.87890625 0.4739583333333333 0.880859375 0.5017361104166667 0.8828125 0.50868055625 0.884765625 0.50868055625 0.9013671875 0.4826388895833333 0.9091796875 0.47569444375000003 0.9208984375 0.47569444375000003 0.923828125 0.4704861104166667 0.921875 0.4357638895833333 0.916015625 0.4114583333333333 0.9052734375 0.3888888895833333 0.8876953125 0.375
0 0.8837890625 0.28819444375000003 0.8779296875 0.28819444375000003 0.8759765625 0.28472222291666666 0.8623046875 0.28819444375000003 0.849609375 0.3072916666666667 0.845703125 0.32118055624999997 0.84375 0.35590277708333334 0.849609375 0.3732638895833333 0.8515625 0.38715277708333334 0.8544921875 0.3923611104166667 0.85546875 0.390625 0.8818359375 0.375 0.8935546875 0.37847222291666666 0.9013671875 0.3854166666666667 0.9033203125 0.3854166666666667 0.90625 0.3767361104166667 0.90625 0.33506944375000003 0.8984375 0.3107638895833333 0.8837890625 0.28819444375000003
0 0.849609375 0.39409722291666666 0.849609375 0.3802083333333333 0.845703125 0.3697916666666667 0.845703125 0.36284722291666666 0.8271484375 0.3298611104166667 0.8154296875 0.3229166666666667 0.7998046875 0.3229166666666667 0.7880859375 0.3333333333333333 0.7734375 0.36284722291666666 0.7734375 0.3697916666666667 0.78515625 0.390625 0.791015625 0.4079861104166667 0.79296875 0.4392361104166667 0.794921875 0.4427083333333333 0.794921875 0.453125 0.796875 0.453125 0.8076171875 0.43402777708333334 0.8212890625 0.4201388895833333 0.8271484375 0.4166666666666667 0.8447265625 0.4166666666666667 0.8486328125 0.4201388895833333 0.8515625 0.41493055624999997 0.8515625 0.39756944375000003 0.849609375 0.39409722291666666
0 0.787109375 0.25868055625 0.787109375 0.265625 0.7900390625 0.2673611104166667 0.80078125 0.28993055624999997 0.8076171875 0.3229166666666667 0.8232421875 0.3263888895833333 0.8349609375 0.34027777708333334 0.83984375 0.3385416666666667 0.84765625 0.3142361104166667 0.84765625 0.28993055624999997 0.841796875 0.265625 0.8330078125 0.25 0.8232421875 0.23958333333333334 0.8095703125 0.23611111041666666 0.7939453125 0.24652777708333332 0.787109375 0.25868055625
0 0.8115234375 0.19444444375 0.7939453125 0.19791666666666666 0.783203125 0.21354166666666666 0.779296875 0.22743055625 0.779296875 0.2552083333333333 0.7822265625 0.2604166666666667 0.787109375 0.25868055625 0.7939453125 0.24652777708333332 0.8095703125 0.23611111041666666 0.8232421875 0.23958333333333334 0.8349609375 0.25347222291666666 0.8359375 0.234375 0.83203125 0.22048611041666666 0.8232421875 0.20486111041666666 0.8115234375 0.19444444375
0 0.76171875 0.18923611041666666 0.7666015625 0.19444444375 0.7734375 0.20659722291666668 0.77734375 0.22048611041666666 0.7802734375 0.22569444375 0.78125 0.22395833333333334 0.783203125 0.21354166666666666 0.7900390625 0.20138888958333334 0.810546875 0.19270833333333334 0.7958984375 0.16319444375 0.7841796875 0.15625 0.7705078125 0.16319444375 0.76171875 0.17881944375 0.76171875 0.18923611041666666
1 0.7646484375 0.3611111104166667 0.7529296875 0.3576388895833333 0.7509765625 0.3541666666666667 0.7431640625 0.3541666666666667 0.7236328125 0.36805555624999997 0.71484375 0.3802083333333333 0.703125 0.41493055624999997 0.69921875 0.44965277708333334 0.701171875 0.453125 0.703125 0.48090277708333334 0.708984375 0.5017361104166667 0.7236328125 0.5277777770833334 0.7373046875 0.5381944437499999 0.7578125 0.5364583333333334 0.7744140625 0.52430555625 0.7890625 0.48784722291666666 0.79296875 0.4704861104166667 0.79296875 0.42534722291666666 0.78515625 0.390625 0.7822265625 0.3888888895833333 0.7763671875 0.375 0.7646484375 0.3611111104166667
1 0.7509765625 0.2604166666666667 0.7412109375 0.27430555624999997 0.736328125 0.2864583333333333 0.732421875 0.3072916666666667 0.732421875 0.3385416666666667 0.7373046875 0.3541666666666667 0.7548828125 0.3541666666666667 0.7685546875 0.3645833333333333 0.7734375 0.36284722291666666 0.7900390625 0.3298611104166667 0.8046875 0.32118055624999997 0.8046875 0.30381944375000003 0.80078125 0.28993055624999997 0.7880859375 0.2673611104166667 0.7705078125 0.25347222291666666 0.7626953125 0.25347222291666666 0.7509765625 0.2604166666666667
1 0.8701171875 0.23958333333333334 0.8642578125 0.23611111041666666 0.8505859375 0.23611111041666666 0.837890625 0.25173611041666666 0.837890625 0.25868055625 0.84765625 0.2864583333333333 0.84765625 0.30381944375000003 0.8515625 0.30381944375000003 0.8583984375 0.2916666666666667 0.8681640625 0.28472222291666666 0.8759765625 0.28472222291666666 0.8857421875 0.2916666666666667 0.888671875 0.2864583333333333 0.8828125 0.26215277708333334 0.876953125 0.24826388958333334 0.8701171875 0.23958333333333334
1 0.82421875 0.203125 0.83203125 0.22048611041666666 0.837890625 0.24131944375 0.837890625 0.24826388958333334 0.83984375 0.24826388958333334 0.8505859375 0.23611111041666666 0.8671875 0.234375 0.8671875 0.22743055625 0.861328125 0.20659722291666668 0.8544921875 0.19444444375 0.8447265625 0.1875 0.8291015625 0.19097222291666668 0.82421875 0.203125
1 0.8046875 0.17881944375 0.80859375 0.18923611041666666 0.8134765625 0.19791666666666666 0.8193359375 0.20138888958333334 0.826171875 0.19965277708333332 0.8291015625 0.19097222291666668 0.841796875 0.18576388958333334 0.83984375 0.171875 0.8291015625 0.15625 0.8134765625 0.15625 0.8095703125 0.15972222291666668 0.8046875 0.16840277708333332 0.8046875 0.17881944375
1 0.8076171875 0.16319444375 0.80859375 0.16145833333333334 0.8173828125 0.15625 0.818359375 0.14409722291666668 0.8134765625 0.13541666666666666 0.8037109375 0.12847222291666666 0.802734375 0.140625 0.8046875 0.14409722291666668 0.8046875 0.15798611041666666 0.8076171875 0.16319444375
1 0.6904296875 0.23611111041666666 0.6748046875 0.22569444375 0.6572265625 0.22569444375 0.6416015625 0.24305555625 0.634765625 0.25868055625 0.630859375 0.2795138895833333 0.630859375 0.30034722291666666 0.634765625 0.32118055624999997 0.6416015625 0.3333333333333333 0.64453125 0.33159722291666666 0.650390625 0.3107638895833333 0.6689453125 0.28819444375000003 0.6748046875 0.28472222291666666 0.6943359375 0.28472222291666666 0.7060546875 0.2951388895833333 0.70703125 0.2760416666666667 0.69921875 0.25173611041666666 0.6904296875 0.23611111041666666
1 0.7275390625 0.08680555625 0.7255859375 0.08333333333333333 0.7158203125 0.08680555625 0.7119140625 0.09027777708333334 0.705078125 0.10590277708333334 0.705078125 0.11631944375 0.708984375 0.13020833333333334 0.7119140625 0.13541666666666666 0.712890625 0.13368055625 0.7158203125 0.125 0.7255859375 0.11458333333333333 0.7373046875 0.11458333333333333 0.7412109375 0.11805555625 0.744140625 0.11284722291666666 0.744140625 0.10590277708333334 0.7333984375 0.08680555625 0.7275390625 0.08680555625
1 0.66796875 0.11631944375 0.6826171875 0.12847222291666666 0.693359375 0.15451388958333334 0.693359375 0.16840277708333332 0.7001953125 0.17708333333333334 0.703125 0.17534722291666668 0.708984375 0.16145833333333334 0.708984375 0.14756944375 0.7109375 0.14409722291666668 0.70703125 0.12326388958333333 0.6982421875 0.10763888958333333 0.6904296875 0.10069444375 0.6728515625 0.10416666666666667 0.66796875 0.11631944375
1 0.7060546875 0.08680555625 0.708984375 0.08506944375 0.7109375 0.06423611041666667 0.71875 0.05381944375 0.7138671875 0.045138889583333335 0.6982421875 0.045138889583333335 0.6953125 0.05381944375 0.701171875 0.06423611041666667 0.703125 0.08159722291666666 0.7060546875 0.08680555625
1 0.708984375 0.08506944375 0.7119140625 0.09027777708333334 0.71484375 0.08854166666666667 0.7236328125 0.07638888958333333 0.7314453125 0.07291666666666667 0.734375 0.06423611041666667 0.7275390625 0.05555555625 0.7158203125 0.05555555625 0.7119140625 0.05902777708333333 0.708984375 0.06770833333333333 0.708984375 0.08506944375
1 0.5703125 0.07465277708333334 0.5810546875 0.09375 0.595703125 0.09201388958333333 0.603515625 0.07465277708333334 0.603515625 0.057291666666666664 0.6015625 0.05034722291666667 0.5927734375 0.03819444375 0.5810546875 0.03819444375 0.5732421875 0.045138889583333335 0.5703125 0.05381944375 0.5703125 0.07465277708333334
0 0.666015625 0.06423611041666667 0.666015625 0.08159722291666666 0.6689453125 0.08680555625 0.6826171875 0.07986111041666667 0.6962890625 0.09027777708333334 0.701171875 0.08854166666666667 0.703125 0.078125 0.701171875 0.06423611041666667 0.6904296875 0.048611110416666665 0.6845703125 0.048611110416666665 0.6826171875 0.045138889583333335 0.6748046875 0.048611110416666665 0.6708984375 0.052083333333333336 0.666015625 0.06423611041666667
0 0.7529296875 0.05555555625 0.7412109375 0.048611110416666665 0.732421875 0.057291666666666664 0.7392578125 0.07291666666666667 0.748046875 0.078125 0.755859375 0.06770833333333333 0.7529296875 0.05555555625
0 0.751953125 0.08854166666666667 0.75390625 0.09895833333333333 0.7578125 0.09895833333333333 0.7646484375 0.08680555625 0.76953125 0.08506944375 0.76953125 0.078125 0.7626953125 0.06944444375 0.7529296875 0.06944444375 0.748046875 0.07465277708333334 0.748046875 0.08159722291666666 0.751953125 0.08854166666666667
0 0.7353515625 0.09027777708333334 0.7421875 0.10243055625 0.7421875 0.109375 0.74609375 0.109375 0.7529296875 0.10763888958333333 0.755859375 0.10243055625 0.755859375 0.09548611041666667 0.7451171875 0.07638888958333333 0.7373046875 0.06944444375 0.7294921875 0.06944444375 0.720703125 0.08159722291666666 0.7353515625 0.09027777708333334
0 0.6689453125 0.11805555625 0.6591796875 0.11805555625 0.6513671875 0.125 0.642578125 0.140625 0.640625 0.14756944375 0.640625 0.17881944375 0.6494140625 0.19791666666666666 0.65625 0.19618055625 0.6669921875 0.17361111041666666 0.6806640625 0.17013888958333334 0.6826171875 0.16666666666666666 0.6845703125 0.17013888958333334 0.693359375 0.16840277708333332 0.693359375 0.15451388958333334 0.6826171875 0.12847222291666666 0.6689453125 0.11805555625
0 0.6416015625 0.1875 0.6201171875 0.18402777708333332 0.6064453125 0.19444444375 0.59765625 0.21006944375 0.59375 0.22395833333333334 0.59375 0.25868055625 0.59765625 0.2760416666666667 0.6083984375 0.2951388895833333 0.6181640625 0.30555555624999997 0.630859375 0.30381944375000003 0.630859375 0.2795138895833333 0.63671875 0.25173611041666666 0.6435546875 0.23958333333333334 0.6552734375 0.22916666666666666 0.658203125 0.22395833333333334 0.658203125 0.21701388958333334 0.65625 0.21006944375 0.6416015625 0.1875
0 0.6728515625 0.17013888958333334 0.6650390625 0.17708333333333334 0.658203125 0.18923611041666666 0.654296875 0.203125 0.66015625 0.22395833333333334 0.6767578125 0.22569444375 0.6865234375 0.23611111041666666 0.6904296875 0.23611111041666666 0.69921875 0.25173611041666666 0.703125 0.265625 0.7060546875 0.2708333333333333 0.708984375 0.26909722291666666 0.71484375 0.25868055625 0.71875 0.23784722291666668 0.71875 0.22395833333333334 0.712890625 0.19618055625 0.7021484375 0.17708333333333334 0.6982421875 0.17708333333333334 0.6923828125 0.17013888958333334 0.6728515625 0.17013888958333334