0 0.2009765625 0.41840277708333334 0.1951171875 0.4427083333333333 0.1951171875 0.47743055624999997 0.205859375 0.5138888895833333 0.217578125 0.52430555625 0.225390625 0.52430555625 0.226953125 0.5270833333333333 0.2300781234375 0.5270833333333333 0.2341796875 0.5260416666666666 0.248828125 0.5138888895833333 0.2576171875 0.4947916666666667 0.2625 0.47164351875 0.2625 0.4375 0.2595703125 0.421875 0.246875 0.3958333333333333 0.2380859359375 0.38958333333333334 0.22265625 0.38958333333333334 0.2078125 0.40277777708333334 0.2009765625 0.41840277708333334
0 0.3947265625 0.234375 0.3908203125 0.24826388958333334 0.3908203125 0.2795138895833333 0.4015625 0.3020833333333333 0.41328125 0.3125 0.4279296875 0.3107638895833333 0.4435546875 0.2864583333333333 0.446875 0.27465277708333335 0.446875 0.24166666666666667 0.4455078125 0.234375 0.434765625 0.21527777708333332 0.423046875 0.20833333333333334 0.415234375 0.20833333333333334 0.40546875 0.21527777708333332 0.3947265625 0.234375
0 0.6357421875 0.23298611041666667 0.64453125 0.21736111041666667 0.646484375 0.18611111041666667 0.642578125 0.17222222083333336 0.6357421875 0.16006944374999998 0.6279296875 0.15312499791666667 0.6103515625 0.15312499791666667 0.599609375 0.16874999791666667 0.595703125 0.1826388875 0.595703125 0.20347222083333336 0.599609375 0.21736111041666667 0.6064453125 0.2295138875 0.62154948125 0.23958333333333334 0.623046871875 0.23958333333333334 0.626953125 0.23819444374999998 0.6357421875 0.23298611041666667
0 0.6923828125 0.23993055416666667 0.69921875 0.22777777708333333 0.701171875 0.22083333125000001 0.701171875 0.18958333125000001 0.69921875 0.1826388875 0.6845703125 0.16006944374999998 0.6767578125 0.16006944374999998 0.6748046875 0.15659722083333336 0.6630859375 0.16006944374999998 0.65234375 0.1826388875 0.650390625 0.20694444374999998 0.65625 0.22430555416666667 0.6650390625 0.23993055416666667 0.6716796890625 0.24583333333333332 0.6804687375 0.24583333333333332 0.685546875 0.2451388875 0.6923828125 0.23993055416666667
0 0.7498046875 0.18923611041666666 0.7517578125 0.19618055625 0.7517578125 0.234375 0.764453125 0.25347222291666666 0.769140625 0.25625 0.7738281234375 0.25625 0.7791015625 0.2552083333333333 0.787890625 0.24652777708333332 0.7927734375 0.23090277708333332 0.7927734375 0.22048611041666666 0.79375 0.21875 0.79375 0.20833333333333334 0.7927734375 0.19965277708333332 0.7908203125 0.19270833333333334 0.7766225953125 0.17083333333333334 0.761328125 0.17083333333333334 0.756640625 0.17361111041666666 0.7498046875 0.18923611041666666
0 0.9171875 0.29565972291666665 0.909375 0.28871527708333333 0.895703125 0.28871527708333333 0.88984375 0.29565972291666665 0.8830078125 0.31128472291666665 0.8849609375 0.33211805624999996 0.8869140625 0.33559027708333333 0.8849609375 0.38420138958333333 0.887890625 0.3963541666666667 0.895703125 0.4032986104166667 0.90205078125 0.4041666666666667 0.91181640625 0.4041666666666667 0.915234375 0.4032986104166667 0.92109375 0.3963541666666667 0.9279296875 0.3807291666666667 0.93125 0.3482638895833333 0.93125 0.3397569458333333 0.9259765625 0.31475694375 0.9171875 0.29565972291666665
0 0.934765625 0.6246527770833333 0.9171875 0.6142361104166666 0.89765625 0.6177083333333333 0.883984375 0.628125 0.8634765625 0.6680555541666667 0.8556640625 0.6923611104166666 0.85 0.72256944375 0.85 0.7903645833333334 0.8576171875 0.8208333333333333 0.86640625 0.8399305541666667 0.878125 0.85381944375 0.8859375 0.85381944375 0.8873046875 0.85625 0.89667968125 0.85625 0.9025390625 0.8555555541666667 0.909375 0.85381944375 0.925 0.8399305541666667 0.9396484375 0.8138888875 0.9474609375 0.7930555541666667 0.9533203125 0.7618055541666667 0.95625 0.7539930541666667 0.95625 0.6810763895833334 0.9494140625 0.65069444375 0.934765625 0.6246527770833333
1 0.8697265625 0.28541666666666665 0.8619140625 0.27847222083333334 0.8462890625 0.27847222083333334 0.8365234375 0.28888888749999997 0.8296875 0.30451388749999997 0.827734375 0.31493055416666665 0.827734375 0.34965277708333337 0.83359375 0.37395833333333334 0.8482421875 0.4 0.8517578140625 0.40208333333333335 0.859570309375 0.40208333333333335 0.8609375 0.4017361104166667 0.8755859375 0.38958333333333334 0.884375 0.3704861104166667 0.8859375 0.33993055624999996 0.8859375 0.3304398145833333 0.88046875 0.30451388749999997 0.8697265625 0.28541666666666665
1 0.3423828125 0.3260416666666667 0.3365234375 0.3190972208333333 0.3228515625 0.315625 0.3052734375 0.3260416666666667 0.292578125 0.3486111104166667 0.28671875 0.36944444375 0.28671875 0.40069444375 0.292578125 0.42152777708333333 0.3033203125 0.440625 0.3121093765625 0.44583333333333336 0.331640625 0.44583333333333336 0.3404296875 0.440625 0.353125 0.41458333333333336 0.35625 0.39791666666666664 0.35625 0.36631944375000003 0.34921875 0.33819444375 0.3423828125 0.3260416666666667
1 0.719921875 0.16319444375 0.7052734375 0.18576388958333334 0.7033203125 0.19270833333333334 0.7033203125 0.21701388958333334 0.7072265625 0.23090277708333332 0.71796875 0.25 0.721875 0.25347222291666666 0.7384765625 0.25173611041666666 0.7482421875 0.23784722291666668 0.7515625 0.22604166666666667 0.7515625 0.19499999999999998 0.7375 0.16666666666666666 0.719921875 0.16319444375
1 0.7412109375 0.13888888958333334 0.7275390625 0.13541666666666666 0.716796875 0.14756944375 0.715625 0.15173611041666665 0.715625 0.16423611041666666 0.7158203125 0.16666666666666666 0.7314453125 0.16319444375 0.7392578125 0.17013888958333334 0.7490234375 0.1875 0.75 0.18576388958333334 0.753125 0.18020833333333333 0.753125 0.16261574166666665 0.748046875 0.14756944375 0.7412109375 0.13888888958333334
1 0.6693359375 0.13871527916666665 0.6595703125 0.13871527916666665 0.6537109375 0.1421875 0.644921875 0.1578125 0.64296875 0.1751736125 0.646875 0.18559027916666665 0.6486165359375 0.20416666666666666 0.652734375 0.20416666666666666 0.652734375 0.18211805625000002 0.6546875 0.1751736125 0.6654296875 0.1595486125 0.6712890625 0.1595486125 0.6732421875 0.15607638958333334 0.6810546875 0.1595486125 0.68125 0.15850694583333333 0.68125 0.15295138958333335 0.6771484375 0.14565972291666668 0.6693359375 0.13871527916666665