1 0.5625 0.25868055625 0.55859375 0.2760416666666667 0.55859375 0.3107638895833333 0.5712890625 0.34722222291666666 0.5849609375 0.3611111104166667 0.5908203125 0.3611111104166667 0.5986328125 0.36805555624999997 0.60546875 0.36631944375000003 0.6240234375 0.3541666666666667 0.6328125 0.3385416666666667 0.638671875 0.3177083333333333 0.638671875 0.2795138895833333 0.630859375 0.25173611041666666 0.6220703125 0.23611111041666666 0.6083984375 0.22569444375 0.5849609375 0.22569444375 0.5771484375 0.23263888958333334 0.5625 0.25868055625
1 0.3681640625 0.8055555562500001 0.3388671875 0.8055555562500001 0.3369140625 0.8090277770833333 0.3193359375 0.8159722229166667 0.3076171875 0.8263888895833333 0.291015625 0.8524305562500001 0.27734375 0.8940972229166667 0.27734375 0.9079861104166667 0.275390625 0.9114583333333334 0.275390625 0.9704861104166667 0.27734375 0.9739583333333334 0.27734375 0.984375 0.2822265625 0.9965277770833333 0.2880859375 1 0.447265625 0.9982638895833333 0.44921875 0.9947916666666666 0.44921875 0.9427083333333334 0.44140625 0.9010416666666666 0.4375 0.8940972229166667 0.435546875 0.8836805562500001 0.4169921875 0.8472222229166667 0.3974609375 0.8229166666666666 0.3837890625 0.8125 0.3779296875 0.8125 0.3681640625 0.8055555562500001
1 0.123046875 0.3385416666666667 0.125 0.36631944375000003 0.1318359375 0.37847222291666666 0.140625 0.3802083333333333 0.1455078125 0.37847222291666666 0.154296875 0.36284722291666666 0.15625 0.3420138895833333 0.158203125 0.3385416666666667 0.15625 0.32118055624999997 0.1455078125 0.30555555624999997 0.1357421875 0.30555555624999997 0.125 0.32465277708333334 0.125 0.33506944375000003 0.123046875 0.3385416666666667
1 0.1259765625 0.3229166666666667 0.126953125 0.32118055624999997 0.1337890625 0.30902777708333334 0.1435546875 0.30555555624999997 0.1513671875 0.3125 0.154296875 0.30381944375000003 0.1455078125 0.28472222291666666 0.1357421875 0.28472222291666666 0.12890625 0.29340277708333334 0.123046875 0.3142361104166667 0.123046875 0.3177083333333333 0.1259765625 0.3229166666666667
1 0.212890625 0.3107638895833333 0.208984375 0.328125 0.208984375 0.3489583333333333 0.2109375 0.35243055624999997 0.2109375 0.36284722291666666 0.2216796875 0.3854166666666667 0.2314453125 0.3923611104166667 0.2421875 0.390625 0.2509765625 0.3854166666666667 0.2578125 0.3732638895833333 0.263671875 0.3454861104166667 0.263671875 0.32465277708333334 0.259765625 0.3072916666666667 0.2490234375 0.28819444375000003 0.2451171875 0.28472222291666666 0.2314453125 0.28472222291666666 0.2236328125 0.2916666666666667 0.212890625 0.3107638895833333
1 0.267578125 0.24479166666666666 0.263671875 0.26215277708333334 0.263671875 0.28993055624999997 0.2744140625 0.3125 0.2861328125 0.31944444375000003 0.291015625 0.3177083333333333 0.2978515625 0.31597222291666666 0.30859375 0.296875 0.314453125 0.27256944375000003 0.314453125 0.25868055625 0.310546875 0.24131944375 0.3037109375 0.22916666666666666 0.2939453125 0.22222222291666668 0.2861328125 0.22222222291666668 0.2744140625 0.23263888958333334 0.267578125 0.24479166666666666
1 0.318359375 0.234375 0.3310546875 0.2604166666666667 0.3349609375 0.26388888958333334 0.349609375 0.26215277708333334 0.36328125 0.24131944375 0.3671875 0.22743055625 0.3671875 0.20659722291666668 0.3583984375 0.18402777708333332 0.3486328125 0.17708333333333334 0.3408203125 0.17708333333333334 0.3310546875 0.18402777708333332 0.322265625 0.19965277708333332 0.318359375 0.21701388958333334 0.318359375 0.234375
1 0.2890625 0.22048611041666666 0.3037109375 0.22916666666666666 0.310546875 0.24131944375 0.3125 0.25173611041666666 0.3154296875 0.25694444375 0.318359375 0.2552083333333333 0.322265625 0.24826388958333334 0.318359375 0.234375 0.318359375 0.21701388958333334 0.32421875 0.19965277708333332 0.32421875 0.18923611041666666 0.3154296875 0.18055555625 0.3076171875 0.18055555625 0.3017578125 0.18402777708333332 0.291015625 0.19965277708333332 0.2890625 0.22048611041666666
1 0.576171875 0.14756944375 0.57421875 0.15451388958333334 0.57421875 0.17881944375 0.578125 0.19270833333333334 0.5908203125 0.21180555625 0.5947265625 0.21527777708333332 0.6015625 0.21354166666666666 0.6103515625 0.21180555625 0.623046875 0.19270833333333334 0.626953125 0.17881944375 0.626953125 0.16145833333333334 0.625 0.15104166666666666 0.6181640625 0.13541666666666666 0.6064453125 0.125 0.5927734375 0.125 0.5869140625 0.12847222291666666 0.576171875 0.14756944375
1 0.6376953125 0.17708333333333334 0.6298828125 0.1875 0.62109375 0.20659722291666668 0.62109375 0.21701388958333334 0.619140625 0.22048611041666666 0.62109375 0.234375 0.6328125 0.2552083333333333 0.638671875 0.2760416666666667 0.638671875 0.2829861104166667 0.6416015625 0.28819444375000003 0.662109375 0.2864583333333333 0.6728515625 0.27777777708333334 0.681640625 0.25868055625 0.68359375 0.24826388958333334 0.68359375 0.21701388958333334 0.67578125 0.19270833333333334 0.6669921875 0.18055555625 0.6630859375 0.18055555625 0.6572265625 0.17361111041666666 0.6435546875 0.17361111041666666 0.6376953125 0.17708333333333334
1 0.6298828125 0.11458333333333333 0.62109375 0.13368055625 0.62890625 0.17881944375 0.63671875 0.17881944375 0.6416015625 0.17361111041666666 0.6572265625 0.17361111041666666 0.6611328125 0.17708333333333334 0.666015625 0.16840277708333332 0.66796875 0.14756944375 0.6640625 0.13020833333333334 0.6572265625 0.11805555625 0.6494140625 0.11111111041666667 0.6337890625 0.11111111041666667 0.6298828125 0.11458333333333333
1 0.49609375 0.13715277708333332 0.49609375 0.15451388958333334 0.5 0.16840277708333332 0.5029296875 0.17361111041666666 0.505859375 0.171875 0.505859375 0.15104166666666666 0.5078125 0.14409722291666668 0.5166015625 0.12847222291666666 0.5244140625 0.12152777708333334 0.5341796875 0.12152777708333334 0.5341796875 0.11805555625 0.5263671875 0.11111111041666667 0.5107421875 0.11111111041666667 0.498046875 0.13020833333333334 0.49609375 0.13715277708333332
0 0.5458984375 0.19444444375 0.5400390625 0.20138888958333334 0.533203125 0.21354166666666666 0.52734375 0.234375 0.52734375 0.265625 0.53125 0.2829861104166667 0.5458984375 0.30902777708333334 0.5498046875 0.3125 0.55859375 0.3107638895833333 0.55859375 0.2760416666666667 0.56640625 0.24826388958333334 0.5791015625 0.22916666666666666 0.591796875 0.22395833333333334 0.591796875 0.21701388958333334 0.5869140625 0.20486111041666666 0.5771484375 0.19444444375 0.5634765625 0.19097222291666668 0.5615234375 0.1875 0.5458984375 0.19444444375
0 0.5185546875 0.125 0.5078125 0.14409722291666668 0.505859375 0.15104166666666666 0.505859375 0.17881944375 0.5185546875 0.20486111041666666 0.533203125 0.21006944375 0.5419921875 0.19791666666666666 0.552734375 0.18923611041666666 0.556640625 0.17534722291666668 0.556640625 0.16145833333333334 0.5546875 0.15798611041666666 0.5546875 0.14756944375 0.5458984375 0.12847222291666666 0.5361328125 0.12152777708333334 0.5244140625 0.12152777708333334 0.5185546875 0.125
0 0.248046875 0.265625 0.2568359375 0.28819444375000003 0.2607421875 0.2916666666666667 0.263671875 0.28993055624999997 0.263671875 0.26215277708333334 0.265625 0.25173611041666666 0.2744140625 0.23263888958333334 0.28515625 0.22395833333333334 0.28515625 0.22048611041666666 0.2783203125 0.21180555625 0.2666015625 0.21180555625 0.2587890625 0.21875 0.25 0.23784722291666668 0.248046875 0.265625
0 0.17578125 0.3142361104166667 0.185546875 0.29340277708333334 0.185546875 0.26909722291666666 0.1787109375 0.25347222291666666 0.1689453125 0.25 0.1611328125 0.25694444375 0.15625 0.26909722291666666 0.154296875 0.2760416666666667 0.154296875 0.296875 0.1630859375 0.31597222291666666 0.17578125 0.3142361104166667
0 0.111328125 0.4322916666666667 0.103515625 0.4635416666666667 0.10546875 0.5017361104166667 0.109375 0.515625 0.111328125 0.515625 0.1171875 0.48090277708333334 0.1279296875 0.46180555624999997 0.1337890625 0.4548611104166667 0.15625 0.453125 0.15234375 0.4357638895833333 0.1416015625 0.4166666666666667 0.1376953125 0.41319444375000003 0.1279296875 0.41319444375000003 0.1181640625 0.4201388895833333 0.111328125 0.4322916666666667
0 0.1279296875 0.46180555624999997 0.1171875 0.48090277708333334 0.11328125 0.4982638895833333 0.111328125 0.52256944375 0.11328125 0.5260416666666666 0.11328125 0.546875 0.119140625 0.5711805562500001 0.1357421875 0.59375 0.1416015625 0.5972222229166667 0.15234375 0.5954861104166667 0.1611328125 0.5902777770833333 0.1689453125 0.5798611104166667 0.173828125 0.5677083333333334 0.177734375 0.546875 0.177734375 0.5052083333333334 0.171875 0.48090277708333334 0.1630859375 0.46527777708333334 0.1533203125 0.4548611104166667 0.1416015625 0.4513888895833333 0.1279296875 0.46180555624999997
0 0.068359375 0.4670138895833333 0.078125 0.44618055624999997 0.078125 0.4114583333333333 0.0712890625 0.3958333333333333 0.0634765625 0.3923611104166667 0.0546875 0.4045138895833333 0.05078125 0.41840277708333334 0.05078125 0.44965277708333334 0.0576171875 0.46527777708333334 0.0615234375 0.46875 0.068359375 0.4670138895833333
0 0.12109375 0.38368055624999997 0.126953125 0.3732638895833333 0.123046875 0.35590277708333334 0.125 0.32118055624999997 0.1220703125 0.31597222291666666 0.1123046875 0.31597222291666666 0.1015625 0.3385416666666667 0.099609375 0.36284722291666666 0.1064453125 0.38194444375000003 0.1103515625 0.3854166666666667 0.12109375 0.38368055624999997
0 0.033203125 0.5434027770833333 0.041015625 0.5260416666666666 0.041015625 0.48784722291666666 0.0341796875 0.46875 0.0263671875 0.46527777708333334 0.017578125 0.47743055624999997 0.013671875 0.49131944375000003 0.013671875 0.5190972229166666 0.017578125 0.5364583333333334 0.0224609375 0.5451388895833333 0.033203125 0.5434027770833333