0 0.4580078125 0.5347222229166667 0.46484375 0.5329861104166667 0.470703125 0.5052083333333334 0.470703125 0.4670138895833333 0.46875 0.4635416666666667 0.46875 0.453125 0.462890625 0.4322916666666667 0.4443359375 0.39930555624999997 0.4287109375 0.3888888895833333 0.4072265625 0.3888888895833333 0.4052734375 0.3923611104166667 0.3994140625 0.3923611104166667 0.3798828125 0.41319444375000003 0.37109375 0.4322916666666667 0.365234375 0.44965277708333334 0.365234375 0.46006944375000003 0.36328125 0.4635416666666667 0.36328125 0.5052083333333334 0.37109375 0.5399305562500001 0.3798828125 0.5555555562500001 0.3828125 0.5538194437499999 0.3896484375 0.5416666666666666 0.4013671875 0.53125 0.4130859375 0.5277777770833334 0.4150390625 0.52430555625 0.4228515625 0.52430555625 0.4248046875 0.5208333333333334 0.4365234375 0.5208333333333334 0.4443359375 0.5277777770833334 0.4521484375 0.5277777770833334 0.4580078125 0.5347222229166667
0 0.7255859375 0.2604166666666667 0.7080078125 0.25 0.7001953125 0.25 0.6806640625 0.26388888958333334 0.6796875 0.26909722291666666 0.67578125 0.27256944375000003 0.666015625 0.30381944375000003 0.6640625 0.3420138895833333 0.671875 0.3732638895833333 0.6865234375 0.40277777708333334 0.6982421875 0.41319444375000003 0.71875 0.4114583333333333 0.7333984375 0.40277777708333334 0.7421875 0.38715277708333334 0.7421875 0.3802083333333333 0.75 0.359375 0.75 0.3454861104166667 0.751953125 0.3420138895833333 0.75 0.3385416666666667 0.75 0.3142361104166667 0.740234375 0.2829861104166667 0.7255859375 0.2604166666666667
0 0.7626953125 0.3333333333333333 0.75390625 0.3489583333333333 0.744140625 0.38715277708333334 0.744140625 0.42881944375000003 0.74609375 0.4322916666666667 0.74609375 0.4427083333333333 0.75 0.44965277708333334 0.751953125 0.46006944375000003 0.7568359375 0.46527777708333334 0.7666015625 0.4861111104166667 0.7802734375 0.5 0.798828125 0.4982638895833333 0.8095703125 0.49305555624999997 0.8154296875 0.4861111104166667 0.828125 0.46006944375000003 0.833984375 0.4357638895833333 0.833984375 0.390625 0.826171875 0.35590277708333334 0.8134765625 0.3333333333333333 0.7978515625 0.31944444375000003 0.7802734375 0.31944444375000003 0.7626953125 0.3333333333333333
0 0.9052734375 0.3541666666666667 0.892578125 0.3802083333333333 0.888671875 0.4010416666666667 0.888671875 0.4427083333333333 0.8984375 0.484375 0.9111328125 0.5034722229166666 0.9208984375 0.5104166666666666 0.923828125 0.50868055625 0.9404296875 0.5 0.953125 0.4739583333333333 0.955078125 0.453125 0.95703125 0.44965277708333334 0.95703125 0.41840277708333334 0.94921875 0.3802083333333333 0.9365234375 0.3541666666666667 0.9287109375 0.34722222291666666 0.9130859375 0.34722222291666666 0.9052734375 0.3541666666666667
0 0.84375 0.7552083333333334 0.841796875 0.7447916666666666 0.8271484375 0.71875 0.8056640625 0.7013888895833333 0.7763671875 0.7013888895833333 0.7685546875 0.7083333333333334 0.7626953125 0.7083333333333334 0.7490234375 0.7222222229166667 0.7392578125 0.7361111104166667 0.71875 0.7760416666666666 0.708984375 0.8072916666666666 0.705078125 0.828125 0.705078125 0.8836805562500001 0.70703125 0.8871527770833333 0.70703125 0.9010416666666666 0.712890625 0.9253472229166667 0.720703125 0.9427083333333334 0.7373046875 0.96875 0.7568359375 0.9756944437499999 0.7587890625 0.9826388895833333 0.7626953125 0.9791666666666666 0.7685546875 0.9826388895833333 0.77734375 0.9809027770833333 0.7900390625 0.9791666666666666 0.8076171875 0.9652777770833333 0.8193359375 0.9513888895833333 0.841796875 0.9079861104166667 0.853515625 0.859375 0.85546875 0.8072916666666666 0.853515625 0.8038194437499999 0.853515625 0.7864583333333334 0.84765625 0.7621527770833333 0.84375 0.7552083333333334
0 0.6708984375 0.14930555625 0.6865234375 0.15277777708333332 0.6943359375 0.15972222291666668 0.703125 0.17534722291666668 0.7080078125 0.19097222291666668 0.7109375 0.18923611041666666 0.716796875 0.16840277708333332 0.716796875 0.15104166666666666 0.7080078125 0.12152777708333334 0.6943359375 0.10763888958333333 0.6767578125 0.10763888958333333 0.666015625 0.12326388958333333 0.66015625 0.14756944375 0.6630859375 0.15277777708333332 0.6689453125 0.15277777708333332 0.6708984375 0.14930555625
0 0.64453125 0.08854166666666667 0.6484375 0.11631944375 0.6572265625 0.13194444375 0.662109375 0.13368055625 0.6728515625 0.11111111041666667 0.6767578125 0.10763888958333333 0.6865234375 0.10763888958333333 0.69140625 0.10243055625 0.685546875 0.07465277708333334 0.6728515625 0.0625 0.6572265625 0.0625 0.6533203125 0.06597222291666667 0.646484375 0.078125 0.64453125 0.08854166666666667
0 0.779296875 0.11979166666666667 0.783203125 0.140625 0.7919921875 0.15972222291666668 0.7998046875 0.16666666666666666 0.80859375 0.16493055625 0.8115234375 0.16319444375 0.8203125 0.14409722291666668 0.8203125 0.12326388958333333 0.81640625 0.109375 0.8076171875 0.09375 0.8017578125 0.09027777708333334 0.7880859375 0.09375 0.78125 0.10590277708333334 0.78125 0.11631944375 0.779296875 0.11979166666666667
0 0.7763671875 0.12152777708333334 0.779296875 0.11979166666666667 0.78125 0.11631944375 0.78125 0.10590277708333334 0.7880859375 0.09375 0.80078125 0.08854166666666667 0.7958984375 0.07638888958333333 0.7880859375 0.06944444375 0.7763671875 0.07291666666666667 0.76953125 0.08854166666666667 0.771484375 0.11284722291666666 0.7763671875 0.12152777708333334
0 0.42578125 0.11631944375 0.423828125 0.12326388958333333 0.423828125 0.14409722291666668 0.4306640625 0.16319444375 0.4345703125 0.16666666666666666 0.4375 0.16493055625 0.4443359375 0.14236111041666666 0.4560546875 0.13194444375 0.46875 0.13020833333333334 0.46875 0.11631944375 0.46484375 0.10590277708333334 0.4580078125 0.09722222291666666 0.4521484375 0.09722222291666666 0.4501953125 0.09375 0.4384765625 0.09722222291666666 0.42578125 0.11631944375
0 0.4384765625 0.09722222291666666 0.4580078125 0.09722222291666666 0.458984375 0.08506944375 0.4482421875 0.06944444375 0.4345703125 0.06944444375 0.423828125 0.08506944375 0.421875 0.09548611041666667 0.423828125 0.11284722291666666 0.427734375 0.11284722291666666 0.4384765625 0.09722222291666666
0 0.048828125 0.453125 0.048828125 0.4357638895833333 0.0419921875 0.4201388895833333 0.0341796875 0.4201388895833333 0.02734375 0.4357638895833333 0.02734375 0.4635416666666667 0.03125 0.4635416666666667 0.0380859375 0.4548611104166667 0.048828125 0.453125
0 0.125 0.328125 0.130859375 0.32118055624999997 0.134765625 0.3072916666666667 0.134765625 0.28993055624999997 0.1298828125 0.27777777708333334 0.1220703125 0.27430555624999997 0.1181640625 0.27777777708333334 0.111328125 0.29340277708333334 0.111328125 0.3177083333333333 0.1201171875 0.3298611104166667 0.125 0.328125
0 0.2021484375 0.23263888958333334 0.208984375 0.234375 0.2138671875 0.23263888958333334 0.220703125 0.22048611041666666 0.22265625 0.21006944375 0.220703125 0.18923611041666666 0.2119140625 0.18055555625 0.2041015625 0.18402777708333332 0.197265625 0.19618055625 0.1953125 0.20659722291666668 0.197265625 0.22395833333333334 0.2021484375 0.23263888958333334
1 0.015625 0.5121527770833334 0.015625 0.4947916666666667 0.021484375 0.4704861104166667 0.0146484375 0.46180555624999997 0.0107421875 0.46527777708333334 0.005859375 0.47743055624999997 0.005859375 0.50868055625 0.0126953125 0.5208333333333334 0.017578125 0.5190972229166666 0.015625 0.5121527770833334
1 0.029296875 0.50868055625 0.03125 0.515625 0.0380859375 0.5277777770833334 0.0390625 0.5260416666666666 0.044921875 0.52256944375 0.044921875 0.48784722291666666 0.05078125 0.4635416666666667 0.0478515625 0.4548611104166667 0.0419921875 0.4513888895833333 0.0322265625 0.4583333333333333 0.02734375 0.4704861104166667 0.029296875 0.4739583333333333 0.02734375 0.48090277708333334 0.029296875 0.50868055625
1 0.07421875 0.4427083333333333 0.080078125 0.4322916666666667 0.08203125 0.421875 0.08203125 0.39756944375000003 0.0751953125 0.38194444375000003 0.0654296875 0.38194444375000003 0.056640625 0.4010416666666667 0.056640625 0.42881944375000003 0.05859375 0.4357638895833333 0.0654296875 0.44444444375000003 0.07421875 0.4427083333333333
1 0.2666015625 0.18055555625 0.271484375 0.17881944375 0.28125 0.16493055625 0.283203125 0.14756944375 0.2763671875 0.13194444375 0.2685546875 0.12847222291666666 0.2626953125 0.13194444375 0.2578125 0.140625 0.255859375 0.14756944375 0.255859375 0.16493055625 0.2626953125 0.17708333333333334 0.2666015625 0.18055555625
1 0.302734375 0.19965277708333332 0.306640625 0.21354166666666666 0.3134765625 0.22222222291666668 0.330078125 0.22048611041666666 0.33984375 0.20659722291666668 0.34375 0.19270833333333334 0.34375 0.16840277708333332 0.3388671875 0.15625 0.3310546875 0.14930555625 0.3212890625 0.14930555625 0.3154296875 0.15277777708333332 0.3046875 0.171875 0.302734375 0.17881944375 0.302734375 0.19965277708333332
1 0.435546875 0.16840277708333332 0.4375 0.19618055625 0.439453125 0.203125 0.4521484375 0.22222222291666668 0.4580078125 0.22569444375 0.47265625 0.22395833333333334 0.4794921875 0.21875 0.490234375 0.19270833333333334 0.4921875 0.18229166666666666 0.490234375 0.15798611041666666 0.4814453125 0.13888888958333334 0.4736328125 0.13194444375 0.4560546875 0.13194444375 0.4501953125 0.13541666666666666 0.44140625 0.14756944375 0.435546875 0.16840277708333332
1 0.5087890625 0.19444444375 0.5166015625 0.20138888958333334 0.53125 0.19965277708333332 0.546875 0.18229166666666666 0.55078125 0.16840277708333332 0.55078125 0.14409722291666668 0.546875 0.13020833333333334 0.5341796875 0.11111111041666667 0.5283203125 0.10763888958333333 0.5107421875 0.11111111041666667 0.49609375 0.140625 0.49609375 0.16840277708333332 0.5087890625 0.19444444375
1 0.54296875 0.07118055625 0.544921875 0.08854166666666667 0.5537109375 0.10416666666666667 0.5576171875 0.10763888958333333 0.560546875 0.10590277708333334 0.560546875 0.08506944375 0.564453125 0.07118055625 0.5693359375 0.0625 0.576171875 0.057291666666666664 0.576171875 0.05381944375 0.5693359375 0.045138889583333335 0.5556640625 0.045138889583333335 0.5517578125 0.048611110416666665 0.544921875 0.060763889583333335 0.54296875 0.07118055625
1 0.6064453125 0.125 0.6201171875 0.13888888958333334 0.630859375 0.13715277708333332 0.6376953125 0.13194444375 0.64453125 0.11631944375 0.64453125 0.08506944375 0.6376953125 0.06944444375 0.6298828125 0.0625 0.6181640625 0.0625 0.6083984375 0.06944444375 0.6015625 0.08854166666666667 0.6015625 0.11284722291666666 0.6064453125 0.125
1 0.7041015625 0.11458333333333333 0.7099609375 0.125 0.71875 0.12326388958333333 0.7216796875 0.12152777708333334 0.73046875 0.10243055625 0.728515625 0.078125 0.7138671875 0.05555555625 0.7021484375 0.05555555625 0.6962890625 0.0625 0.69140625 0.07465277708333334 0.69140625 0.09895833333333333 0.7001953125 0.11458333333333333 0.7041015625 0.11458333333333333
1 0.646484375 0.18576388958333334 0.64453125 0.19618055625 0.64453125 0.22395833333333334 0.650390625 0.24131944375 0.6611328125 0.2604166666666667 0.6689453125 0.2673611104166667 0.6796875 0.265625 0.6865234375 0.25694444375 0.6982421875 0.25347222291666666 0.705078125 0.24479166666666666 0.708984375 0.22743055625 0.70703125 0.18576388958333334 0.6962890625 0.16319444375 0.6865234375 0.15277777708333332 0.6630859375 0.15277777708333332 0.650390625 0.171875 0.646484375 0.18576388958333334
1 0.48828125 0.5885416666666666 0.482421875 0.5746527770833333 0.4677734375 0.5486111104166667 0.4541015625 0.53125 0.4423828125 0.52430555625 0.4345703125 0.52430555625 0.4326171875 0.5208333333333334 0.4287109375 0.52430555625 0.4150390625 0.52430555625 0.4033203125 0.53125 0.3837890625 0.5520833333333334 0.37109375 0.5815972229166667 0.37109375 0.5885416666666666 0.3671875 0.5989583333333334 0.361328125 0.6302083333333334 0.36328125 0.671875 0.3671875 0.6927083333333334 0.376953125 0.7170138895833333 0.3935546875 0.7465277770833333 0.4169921875 0.7604166666666666 0.423828125 0.7586805562500001 0.4296875 0.7482638895833333 0.43359375 0.7239583333333334 0.4482421875 0.6944444437499999 0.4697265625 0.6666666666666666 0.4775390625 0.6666666666666666 0.4833984375 0.6597222229166667 0.4892578125 0.6597222229166667 0.49609375 0.6510416666666666 0.494140625 0.6128472229166667 0.48828125 0.5885416666666666
0 0.2232052359375 0.17977929166666667 0.22303346875000002 0.19365288749999998 0.2291422546875 0.20696273125 0.23715976093750002 0.2082086625 0.2431006328125 0.1974445145833333 0.2462469671875 0.18781178541666668 0.24577790781250003 0.17252587083333332 0.23870512656249998 0.16134282291666666 0.22678979843749997 0.1654192625 0.2232052359375 0.17977929166666667
0 0.22676942968749997 0.16361349374999998 0.2328292171875 0.16242530624999998 0.23848270781249997 0.15961633125 0.24386257968749997 0.1643123104166667 0.24643965625000003 0.16988230208333333 0.248611534375 0.16263084166666666 0.2467160265625 0.15444077083333332 0.24151728125 0.14955393749999998 0.23477427343750001 0.1499473895833333 0.22712948125 0.16185959583333334 0.22676942968749997 0.16361349374999998