1 0.747845978125 0.1500009625 0.743939728125 0.14652873958333332 0.734174103125 0.14652873958333332 0.728314728125 0.1500009625 0.721478790625 0.1656259625 0.721478790625 0.1968759625 0.725385040625 0.20729262916666666 0.734174103125 0.21944540625 0.7427618953125 0.22083333333333333 0.7458955609375 0.22083333333333333 0.749799103125 0.21944540625 0.758588165625 0.20382040625 0.759375 0.20102277291666668 0.759375 0.17258695416666667 0.754681915625 0.15868151875 0.747845978125 0.1500009625
1 0.6815385 0.1013911 0.673726 0.10833554375 0.6668900625 0.12048832291666667 0.6649369375 0.13437721041666667 0.6788949390625 0.1625 0.6866278218749999 0.1625 0.6883744375 0.16215498958333333 0.6883744375 0.13437721041666667 0.6953125 0.11895929375 0.6953125 0.11483972291666666 0.691304125 0.10486332291666667 0.6815385 0.1013911
1 0.668549415625 0.11649608958333334 0.684174415625 0.09913497708333334 0.681244728125 0.09045442291666667 0.669525978125 0.09045442291666667 0.656830665625 0.11302386458333333 0.656830665625 0.12691275625 0.659760353125 0.13212108958333332 0.6645335640625001 0.13333333333333333 0.666890965625 0.13333333333333333 0.668549415625 0.13038497708333333 0.668549415625 0.11649608958333334
1 0.5904259875 0.12899568541666667 0.5987252890625 0.14375 0.6065614515625 0.14375 0.6138634875 0.14288457291666665 0.6203125 0.12855343541666667 0.6203125 0.11703953958333332 0.6177697375 0.10121790625 0.6093554484375 0.08958333333333333 0.5970234328124999 0.08958333333333333 0.5884728625 0.10816235208333333 0.5904259875 0.12899568541666667
1 0.20625 0.21510623541666665 0.1974609375 0.2272590125 0.1955078125 0.24809234583333334 0.1974609375 0.25503679166666665 0.203338215625 0.2625 0.21045969062499997 0.2625 0.2130859375 0.2619812354166667 0.2203125 0.24592220833333334 0.2203125 0.22939195 0.2140625 0.21510623541666665 0.20625 0.21510623541666665
1 0.1787109375 0.3081609395833333 0.18359375 0.2960081625 0.18359375 0.27170260625 0.181640625 0.2647581625 0.1767578125 0.25954982916666663 0.1689453125 0.25954982916666663 0.16015625 0.28211927291666666 0.16015625 0.2994803833333333 0.166307909375 0.3104166666666667 0.1731506921875 0.3104166666666667 0.17578125 0.30989705 0.1787109375 0.3081609395833333
1 0.069434046875 0.37118254166666664 0.069434046875 0.3989603166666667 0.07403704375 0.41041666666666665 0.07705904687500001 0.41041666666666665 0.081152796875 0.40937698333333333 0.08125 0.4090313729166667 0.08125 0.39748341666666664 0.079199671875 0.392015875 0.079199671875 0.3677103166666667 0.08125 0.362242775 0.08125 0.35682230625 0.076269984375 0.35555754166666664 0.069434046875 0.37118254166666664
0 0.140820625 0.26718959791666663 0.131055 0.27066182083333334 0.1261721875 0.28975904375 0.133008125 0.29149515416666666 0.14191778125 0.30416666666666664 0.1434585234375 0.30416666666666664 0.1437503125 0.30364793124999995 0.146875 0.29531543125 0.146875 0.28628404166666666 0.1457034375 0.27587015416666666 0.140820625 0.26718959791666663
0 0.150195625 0.29166830833333335 0.15675683125 0.3 0.157620271875 0.3 0.15996125 0.29861275625 0.15996125 0.28125164166666666 0.16875 0.2593774208333333 0.16875 0.2559040875 0.16516804375 0.2520833333333333 0.1587903 0.2520833333333333 0.150195625 0.26736275625 0.150195625 0.29166830833333335
0 0.124414675 0.29566150625 0.1175787375 0.3147587291666667 0.1175787375 0.32864761666666664 0.12021445312500001 0.3333333333333333 0.12139034062500001 0.3333333333333333 0.1234381125 0.3321198395833333 0.13027405 0.3164948395833333 0.140625 0.31482196041666666 0.140625 0.3036465291666667 0.1341803 0.2921892833333333 0.124414675 0.29566150625
0 0.1403331125 0.31788370000000005 0.1305674875 0.31788370000000005 0.1198253 0.34045314374999996 0.1198253 0.36128647708333333 0.121778425 0.36823092291666665 0.12968731093750002 0.37916666666666665 0.1353595578125 0.37916666666666665 0.137403425 0.37864758958333333 0.145215925 0.36823092291666665 0.1484375 0.34532194375 0.1484375 0.33680154375 0.14716905 0.33003647708333333 0.1403331125 0.31788370000000005
0 0.0839846875 0.34652973125000003 0.08496125 0.3552102875 0.09277375 0.35173806458333334 0.1018055796875 0.3645833333333333 0.10312641250000001 0.3645833333333333 0.10351593750000002 0.36389084375 0.1046875 0.3618080645833333 0.1046875 0.34750095416666665 0.10058625000000002 0.33437695416666663 0.09355060468750001 0.33125 0.0925018515625 0.33125 0.0859378125 0.3395852875 0.0839846875 0.34652973125000003
0 0.089258440625 0.35295275 0.083399065625 0.35642497083333335 0.078516253125 0.36857775 0.078516253125 0.3963555270833333 0.0833287640625 0.4083333333333333 0.095194365625 0.4083333333333333 0.1015625 0.39377759791666667 0.1015625 0.36760396458333333 0.097070940625 0.35642497083333335 0.089258440625 0.35295275
0 0.35869032500000003 0.13541995 0.35185438750000003 0.14410050625 0.34794813750000003 0.16493383958333335 0.34990126250000003 0.17535050625 0.35478407500000003 0.18403106249999998 0.35868663125 0.1875 0.35870694687500004 0.1875 0.36747938750000003 0.18576717291666667 0.37724501250000003 0.17187828333333333 0.378125 0.16405617291666666 0.378125 0.15151920208333333 0.37236220000000003 0.13541995 0.35869032500000003 0.13541995
0 0.48554408125000004 0.113370675 0.47480189375000004 0.128995675 0.47480189375000004 0.14982900833333332 0.48163783125000004 0.16545400833333332 0.48945033125000004 0.17239845208333332 0.49628626875000004 0.17066234166666666 0.50312220625 0.16545400833333332 0.509375 0.15116190833333334 0.509375 0.127958975 0.50116908125 0.113370675 0.48554408125000004 0.113370675
0 0.65048315 0.10034998333333332 0.6436472125 0.09166942916666666 0.6299753375 0.09166942916666666 0.621186275 0.11076665 0.6231394 0.13159998333333334 0.62704565 0.14201665 0.6333325359375 0.15 0.6397642859375 0.15 0.648530025 0.14896109791666667 0.6546875 0.1325411625 0.6546875 0.11341642708333333 0.6543894 0.11076665 0.65048315 0.10034998333333332
0 0.71405754375 0.11909915 0.71015129375 0.11562692708333334 0.70038566875 0.11562692708333334 0.68964348125 0.13125192708333333 0.68964348125 0.16250192708333333 0.70429191875 0.18507137083333333 0.71503410625 0.18333526041666665 0.71894035625 0.17986303750000002 0.72089348125 0.16250192708333333 0.7265625 0.14570483541666668 0.7265625 0.14446399375 0.72284660625 0.13125192708333333 0.71405754375 0.11909915
0 0.67147973125 0.0928837375 0.66659691875 0.08420318125 0.65487816875 0.08073096041666666 0.64608910625 0.09635596041666666 0.64999535625 0.10677262708333334 0.6543888796874999 0.11458333333333333 0.6553674578125 0.11458333333333333 0.65585473125 0.11371707083333332 0.67147973125 0.0928837375
0 0.6173828125 0.10243055625 0.618359375 0.10416666666666667 0.6203125 0.10416666666666667 0.6212890625 0.10243055625 0.62421875 0.09722222291666666 0.626171875 0.09722222291666666 0.628125 0.09375 0.63203125 0.09375 0.633984375 0.09027777708333334 0.641796875 0.09027777708333334 0.6421875 0.08958333333333333 0.6421875 0.0875 0.63984375 0.08333333333333333 0.622265625 0.08333333333333333 0.6173828125 0.09201388958333333 0.6173828125 0.10243055625