0 0.337890625 0.234375 0.3447265625 0.25347222291666666 0.3486328125 0.25347222291666666 0.3544921875 0.2604166666666667 0.36328125 0.25868055625 0.3701171875 0.25347222291666666 0.375 0.24479166666666666 0.37890625 0.234375 0.380859375 0.21354166666666666 0.376953125 0.19618055625 0.3681640625 0.18402777708333332 0.3544921875 0.18402777708333332 0.341796875 0.19965277708333332 0.337890625 0.21354166666666666 0.337890625 0.234375
1 0.4072265625 0.22916666666666666 0.4111328125 0.22916666666666666 0.4169921875 0.23611111041666666 0.421875 0.234375 0.4306640625 0.22916666666666666 0.439453125 0.21006944375 0.439453125 0.18229166666666666 0.4306640625 0.16319444375 0.4169921875 0.15972222291666668 0.4072265625 0.16666666666666666 0.400390625 0.17881944375 0.3984375 0.18576388958333334 0.3984375 0.21006944375 0.4072265625 0.22916666666666666
1 0.482421875 0.16840277708333332 0.4931640625 0.18402777708333332 0.505859375 0.18229166666666666 0.513671875 0.171875 0.517578125 0.15798611041666666 0.517578125 0.140625 0.515625 0.13368055625 0.5068359375 0.12152777708333334 0.5009765625 0.11805555625 0.4892578125 0.12152777708333334 0.48046875 0.140625 0.48046875 0.16145833333333334 0.482421875 0.16840277708333332
0 0.6435546875 0.17013888958333334 0.65625 0.16840277708333332 0.6591796875 0.16666666666666666 0.666015625 0.15104166666666666 0.666015625 0.13020833333333334 0.6640625 0.12326388958333333 0.6533203125 0.10763888958333333 0.6396484375 0.10763888958333333 0.630859375 0.12326388958333333 0.62890625 0.13368055625 0.630859375 0.15104166666666666 0.6435546875 0.17013888958333334
0 0.6953125 0.17881944375 0.703125 0.16493055625 0.703125 0.13715277708333332 0.701171875 0.13020833333333334 0.6904296875 0.11458333333333333 0.6767578125 0.11458333333333333 0.666015625 0.13715277708333332 0.666015625 0.15451388958333334 0.66796875 0.16145833333333334 0.6787109375 0.18055555625 0.6953125 0.17881944375
0 0.7529296875 0.18402777708333332 0.77734375 0.18576388958333334 0.779296875 0.17881944375 0.779296875 0.16145833333333334 0.77734375 0.15104166666666666 0.7685546875 0.13541666666666666 0.7548828125 0.13194444375 0.744140625 0.14409722291666668 0.7421875 0.15104166666666666 0.7421875 0.17534722291666668 0.7470703125 0.1875 0.7529296875 0.18402777708333332
0 0.791015625 0.24131944375 0.79296875 0.25868055625 0.8037109375 0.28819444375000003 0.8134765625 0.2951388895833333 0.826171875 0.29340277708333334 0.837890625 0.2760416666666667 0.83984375 0.265625 0.837890625 0.22743055625 0.8291015625 0.20833333333333334 0.8212890625 0.20138888958333334 0.8056640625 0.20138888958333334 0.8017578125 0.20486111041666666 0.79296875 0.22395833333333334 0.79296875 0.23784722291666668 0.791015625 0.24131944375
1 0.73828125 0.24131944375 0.7529296875 0.2708333333333333 0.7626953125 0.27777777708333334 0.771484375 0.2760416666666667 0.7783203125 0.2708333333333333 0.787109375 0.24826388958333334 0.787109375 0.21701388958333334 0.783203125 0.203125 0.7724609375 0.1875 0.7685546875 0.18402777708333332 0.7529296875 0.18402777708333332 0.7490234375 0.1875 0.73828125 0.21006944375 0.73828125 0.24131944375
1 0.7158203125 0.19097222291666668 0.7216796875 0.19444444375 0.73046875 0.19270833333333334 0.7353515625 0.1875 0.740234375 0.17534722291666668 0.740234375 0.14756944375 0.73828125 0.140625 0.7275390625 0.125 0.7138671875 0.125 0.70703125 0.13368055625 0.703125 0.14756944375 0.703125 0.16493055625 0.7158203125 0.19097222291666668
1 0.740234375 0.15104166666666666 0.7421875 0.15104166666666666 0.7470703125 0.13888888958333334 0.7548828125 0.13194444375 0.7666015625 0.13541666666666666 0.767578125 0.13020833333333334 0.7568359375 0.11458333333333333 0.7470703125 0.11458333333333333 0.7431640625 0.11805555625 0.73828125 0.13020833333333334 0.73828125 0.140625 0.740234375 0.15104166666666666
0 0.763671875 0.38715277708333334 0.759765625 0.4079861104166667 0.759765625 0.44618055624999997 0.771484375 0.48784722291666666 0.7861328125 0.5104166666666666 0.7978515625 0.5173611104166667 0.81640625 0.515625 0.8251953125 0.50694444375 0.83984375 0.48090277708333334 0.845703125 0.45659722291666666 0.845703125 0.41840277708333334 0.8359375 0.3767361104166667 0.8310546875 0.36805555624999997 0.8154296875 0.34722222291666666 0.7939453125 0.34375 0.7802734375 0.3541666666666667 0.763671875 0.38715277708333334
0 0.904296875 0.3767361104166667 0.91015625 0.4010416666666667 0.9150390625 0.40972222291666666 0.9306640625 0.4201388895833333 0.935546875 0.41840277708333334 0.951171875 0.39409722291666666 0.953125 0.38368055624999997 0.953125 0.3489583333333333 0.947265625 0.32465277708333334 0.9365234375 0.30555555624999997 0.9326171875 0.3020833333333333 0.9189453125 0.3020833333333333 0.9150390625 0.30555555624999997 0.904296875 0.328125 0.904296875 0.3767361104166667
0 0.953125 0.38368055624999997 0.94921875 0.4010416666666667 0.9599609375 0.41319444375000003 0.9658203125 0.41319444375000003 0.9677734375 0.4166666666666667 0.97265625 0.41493055624999997 0.9755859375 0.41319444375000003 0.978515625 0.4045138895833333 0.978515625 0.390625 0.984375 0.3697916666666667 0.984375 0.3454861104166667 0.9677734375 0.30902777708333334 0.9560546875 0.30902777708333334 0.947265625 0.32118055624999997 0.953125 0.3489583333333333 0.953125 0.38368055624999997
0 1 0.359375 0.9951171875 0.3576388895833333 0.9873046875 0.3645833333333333 0.98046875 0.3802083333333333 0.98046875 0.390625 0.978515625 0.39409722291666666 0.978515625 0.42881944375000003 0.984375 0.453125 0.9931640625 0.46875 0.9970703125 0.47222222291666666 1 0.4704861104166667 1 0.359375
1 0.6943359375 0.10763888958333333 0.6806640625 0.10763888958333333 0.677734375 0.11284722291666666 0.6884765625 0.11458333333333333 0.6962890625 0.12152777708333334 0.7041015625 0.13888888958333334 0.70703125 0.13715277708333332 0.705078125 0.12326388958333333 0.6943359375 0.10763888958333333