1 0.8095703125 0.4166666666666667 0.8037109375 0.4166666666666667 0.7919921875 0.43055555624999997 0.7890625 0.4392361104166667 0.783203125 0.44618055624999997 0.779296875 0.46006944375000003 0.77734375 0.4982638895833333 0.779296875 0.5017361104166667 0.78125 0.5260416666666666 0.7900390625 0.5381944437499999 0.8037109375 0.5381944437499999 0.8056640625 0.5416666666666666 0.8173828125 0.5451388895833333 0.8271484375 0.5555555562500001 0.8427734375 0.5833333333333334 0.84765625 0.5815972229166667 0.857421875 0.5642361104166667 0.8671875 0.52256944375 0.8671875 0.48784722291666666 0.86328125 0.47743055624999997 0.86328125 0.4704861104166667 0.853515625 0.4392361104166667 0.8408203125 0.4201388895833333 0.8291015625 0.41319444375000003 0.8115234375 0.41319444375000003 0.8095703125 0.4166666666666667
1 0.7177734375 0.3958333333333333 0.6962890625 0.41319444375000003 0.681640625 0.4392361104166667 0.67578125 0.46006944375000003 0.67578125 0.4704861104166667 0.68359375 0.484375 0.69140625 0.50868055625 0.693359375 0.5295138895833333 0.6953125 0.5329861104166667 0.697265625 0.5711805562500001 0.7138671875 0.59375 0.740234375 0.5920138895833333 0.7607421875 0.5555555562500001 0.7626953125 0.5555555562500001 0.771484375 0.5364583333333334 0.7734375 0.5121527770833334 0.775390625 0.50868055625 0.775390625 0.4670138895833333 0.765625 0.4322916666666667 0.7529296875 0.41319444375000003 0.7314453125 0.3958333333333333 0.7177734375 0.3958333333333333
1 0.6708984375 0.46180555624999997 0.6572265625 0.4479166666666667 0.6455078125 0.44097222291666666 0.6240234375 0.44097222291666666 0.6103515625 0.4548611104166667 0.5986328125 0.46180555624999997 0.5859375 0.484375 0.58203125 0.5017361104166667 0.578125 0.50868055625 0.576171875 0.5364583333333334 0.57421875 0.5399305562500001 0.57421875 0.5642361104166667 0.576171875 0.5677083333333334 0.578125 0.5920138895833333 0.58203125 0.6059027770833333 0.6005859375 0.6388888895833333 0.609375 0.6371527770833333 0.611328125 0.6267361104166667 0.6220703125 0.6076388895833333 0.6416015625 0.5833333333333334 0.6669921875 0.5694444437499999 0.6884765625 0.5694444437499999 0.6904296875 0.5729166666666666 0.6953125 0.5677083333333334 0.6953125 0.5399305562500001 0.6875 0.4982638895833333 0.6708984375 0.46180555624999997
1 0.62109375 0.265625 0.6259765625 0.27430555624999997 0.6337890625 0.26388888958333334 0.6552734375 0.25694444375 0.6572265625 0.2604166666666667 0.6689453125 0.26388888958333334 0.6787109375 0.27777777708333334 0.681640625 0.2760416666666667 0.68359375 0.265625 0.677734375 0.24479166666666666 0.6708984375 0.23263888958333334 0.6591796875 0.22222222291666668 0.6533203125 0.22222222291666668 0.6513671875 0.21875 0.6396484375 0.22222222291666668 0.6318359375 0.22916666666666666 0.62109375 0.24826388958333334 0.62109375 0.265625
1 0.5634765625 0.20833333333333334 0.5546875 0.22395833333333334 0.55078125 0.23784722291666668 0.55078125 0.25173611041666666 0.5556640625 0.2604166666666667 0.55859375 0.25868055625 0.5654296875 0.24652777708333332 0.5810546875 0.23263888958333334 0.5947265625 0.23263888958333334 0.5966796875 0.23611111041666666 0.6083984375 0.23958333333333334 0.609375 0.23090277708333332 0.6025390625 0.21527777708333332 0.5888671875 0.20138888958333334 0.5712890625 0.20138888958333334 0.5634765625 0.20833333333333334
1 0.5263671875 0.22569444375 0.5283203125 0.22916666666666666 0.5341796875 0.22916666666666666 0.5458984375 0.24305555625 0.548828125 0.24131944375 0.552734375 0.23090277708333332 0.552734375 0.22395833333333334 0.55078125 0.21701388958333334 0.5380859375 0.19791666666666666 0.5224609375 0.19097222291666668 0.5205078125 0.19444444375 0.5146484375 0.19444444375 0.50390625 0.21006944375 0.5068359375 0.22916666666666666 0.5263671875 0.22569444375
1 0.3544921875 0.28125 0.3701171875 0.28125 0.3818359375 0.2916666666666667 0.38671875 0.28993055624999997 0.38671875 0.26909722291666666 0.384765625 0.26215277708333334 0.3759765625 0.24305555625 0.3681640625 0.23611111041666666 0.3544921875 0.23611111041666666 0.3447265625 0.24305555625 0.33203125 0.26909722291666666 0.33203125 0.2760416666666667 0.3427734375 0.2916666666666667 0.3544921875 0.28125
1 0.3544921875 0.28125 0.3447265625 0.28819444375000003 0.333984375 0.3072916666666667 0.328125 0.328125 0.328125 0.36284722291666666 0.333984375 0.38368055624999997 0.3388671875 0.3923611104166667 0.34375 0.390625 0.341796875 0.38715277708333334 0.34375 0.36631944375000003 0.349609375 0.3420138895833333 0.3603515625 0.3229166666666667 0.3720703125 0.3125 0.3837890625 0.30902777708333334 0.38671875 0.30381944375000003 0.3837890625 0.2916666666666667 0.3701171875 0.28125 0.3544921875 0.28125
1 0.283203125 0.24479166666666666 0.28125 0.2552083333333333 0.28125 0.2829861104166667 0.2919921875 0.3020833333333333 0.29296875 0.30034722291666666 0.3037109375 0.28125 0.3115234375 0.27777777708333334 0.314453125 0.27256944375000003 0.31640625 0.24826388958333334 0.3203125 0.23784722291666668 0.3134765625 0.22569444375 0.3076171875 0.22222222291666668 0.2939453125 0.22569444375 0.2880859375 0.23263888958333334 0.283203125 0.24479166666666666
1 0.27734375 0.296875 0.283203125 0.296875 0.283203125 0.2864583333333333 0.28125 0.2829861104166667 0.28125 0.2552083333333333 0.283203125 0.24479166666666666 0.2724609375 0.23611111041666666 0.2607421875 0.23958333333333334 0.251953125 0.25868055625 0.2666015625 0.26388888958333334 0.2734375 0.2760416666666667 0.27734375 0.296875
1 0.123046875 0.39756944375000003 0.123046875 0.421875 0.126953125 0.4357638895833333 0.1337890625 0.4479166666666667 0.1376953125 0.4513888895833333 0.1484375 0.44965277708333334 0.158203125 0.4392361104166667 0.162109375 0.421875 0.162109375 0.4010416666666667 0.1640625 0.39756944375000003 0.16015625 0.3767361104166667 0.1513671875 0.3645833333333333 0.1455078125 0.3611111104166667 0.1357421875 0.36805555624999997 0.126953125 0.38368055624999997 0.123046875 0.39756944375000003
0 0.232421875 0.29340277708333334 0.232421875 0.3177083333333333 0.2392578125 0.33680555624999997 0.2470703125 0.34375 0.259765625 0.3420138895833333 0.271484375 0.33159722291666666 0.27734375 0.30381944375000003 0.27734375 0.29340277708333334 0.275390625 0.28993055624999997 0.275390625 0.2795138895833333 0.2646484375 0.2604166666666667 0.2587890625 0.25694444375 0.2431640625 0.2673611104166667 0.236328125 0.2795138895833333 0.232421875 0.29340277708333334
0 0.3076171875 0.22222222291666668 0.3193359375 0.23611111041666666 0.322265625 0.234375 0.326171875 0.22743055625 0.326171875 0.22048611041666666 0.3134765625 0.20486111041666666 0.3056640625 0.20486111041666666 0.2978515625 0.21180555625 0.2919921875 0.21875 0.2890625 0.22743055625 0.2939453125 0.22916666666666666 0.3017578125 0.22222222291666668 0.3076171875 0.22222222291666668
0 0.3427734375 0.22222222291666668 0.3447265625 0.21875 0.3505859375 0.22222222291666668 0.3564453125 0.23263888958333334 0.36328125 0.23090277708333332 0.365234375 0.22048611041666666 0.36328125 0.21354166666666666 0.3583984375 0.20486111041666666 0.3525390625 0.20138888958333334 0.3408203125 0.20138888958333334 0.3310546875 0.21180555625 0.326171875 0.22395833333333334 0.3310546875 0.22569444375 0.3330078125 0.22222222291666668 0.3427734375 0.22222222291666668
0 0.33203125 0.27256944375000003 0.333984375 0.26215277708333334 0.3447265625 0.24305555625 0.357421875 0.234375 0.3544921875 0.22569444375 0.3466796875 0.21875 0.3388671875 0.21875 0.322265625 0.234375 0.31640625 0.25173611041666666 0.31640625 0.27256944375000003 0.33203125 0.27256944375000003
0 0.349609375 0.3420138895833333 0.34375 0.36284722291666666 0.341796875 0.38715277708333334 0.34765625 0.41840277708333334 0.3623046875 0.44444444375000003 0.3798828125 0.4548611104166667 0.390625 0.453125 0.4052734375 0.44097222291666666 0.419921875 0.4079861104166667 0.421875 0.39756944375000003 0.421875 0.36631944375000003 0.41796875 0.3454861104166667 0.4033203125 0.31944444375000003 0.3876953125 0.30902777708333334 0.3779296875 0.30902777708333334 0.3603515625 0.3229166666666667 0.349609375 0.3420138895833333
0 0.544921875 0.35243055624999997 0.5302734375 0.3333333333333333 0.5185546875 0.3298611104166667 0.5166015625 0.3263888895833333 0.4990234375 0.3263888895833333 0.4833984375 0.34027777708333334 0.466796875 0.3697916666666667 0.462890625 0.38715277708333334 0.462890625 0.4045138895833333 0.4609375 0.4079861104166667 0.4609375 0.41840277708333334 0.466796875 0.44965277708333334 0.4736328125 0.46180555624999997 0.4765625 0.46006944375000003 0.482421875 0.4392361104166667 0.4931640625 0.4201388895833333 0.5087890625 0.40625 0.5322265625 0.39930555624999997 0.5341796875 0.40277777708333334 0.5439453125 0.40277777708333334 0.5458984375 0.40625 0.5576171875 0.40972222291666666 0.55859375 0.39409722291666666 0.544921875 0.35243055624999997
0 0.5009765625 0.4166666666666667 0.4931640625 0.4201388895833333 0.478515625 0.44965277708333334 0.474609375 0.48090277708333334 0.47265625 0.484375 0.47265625 0.5190972229166666 0.48046875 0.5503472229166667 0.4970703125 0.5833333333333334 0.5146484375 0.5972222229166667 0.5224609375 0.5972222229166667 0.5244140625 0.6006944437499999 0.541015625 0.5989583333333334 0.5576171875 0.5902777770833333 0.5703125 0.5642361104166667 0.57421875 0.52256944375 0.583984375 0.48784722291666666 0.583984375 0.4704861104166667 0.57421875 0.4357638895833333 0.5576171875 0.40972222291666666 0.5458984375 0.40277777708333334 0.5146484375 0.40277777708333334 0.5009765625 0.4166666666666667
0 0.5263671875 0.22569444375 0.5146484375 0.22569444375 0.5029296875 0.23611111041666666 0.490234375 0.25868055625 0.48828125 0.2795138895833333 0.486328125 0.2829861104166667 0.486328125 0.29340277708333334 0.490234375 0.3107638895833333 0.4970703125 0.3263888895833333 0.501953125 0.32465277708333334 0.5068359375 0.3229166666666667 0.5166015625 0.2986111104166667 0.5263671875 0.2916666666666667 0.5302734375 0.28472222291666666 0.5380859375 0.27777777708333334 0.5517578125 0.27777777708333334 0.5546875 0.27256944375000003 0.552734375 0.2552083333333333 0.5419921875 0.23611111041666666 0.5263671875 0.22569444375
0 0.55859375 0.25868055625 0.5546875 0.2760416666666667 0.5693359375 0.2916666666666667 0.580078125 0.3142361104166667 0.5859375 0.33159722291666666 0.5859375 0.3489583333333333 0.5927734375 0.3576388895833333 0.599609375 0.35590277708333334 0.6044921875 0.3541666666666667 0.61328125 0.3420138895833333 0.61328125 0.3177083333333333 0.623046875 0.2795138895833333 0.623046875 0.26909722291666666 0.6103515625 0.24305555625 0.5947265625 0.23263888958333334 0.5830078125 0.23263888958333334 0.5654296875 0.24652777708333332 0.55859375 0.25868055625
0 0.6357421875 0.26388888958333334 0.6259765625 0.27430555624999997 0.619140625 0.28993055624999997 0.619140625 0.296875 0.615234375 0.3072916666666667 0.615234375 0.3454861104166667 0.62109375 0.36631944375000003 0.6357421875 0.3888888895833333 0.6474609375 0.39930555624999997 0.666015625 0.39756944375000003 0.6708984375 0.3888888895833333 0.6826171875 0.37847222291666666 0.69140625 0.35243055624999997 0.69140625 0.3107638895833333 0.689453125 0.30034722291666666 0.6748046875 0.2708333333333333 0.6630859375 0.2604166666666667 0.6513671875 0.25694444375 0.6494140625 0.2604166666666667 0.6357421875 0.26388888958333334
0 0.681640625 0.2795138895833333 0.689453125 0.30034722291666666 0.69140625 0.32465277708333334 0.693359375 0.328125 0.693359375 0.35243055624999997 0.697265625 0.36284722291666666 0.7060546875 0.37152777708333334 0.7158203125 0.37152777708333334 0.7177734375 0.375 0.724609375 0.3732638895833333 0.7333984375 0.36805555624999997 0.744140625 0.3454861104166667 0.748046875 0.33159722291666666 0.748046875 0.29340277708333334 0.7421875 0.27256944375000003 0.7333984375 0.25694444375 0.7216796875 0.24652777708333332 0.7080078125 0.24305555625 0.6904296875 0.25694444375 0.681640625 0.2795138895833333
0 0.736328125 0.36284722291666666 0.732421875 0.3732638895833333 0.73046875 0.39409722291666666 0.7333984375 0.39930555624999997 0.7392578125 0.39930555624999997 0.7568359375 0.4166666666666667 0.767578125 0.4357638895833333 0.7734375 0.45659722291666666 0.7763671875 0.46180555624999997 0.77734375 0.46006944375000003 0.7900390625 0.43055555624999997 0.7978515625 0.4201388895833333 0.8115234375 0.41319444375000003 0.8125 0.39756944375000003 0.806640625 0.3732638895833333 0.7939453125 0.34722222291666666 0.7783203125 0.33680555624999997 0.7587890625 0.33680555624999997 0.7529296875 0.34027777708333334 0.736328125 0.36284722291666666
0 0.7861328125 0.30902777708333334 0.775390625 0.328125 0.775390625 0.33506944375000003 0.7919921875 0.34375 0.80859375 0.3767361104166667 0.8125 0.4079861104166667 0.818359375 0.4079861104166667 0.818359375 0.4010416666666667 0.822265625 0.390625 0.8330078125 0.37152777708333334 0.841796875 0.36284722291666666 0.841796875 0.35243055624999997 0.8359375 0.33159722291666666 0.8232421875 0.30902777708333334 0.8056640625 0.2986111104166667 0.7939453125 0.3020833333333333 0.7861328125 0.30902777708333334
0 0.82421875 0.3107638895833333 0.8359375 0.33159722291666666 0.841796875 0.35243055624999997 0.841796875 0.359375 0.8515625 0.359375 0.853515625 0.3489583333333333 0.8642578125 0.3298611104166667 0.8740234375 0.3263888895833333 0.876953125 0.3177083333333333 0.87109375 0.30034722291666666 0.8603515625 0.28472222291666666 0.8564453125 0.28125 0.8388671875 0.28125 0.82421875 0.30381944375000003 0.82421875 0.3107638895833333
0 0.8564453125 0.3645833333333333 0.8681640625 0.36805555624999997 0.8740234375 0.375 0.8828125 0.390625 0.888671875 0.4114583333333333 0.888671875 0.41840277708333334 0.890625 0.42534722291666666 0.892578125 0.42534722291666666 0.896484375 0.41493055624999997 0.912109375 0.390625 0.91015625 0.36631944375000003 0.904296875 0.3489583333333333 0.8955078125 0.3333333333333333 0.8876953125 0.3263888895833333 0.8681640625 0.3263888895833333 0.853515625 0.3489583333333333 0.8515625 0.359375 0.8564453125 0.3645833333333333
0 0.9150390625 0.3888888895833333 0.9072265625 0.3958333333333333 0.89453125 0.421875 0.892578125 0.453125 0.890625 0.45659722291666666 0.890625 0.484375 0.8984375 0.5260416666666666 0.9072265625 0.5416666666666666 0.9150390625 0.5486111104166667 0.9208984375 0.5520833333333334 0.927734375 0.5503472229166667 0.9443359375 0.5381944437499999 0.953125 0.515625 0.958984375 0.484375 0.958984375 0.46006944375000003 0.95703125 0.45659722291666666 0.95703125 0.4392361104166667 0.953125 0.421875 0.9404296875 0.3958333333333333 0.9306640625 0.3888888895833333 0.9150390625 0.3888888895833333