1 0.4404296875 0.35069444375000003 0.4306640625 0.34375 0.4228515625 0.34375 0.4208984375 0.34027777708333334 0.4033203125 0.34375 0.3955078125 0.35069444375000003 0.37890625 0.38368055624999997 0.375 0.4010416666666667 0.3734375 0.42881944583333337 0.3734375 0.4372916666666667 0.3828125 0.4739583333333333 0.3935546875 0.4895833333333333 0.4150390625 0.5034722229166666 0.4296875 0.5017361104166667 0.4462890625 0.4826388895833333 0.45703125 0.46006944375000003 0.4625 0.43414351875 0.4625 0.40972222291666666 0.455078125 0.3767361104166667 0.4404296875 0.35069444375000003
1 0.2947265625 0.33541666666666664 0.2859375 0.3163194458333333 0.278125 0.309375 0.2625 0.309375 0.2546875 0.3163194458333333 0.2478515625 0.32847222291666667 0.2439453125 0.3388888895833333 0.2400390625 0.36666666666666664 0.2419921875 0.3701388895833333 0.2419921875 0.38055555625 0.25078125 0.40659722291666667 0.265885415625 0.4166666666666667 0.26777344062499997 0.4166666666666667 0.2732421875 0.4152777791666667 0.28203125 0.4100694458333333 0.2927734375 0.3875 0.2953125 0.37847222291666666 0.2953125 0.346875 0.2947265625 0.3458333333333333 0.2947265625 0.33541666666666664
1 0.1634765625 0.3748263895833333 0.1556640625 0.38177083333333334 0.144921875 0.4043402791666667 0.14296875 0.41475694583333333 0.14296875 0.44600694583333333 0.1498046875 0.4685763895833333 0.1556640625 0.47552083333333334 0.16591796875 0.4791666666666667 0.1747070328125 0.4791666666666667 0.1751953125 0.47899305625 0.187890625 0.4529513895833333 0.1890625 0.44670138958333333 0.1890625 0.40233410625 0.1810546875 0.38177083333333334 0.1634765625 0.3748263895833333
1 0.1365234375 0.48680555416666665 0.1287109375 0.49375 0.121875 0.5059027770833333 0.116015625 0.5267361104166667 0.116015625 0.540625 0.1140625 0.5440972208333333 0.116015625 0.5788194437499999 0.119921875 0.5961805541666667 0.1220703125 0.6 0.126757809375 0.6 0.127734375 0.5996527770833333 0.1345703125 0.5944444437499999 0.1423828125 0.5944444437499999 0.1443359375 0.5979166666666667 0.151171875 0.5961805541666667 0.14921875 0.5892361104166667 0.14921875 0.5440972208333333 0.151171875 0.540625 0.153125 0.5197916666666667 0.159375 0.5059027770833333 0.159375 0.49679783958333334 0.1521484375 0.48680555416666665 0.1365234375 0.48680555416666665
1 0.075 0.5354166666666667 0.0671875 0.5284722208333333 0.061328125 0.5284722208333333 0.0486328125 0.5475694437499999 0.0447265625 0.5614583333333333 0.0447265625 0.5822916666666667 0.0427734375 0.5857638875000001 0.0447265625 0.5892361104166667 0.0447265625 0.6065972208333333 0.057421875 0.6361111104166667 0.0636718765625 0.6416666666666667 0.0738281203125 0.6416666666666667 0.0759765625 0.6413194437499999 0.0859375 0.6206597208333334 0.0859375 0.5625 0.0837890625 0.5510416666666667 0.075 0.5354166666666667
1 0.042578125 0.5097222229166667 0.0376953125 0.5184027791666667 0.0337890625 0.5392361124999999 0.0337890625 0.5635416666666667 0.0396484375 0.5913194458333333 0.0421875 0.5958333333333333 0.04296875 0.5958333333333333 0.0435546875 0.5947916666666667 0.0455078125 0.584375 0.0435546875 0.5809027791666667 0.0455078125 0.5774305562500001 0.0455078125 0.5600694458333333 0.0494140625 0.5461805562500001 0.058203125 0.53055555625 0.065625 0.5261574083333334 0.065625 0.5198183770833333 0.054296875 0.5027777791666667 0.042578125 0.5097222229166667
1 0 0.6964285729166666 0.00609375 0.7041666666666667 0.0101562484375 0.7041666666666667 0.0154296875 0.703125 0.0203125 0.6886574083333333 0.0203125 0.6475694437499999 0.0173828125 0.6371527770833333 0.0173828125 0.6267361104166667 0.0056640625 0.6024305562500001 0.001432290625 0.5979166666666667 0.000774396875 0.5979166666666667 0 0.6763888895833333 0 0.6964285729166666
0 0.1796875 0.7340277770833333 0.185546875 0.7027777770833333 0.18359375 0.6645833333333333 0.177734375 0.6402777770833333 0.171875 0.6263888875 0.1611328125 0.6107638875 0.1474609375 0.596875 0.1279296875 0.596875 0.111328125 0.61944444375 0.10546875 0.6402777770833333 0.103515625 0.65069444375 0.103515625 0.6923611104166666 0.10546875 0.6958333333333333 0.10546875 0.70625 0.11328125 0.7340277770833333 0.1259765625 0.7565972208333334 0.1318359375 0.7635416666666667 0.1376953125 0.7635416666666667 0.14501953125 0.76875 0.158203125 0.76875 0.1630859375 0.7670138875 0.1796875 0.7340277770833333
0 0.2150390625 0.5545138875000001 0.2130859375 0.5510416666666667 0.2130859375 0.509375 0.208203125 0.50069444375 0.196484375 0.49027777708333337 0.17890625 0.48680555416666665 0.165234375 0.49722222083333334 0.1544921875 0.51631944375 0.1486328125 0.5440972208333333 0.1486328125 0.5857638875000001 0.1505859375 0.5961805541666667 0.175 0.6326388875000001 0.18684895937499998 0.6416666666666667 0.19882811875 0.6416666666666667 0.2013671875 0.6413194437499999 0.2130859375 0.6239583333333333 0.2203125 0.5982638875 0.2203125 0.5840277770833333 0.2150390625 0.5684027770833333 0.2150390625 0.5545138875000001
0 0.2953125 0.49409722291666663 0.29140625 0.48368055625 0.2748046875 0.4576388895833333 0.2630859375 0.45069444583333335 0.2474609375 0.45069444583333335 0.2259765625 0.47152777916666666 0.219140625 0.48715277916666666 0.219140625 0.49409722291666663 0.215234375 0.5045138895833333 0.215234375 0.5184027791666667 0.21328125 0.521875 0.215234375 0.5635416666666667 0.223046875 0.5878472229166667 0.2376953125 0.6104166666666667 0.24648437343750002 0.6166666666666667 0.25644532343750004 0.6166666666666667 0.269921875 0.615625 0.2787109375 0.6069444458333333 0.2953125 0.5739583333333333 0.297265625 0.5496527791666667 0.2984375 0.5475694458333333 0.2984375 0.5170138895833333 0.297265625 0.51493055625 0.2953125 0.49409722291666663
0 0.0705078125 0.953125 0.0705078125 0.9635416666666666 0.06875 0.9666666666666667 0.06875 0.97430555625 0.083203125 1 0.159375 0.9982858666666666 0.159375 0.99616228125 0.141796875 0.9583333333333334 0.13203125 0.9444444437499999 0.110546875 0.9270833333333334 0.0890625 0.9270833333333334 0.083203125 0.9305555562500001 0.0705078125 0.953125
0 0.665234375 0.53055555625 0.6779296875 0.5010416666666667 0.6857421875 0.459375 0.6837890625 0.43159722291666663 0.6779296875 0.40729166666666666 0.665234375 0.38472222291666663 0.65546875 0.37430555625 0.6515625 0.37430555625 0.645703125 0.36736111250000003 0.6203125 0.36736111250000003 0.618359375 0.37083333333333335 0.6125 0.37083333333333335 0.606640625 0.37430555625 0.5958984375 0.38993055625 0.5841796875 0.428125 0.5822265625 0.43854166666666666 0.5822265625 0.47673611250000003 0.5841796875 0.48020833333333335 0.5841796875 0.49409722291666663 0.5939453125 0.5253472229166667 0.606640625 0.5444444458333333 0.6212239562499999 0.5541666666666667 0.630468759375 0.5541666666666667 0.6427734375 0.553125 0.665234375 0.53055555625
0 0.94140625 0.41475694583333333 0.9326171875 0.40260416666666665 0.9208984375 0.3956597229166666 0.9072265625 0.39913194583333333 0.8974609375 0.4095486125 0.88671875 0.43211805625 0.8828125 0.44947916666666665 0.8828125 0.4703125 0.8857421875 0.47552083333333334 0.8896484375 0.4720486125 0.9072265625 0.4720486125 0.9248046875 0.4859375 0.931640625 0.4980902791666667 0.9375 0.5189236125 0.9375 0.52586805625 0.939013671875 0.53125 0.942109375 0.53125 0.94921875 0.5154513895833334 0.951171875 0.49114583333333334 0.953125 0.4876736125 0.953125 0.45989583333333334 0.94921875 0.4390625 0.94140625 0.41475694583333333
0 0.9830078125 0.42743055416666664 0.9732421875 0.42743055416666664 0.9654296875 0.434375 0.956640625 0.45 0.952734375 0.46388888749999996 0.952734375 0.48819444375000004 0.95078125 0.49166666666666664 0.95078125 0.5125 0.948828125 0.5159722208333333 0.95078125 0.5229166666666667 0.95078125 0.5437499979166667 0.9595703125 0.56631944375 0.9740234390625 0.5791666666666667 0.981640621875 0.5791666666666667 0.9859375 0.5784722229166667 0.9984375 0.5594246041666667 0.9984375 0.450925925 0.9908203125 0.434375 0.9830078125 0.42743055416666664
1 0.6935546875 0.36684027708333333 0.6935546875 0.3251736104166667 0.6837890625 0.2939236104166667 0.680859375 0.2921875 0.67890625 0.28524305624999996 0.66328125 0.2713541666666667 0.64375 0.2713541666666667 0.628125 0.28524305624999996 0.6154296875 0.3182291666666667 0.6134765625 0.32864583333333336 0.6134765625 0.3564236104166667 0.618359375 0.3651041666666667 0.637890625 0.3651041666666667 0.63984375 0.36857638958333333 0.653515625 0.3720486104166667 0.669140625 0.38940972291666665 0.673046875 0.39982638958333333 0.6735351546875 0.4 0.6790283203125 0.4 0.6876953125 0.3876736104166667 0.6935546875 0.36684027708333333
0 0.46015625 0.19479166666666667 0.4484375 0.18784722291666667 0.43671875 0.19131944583333332 0.4220703125 0.21388888958333335 0.4203125 0.22326388958333335 0.4203125 0.24901175416666668 0.4328125 0.27465277708333335 0.4369140625 0.27708333333333335 0.44746094062499997 0.27708333333333335 0.4533203125 0.2763888895833333 0.458203125 0.27465277708333335 0.4650390625 0.26597222291666667 0.471875 0.23862847291666667 0.471875 0.22604166666666667 0.4708984375 0.21736111249999998 0.46015625 0.19479166666666667
0 0.026171875 0.5520833333333334 0.0203125 0.5486111104166667 0.0125 0.5555555562500001 0.0076171875 0.5711805562500001 0.0056640625 0.6024305562500001 0.0173828125 0.6267361104166667 0.0193359375 0.6440972229166667 0.022265625 0.6493055562500001 0.0271484375 0.6475694437499999 0.0330078125 0.640625 0.0375 0.6273148145833333 0.0375 0.5828703708333334 0.0330078125 0.5642361104166667 0.026171875 0.5520833333333334