1 0.339453125 0.48784722291666666 0.327734375 0.5260416666666666 0.327734375 0.5364583333333334 0.32578125 0.5399305562500001 0.32578125 0.5711805562500001 0.33359375 0.6128472229166667 0.3482421875 0.6423611104166667 0.3677734375 0.6597222229166667 0.3736328125 0.6597222229166667 0.3751953125 0.6625 0.381445309375 0.6625 0.390234375 0.6614583333333334 0.3990234375 0.6597222229166667 0.4126953125 0.6493055562500001 0.433203125 0.6197916666666666 0.4421875 0.5782638875 0.4421875 0.5267361125 0.433203125 0.4947916666666667 0.4126953125 0.46180555624999997 0.398111978125 0.45208333333333334 0.37457031406249996 0.45208333333333334 0.3501953125 0.46875 0.339453125 0.48784722291666666
1 0.3265625 0.5739583333333333 0.32265625 0.5565972229166667 0.316796875 0.5427083333333333 0.2982421875 0.5131944458333334 0.2943359375 0.5131944458333334 0.2884765625 0.50625 0.2806640625 0.50625 0.2787109375 0.5027777791666667 0.2591796875 0.50625 0.2494140625 0.5131944458333334 0.230859375 0.5461805562500001 0.225 0.5635416666666667 0.223046875 0.5947916666666667 0.22109375 0.5982638895833333 0.223046875 0.6399305562500001 0.234765625 0.678125 0.2435546875 0.69375 0.2591796875 0.7076388895833333 0.2708984375 0.7076388895833333 0.2724609375 0.7104166666666667 0.27949219531249997 0.7104166666666667 0.289453125 0.709375 0.3080078125 0.69375 0.324609375 0.6572916666666667 0.328515625 0.6434027791666667 0.3296875 0.6204861125 0.3296875 0.6038194458333332 0.328515625 0.6017361124999999 0.3265625 0.5739583333333333
1 0.2529296875 0.5098958333333333 0.2646484375 0.5064236104166667 0.2666015625 0.5029513895833333 0.2802734375 0.5029513895833333 0.2822265625 0.5064236104166667 0.2900390625 0.5064236104166667 0.2998046875 0.5168402770833334 0.302734375 0.51163194375 0.302734375 0.48385416666666664 0.298828125 0.4630208333333333 0.29296875 0.44565972291666667 0.2841796875 0.43003472291666667 0.2666015625 0.4161458333333333 0.2470703125 0.4161458333333333 0.2392578125 0.42309027708333335 0.224609375 0.44565972291666667 0.21484375 0.47690972291666667 0.212890625 0.51163194375 0.21484375 0.5151041666666667 0.21484375 0.5289930562499999 0.222509765625 0.55625 0.22680220156250003 0.55625 0.244140625 0.5185763895833333 0.2529296875 0.5098958333333333
1 0.185546875 0.4951388895833333 0.18359375 0.4256944458333333 0.181640625 0.41875 0.177734375 0.4083333333333333 0.1689453125 0.39618055625 0.1533203125 0.3927083333333333 0.1435546875 0.3996527791666667 0.1328125 0.41875 0.126953125 0.4395833333333333 0.126953125 0.4881944458333333 0.130859375 0.5020833333333333 0.1357421875 0.5072916666666667 0.1474609375 0.496875 0.1591796875 0.496875 0.1611328125 0.5003472229166667 0.1669921875 0.5003472229166667 0.1745442703125 0.5104166666666666 0.176171878125 0.5104166666666666 0.181640625 0.5090277791666666 0.185546875 0.4951388895833333
1 0.5951171875 0.3142361104166667 0.5892578125 0.296875 0.574609375 0.27430555624999997 0.562890625 0.2673611104166667 0.5453125 0.2673611104166667 0.53359375 0.27430555624999997 0.5169921875 0.296875 0.5111328125 0.3177083333333333 0.5111328125 0.33159722291666666 0.523828125 0.35069444375000003 0.5287109375 0.36284722291666666 0.5345703125 0.38368055624999997 0.5384765625 0.42534722291666666 0.543359375 0.43055555624999997 0.5619140625 0.42881944375000003 0.578515625 0.41319444375000003 0.5912109375 0.390625 0.5970703125 0.3732638895833333 0.5984375 0.3489583333333333 0.5984375 0.3375 0.5970703125 0.33506944375000003 0.5951171875 0.3142361104166667
1 0.48125 0.16284722291666667 0.46953125 0.15590277916666664 0.46171875 0.15590277916666664 0.444140625 0.16979166874999999 0.4392578125 0.17847222291666667 0.4333984375 0.19930555625000002 0.4333984375 0.2236111125 0.4353515625 0.23402777916666664 0.451953125 0.2600694458333333 0.4546874984375 0.2625 0.465820325 0.2625 0.4724609375 0.26180555625 0.47734375 0.2600694458333333 0.4880859375 0.24444444583333333 0.4921875 0.2298611125 0.4921875 0.1829861125 0.4919921875 0.18194444583333333 0.48125 0.16284722291666667
1 0.418359375 0.07552083333333333 0.406640625 0.07899305416666666 0.3978515625 0.09461805416666666 0.3958984375 0.10503472083333333 0.3978515625 0.12239583333333333 0.4046875 0.13454861041666666 0.4131835953125 0.13958333333333334 0.413834634375 0.13958333333333334 0.42421875 0.13454861041666666 0.4328125 0.11587577083333334 0.4328125 0.09392361041666668 0.4310546875 0.08767361041666667 0.418359375 0.07552083333333333
1 0.35625 0.14895833541666667 0.350390625 0.14895833541666667 0.33671875 0.15937500208333333 0.3298828125 0.17152777916666664 0.3259765625 0.18541666874999999 0.3259765625 0.20972222291666667 0.334765625 0.23229166874999999 0.3406249984375 0.2375 0.3572265640625 0.2375 0.3708984375 0.22013888958333333 0.3734375 0.21111111249999998 0.3734375 0.17202932291666664 0.366015625 0.15590277916666664 0.35625 0.14895833541666667
1 0.311328125 0.14618055416666667 0.299609375 0.14618055416666667 0.295703125 0.14965277708333333 0.2869140625 0.16180555416666667 0.2830078125 0.17569444374999998 0.283984375 0.18784722083333336 0.29375 0.17743055416666667 0.309375 0.17743055416666667 0.3171875 0.18437499791666667 0.320703125 0.19375 0.322851559375 0.19375 0.3234375 0.19340277708333334 0.3234375 0.16393849166666669 0.3171875 0.14965277708333333 0.311328125 0.14618055416666667
1 0.3255859375 0.1217013875 0.3119140625 0.1217013875 0.303125 0.13385416666666666 0.301171875 0.14427083333333332 0.3119140625 0.14600694374999998 0.3197265625 0.1529513875 0.3265625 0.17204861041666666 0.3265625 0.1789930541666667 0.328515625 0.1789930541666667 0.332421875 0.16510416666666666 0.332421875 0.1546875 0.3359375 0.1453125 0.3359375 0.1421875 0.334375 0.13385416666666666 0.3255859375 0.1217013875
1 0.73125 0.5284722208333333 0.72734375 0.5284722208333333 0.715625 0.5180555541666666 0.6921875 0.5180555541666666 0.690234375 0.5215277770833333 0.684375 0.5215277770833333 0.66484375 0.5388888875000001 0.6501953125 0.5684027770833333 0.6404296875 0.5996527770833333 0.6404296875 0.6100694437499999 0.6384765625 0.6135416666666667 0.6384765625 0.6517361104166667 0.64140625 0.6569444437499999 0.655078125 0.6569444437499999 0.68046875 0.6708333333333333 0.6921875 0.6847222208333333 0.7068359375 0.7107638875000001 0.7171688984375 0.7458333333333333 0.723046871875 0.7458333333333333 0.7244140625 0.7454861104166667 0.741015625 0.7298611104166667 0.7556640625 0.7003472208333333 0.7640625 0.6615277770833334 0.7640625 0.6078703708333334 0.7537109375 0.5649305541666667 0.73125 0.5284722208333333
0 0.90625 0.34149305625 0.8974609375 0.32586805625 0.8857421875 0.3154513895833333 0.8740234375 0.3154513895833333 0.8701171875 0.31892361041666667 0.859375 0.34149305625 0.8623046875 0.3467013895833333 0.8662109375 0.34322916666666664 0.8740234375 0.35017361041666667 0.888671875 0.37274305625 0.896484375 0.40399305625 0.898369140625 0.4375 0.9028564453125 0.4375 0.9140625 0.4109375 0.9140625 0.37274305625 0.912109375 0.3623263895833333 0.90625 0.34149305625
0 0.8966796875 0.4043402791666667 0.8908203125 0.3800347229166666 0.8703125 0.3470486125 0.852734375 0.3470486125 0.8390625 0.3574652791666667 0.8341796875 0.36614583333333334 0.8302734375 0.38697916666666665 0.844921875 0.3921875 0.856640625 0.40260416666666665 0.8693359375 0.4251736125 0.8732421875 0.4564236125 0.8751953125 0.45989583333333334 0.8751953125 0.48541666666666666 0.882165528125 0.48541666666666666 0.8947265625 0.45989583333333334 0.8984375 0.4401041666666667 0.8984375 0.43871527708333335 0.8966796875 0.4355902791666667 0.8966796875 0.4043402791666667
0 0.875390625 0.4560763895833333 0.867578125 0.42135416666666664 0.8568359375 0.40225694375000004 0.8392578125 0.38836805625 0.8275390625 0.38836805625 0.8060546875 0.40572916666666664 0.793359375 0.43524305625 0.79140625 0.44913194375000004 0.8158203125 0.4717013895833333 0.828515625 0.4942708333333333 0.83828125 0.5324652770833334 0.8401584203124999 0.5625 0.8475976562499999 0.5625 0.8568359375 0.5550347229166667 0.865625 0.5394097229166667 0.871484375 0.5220486104166667 0.875390625 0.5012152770833334 0.875390625 0.48038194375000004 0.8765625 0.4782986104166667 0.8765625 0.47552083333333334 0.875390625 0.4734375 0.875390625 0.4560763895833333
0 0.8357421875 0.5232638875 0.8298828125 0.5024305541666666 0.815234375 0.47291666666666665 0.795703125 0.45555555416666665 0.776171875 0.45555555416666665 0.7546875 0.47291666666666665 0.7498046875 0.48159722083333334 0.7361328125 0.5232638875 0.7361328125 0.5336805541666667 0.7498046875 0.5545138875000001 0.7615234375 0.5892361104166667 0.7654296875 0.6100694437499999 0.7654296875 0.6517361104166667 0.7732142859375 0.6625 0.790624990625 0.6625 0.7947265625 0.6621527770833333 0.8015625 0.6604166666666667 0.8240234375 0.6309027770833333 0.8337890625 0.603125 0.8376953125 0.571875 0.8390625 0.5694444437499999 0.8390625 0.5534722208333334 0.8376953125 0.5510416666666667 0.8357421875 0.5232638875
0 0.6427734375 0.4114583333333333 0.6330078125 0.44618055624999997 0.63125 0.48055555624999996 0.63125 0.48472222291666667 0.6330078125 0.48784722291666666 0.6330078125 0.5017361104166667 0.6369140625 0.5121527770833334 0.6369140625 0.5190972229166666 0.6447265625 0.5399305562500001 0.653515625 0.5520833333333334 0.6564453125 0.5503472229166667 0.673046875 0.5277777770833334 0.696484375 0.5138888895833333 0.71015625 0.5138888895833333 0.727734375 0.52430555625 0.7326171875 0.5190972229166666 0.7375 0.49884259375 0.7375 0.44849537083333335 0.7326171875 0.42534722291666666 0.71796875 0.3923611104166667 0.696484375 0.375 0.675 0.375 0.657421875 0.3888888895833333 0.6427734375 0.4114583333333333
0 0.773046875 0.3734375 0.765234375 0.34913194375 0.7447265625 0.31961805416666667 0.7388671875 0.31961805416666667 0.7291015625 0.3126736104166667 0.7271484375 0.31614583333333335 0.7115234375 0.31961805416666667 0.7037109375 0.3265625 0.691015625 0.34913194375 0.687109375 0.36302083333333335 0.687109375 0.3734375 0.7037109375 0.37864583333333335 0.7173828125 0.3925347208333333 0.726171875 0.4081597208333333 0.7359375 0.4394097208333333 0.7397904828125 0.47708333333333336 0.74833984375 0.47708333333333336 0.7544921875 0.47239583333333335 0.7671875 0.4498263875 0.775 0.42552083333333335 0.7765625 0.4032986104166667 0.7765625 0.39704861041666667 0.775 0.39427083333333335 0.773046875 0.3734375
0 0.80546875 0.2947916666666667 0.799609375 0.29131944375 0.795703125 0.284375 0.780078125 0.28090277708333333 0.778125 0.284375 0.772265625 0.284375 0.760546875 0.2982638875 0.7537109375 0.3104166666666667 0.7517578125 0.32777777708333333 0.7693359375 0.3555555541666667 0.7693359375 0.3625 0.7771484375 0.39375 0.7771484375 0.425 0.7826171875 0.42916666666666664 0.7869140609375 0.42916666666666664 0.7888671875 0.4284722208333333 0.79375 0.4267361104166667 0.809375 0.39895833333333336 0.8220703125 0.3868055541666667 0.8234375 0.3625 0.8234375 0.3494791666666667 0.8162109375 0.3173611104166667 0.80546875 0.2947916666666667
0 0.78515625 0.19947916666666668 0.7783203125 0.18732638958333334 0.7666015625 0.17690972291666668 0.7509765625 0.17690972291666668 0.7431640625 0.18385416666666668 0.736328125 0.19947916666666668 0.734375 0.20989583333333334 0.736328125 0.24461805625000002 0.7490234375 0.27413194375 0.7568359375 0.2810763895833333 0.7581054640625 0.28125 0.7739257828125 0.28125 0.7744140625 0.2810763895833333 0.787109375 0.26197916666666665 0.7890625 0.2550347229166667 0.7890625 0.21684027916666665 0.78515625 0.2064236125 0.78515625 0.19947916666666668
0 0.7833984375 0.17586805625000002 0.766796875 0.15329861041666665 0.753125 0.15329861041666665 0.7384765625 0.17586805625000002 0.739453125 0.19149305625000002 0.753125 0.17760416666666667 0.770703125 0.18107638958333333 0.78046875 0.19149305625000002 0.7850802953125 0.20625 0.7873046875 0.20625 0.7873046875 0.19322916666666667 0.7833984375 0.17586805625000002
0 0.5123046875 0.33368055625 0.4927734375 0.31979166666666664 0.4751953125 0.31979166666666664 0.4576171875 0.33368055625 0.4498046875 0.34409722291666667 0.441015625 0.3631944458333333 0.441015625 0.3701388895833333 0.437109375 0.38055555625 0.437109375 0.39791666666666664 0.43515625 0.4013888895833333 0.43515625 0.42222222291666667 0.437109375 0.4256944458333333 0.4390625 0.4465277791666667 0.44296875 0.46041666666666664 0.44765625 0.46875 0.448046875 0.46875 0.448828125 0.4673611125 0.4693359375 0.42743055625 0.4849609375 0.41354166666666664 0.4908203125 0.41354166666666664 0.4927734375 0.4100694458333333 0.5162109375 0.4100694458333333 0.5337890625 0.4239583333333333 0.5359375 0.4201388895833333 0.5359375 0.40069444583333336 0.52890625 0.3631944458333333 0.5123046875 0.33368055625
0 0.576171875 0.60625 0.5703125 0.5923611125 0.5537109375 0.5663194458333333 0.5361328125 0.55243055625 0.5009765625 0.55243055625 0.4990234375 0.5559027791666666 0.4912109375 0.5559027791666666 0.4697265625 0.5767361125 0.44921875 0.6201388895833334 0.4453125 0.6409722229166667 0.4453125 0.6548611125 0.44375 0.6576388895833334 0.44375 0.7125 0.447265625 0.73125 0.455078125 0.75555555625 0.4609375 0.7694444458333333 0.4716796875 0.7850694458333333 0.4814453125 0.7920138895833334 0.4853515625 0.7989583333333333 0.4970703125 0.80243055625 0.4990234375 0.8059027791666666 0.5068359375 0.8059027791666666 0.508203125 0.8083333333333333 0.5199218796875 0.8083333333333333 0.52734375 0.8076388895833334 0.5341796875 0.80243055625 0.5400390625 0.80243055625 0.55859375 0.7798611125 0.55859375 0.7729166666666667 0.5625 0.7625 0.5625 0.7520833333333333 0.5703125 0.73125 0.5703125 0.72430555625 0.5875 0.6903549375 0.5875 0.68125 0.5859375 0.6479166666666667 0.576171875 0.60625
0 0.7146484375 0.7418402770833333 0.7068359375 0.7140625 0.682421875 0.67413194375 0.6609375 0.66024305625 0.64921875 0.66024305625 0.647265625 0.6567708333333333 0.62578125 0.66024305625 0.6140625 0.6671875 0.60234375 0.6810763895833334 0.5984375 0.6810763895833334 0.588671875 0.69149305625 0.5701171875 0.7279513895833334 0.5701171875 0.7348958333333333 0.5642578125 0.75225694375 0.5623046875 0.7730902770833333 0.5603515625 0.7765625 0.5603515625 0.8494791666666667 0.5720703125 0.8876736104166666 0.584765625 0.91024305625 0.5984375 0.9276041666666667 0.621875 0.94149305625 0.6237304625 0.9416666666666667 0.64306640625 0.9416666666666667 0.64921875 0.9380208333333333 0.65703125 0.9380208333333333 0.684375 0.9137152770833333 0.7029296875 0.87725694375 0.7171875 0.8233940979166667 0.7171875 0.7671875 0.7166015625 0.7661458333333333 0.7146484375 0.7418402770833333
0 0.1765625 0.5104166666666666 0.158984375 0.49652777708333334 0.147265625 0.49652777708333334 0.13359375 0.50694444375 0.1208984375 0.5329861104166667 0.1150390625 0.5642361104166667 0.1150390625 0.5850694437499999 0.1228515625 0.6302083333333334 0.135546875 0.65625 0.151171875 0.6701388895833333 0.1638671875 0.6684027770833333 0.17265625 0.6631944437499999 0.18046875 0.6527777770833333 0.1873046875 0.6371527770833333 0.1931640625 0.609375 0.19375 0.5979166666666667 0.19375 0.5644965291666666 0.1873046875 0.5329861104166667 0.1765625 0.5104166666666666
0 0.1072265625 0.7239583333333334 0.090625 0.6944444437499999 0.07890625 0.6840277770833333 0.0671875 0.6840277770833333 0.059375 0.6909722229166667 0.0486328125 0.7100694437499999 0.0447265625 0.7309027770833333 0.0447265625 0.7447916666666666 0.0427734375 0.7482638895833333 0.0427734375 0.765625 0.0447265625 0.7690972229166667 0.0466796875 0.796875 0.0583984375 0.8350694437499999 0.065234375 0.8472222229166667 0.0701171875 0.8454861104166667 0.073046875 0.8368055562500001 0.08671875 0.8229166666666666 0.10234375 0.8229166666666666 0.11015625 0.8298611104166667 0.116015625 0.8298611104166667 0.1171875 0.825 0.1171875 0.7708333333333334 0.1169921875 0.765625 0.1072265625 0.7239583333333334
0 0.0701171875 0.8454861104166667 0.0662109375 0.859375 0.0642578125 0.8871527770833333 0.0623046875 0.890625 0.0662109375 0.9392361104166667 0.0779296875 0.9809027770833333 0.088671875 1 0.1599609375 0.9982638895833333 0.1609375 0.9965277770833333 0.1609375 0.96875 0.1599609375 0.9670138895833333 0.1580078125 0.9288194437499999 0.1501953125 0.8975694437499999 0.1404296875 0.8732638895833333 0.123828125 0.84375 0.112109375 0.8298611104166667 0.100390625 0.8263888895833333 0.0984375 0.8229166666666666 0.088671875 0.8229166666666666 0.07890625 0.8298611104166667 0.0701171875 0.8454861104166667
0 0.1857421875 0.28819444375000003 0.1720703125 0.28819444375000003 0.1642578125 0.2951388895833333 0.15546875 0.3107638895833333 0.1515625 0.32465277708333334 0.1515625 0.359375 0.153515625 0.3697916666666667 0.1623046875 0.3854166666666667 0.1681640625 0.3888888895833333 0.17890625 0.38715277708333334 0.1896484375 0.37847222291666666 0.1984375 0.35243055624999997 0.1984375 0.3142361104166667 0.19453125 0.30034722291666666 0.1857421875 0.28819444375000003
0 0.3171875 0.18472222083333334 0.30546875 0.17430555416666668 0.29375 0.17777777708333334 0.283984375 0.18819444375 0.2771484375 0.20381944375 0.2751953125 0.21423611041666665 0.2751953125 0.23854166666666668 0.2791015625 0.25243055416666665 0.287890625 0.26458333333333334 0.2914062515625 0.26666666666666666 0.299218746875 0.26666666666666666 0.3005859375 0.26631944375 0.311328125 0.2611111104166667 0.3181640625 0.24895833333333334 0.3234375 0.22708333333333333 0.3234375 0.21631944374999998 0.3220703125 0.196875 0.3171875 0.18472222083333334