1 0.6064453125 0.38194444375000003 0.5908203125 0.37152777708333334 0.5654296875 0.37152777708333334 0.5458984375 0.3888888895833333 0.53515625 0.4079861104166667 0.52734375 0.4392361104166667 0.52734375 0.48090277708333334 0.53515625 0.515625 0.5517578125 0.5451388895833333 0.5673828125 0.5555555562500001 0.58984375 0.5538194437499999 0.5966796875 0.5520833333333334 0.6083984375 0.5416666666666666 0.619140625 0.5260416666666666 0.630859375 0.484375 0.630859375 0.44618055624999997 0.623046875 0.4114583333333333 0.6171875 0.39756944375000003 0.6064453125 0.38194444375000003
1 0.189453125 0.24479166666666666 0.193359375 0.25173611041666666 0.1953125 0.265625 0.1982421875 0.2708333333333333 0.205078125 0.26909722291666666 0.2080078125 0.2673611104166667 0.216796875 0.24826388958333334 0.216796875 0.22743055625 0.2099609375 0.21180555625 0.2001953125 0.21180555625 0.1962890625 0.21527777708333332 0.189453125 0.23090277708333332 0.189453125 0.24479166666666666
1 0.1806640625 0.22222222291666668 0.171875 0.24131944375 0.189453125 0.24131944375 0.19140625 0.22395833333333334 0.1865234375 0.21875 0.1806640625 0.22222222291666668
1 0.298828125 0.16145833333333334 0.30078125 0.16840277708333332 0.3076171875 0.17708333333333334 0.318359375 0.17534722291666668 0.3212890625 0.17361111041666666 0.328125 0.15798611041666666 0.328125 0.140625 0.3212890625 0.125 0.3134765625 0.12152777708333334 0.3076171875 0.125 0.298828125 0.140625 0.298828125 0.16145833333333334
1 0.5517578125 0.10763888958333333 0.564453125 0.10590277708333334 0.564453125 0.08854166666666667 0.572265625 0.06423611041666667 0.5654296875 0.052083333333333336 0.5517578125 0.052083333333333336 0.54296875 0.06423611041666667 0.541015625 0.08506944375 0.5478515625 0.10416666666666667 0.5517578125 0.10763888958333333
1 0.564453125 0.10243055625 0.5751953125 0.125 0.5791015625 0.12847222291666666 0.58984375 0.1267361104166667 0.599609375 0.11284722291666666 0.6015625 0.10590277708333334 0.6015625 0.08506944375 0.5947265625 0.06944444375 0.5869140625 0.0625 0.5732421875 0.06597222291666667 0.56640625 0.078125 0.564453125 0.10243055625
1 0.646484375 0.06770833333333333 0.646484375 0.08159722291666666 0.6552734375 0.09027777708333334 0.6650390625 0.11111111041666667 0.669921875 0.109375 0.6748046875 0.10416666666666667 0.6796875 0.09201388958333333 0.6796875 0.078125 0.67578125 0.06423611041666667 0.6650390625 0.052083333333333336 0.6572265625 0.052083333333333336 0.6494140625 0.05902777708333333 0.646484375 0.06770833333333333
1 0.623046875 0.09895833333333333 0.62109375 0.109375 0.623046875 0.13020833333333334 0.6318359375 0.14930555625 0.6396484375 0.15625 0.650390625 0.15451388958333334 0.6552734375 0.14930555625 0.662109375 0.13368055625 0.6640625 0.12326388958333333 0.662109375 0.10590277708333334 0.6572265625 0.09375 0.6474609375 0.08333333333333333 0.6337890625 0.08333333333333333 0.623046875 0.09895833333333333
1 0.71875 0.10243055625 0.7314453125 0.12847222291666666 0.740234375 0.13020833333333334 0.7470703125 0.125 0.751953125 0.11284722291666666 0.751953125 0.09548611041666667 0.7412109375 0.07291666666666667 0.7353515625 0.06944444375 0.7255859375 0.07291666666666667 0.720703125 0.08159722291666666 0.71875 0.10243055625
1 0.794921875 0.140625 0.791015625 0.15451388958333334 0.791015625 0.16840277708333332 0.794921875 0.18576388958333334 0.8056640625 0.20486111041666666 0.8115234375 0.20833333333333334 0.81640625 0.20659722291666668 0.8212890625 0.20486111041666666 0.828125 0.19270833333333334 0.830078125 0.18576388958333334 0.830078125 0.16145833333333334 0.826171875 0.14756944375 0.8193359375 0.13541666666666666 0.8076171875 0.12847222291666666 0.794921875 0.140625
1 0.90234375 0.21006944375 0.900390625 0.24131944375 0.904296875 0.2552083333333333 0.9130859375 0.2708333333333333 0.9169921875 0.27430555624999997 0.919921875 0.27256944375000003 0.921875 0.25173611041666666 0.923828125 0.24479166666666666 0.93359375 0.23090277708333332 0.93359375 0.22395833333333334 0.9296875 0.21006944375 0.9228515625 0.19791666666666666 0.9091796875 0.19444444375 0.90234375 0.21006944375
0 0.4775390625 0.24305555625 0.4599609375 0.25347222291666666 0.4453125 0.2795138895833333 0.44140625 0.30034722291666666 0.44140625 0.3177083333333333 0.443359375 0.32118055624999997 0.4453125 0.3420138895833333 0.44921875 0.35243055624999997 0.4638671875 0.375 0.4677734375 0.37847222291666666 0.48828125 0.3767361104166667 0.5029296875 0.3645833333333333 0.513671875 0.3420138895833333 0.517578125 0.328125 0.517578125 0.29340277708333334 0.513671875 0.2760416666666667 0.5068359375 0.2604166666666667 0.4931640625 0.24652777708333332 0.4775390625 0.24305555625
0 0.503671071875 0.4487753020833333 0.49585857187500004 0.420997525 0.47925700937500004 0.3914836354166667 0.46753825937500004 0.3880114145833333 0.46167888437500004 0.38106696875 0.45777263437500004 0.38453919166666667 0.45191325937500004 0.38453919166666667 0.44996013437500004 0.38106696875 0.44800700937500004 0.38453919166666667 0.43824138437500004 0.38453919166666667 0.42847575937500004 0.3914836354166667 0.42066325937500004 0.4019003020833333 0.40992107187500004 0.42446974791666664 0.40210857187500004 0.4661364145833333 0.40406169687500004 0.5008586354166666 0.40796794687500004 0.514747525 0.41968669687500004 0.53905308125 0.43042888437500004 0.55467808125 0.44605388437500004 0.5581503020833334 0.44800700937500004 0.5616225250000001 0.46460857187500004 0.5598864145833333 0.47730388437500004 0.55467808125 0.48511638437500004 0.5442614145833333 0.49976482187500004 0.514747525 0.503671071875 0.4973864145833333 0.503671071875 0.47655308124999995 0.505624196875 0.47308085833333335 0.503671071875 0.4696086354166667 0.503671071875 0.4487753020833333
0 0.3935546875 0.28472222291666666 0.3798828125 0.2951388895833333 0.3671875 0.3107638895833333 0.359375 0.33506944375000003 0.357421875 0.36631944375000003 0.365234375 0.4010416666666667 0.3701171875 0.40972222291666666 0.3857421875 0.4236111104166667 0.408203125 0.421875 0.431640625 0.38715277708333334 0.43359375 0.36631944375000003 0.435546875 0.36284722291666666 0.435546875 0.3420138895833333 0.431640625 0.32118055624999997 0.4228515625 0.3020833333333333 0.4091796875 0.28819444375000003 0.3935546875 0.28472222291666666
0 0.2451171875 0.2951388895833333 0.236328125 0.3142361104166667 0.234375 0.32465277708333334 0.234375 0.35590277708333334 0.236328125 0.36631944375000003 0.2470703125 0.3854166666666667 0.2529296875 0.3888888895833333 0.26953125 0.38715277708333334 0.2744140625 0.3854166666666667 0.283203125 0.3697916666666667 0.2890625 0.3489583333333333 0.2890625 0.3142361104166667 0.287109375 0.3072916666666667 0.2724609375 0.28472222291666666 0.2548828125 0.28472222291666666 0.2451171875 0.2951388895833333
0 0.1640625 0.2864583333333333 0.166015625 0.29340277708333334 0.1708984375 0.3020833333333333 0.1796875 0.30381944375000003 0.1865234375 0.2986111104166667 0.1953125 0.2795138895833333 0.193359375 0.25173611041666666 0.1884765625 0.24305555625 0.1826171875 0.23958333333333334 0.1708984375 0.24652777708333332 0.1640625 0.26215277708333334 0.1640625 0.2864583333333333
0 0.1416015625 0.27430555624999997 0.1328125 0.296875 0.1328125 0.3177083333333333 0.134765625 0.32465277708333334 0.1396484375 0.3333333333333333 0.146484375 0.33159722291666666 0.1513671875 0.3298611104166667 0.158203125 0.3177083333333333 0.162109375 0.30034722291666666 0.16015625 0.296875 0.16015625 0.2864583333333333 0.1533203125 0.27430555624999997 0.1474609375 0.2708333333333333 0.1416015625 0.27430555624999997
0 0.1630859375 0.2986111104166667 0.16796875 0.296875 0.1640625 0.2829861104166667 0.1640625 0.265625 0.171875 0.24826388958333334 0.1611328125 0.24652777708333332 0.154296875 0.25868055625 0.15234375 0.27256944375000003 0.16015625 0.2864583333333333 0.1630859375 0.2986111104166667
0 0.240234375 0.203125 0.2470703125 0.21180555625 0.25 0.21006944375 0.2587890625 0.20486111041666666 0.265625 0.18229166666666666 0.263671875 0.16840277708333332 0.2548828125 0.15625 0.2431640625 0.16319444375 0.23828125 0.17534722291666668 0.23828125 0.19618055625 0.240234375 0.203125
0 0.2294921875 0.21180555625 0.2421875 0.21006944375 0.2421875 0.203125 0.23828125 0.19618055625 0.240234375 0.16493055625 0.2353515625 0.16319444375 0.2294921875 0.16666666666666666 0.22265625 0.18229166666666666 0.224609375 0.203125 0.2294921875 0.21180555625
0 0.271484375 0.17881944375 0.2763671875 0.1875 0.2802734375 0.19097222291666668 0.291015625 0.18923611041666666 0.298828125 0.17534722291666668 0.298828125 0.15104166666666666 0.296875 0.14409722291666668 0.2919921875 0.13888888958333334 0.2822265625 0.13888888958333334 0.271484375 0.15451388958333334 0.26953125 0.16840277708333332 0.271484375 0.17881944375
1 0.37890625 0.14756944375 0.384765625 0.13715277708333332 0.384765625 0.11631944375 0.3779296875 0.10416666666666667 0.3681640625 0.10069444375 0.3671875 0.109375 0.369140625 0.11979166666666667 0.376953125 0.14756944375 0.37890625 0.14756944375
0 0.5 0.07465277708333334 0.5 0.09201388958333333 0.5068359375 0.10763888958333333 0.5146484375 0.11458333333333333 0.51953125 0.11284722291666666 0.5244140625 0.11111111041666667 0.533203125 0.09548611041666667 0.533203125 0.07465277708333334 0.53125 0.06770833333333333 0.5224609375 0.05555555625 0.5107421875 0.05555555625 0.501953125 0.06770833333333333 0.5 0.07465277708333334
0 0.6962890625 0.11805555625 0.6904296875 0.125 0.685546875 0.13715277708333332 0.68359375 0.14756944375 0.685546875 0.171875 0.6875 0.17881944375 0.7001953125 0.19791666666666666 0.7041015625 0.20138888958333334 0.716796875 0.19965277708333332 0.7255859375 0.19097222291666668 0.73046875 0.17534722291666668 0.73046875 0.14756944375 0.7265625 0.13368055625 0.7158203125 0.11805555625 0.7080078125 0.11805555625 0.7060546875 0.11458333333333333 0.6962890625 0.11805555625
0 0.8330078125 0.14930555625 0.8408203125 0.15625 0.849609375 0.15451388958333334 0.85546875 0.140625 0.85546875 0.12326388958333333 0.853515625 0.11631944375 0.8408203125 0.09722222291666666 0.8310546875 0.10069444375 0.826171875 0.11631944375 0.828125 0.13715277708333332 0.8330078125 0.14930555625