1 0.2919921875 0.4201388895833333 0.2802734375 0.40972222291666666 0.2705078125 0.40972222291666666 0.2529296875 0.4201388895833333 0.240234375 0.4392361104166667 0.23046875 0.47743055624999997 0.23046875 0.5052083333333334 0.236328125 0.5295138895833333 0.2470703125 0.5520833333333334 0.2587890625 0.5625 0.287109375 0.5607638895833333 0.2939453125 0.5555555562500001 0.30859375 0.52256944375 0.310546875 0.4947916666666667 0.3125 0.49131944375000003 0.310546875 0.484375 0.310546875 0.4670138895833333 0.30078125 0.4357638895833333 0.2919921875 0.4201388895833333
1 0.6806640625 0.18055555625 0.669921875 0.203125 0.669921875 0.23090277708333332 0.67578125 0.25173611041666666 0.6826171875 0.26388888958333334 0.6923828125 0.2708333333333333 0.705078125 0.26909722291666666 0.7138671875 0.2604166666666667 0.720703125 0.24479166666666666 0.72265625 0.21701388958333334 0.71875 0.19965277708333332 0.7080078125 0.18055555625 0.6982421875 0.17361111041666666 0.6884765625 0.17361111041666666 0.6806640625 0.18055555625
1 0.8330078125 0.2951388895833333 0.826171875 0.3072916666666667 0.8203125 0.328125 0.8203125 0.359375 0.828125 0.390625 0.8408203125 0.41319444375000003 0.8466796875 0.4166666666666667 0.859375 0.41493055624999997 0.876953125 0.38715277708333334 0.880859375 0.3732638895833333 0.880859375 0.3385416666666667 0.873046875 0.3107638895833333 0.8642578125 0.2951388895833333 0.8544921875 0.28819444375000003 0.8408203125 0.28819444375000003 0.8330078125 0.2951388895833333
0 0.3603515625 0.26388888958333334 0.341796875 0.2864583333333333 0.3359375 0.3107638895833333 0.3359375 0.3420138895833333 0.33984375 0.35590277708333334 0.3525390625 0.375 0.3642578125 0.37847222291666666 0.3662109375 0.38194444375000003 0.373046875 0.3802083333333333 0.3818359375 0.375 0.39453125 0.35243055624999997 0.3984375 0.3385416666666667 0.3984375 0.30381944375000003 0.390625 0.2795138895833333 0.3837890625 0.2708333333333333 0.3759765625 0.26388888958333334 0.3603515625 0.26388888958333334
0 0.1904296875 0.5208333333333334 0.1748046875 0.5104166666666666 0.1650390625 0.5104166666666666 0.1494140625 0.52430555625 0.140625 0.5434027770833333 0.134765625 0.5711805562500001 0.134765625 0.6059027770833333 0.140625 0.6371527770833333 0.1513671875 0.6631944437499999 0.1650390625 0.6736111104166667 0.18359375 0.671875 0.1923828125 0.6666666666666666 0.201171875 0.6510416666666666 0.203125 0.640625 0.20703125 0.6336805562500001 0.2109375 0.6128472229166667 0.2109375 0.5815972229166667 0.201171875 0.5399305562500001 0.1904296875 0.5208333333333334
0 0.5712890625 0.17361111041666666 0.5673828125 0.17708333333333334 0.5546875 0.203125 0.5546875 0.234375 0.560546875 0.25173611041666666 0.5673828125 0.2604166666666667 0.5771484375 0.2673611104166667 0.58984375 0.265625 0.5966796875 0.2604166666666667 0.60546875 0.24479166666666666 0.607421875 0.22395833333333334 0.609375 0.22048611041666666 0.607421875 0.203125 0.5966796875 0.18055555625 0.5888671875 0.17361111041666666 0.5712890625 0.17361111041666666
0 0.6220703125 0.18402777708333332 0.615234375 0.19965277708333332 0.61328125 0.22743055625 0.62109375 0.25173611041666666 0.6298828125 0.26388888958333334 0.6357421875 0.2673611104166667 0.650390625 0.265625 0.6640625 0.25173611041666666 0.66796875 0.23784722291666668 0.66796875 0.20659722291666668 0.666015625 0.19965277708333332 0.6513671875 0.17708333333333334 0.6455078125 0.17361111041666666 0.6279296875 0.17708333333333334 0.6220703125 0.18402777708333332
0 0.71875 0.19965277708333332 0.72265625 0.21354166666666666 0.720703125 0.24479166666666666 0.7333984375 0.26388888958333334 0.7392578125 0.26388888958333334 0.7412109375 0.2673611104166667 0.74609375 0.265625 0.7509765625 0.26388888958333334 0.759765625 0.25173611041666666 0.765625 0.22048611041666666 0.76171875 0.19965277708333332 0.7490234375 0.17708333333333334 0.7333984375 0.17361111041666666 0.71875 0.18923611041666666 0.71875 0.19965277708333332
0 0.8837890625 0.2916666666666667 0.873046875 0.3107638895833333 0.87890625 0.328125 0.87890625 0.3385416666666667 0.880859375 0.3420138895833333 0.880859375 0.3732638895833333 0.876953125 0.39409722291666666 0.8857421875 0.40625 0.8916015625 0.40972222291666666 0.900390625 0.4079861104166667 0.9091796875 0.40277777708333334 0.916015625 0.390625 0.921875 0.36631944375000003 0.921875 0.3385416666666667 0.916015625 0.3142361104166667 0.9052734375 0.2951388895833333 0.9013671875 0.2916666666666667 0.8837890625 0.2916666666666667
1 0.6923828125 0.13888888958333334 0.6826171875 0.14236111041666666 0.673828125 0.15798611041666666 0.671875 0.16840277708333332 0.671875 0.18576388958333334 0.6748046875 0.19097222291666668 0.67578125 0.18923611041666666 0.6884765625 0.17361111041666666 0.6982421875 0.17361111041666666 0.7138671875 0.1875 0.71484375 0.16840277708333332 0.7109375 0.15798611041666666 0.7001953125 0.14236111041666666 0.6943359375 0.14236111041666666 0.6923828125 0.13888888958333334
1 0.6220703125 0.15277777708333332 0.6201171875 0.15625 0.6142578125 0.15625 0.603515625 0.171875 0.6015625 0.18923611041666666 0.607421875 0.203125 0.609375 0.22743055625 0.6123046875 0.23263888958333334 0.615234375 0.23090277708333332 0.61328125 0.22048611041666666 0.615234375 0.19965277708333332 0.6220703125 0.18402777708333332 0.6337890625 0.17361111041666666 0.6435546875 0.17361111041666666 0.64453125 0.171875 0.6396484375 0.16319444375 0.6220703125 0.15277777708333332