0 0.4208984375 0.6423611104166667 0.3935546875 0.625 0.3740234375 0.625 0.3486328125 0.6423611104166667 0.33203125 0.6684027770833333 0.3203125 0.703125 0.318359375 0.7239583333333334 0.31640625 0.7274305562500001 0.31640625 0.7517361104166667 0.318359375 0.7552083333333334 0.3203125 0.7864583333333334 0.330078125 0.8211805562500001 0.3447265625 0.8506944437499999 0.3623046875 0.8680555562500001 0.3740234375 0.875 0.3837890625 0.875 0.3857421875 0.8784722229166667 0.396484375 0.8767361104166667 0.4130859375 0.8715277770833333 0.4208984375 0.8611111104166667 0.4248046875 0.8611111104166667 0.4453125 0.828125 0.45703125 0.7864583333333334 0.45703125 0.7274305562500001 0.455078125 0.7239583333333334 0.455078125 0.7135416666666666 0.44140625 0.671875 0.4208984375 0.6423611104166667
0 0.328125 0.8177083333333334 0.3203125 0.7934027770833333 0.3076171875 0.7673611104166667 0.2802734375 0.7361111104166667 0.2685546875 0.7326388895833333 0.2666015625 0.7291666666666666 0.2509765625 0.7291666666666666 0.2490234375 0.7326388895833333 0.2353515625 0.7361111104166667 0.2255859375 0.7465277770833333 0.212890625 0.7690972229166667 0.203125 0.8003472229166667 0.203125 0.8107638895833333 0.201171875 0.8142361104166667 0.201171875 0.8697916666666666 0.205078125 0.8802083333333334 0.20703125 0.8975694437499999 0.216796875 0.9253472229166667 0.2294921875 0.9479166666666666 0.2431640625 0.9652777770833333 0.2509765625 0.96875 0.2607421875 0.9791666666666666 0.29296875 0.9774305562500001 0.3076171875 0.96875 0.32421875 0.9392361104166667 0.328125 0.9253472229166667 0.328125 0.9149305562500001 0.33203125 0.9010416666666666 0.33203125 0.8802083333333334 0.333984375 0.8767361104166667 0.33203125 0.8350694437499999 0.328125 0.8246527770833333 0.328125 0.8177083333333334
0 0.1103515625 0.8576388895833333 0.099609375 0.8767361104166667 0.09375 0.9010416666666666 0.09375 0.953125 0.1015625 0.984375 0.1015625 0.9913194437499999 0.1064453125 1 0.203125 0.9982638895833333 0.205078125 0.9947916666666666 0.203125 0.9635416666666666 0.193359375 0.9253472229166667 0.1875 0.9149305562500001 0.185546875 0.9045138895833333 0.1689453125 0.875 0.1572265625 0.8611111104166667 0.1435546875 0.8506944437499999 0.1220703125 0.8506944437499999 0.1103515625 0.8576388895833333
0 0.23046875 0.4114583333333333 0.2265625 0.42534722291666666 0.2265625 0.4670138895833333 0.232421875 0.48784722291666666 0.2412109375 0.5034722229166666 0.2548828125 0.5138888895833333 0.265625 0.5121527770833334 0.2763671875 0.50694444375 0.287109375 0.49131944375000003 0.29296875 0.4670138895833333 0.294921875 0.4392361104166667 0.2890625 0.4079861104166667 0.2783203125 0.3888888895833333 0.2705078125 0.38194444375000003 0.2509765625 0.38194444375000003 0.2431640625 0.3888888895833333 0.23046875 0.4114583333333333
0 0.302734375 0.24131944375 0.30078125 0.24479166666666666 0.302734375 0.24826388958333334 0.302734375 0.26215277708333334 0.3076171875 0.2708333333333333 0.3134765625 0.27777777708333334 0.326171875 0.2760416666666667 0.3310546875 0.27430555624999997 0.3359375 0.265625 0.33984375 0.24826388958333334 0.337890625 0.22743055625 0.3310546875 0.20833333333333334 0.3212890625 0.20833333333333334 0.3115234375 0.21875 0.3076171875 0.21875 0.302734375 0.23090277708333332 0.302734375 0.24131944375
0 0.3173828125 0.20833333333333334 0.3271484375 0.20833333333333334 0.3291015625 0.21180555625 0.330078125 0.20659722291666668 0.3212890625 0.19791666666666666 0.3115234375 0.20138888958333334 0.302734375 0.21701388958333334 0.302734375 0.22395833333333334 0.306640625 0.22395833333333334 0.3173828125 0.20833333333333334
0 0.2802734375 0.28472222291666666 0.291015625 0.2829861104166667 0.30078125 0.26909722291666666 0.302734375 0.2552083333333333 0.30078125 0.25173611041666666 0.30078125 0.23090277708333332 0.2919921875 0.21875 0.2861328125 0.21875 0.2734375 0.234375 0.26953125 0.25173611041666666 0.26953125 0.26215277708333334 0.2802734375 0.28472222291666666
0 0.423828125 0.19270833333333334 0.423828125 0.16493055625 0.4306640625 0.15277777708333332 0.4375 0.14756944375 0.4375 0.14409722291666668 0.4326171875 0.13888888958333334 0.4228515625 0.14236111041666666 0.4140625 0.15798611041666666 0.4140625 0.17881944375 0.4189453125 0.19097222291666668 0.423828125 0.19270833333333334
0 0.4326171875 0.20486111041666666 0.447265625 0.203125 0.451171875 0.19965277708333332 0.45703125 0.18229166666666666 0.45703125 0.16493055625 0.4501953125 0.14930555625 0.4462890625 0.14583333333333334 0.4365234375 0.14583333333333334 0.423828125 0.16493055625 0.421875 0.17881944375 0.42578125 0.19618055625 0.4326171875 0.20486111041666666
0 0.4697265625 0.20833333333333334 0.482421875 0.20659722291666668 0.4853515625 0.20486111041666666 0.490234375 0.19270833333333334 0.48828125 0.18229166666666666 0.490234375 0.15798611041666666 0.4833984375 0.14583333333333334 0.4697265625 0.14583333333333334 0.45703125 0.16493055625 0.45703125 0.18576388958333334 0.458984375 0.19270833333333334 0.4697265625 0.20833333333333334
1 0.5009765625 0.20833333333333334 0.515625 0.20659722291666668 0.525390625 0.19270833333333334 0.52734375 0.18229166666666666 0.525390625 0.16145833333333334 0.5234375 0.15451388958333334 0.5166015625 0.14583333333333334 0.5029296875 0.14236111041666666 0.490234375 0.16145833333333334 0.48828125 0.171875 0.490234375 0.19270833333333334 0.5009765625 0.20833333333333334
1 0.548828125 0.20659722291666668 0.5537109375 0.21527777708333332 0.5654296875 0.22569444375 0.572265625 0.22395833333333334 0.5771484375 0.22222222291666668 0.5859375 0.20659722291666668 0.587890625 0.19965277708333332 0.587890625 0.17534722291666668 0.5791015625 0.15625 0.5712890625 0.14930555625 0.5615234375 0.14930555625 0.548828125 0.16493055625 0.544921875 0.18923611041666666 0.548828125 0.20659722291666668
1 0.3427734375 0.23958333333333334 0.34765625 0.24131944375 0.34765625 0.22395833333333334 0.345703125 0.22048611041666666 0.349609375 0.203125 0.357421875 0.18576388958333334 0.3544921875 0.18055555625 0.3466796875 0.18055555625 0.3388671875 0.1875 0.33203125 0.20659722291666668 0.337890625 0.23090277708333332 0.3427734375 0.23958333333333334
1 0.376953125 0.23090277708333332 0.37890625 0.21354166666666666 0.3720703125 0.19097222291666668 0.3681640625 0.1875 0.3583984375 0.1875 0.34765625 0.21006944375 0.34765625 0.23784722291666668 0.3525390625 0.25 0.365234375 0.24826388958333334 0.376953125 0.23090277708333332
1 0.76171875 0.24826388958333334 0.763671875 0.2795138895833333 0.7763671875 0.30902777708333334 0.7861328125 0.31597222291666666 0.796875 0.3142361104166667 0.7998046875 0.3125 0.8125 0.2864583333333333 0.8125 0.25173611041666666 0.80859375 0.23784722291666668 0.7998046875 0.22222222291666668 0.7900390625 0.21527777708333332 0.7783203125 0.21527777708333332 0.7705078125 0.22222222291666668 0.763671875 0.23784722291666668 0.76171875 0.24826388958333334
1 0.8125 0.2829861104166667 0.810546875 0.28993055624999997 0.8134765625 0.2951388895833333 0.822265625 0.29340277708333334 0.8271484375 0.28819444375000003 0.833984375 0.27256944375000003 0.8359375 0.24131944375 0.83203125 0.22743055625 0.8212890625 0.20833333333333334 0.8037109375 0.20486111041666666 0.796875 0.22048611041666666 0.810546875 0.24131944375 0.8125 0.25173611041666666 0.8125 0.2829861104166667
1 0.869140625 0.36284722291666666 0.8671875 0.3732638895833333 0.8671875 0.4045138895833333 0.87109375 0.42534722291666666 0.8818359375 0.4548611104166667 0.8916015625 0.46180555624999997 0.900390625 0.46006944375000003 0.9130859375 0.4513888895833333 0.919921875 0.4392361104166667 0.92578125 0.41493055624999997 0.92578125 0.38368055624999997 0.921875 0.36284722291666666 0.9111328125 0.34027777708333334 0.8994140625 0.3298611104166667 0.8857421875 0.3298611104166667 0.873046875 0.3489583333333333 0.869140625 0.36284722291666666
1 0.921875 0.3142361104166667 0.921875 0.3385416666666667 0.9296875 0.3732638895833333 0.9365234375 0.38194444375000003 0.9453125 0.38368055624999997 0.958984375 0.3697916666666667 0.962890625 0.3489583333333333 0.962890625 0.33506944375000003 0.958984375 0.3142361104166667 0.951171875 0.29340277708333334 0.9423828125 0.28472222291666666 0.9384765625 0.28472222291666666 0.9326171875 0.28819444375000003 0.92578125 0.30034722291666666 0.921875 0.3142361104166667
0 0.7509765625 0.2673611104166667 0.7548828125 0.2708333333333333 0.76171875 0.26909722291666666 0.763671875 0.23784722291666668 0.7705078125 0.22222222291666668 0.779296875 0.21354166666666666 0.779296875 0.20659722291666668 0.7646484375 0.18402777708333332 0.7470703125 0.18402777708333332 0.73828125 0.19965277708333332 0.736328125 0.22743055625 0.740234375 0.24479166666666666 0.7509765625 0.2673611104166667
0 1 0.5260416666666666 0.994140625 0.5052083333333334 0.9814453125 0.4826388895833333 0.9658203125 0.47569444375000003 0.9541015625 0.4826388895833333 0.939453125 0.5121527770833334 0.9375 0.5295138895833333 0.93359375 0.5399305562500001 0.931640625 0.5815972229166667 0.93359375 0.5850694437499999 0.93359375 0.5989583333333334 0.94140625 0.6302083333333334 0.9501953125 0.6458333333333334 0.9580078125 0.6527777770833333 0.97265625 0.6510416666666666 0.9794921875 0.6458333333333334 0.990234375 0.6267361104166667 0.99609375 0.6059027770833333 1 0.5850694437499999 1 0.5260416666666666