0 0.172265625 0.3454861104166667 0.168359375 0.359375 0.16640625 0.38715277708333334 0.1703125 0.4079861104166667 0.1751953125 0.4166666666666667 0.1822265625 0.42291666666666666 0.188085934375 0.42291666666666666 0.195703125 0.421875 0.1986328125 0.4201388895833333 0.211328125 0.39409722291666666 0.2125 0.3878472229166666 0.2125 0.35520833333333335 0.211328125 0.3489583333333333 0.2044921875 0.3333333333333333 0.1921874984375 0.32708333333333334 0.1896484390625 0.32708333333333334 0.1791015625 0.3333333333333333 0.172265625 0.3454861104166667
1 0.2732421875 0.29270833333333335 0.264453125 0.27708333333333335 0.260546875 0.27361111250000003 0.25078125 0.27361111250000003 0.2390625 0.28402777916666666 0.2341796875 0.29270833333333335 0.2283203125 0.3170138895833333 0.2283203125 0.334375 0.2322265625 0.3482638895833333 0.2390625 0.36041666666666666 0.2478515609375 0.36666666666666664 0.2523437546875 0.36666666666666664 0.2576171875 0.365625 0.264453125 0.36041666666666666 0.2712890625 0.3482638895833333 0.2765625 0.3201388895833333 0.2765625 0.31597222291666666 0.2751953125 0.31354166666666666 0.2732421875 0.29270833333333335
0 0.3408203125 0.26701388958333333 0.34765625 0.2513888875 0.349609375 0.22361111041666665 0.3427734375 0.20451388750000002 0.3349609375 0.19756944375 0.3232421875 0.19756944375 0.30859375 0.22013888750000002 0.306640625 0.24444444375 0.30859375 0.25486111041666665 0.3173828125 0.2704861104166667 0.3201171875 0.27291666666666664 0.330078128125 0.27291666666666664 0.3359375 0.27222222291666665 0.3408203125 0.26701388958333333
1 0.6607421875 0.17743055625 0.6529296875 0.17743055625 0.6373046875 0.19131944583333332 0.632421875 0.20347222291666667 0.63046875 0.21041666666666667 0.63046875 0.24166666666666667 0.634375 0.25555555625 0.6490234375 0.27465277708333335 0.653125 0.27708333333333335 0.662500003125 0.27708333333333335 0.667578125 0.2763888895833333 0.68125 0.25902777916666664 0.684375 0.24791666666666667 0.684375 0.21199495 0.6744140625 0.18784722291666667 0.6607421875 0.17743055625
0 0.7275390625 0.27465277708333335 0.740234375 0.2520833333333333 0.7421875 0.22430555625 0.736328125 0.2 0.7294921875 0.18784722291666667 0.7216796875 0.18090277916666667 0.7099609375 0.17743055625 0.7001953125 0.184375 0.69140625 0.2 0.6875 0.21736111249999998 0.6875 0.22777777916666667 0.69140625 0.24861111249999998 0.6982421875 0.2642361125 0.7126953125 0.27708333333333335 0.7191406265625 0.27708333333333335 0.72265625 0.2763888895833333 0.7275390625 0.27465277708333335
0 0.77109375 0.39409722291666666 0.761328125 0.4322916666666667 0.761328125 0.4635416666666667 0.773046875 0.5121527770833334 0.7818359375 0.53125 0.7994140625 0.5416666666666666 0.819921875 0.5399305562500001 0.8365234375 0.5208333333333334 0.8453125 0.5017361104166667 0.85 0.4822916666666667 0.85 0.43107638958333333 0.843359375 0.4045138895833333 0.8306640625 0.37847222291666666 0.8150390625 0.3645833333333333 0.7935546875 0.3645833333333333 0.7818359375 0.375 0.77109375 0.39409722291666666
0 0.87734375 0.2694444458333333 0.8646484375 0.25034722291666667 0.8490234375 0.25034722291666667 0.832421875 0.2763888895833333 0.83046875 0.28680555625 0.832421875 0.31805555625 0.8431640625 0.35104166666666664 0.85546875 0.36041666666666666 0.863281253125 0.36041666666666666 0.867578125 0.35972222291666667 0.8705078125 0.3579861125 0.883203125 0.3319444458333333 0.884375 0.32569444583333335 0.884375 0.3090277791666667 0.883203125 0.2902777791666667 0.87734375 0.2694444458333333
0 0.932421875 0.27708333333333335 0.928515625 0.27361111250000003 0.91875 0.27361111250000003 0.9041015625 0.29270833333333335 0.9041015625 0.303125 0.9021484375 0.30659722291666663 0.9021484375 0.33784722291666663 0.9099609375 0.35868055625 0.9203125 0.3770833333333333 0.9250000046875 0.3770833333333333 0.9314453125 0.37604166666666666 0.934375 0.37430555625 0.9451171875 0.35173611250000003 0.9453125 0.34861111250000004 0.9453125 0.3111111125 0.9431640625 0.29965277916666666 0.932421875 0.27708333333333335
0 0.8912109375 0.24305555625 0.8833984375 0.23611111041666666 0.8755859375 0.23611111041666666 0.8677734375 0.24305555625 0.86484375 0.25173611041666666 0.8697265625 0.25694444375 0.88046875 0.2795138895833333 0.884375 0.30034722291666666 0.884375 0.32465277708333334 0.882421875 0.328125 0.8892578125 0.33680555624999997 0.8921875 0.33506944375000003 0.898046875 0.32465277708333334 0.901953125 0.3107638895833333 0.903125 0.3045138895833333 0.903125 0.26979166666666665 0.9 0.25868055625 0.8912109375 0.24305555625
0 0.6388671875 0.17256944375 0.6388671875 0.14479166666666668 0.6369140625 0.13784722083333334 0.626171875 0.12222222083333333 0.610546875 0.12222222083333333 0.6046875 0.12569444375 0.5978515625 0.14479166666666668 0.5998046875 0.17256944375 0.606640625 0.18819444375 0.6128906265625 0.19375 0.6261718671875001 0.19375 0.6291015625 0.19340277708333334 0.6388671875 0.17256944375
0 0.511328125 0.171875 0.51328125 0.17881944375 0.5259765625 0.19791666666666666 0.54453125 0.19618055625 0.553125 0.1778472229166667 0.553125 0.14776785625000002 0.5474609375 0.13194444375 0.5357421875 0.125 0.5259765625 0.125 0.51328125 0.14409722291666668 0.511328125 0.171875
0 0.5025390625 0.13888888958333334 0.4947265625 0.13194444375 0.4830078125 0.13194444375 0.472265625 0.14409722291666668 0.468359375 0.15798611041666666 0.468359375 0.17534722291666668 0.4791015625 0.19791666666666666 0.4849609375 0.20138888958333334 0.495703125 0.19965277708333332 0.507421875 0.18229166666666666 0.5109375 0.16666666666666666 0.5109375 0.1631944458333333 0.507421875 0.14756944375 0.5025390625 0.13888888958333334
1 0.555078125 0.15451388958333334 0.55703125 0.17534722291666668 0.5716796875 0.19791666666666666 0.586328125 0.19618055625 0.5892578125 0.19444444375 0.596875 0.17789351875 0.596875 0.14201388958333333 0.5892578125 0.12847222291666666 0.5833984375 0.125 0.5697265625 0.125 0.558984375 0.140625 0.555078125 0.15451388958333334
1 0.5916015625 0.1045138875 0.5876953125 0.10798611041666667 0.5828125 0.12361111041666667 0.59666193125 0.14166666666666666 0.5992187484375 0.14166666666666666 0.600390625 0.14097222083333336 0.600390625 0.1375 0.6072265625 0.12534722083333333 0.6125 0.12222222291666666 0.6125 0.11388888958333333 0.6072265625 0.1045138875 0.5916015625 0.1045138875
1 0.53984375 0.11788194375000001 0.526171875 0.11440972083333333 0.5134765625 0.1335069458333333 0.5115234375 0.14045138750000002 0.5115234375 0.14583333333333334 0.51435546875 0.14583333333333334 0.52421875 0.12829861041666668 0.53984375 0.12829861041666668 0.545703125 0.13524305416666668 0.546875 0.13454861041666666 0.546875 0.12725694375000002 0.5466796875 0.1265625 0.53984375 0.11788194375000001