1 0.28125 0.21701388958333334 0.28125 0.23784722291666668 0.283203125 0.24479166666666666 0.2900390625 0.25694444375 0.2978515625 0.26388888958333334 0.3046875 0.26215277708333334 0.3134765625 0.25694444375 0.318359375 0.24826388958333334 0.32421875 0.22048611041666666 0.322265625 0.203125 0.3095703125 0.18402777708333332 0.2919921875 0.19097222291666668 0.283203125 0.20659722291666668 0.28125 0.21701388958333334
1 0.4453125 0.13020833333333334 0.447265625 0.15798611041666666 0.4521484375 0.17013888958333334 0.4560546875 0.17361111041666666 0.4609375 0.171875 0.4677734375 0.15625 0.48046875 0.14409722291666668 0.484375 0.12326388958333333 0.4775390625 0.11111111041666667 0.4658203125 0.10416666666666667 0.4638671875 0.10763888958333333 0.4521484375 0.11111111041666667 0.4453125 0.13020833333333334
1 0.4306640625 0.10763888958333333 0.4189453125 0.11458333333333333 0.416015625 0.11979166666666667 0.4189453125 0.125 0.4267578125 0.125 0.4375 0.13715277708333332 0.439453125 0.14409722291666668 0.439453125 0.16493055625 0.443359375 0.16493055625 0.447265625 0.15798611041666666 0.447265625 0.14756944375 0.4453125 0.14409722291666668 0.447265625 0.1267361104166667 0.4453125 0.11979166666666667 0.4384765625 0.11111111041666667 0.4326171875 0.11111111041666667 0.4306640625 0.10763888958333333
1 0.5048828125 0.13541666666666666 0.5 0.14756944375 0.5126953125 0.17013888958333334 0.513671875 0.16840277708333332 0.5263671875 0.15625 0.5439453125 0.15625 0.544921875 0.14756944375 0.5380859375 0.13194444375 0.5302734375 0.125 0.5166015625 0.125 0.5107421875 0.12847222291666666 0.5048828125 0.13541666666666666
1 0.556640625 0.18229166666666666 0.556640625 0.17534722291666668 0.5498046875 0.16319444375 0.5419921875 0.15625 0.5263671875 0.15625 0.5166015625 0.16319444375 0.509765625 0.17534722291666668 0.50390625 0.19965277708333332 0.50390625 0.22395833333333334 0.5126953125 0.24305555625 0.515625 0.24131944375 0.515625 0.22048611041666666 0.51953125 0.20659722291666668 0.5263671875 0.19444444375 0.5380859375 0.18402777708333332 0.5458984375 0.18402777708333332 0.5478515625 0.18055555625 0.5517578125 0.18402777708333332 0.556640625 0.18229166666666666
1 0.6103515625 0.125 0.603515625 0.13715277708333332 0.6015625 0.15104166666666666 0.60546875 0.15451388958333334 0.61328125 0.17534722291666668 0.61328125 0.19618055625 0.615234375 0.203125 0.6220703125 0.20833333333333334 0.6328125 0.20659722291666668 0.638671875 0.19965277708333332 0.640625 0.17881944375 0.646484375 0.16145833333333334 0.646484375 0.14756944375 0.6396484375 0.13194444375 0.6279296875 0.11805555625 0.6181640625 0.11805555625 0.6103515625 0.125
1 0.6474609375 0.15972222291666668 0.6513671875 0.15972222291666668 0.6591796875 0.15277777708333332 0.6728515625 0.15277777708333332 0.6826171875 0.15972222291666668 0.6904296875 0.17361111041666666 0.693359375 0.171875 0.6953125 0.16493055625 0.693359375 0.15451388958333334 0.6826171875 0.13541666666666666 0.6708984375 0.12847222291666666 0.6650390625 0.12847222291666666 0.6552734375 0.13541666666666666 0.646484375 0.15451388958333334 0.6474609375 0.15972222291666668
1 0.7626953125 0.20486111041666666 0.7783203125 0.20833333333333334 0.7861328125 0.21527777708333332 0.7958984375 0.23263888958333334 0.796875 0.23090277708333332 0.798828125 0.22395833333333334 0.79296875 0.19965277708333332 0.7783203125 0.18055555625 0.7607421875 0.18055555625 0.7529296875 0.19097222291666668 0.748046875 0.203125 0.7509765625 0.21527777708333332 0.7626953125 0.20486111041666666
1 0.7119140625 0.14583333333333334 0.7099609375 0.14930555625 0.7041015625 0.14930555625 0.6953125 0.16493055625 0.693359375 0.18229166666666666 0.6962890625 0.1875 0.69921875 0.18576388958333334 0.7119140625 0.17361111041666666 0.7275390625 0.17361111041666666 0.7333984375 0.17708333333333334 0.7373046875 0.18402777708333332 0.7392578125 0.18402777708333332 0.740234375 0.17881944375 0.7275390625 0.15277777708333332 0.7119140625 0.14583333333333334
1 0.79296875 0.38715277708333334 0.783203125 0.3489583333333333 0.7724609375 0.3298611104166667 0.7568359375 0.31597222291666666 0.7392578125 0.31597222291666666 0.7373046875 0.31944444375000003 0.7314453125 0.31944444375000003 0.7275390625 0.3263888895833333 0.7216796875 0.3298611104166667 0.7109375 0.3489583333333333 0.703125 0.38368055624999997 0.703125 0.4114583333333333 0.708984375 0.4427083333333333 0.7158203125 0.4548611104166667 0.71875 0.453125 0.724609375 0.4357638895833333 0.7353515625 0.4166666666666667 0.7490234375 0.40277777708333334 0.7763671875 0.39930555624999997 0.7783203125 0.40277777708333334 0.7900390625 0.40625 0.79296875 0.4010416666666667 0.79296875 0.38715277708333334
1 0.8076171875 0.3125 0.7978515625 0.31944444375000003 0.78515625 0.3420138895833333 0.78515625 0.35590277708333334 0.79296875 0.38368055624999997 0.79296875 0.4114583333333333 0.80859375 0.4392361104166667 0.8125 0.453125 0.8154296875 0.4583333333333333 0.818359375 0.45659722291666666 0.8349609375 0.4270833333333333 0.8525390625 0.4166666666666667 0.85546875 0.4114583333333333 0.85546875 0.3697916666666667 0.845703125 0.3385416666666667 0.8388671875 0.3263888895833333 0.8232421875 0.3125 0.8076171875 0.3125
1 0.8876953125 0.34722222291666666 0.8779296875 0.35069444375000003 0.8701171875 0.3576388895833333 0.859375 0.3802083333333333 0.857421875 0.38715277708333334 0.857421875 0.4114583333333333 0.8798828125 0.4270833333333333 0.89453125 0.45659722291666666 0.900390625 0.47743055624999997 0.900390625 0.49131944375000003 0.91015625 0.49131944375000003 0.919921875 0.4704861104166667 0.923828125 0.44965277708333334 0.923828125 0.4114583333333333 0.919921875 0.390625 0.916015625 0.3767361104166667 0.9013671875 0.3541666666666667 0.8896484375 0.35069444375000003 0.8876953125 0.34722222291666666
0 0.9443359375 0.31944444375000003 0.9384765625 0.31944444375000003 0.927734375 0.33506944375000003 0.927734375 0.3420138895833333 0.9384765625 0.34722222291666666 0.947265625 0.359375 0.95703125 0.38715277708333334 0.95703125 0.39756944375000003 0.958984375 0.4010416666666667 0.958984375 0.4322916666666667 0.962890625 0.4322916666666667 0.96875 0.421875 0.97265625 0.4045138895833333 0.97265625 0.390625 0.974609375 0.38715277708333334 0.97265625 0.36284722291666666 0.9619140625 0.3298611104166667 0.9462890625 0.31597222291666666 0.9443359375 0.31944444375000003
0 0.9189453125 0.28125 0.91015625 0.30034722291666666 0.91796875 0.32465277708333334 0.91796875 0.3385416666666667 0.9208984375 0.34375 0.92578125 0.3420138895833333 0.9345703125 0.3229166666666667 0.9443359375 0.31597222291666666 0.9462890625 0.31944444375000003 0.94921875 0.3107638895833333 0.9404296875 0.28819444375000003 0.9345703125 0.28125 0.9228515625 0.27777777708333334 0.9189453125 0.28125
0 0.8818359375 0.27777777708333334 0.87109375 0.28993055624999997 0.87109375 0.296875 0.8828125 0.3177083333333333 0.88671875 0.3385416666666667 0.8916015625 0.35069444375000003 0.8974609375 0.35069444375000003 0.9033203125 0.3576388895833333 0.91015625 0.35590277708333334 0.9169921875 0.34722222291666666 0.919921875 0.3385416666666667 0.916015625 0.3177083333333333 0.912109375 0.3107638895833333 0.912109375 0.30381944375000003 0.9013671875 0.28472222291666666 0.8916015625 0.27777777708333334 0.8818359375 0.27777777708333334
0 0.8505859375 0.28472222291666666 0.8486328125 0.28819444375000003 0.8427734375 0.28819444375000003 0.8330078125 0.2986111104166667 0.828125 0.3107638895833333 0.828125 0.3177083333333333 0.8369140625 0.3229166666666667 0.845703125 0.3385416666666667 0.853515625 0.359375 0.85546875 0.3802083333333333 0.859375 0.3802083333333333 0.8720703125 0.3541666666666667 0.8837890625 0.35069444375000003 0.88671875 0.3454861104166667 0.88671875 0.33159722291666666 0.8828125 0.3177083333333333 0.8701171875 0.2951388895833333 0.8623046875 0.28819444375000003 0.8505859375 0.28472222291666666
0 0.8134765625 0.21180555625 0.8017578125 0.22222222291666668 0.798828125 0.23090277708333332 0.80078125 0.25173611041666666 0.802734375 0.2552083333333333 0.802734375 0.28993055624999997 0.80078125 0.296875 0.8095703125 0.3125 0.828125 0.3107638895833333 0.8349609375 0.2951388895833333 0.8408203125 0.28819444375000003 0.84765625 0.2864583333333333 0.84765625 0.2552083333333333 0.84375 0.24131944375 0.8330078125 0.22222222291666668 0.8193359375 0.21180555625 0.8134765625 0.21180555625
0 0.7724609375 0.20486111041666666 0.7626953125 0.20486111041666666 0.7529296875 0.21180555625 0.74609375 0.22395833333333334 0.7421875 0.23784722291666668 0.740234375 0.265625 0.748046875 0.30034722291666666 0.7568359375 0.31597222291666666 0.7734375 0.32465277708333334 0.7861328125 0.31944444375000003 0.796875 0.30381944375000003 0.802734375 0.2795138895833333 0.802734375 0.26215277708333334 0.80078125 0.25868055625 0.798828125 0.23784722291666668 0.7841796875 0.21180555625 0.7724609375 0.20486111041666666
0 0.697265625 0.18923611041666666 0.697265625 0.19965277708333332 0.70703125 0.21006944375 0.716796875 0.24131944375 0.71875 0.25173611041666666 0.716796875 0.27256944375000003 0.7197265625 0.27777777708333334 0.734375 0.2760416666666667 0.740234375 0.26909722291666666 0.740234375 0.24826388958333334 0.75 0.21354166666666666 0.744140625 0.19270833333333334 0.7392578125 0.18402777708333332 0.7275390625 0.17361111041666666 0.7099609375 0.17361111041666666 0.697265625 0.18923611041666666
0 0.6748046875 0.15277777708333332 0.6591796875 0.15277777708333332 0.6494140625 0.15972222291666668 0.642578125 0.171875 0.638671875 0.18923611041666666 0.638671875 0.20659722291666668 0.640625 0.21354166666666666 0.6435546875 0.21875 0.6484375 0.21701388958333334 0.6591796875 0.21527777708333332 0.6748046875 0.19791666666666666 0.6806640625 0.19444444375 0.6943359375 0.19444444375 0.6953125 0.18923611041666666 0.69140625 0.17534722291666668 0.6826171875 0.15972222291666668 0.6748046875 0.15277777708333332
0 0.6787109375 0.23263888958333334 0.6650390625 0.21875 0.6513671875 0.21527777708333332 0.6494140625 0.21875 0.6376953125 0.22222222291666668 0.62109375 0.24826388958333334 0.6171875 0.265625 0.6171875 0.29340277708333334 0.619140625 0.30381944375000003 0.623046875 0.3177083333333333 0.6259765625 0.3229166666666667 0.62890625 0.32118055624999997 0.634765625 0.296875 0.6435546875 0.28125 0.6611328125 0.2673611104166667 0.6806640625 0.2673611104166667 0.6904296875 0.27430555624999997 0.69140625 0.26215277708333334 0.689453125 0.2552083333333333 0.6787109375 0.23263888958333334
0 0.70703125 0.296875 0.6923828125 0.27430555624999997 0.6806640625 0.2673611104166667 0.6611328125 0.2673611104166667 0.6435546875 0.28125 0.63671875 0.29340277708333334 0.62890625 0.32118055624999997 0.62890625 0.359375 0.634765625 0.3767361104166667 0.63671875 0.390625 0.6455078125 0.40625 0.6630859375 0.4236111104166667 0.6708984375 0.4236111104166667 0.6728515625 0.4270833333333333 0.6796875 0.42534722291666666 0.6845703125 0.4236111104166667 0.69921875 0.4079861104166667 0.703125 0.39409722291666666 0.703125 0.3802083333333333 0.70703125 0.359375 0.71484375 0.3420138895833333 0.71484375 0.328125 0.70703125 0.296875
0 0.5380859375 0.18402777708333332 0.5263671875 0.19444444375 0.51953125 0.20659722291666668 0.515625 0.22048611041666666 0.515625 0.2552083333333333 0.51953125 0.26909722291666666 0.5322265625 0.2916666666666667 0.5439453125 0.2986111104166667 0.55859375 0.296875 0.5712890625 0.28472222291666666 0.578125 0.27256944375000003 0.58203125 0.25868055625 0.58203125 0.22395833333333334 0.578125 0.21006944375 0.5615234375 0.18402777708333332 0.5556640625 0.18055555625 0.5380859375 0.18402777708333332
0 0.4814453125 0.14583333333333334 0.5 0.14409722291666668 0.5107421875 0.12847222291666666 0.5166015625 0.12847222291666666 0.51953125 0.11979166666666667 0.5107421875 0.11111111041666667 0.4951171875 0.11111111041666667 0.4873046875 0.11805555625 0.48046875 0.13715277708333332 0.4814453125 0.14583333333333334
0 0.5107421875 0.11111111041666667 0.5205078125 0.125 0.5234375 0.12326388958333333 0.525390625 0.11284722291666666 0.5146484375 0.09722222291666666 0.5009765625 0.09722222291666666 0.4951171875 0.10069444375 0.48828125 0.11284722291666666 0.4892578125 0.11805555625 0.4970703125 0.11111111041666667 0.5107421875 0.11111111041666667
0 0.4736328125 0.10763888958333333 0.4833984375 0.12152777708333334 0.486328125 0.11979166666666667 0.486328125 0.109375 0.4794921875 0.09722222291666666 0.4677734375 0.09027777708333334 0.4560546875 0.09722222291666666 0.451171875 0.109375 0.4521484375 0.11458333333333333 0.4580078125 0.10763888958333333 0.4736328125 0.10763888958333333
0 0.396484375 0.15104166666666666 0.396484375 0.171875 0.4052734375 0.19097222291666668 0.4130859375 0.19791666666666666 0.423828125 0.19618055625 0.4287109375 0.19444444375 0.439453125 0.171875 0.439453125 0.14409722291666668 0.4375 0.13715277708333332 0.4287109375 0.125 0.4111328125 0.125 0.3984375 0.14409722291666668 0.396484375 0.15104166666666666