0 0.10546875 0.5399305562500001 0.09765625 0.5642361104166667 0.09765625 0.5746527770833333 0.095703125 0.578125 0.09765625 0.6197916666666666 0.107421875 0.6510416666666666 0.1162109375 0.6631944437499999 0.1201171875 0.6666666666666666 0.142578125 0.6649305562500001 0.15234375 0.6510416666666666 0.158203125 0.6336805562500001 0.16015625 0.609375 0.162109375 0.6059027770833333 0.16015625 0.578125 0.154296875 0.5538194437499999 0.1455078125 0.5347222229166667 0.1357421875 0.52430555625 0.1298828125 0.52430555625 0.1279296875 0.5208333333333334 0.1181640625 0.52430555625 0.10546875 0.5399305562500001
0 0.295703125 0.43020833333333336 0.280078125 0.41631944583333336 0.26640625 0.41631944583333336 0.25078125 0.42673611250000004 0.2400390625 0.44583333333333336 0.2322265625 0.47361111250000004 0.2322265625 0.5048611125 0.2400390625 0.54305555625 0.248828125 0.55868055625 0.269023434375 0.575 0.27558594375 0.575 0.2791015625 0.57430555625 0.291796875 0.5656250020833333 0.3064453125 0.5395833354166667 0.3109375 0.515625 0.3109375 0.46979166666666666 0.3083984375 0.45625 0.295703125 0.43020833333333336
0 0.2078125 0.38194444375000003 0.194140625 0.375 0.18046875 0.3854166666666667 0.1736328125 0.39756944375000003 0.1677734375 0.41840277708333334 0.1677734375 0.453125 0.1716796875 0.4670138895833333 0.18046875 0.4826388895833333 0.18828125 0.4895833333333333 0.1990234375 0.48784722291666666 0.20390625 0.4861111104166667 0.2166015625 0.4635416666666667 0.21875 0.45208333333333334 0.21875 0.40711805624999997 0.2166015625 0.39756944375000003 0.2078125 0.38194444375000003
0 0.5078125 0.16840277708333332 0.50625 0.17395833333333333 0.50625 0.19479166666666667 0.5078125 0.203125 0.5166015625 0.21875 0.5236328125 0.225 0.5279296859375 0.225 0.533203125 0.22395833333333334 0.5400390625 0.21875 0.546875 0.20659722291666668 0.5484375 0.20104166666666667 0.5484375 0.17449845833333333 0.5400390625 0.15625 0.5330078125 0.15 0.5234375015625 0.15 0.5146484375 0.15625 0.5078125 0.16840277708333332
0 0.5666015625 0.17534722291666668 0.5626953125 0.19965277708333332 0.565625 0.20833333333333334 0.571484375 0.20833333333333334 0.5734375 0.20486111041666666 0.5880859375 0.20659722291666668 0.5919921875 0.18923611041666666 0.603125 0.16944444374999998 0.603125 0.16784187916666668 0.591015625 0.15625 0.58125 0.15625 0.5734375 0.16319444375 0.5666015625 0.17534722291666668
0 0.5724609375 0.2829861104166667 0.5646484375 0.3107638895833333 0.5646484375 0.33506944375000003 0.5705078125 0.359375 0.579296875 0.37847222291666666 0.591015625 0.3923611104166667 0.596875 0.3923611104166667 0.598828125 0.3958333333333333 0.6076171875 0.39409722291666666 0.622265625 0.3854166666666667 0.6349609375 0.36284722291666666 0.640625 0.33599536874999997 0.640625 0.313425925 0.6349609375 0.28993055624999997 0.62421875 0.2708333333333333 0.6125 0.2604166666666667 0.59296875 0.2604166666666667 0.583203125 0.2673611104166667 0.5724609375 0.2829861104166667
0 0.6970703125 0.26527777708333333 0.6931640625 0.2513888875 0.68046875 0.22881944375 0.662890625 0.21840277708333333 0.6609375 0.221875 0.653125 0.221875 0.64921875 0.22534722083333333 0.6365234375 0.2513888875 0.6345703125 0.2618055541666667 0.6345703125 0.28958333333333336 0.6443359375 0.3173611104166667 0.655078125 0.3329861104166667 0.6609375 0.3329861104166667 0.6623046875 0.33541666666666664 0.6705078062500001 0.33541666666666664 0.6755859375 0.3347222208333333 0.682421875 0.3295138875 0.6951171875 0.30694444375 0.6984375 0.2892361104166667 0.6984375 0.28506944375000004 0.6970703125 0.2826388875 0.6970703125 0.26527777708333333
0 0.7099609375 0.21805555625 0.7275390625 0.21805555625 0.7333984375 0.22152777916666666 0.734375 0.21284722291666666 0.728515625 0.19548611249999998 0.7197265625 0.18333333333333332 0.7158203125 0.17986111249999998 0.7001953125 0.17986111249999998 0.69140625 0.18854166666666666 0.6875 0.19895833333333332 0.6875 0.20590277916666666 0.693359375 0.21631944583333332 0.6953125 0.22673611249999998 0.6978515625 0.23125 0.6994140640625 0.23125 0.701171875 0.23020833333333332 0.7099609375 0.21805555625
0 0.7705078125 0.22604166458333333 0.779296875 0.22083333125000001 0.779296875 0.2138888875 0.7685546875 0.1982638875 0.7529296875 0.19479166458333333 0.7392578125 0.20868055416666667 0.736328125 0.21736111041666667 0.736328125 0.22430555416666667 0.748046875 0.24861111041666667 0.748046875 0.2555555541666667 0.75078125 0.2604166666666667 0.7515624984375 0.2604166666666667 0.75390625 0.2590277770833333 0.7705078125 0.22604166458333333
0 0.8109375 0.20538194375 0.7953125 0.20538194375 0.79140625 0.20885416666666667 0.7865234375 0.21753472291666667 0.797265625 0.22621527708333333 0.8080078125 0.2453125 0.811669921875 0.25833333333333336 0.81435546875 0.25833333333333336 0.8234375 0.2421875 0.8234375 0.22743055625 0.8197265625 0.21753472291666667 0.8109375 0.20538194375
0 0.8150390625 0.26215277708333334 0.816015625 0.28125 0.823828125 0.27430555624999997 0.84140625 0.27777777708333334 0.851171875 0.28819444375000003 0.8609375 0.3125 0.8625 0.311574075 0.8625 0.2769097208333333 0.8599609375 0.265625 0.853125 0.25 0.843359375 0.23958333333333334 0.827734375 0.23958333333333334 0.8169921875 0.2552083333333333 0.8150390625 0.26215277708333334
0 0.834375 0.31215277708333333 0.81484375 0.30520833333333336 0.803125 0.31215277708333333 0.7923828125 0.33125 0.7884765625 0.3416666666666667 0.7865234375 0.3729166666666667 0.7884765625 0.3763888875 0.7923828125 0.4076388875 0.7982421875 0.425 0.80703125 0.440625 0.812890625 0.44583333333333336 0.8236328125 0.44583333333333336 0.8490234375 0.42152777708333333 0.8546875 0.394675925 0.8546875 0.36180555625 0.8470703125 0.3347222208333333 0.834375 0.31215277708333333
0 0.8919921875 0.47743055624999997 0.879296875 0.44444444375000003 0.867578125 0.43055555624999997 0.84609375 0.4270833333333333 0.834375 0.43402777708333334 0.8158203125 0.4635416666666667 0.8080078125 0.4947916666666667 0.8080078125 0.546875 0.8158203125 0.578125 0.83046875 0.6041666666666666 0.84609375 0.6145833333333334 0.8568359375 0.6128472229166667 0.8734375 0.6006944437499999 0.8861328125 0.578125 0.8939453125 0.546875 0.8953125 0.5177083333333333 0.8953125 0.5041666666666667 0.8939453125 0.5017361104166667 0.8919921875 0.47743055624999997
0 0.935546875 0.47118055416666665 0.94140625 0.45381944375 0.943359375 0.44340277708333337 0.943359375 0.40520833333333334 0.939453125 0.384375 0.9306640625 0.36527777708333337 0.9169921875 0.35138888749999997 0.9052734375 0.35138888749999997 0.8974609375 0.35833333333333334 0.890625 0.3704861104166667 0.88671875 0.384375 0.884765625 0.39479166666666665 0.884765625 0.43993055416666665 0.888671875 0.45381944375 0.888671875 0.4642361104166667 0.8974609375 0.4798611104166667 0.9037109390625 0.48541666666666666 0.9216796781250001 0.48541666666666666 0.92578125 0.48506944375 0.935546875 0.47118055416666665
0 0.93955078125 0.34149305625 0.93271484375 0.32934027708333335 0.91904296875 0.3154513895833333 0.91708984375 0.31892361041666667 0.91123046875 0.31892361041666667 0.90048828125 0.3310763895833333 0.89658203125 0.34149305625 0.89560546875 0.35711805625 0.90732421875 0.35017361041666667 0.92294921875 0.3536458333333333 0.93564453125 0.37274305625 0.9412109375 0.3958333333333333 0.944140625 0.3958333333333333 0.9453125 0.39375 0.9453125 0.3918402791666667 0.94345703125 0.35885416666666664 0.93955078125 0.34149305625
0 0.903125 0.27847222083333334 0.89140625 0.27847222083333334 0.8875 0.28194444375 0.8806640625 0.29409722083333334 0.8748046875 0.31840277708333337 0.8767578125 0.34270833333333334 0.8806640625 0.36006944375 0.88671875 0.37083333333333335 0.8898437484375 0.37083333333333335 0.8904296875 0.3704861104166667 0.8943359375 0.36354166666666665 0.8943359375 0.353125 0.9001953125 0.33229166666666665 0.903125 0.32708333333333334 0.9109375 0.32013888749999997 0.916796875 0.32013888749999997 0.91875 0.3166666645833333 0.91875 0.3079861104166667 0.9177734375 0.30104166666666665 0.903125 0.27847222083333334
1 0.7884765625 0.3800347229166666 0.769921875 0.3435763895833333 0.75234375 0.3296875 0.742578125 0.3296875 0.726953125 0.34010416666666665 0.7162109375 0.3592013895833333 0.7083984375 0.38350694583333333 0.7083984375 0.42864583333333334 0.7162109375 0.45989583333333334 0.730859375 0.4859375 0.738671875 0.49288194583333333 0.746972646875 0.49375 0.7567382828125 0.49375 0.7640625 0.4894097229166666 0.7806640625 0.4668402791666667 0.7884765625 0.44600694583333333 0.7921875 0.41302083333333334 0.7921875 0.4109375 0.7904296875 0.4078125 0.7884765625 0.3800347229166666
1 0.7623046875 0.27430555624999997 0.7505859375 0.26388888958333334 0.7447265625 0.2604166666666667 0.7271484375 0.26388888958333334 0.718359375 0.2760416666666667 0.710546875 0.30034722291666666 0.7125 0.3420138895833333 0.714453125 0.3489583333333333 0.7173828125 0.3541666666666667 0.718359375 0.35243055624999997 0.7291015625 0.33680555624999997 0.7408203125 0.3298611104166667 0.7544921875 0.3298611104166667 0.7701171875 0.34375 0.7740234375 0.34375 0.7765625 0.33321759375 0.7765625 0.31909722291666665 0.77109375 0.28993055624999997 0.7623046875 0.27430555624999997
1 0.7544921875 0.2657986125 0.761328125 0.27100694583333335 0.7720703125 0.29010416666666666 0.7779296875 0.31788194583333335 0.7759765625 0.34565972291666663 0.77890625 0.35434027916666666 0.7841471328125 0.35833333333333334 0.786083984375 0.35833333333333334 0.7955078125 0.3248263895833333 0.8052734375 0.3109375 0.80625 0.29878472291666663 0.80625 0.28315972291666663 0.8013671875 0.2657986125 0.788671875 0.24670138958333335 0.783691403125 0.24375 0.764857703125 0.24375 0.7564453125 0.25538194583333335 0.7544921875 0.2657986125
1 0.79814453125 0.22604166666666667 0.79033203125 0.21909722291666667 0.78056640625 0.21909722291666667 0.76591796875 0.23472222291666667 0.76494140625 0.24340277916666667 0.78837890625 0.246875 0.80107421875 0.26597222291666667 0.80498046875 0.2833333333333333 0.80732421875 0.2875 0.80966796875 0.2875 0.81083984375 0.28680555625 0.8125 0.2838541666666667 0.8125 0.2579861125 0.80888671875 0.24513888958333335 0.79814453125 0.22604166666666667
1 0.632421875 0.19774305625000002 0.624609375 0.1907986125 0.60703125 0.1907986125 0.603125 0.19427083333333334 0.5962890625 0.2064236125 0.5962890625 0.21336805625000002 0.6041015625 0.2272569458333333 0.6099609375 0.25850694583333333 0.624609375 0.2706597229166666 0.62822265625 0.27708333333333335 0.6336100265625 0.27708333333333335 0.6353515625 0.25850694583333333 0.64375 0.23461805625 0.64375 0.22100694583333333 0.6431640625 0.21684027916666665 0.632421875 0.19774305625000002
1 0.59296875 0.21163194375 0.58125 0.20468749791666668 0.567578125 0.20815972083333334 0.5509765625 0.23420138750000002 0.5490234375 0.24461805416666668 0.5626953125 0.2689236104166667 0.56640625 0.28541666666666665 0.57099609375 0.28541666666666665 0.57734375 0.27413194375 0.591015625 0.26024305416666665 0.606640625 0.26024305416666665 0.609375 0.25538194375 0.609375 0.2539930541666667 0.6056640625 0.23420138750000002 0.59296875 0.21163194375
1 0.2283203125 0.35590277708333334 0.2244140625 0.3767361104166667 0.2244140625 0.39409722291666666 0.2283203125 0.41493055624999997 0.24055397812499998 0.43333333333333335 0.2429687484375 0.43333333333333335 0.2458984375 0.4322916666666667 0.25859375 0.4201388895833333 0.272265625 0.4166666666666667 0.2771484375 0.4079861104166667 0.2796875 0.39444444375000004 0.2796875 0.3614583333333333 0.2751953125 0.3454861104166667 0.2703125 0.33680555624999997 0.259375 0.32708333333333334 0.24960937656249998 0.32708333333333334 0.2390625 0.3333333333333333 0.2283203125 0.35590277708333334
1 0.323046875 0.23680555416666668 0.311328125 0.23680555416666668 0.2986328125 0.25243055416666665 0.2927734375 0.27326388749999997 0.2927734375 0.28715277708333337 0.2947265625 0.29756944375 0.303515625 0.31319444375 0.3097656265625 0.31875 0.316796871875 0.31875 0.3181640625 0.31840277708333337 0.32890625 0.30972222083333334 0.3357421875 0.29409722083333334 0.3359375 0.29340277708333334 0.3359375 0.25915403958333333 0.326953125 0.24027777708333334 0.323046875 0.23680555416666668
1 0.4494140625 0.20607638958333335 0.442578125 0.20086805625 0.43671875 0.20086805625 0.426953125 0.2078125 0.423046875 0.21475694374999998 0.419140625 0.21475694374999998 0.4142578125 0.23038194374999998 0.4142578125 0.2512152770833333 0.430859375 0.2703125 0.4352539078125 0.2708333333333333 0.4471028640625 0.2708333333333333 0.45234375 0.26684027708333335 0.4546875 0.2598958333333333 0.4546875 0.23177083333333334 0.4494140625 0.21302083333333333 0.4494140625 0.20607638958333335
1 0.416796875 0.19427083333333334 0.41591796875 0.21458333333333332 0.42396484531249995 0.21458333333333332 0.43046875 0.20815972291666668 0.4328125 0.20121527708333334 0.4328125 0.19900568125 0.42265625 0.1907986125 0.416796875 0.19427083333333334
1 0.48554696406250003 1 0.633203125 0.9986111125 0.6390625 0.9951388895833334 0.6390625 0.9847222229166667 0.63515625 0.9777777791666666 0.637109375 0.97430555625 0.637109375 0.9638888895833334 0.64375 0.9609375 0.64375 0.9375 0.6419921875 0.934375 0.6361328125 0.9378472229166667 0.6341796875 0.9447916666666667 0.6302734375 0.9447916666666667 0.6263671875 0.9552083333333333 0.6244140625 0.9517361125 0.6205078125 0.9552083333333333 0.6068359375 0.9309027791666666 0.5951171875 0.9170138895833334 0.5775390625 0.903125 0.5716796875 0.903125 0.5638671875 0.89618055625 0.5521484375 0.89618055625 0.5501953125 0.8927083333333333 0.5130859375 0.89618055625 0.4916015625 0.9100694458333333 0.4740234375 0.9309027791666666 0.461328125 0.9534722229166667 0.445703125 0.9951388895833334 0.4484375 1 0.48554696406250003 1