0 0.0546875 0.4739583333333333 0.05078125 0.49131944375000003 0.05078125 0.515625 0.052734375 0.5260416666666666 0.0591796875 0.5375 0.0615234359375 0.5375 0.064453125 0.5364583333333334 0.0703125 0.50868055625 0.068359375 0.4982638895833333 0.07421875 0.47743055624999997 0.07421875 0.4670138895833333 0.069986978125 0.4625 0.06738281406249999 0.4625 0.0595703125 0.46527777708333334 0.0546875 0.4739583333333333
0 0.10361328125 0.46006944375000003 0.103125 0.46961805624999997 0.103125 0.4788773145833333 0.10849609375 0.47569444375000003 0.11240234375 0.46875 0.12607421875 0.46875 0.13876953125 0.48784722291666666 0.13966796875 0.49583333333333335 0.14091796875 0.49583333333333335 0.14267578125 0.4947916666666667 0.14375 0.4814236104166667 0.14375 0.46684027708333337 0.13876953125 0.44618055624999997 0.13193359375 0.43402777708333334 0.12880859375 0.43125 0.1177842890625 0.43125 0.10751953125 0.44618055624999997 0.10361328125 0.46006944375000003
0 0.1505859375 0.3248263875 0.1623046875 0.3456597208333333 0.1640869140625 0.35833333333333334 0.17080078125 0.35833333333333334 0.1779296875 0.3456597208333333 0.1796875 0.31753472083333334 0.1796875 0.31359953541666663 0.176953125 0.30225694375 0.1697265625 0.29583333333333334 0.1629045765625 0.29583333333333334 0.1544921875 0.3074652770833334 0.1505859375 0.3248263875
0 0.6611328125 0.18055555625 0.6513671875 0.17361111041666666 0.6435546875 0.17361111041666666 0.6337890625 0.18055555625 0.626953125 0.19270833333333334 0.6234375 0.20520833333333333 0.6234375 0.22222222083333334 0.626953125 0.23784722291666668 0.6396484375 0.2604166666666667 0.6455078125 0.26388888958333334 0.650390625 0.26215277708333334 0.6572265625 0.2604166666666667 0.671875 0.23784722291666668 0.6734375 0.23229166666666667 0.6734375 0.20868055416666667 0.669921875 0.19618055625 0.6611328125 0.18055555625
0 0.7064453125 0.18020833541666667 0.7005859375 0.18020833541666667 0.6986328125 0.1767361125 0.6869140625 0.18020833541666667 0.678125 0.1923611125 0.67421875 0.20625000208333333 0.67421875 0.23055555625000002 0.678125 0.24444444583333333 0.6882812484375 0.2625 0.7011718890624999 0.2625 0.709375 0.26180555625 0.7203125 0.24236111249999998 0.7203125 0.20555555625000002 0.719140625 0.19930555625000002 0.7064453125 0.18020833541666667
0 0.7544921875 0.13541666666666666 0.7486328125 0.13194444375 0.7369140625 0.13541666666666666 0.730078125 0.15104166666666666 0.730078125 0.171875 0.73203125 0.17881944375 0.7427734375 0.18055555625 0.7544921875 0.19097222291666668 0.759375 0.18923611041666666 0.7640625 0.178125 0.7640625 0.15972222291666668 0.761328125 0.14756944375 0.7544921875 0.13541666666666666
0 0.805859375 0.13229166666666667 0.794140625 0.13229166666666667 0.7892578125 0.14097222291666667 0.7875 0.15034722291666666 0.7875 0.1517361125 0.7892578125 0.15486111249999998 0.7892578125 0.16875 0.7931640625 0.17916666666666667 0.7997265625 0.1875 0.8021484421875 0.1875 0.8107421875 0.18611111249999998 0.815625 0.1745370375 0.815625 0.14791666666666667 0.8146484375 0.14444444583333332 0.805859375 0.13229166666666667
0 0.77109375 0.1267361104166667 0.77109375 0.14756944375 0.7779296875 0.16319444375 0.7818359375 0.16666666666666666 0.788671875 0.16493055625 0.788671875 0.140625 0.79375 0.1285879625 0.79375 0.12565586458333333 0.7857421875 0.11458333333333333 0.7779296875 0.11458333333333333 0.7740234375 0.11805555625 0.77109375 0.1267361104166667
0 0.7591796875 0.10069444375 0.75234375 0.11284722291666666 0.75234375 0.13020833333333334 0.7611328125 0.14583333333333334 0.7650390625 0.14930555625 0.771875 0.14756944375 0.771875 0.1267361104166667 0.775 0.12118055624999999 0.775 0.10838293541666667 0.7689453125 0.10069444375 0.7591796875 0.10069444375
0 0.7123046875 0.10399305625 0.7005859375 0.0970486125 0.691796875 0.10920138958333332 0.69765625 0.12309027916666666 0.69765625 0.1439236125 0.695703125 0.14739583333333334 0.69833984375 0.15208333333333332 0.71259765625 0.15208333333333332 0.7171875 0.1439236125 0.71875 0.12725694583333333 0.71875 0.12100694583333334 0.7171875 0.1126736125 0.7123046875 0.10399305625
1 0.6849609375 0.10381944583333333 0.6751953125 0.10381944583333333 0.6712890625 0.10729166666666666 0.66640625 0.11944444583333333 0.66640625 0.13680555416666668 0.6703125 0.15069444583333333 0.6763281250000001 0.15833333333333333 0.68476561875 0.15833333333333333 0.68984375 0.15763888750000002 0.696875 0.14513888958333335 0.696875 0.1236111125 0.69375 0.1125 0.6849609375 0.10381944583333333
1 0.732421875 0.13645833333333332 0.734375 0.11909722291666666 0.7236328125 0.09652777916666667 0.7119140625 0.09652777916666667 0.7109375 0.10520833333333333 0.71484375 0.10868055624999999 0.71875 0.12604166666666666 0.716796875 0.14340277916666666 0.7193359375 0.14791666666666667 0.7216796890625 0.14791666666666667 0.724609375 0.146875 0.732421875 0.13645833333333332
1 0.584765625 0.09652777916666667 0.5759765625 0.115625 0.5779296875 0.1329861125 0.5818359375 0.14340277916666666 0.5860677062499999 0.14791666666666667 0.59257813125 0.14791666666666667 0.6013671875 0.146875 0.6078125 0.13255208333333332 0.6078125 0.11319444375000001 0.5984375 0.09652777916666667 0.584765625 0.09652777916666667
0 0.57421875 0.13697916666666668 0.578125 0.11614583333333334 0.5693359375 0.09704861041666667 0.5595703125 0.0935763875 0.5537109375 0.09704861041666667 0.546875 0.1092013875 0.546875 0.13003472083333334 0.5517578125 0.1421875 0.55927734375 0.14583333333333334 0.5686523390625 0.14583333333333334 0.5693359375 0.14565972083333334 0.57421875 0.13697916666666668
1 0.61640625 0.09097222083333333 0.6095703125 0.10659722083333333 0.6095703125 0.12395833333333334 0.6177201703125 0.14166666666666666 0.6253906203125 0.14166666666666666 0.6271484375 0.14131944375 0.6291015625 0.13784722083333334 0.6271484375 0.134375 0.6271484375 0.1170138875 0.634375 0.10095486041666667 0.634375 0.09861111041666668 0.630078125 0.09097222083333333 0.61640625 0.09097222083333333
0 0.2681640625 0.19513888750000002 0.261328125 0.21076388750000002 0.265234375 0.24201388750000002 0.2688151046875 0.24583333333333332 0.2771484328125 0.24583333333333332 0.27890625 0.24548611041666665 0.284765625 0.23854166666666668 0.2875 0.22638888750000002 0.2875 0.20808531666666666 0.2818359375 0.19513888750000002 0.2681640625 0.19513888750000002
0 0.2572265625 0.21128472291666667 0.2474609375 0.21128472291666667 0.238671875 0.2234375 0.2494140625 0.22864583333333333 0.25625 0.24079861041666667 0.25625 0.2604166666666667 0.25888671875 0.2604166666666667 0.2640625 0.2512152770833333 0.265625 0.24288194375 0.265625 0.2373263875 0.2640625 0.2234375 0.2572265625 0.21128472291666667
1 0.1619140625 0.3454861104166667 0.153125 0.3298611104166667 0.143359375 0.3298611104166667 0.1326171875 0.3489583333333333 0.1306640625 0.3802083333333333 0.1326171875 0.390625 0.1375 0.3923611104166667 0.14140625 0.39930555624999997 0.1521484375 0.39756944375000003 0.1580078125 0.390625 0.1625 0.36666666666666664 0.1625 0.35694444375 0.1619140625 0.35590277708333334 0.1619140625 0.3454861104166667
1 0.144140625 0.4001736125 0.136328125 0.3932291666666667 0.128515625 0.3932291666666667 0.1158203125 0.4123263895833333 0.1138671875 0.43315972291666666 0.128515625 0.4314236125 0.132421875 0.4348958333333333 0.1392578125 0.4470486125 0.142734375 0.4625 0.1455200203125 0.4625 0.15 0.441261575 0.15 0.4262152791666667 0.1490234375 0.4157986125 0.144140625 0.4001736125
1 0.1392578125 0.48819444375000004 0.13046875 0.47256944375000004 0.1265625 0.46909722083333333 0.11484375 0.46909722083333333 0.1001953125 0.49166666666666664 0.0982421875 0.5020833333333333 0.0982421875 0.5402777770833332 0.1041015625 0.5611111104166666 0.11011718906250001 0.56875 0.12324218281249999 0.56875 0.1314453125 0.56805555625 0.1392578125 0.5541666645833333 0.1412109375 0.5437499979166667 0.1412109375 0.5333333333333333 0.1421875 0.5315972229166667 0.1421875 0.5142361104166667 0.1412109375 0.49861111041666667 0.1392578125 0.48819444375000004
1 0.036328125 0.5239583333333333 0.0265625 0.5239583333333333 0.0197265625 0.5361111104166666 0.0177734375 0.5465277770833333 0.0177734375 0.5708333333333333 0.024609375 0.596875 0.03046875 0.6020833333333333 0.0373046875 0.6020833333333333 0.040234375 0.6003472208333334 0.0451171875 0.58819444375 0.0451171875 0.5743055541666667 0.046875 0.5711805562500001 0.046875 0.56805555625 0.0451171875 0.5430555541666667 0.036328125 0.5239583333333333
1 0.3212890625 0.21840277916666664 0.328125 0.20277777916666664 0.326171875 0.19930555625000002 0.326171875 0.17500000208333333 0.3193359375 0.16631944583333333 0.3134765625 0.16631944583333333 0.3095703125 0.16979166874999999 0.3046875 0.18194444583333333 0.3046875 0.21319444583333333 0.3089843734375 0.22083333333333333 0.31484375625 0.22083333333333333 0.318359375 0.22013888958333333 0.3212890625 0.21840277916666664
0 0.092578125 0.4657986104166667 0.07890625 0.4657986104166667 0.075 0.46927083333333336 0.0681640625 0.4953125 0.0681640625 0.5083333333333333 0.07088448750000001 0.5083333333333333 0.080859375 0.4970486104166667 0.096484375 0.5005208333333333 0.1 0.4892708333333333 0.1 0.48003472291666666 0.0994140625 0.47795138958333333 0.092578125 0.4657986104166667
0 0.127734375 0.3265625 0.1211263015625 0.3416666666666667 0.1349609375 0.3416666666666667 0.140625 0.3341145833333333 0.140625 0.32864583333333336 0.1375 0.3230902770833334 0.127734375 0.3265625
1 0.14296875 0.30277777708333337 0.1380859375 0.31145833333333334 0.1361328125 0.321875 0.140234375 0.32916666666666666 0.1480468703125 0.32916666666666666 0.1498046875 0.32881944375 0.153125 0.3170138875 0.153125 0.30388888750000004 0.148828125 0.29930555416666665 0.14296875 0.30277777708333337
0 0.2572265625 0.19149305625000002 0.250390625 0.20364583333333333 0.2513671875 0.21232638958333333 0.252441403125 0.2125 0.2626953125 0.2125 0.26875 0.19635416666666666 0.26875 0.19233631041666666 0.2630859375 0.18802083333333333 0.2572265625 0.19149305625000002
1 0.7548828125 0.25625 0.76171875 0.24409722291666666 0.763671875 0.23368055625 0.76171875 0.20590277916666666 0.759765625 0.19895833333333332 0.7490234375 0.18333333333333332 0.7451171875 0.17986111249999998 0.7333984375 0.17986111249999998 0.7255859375 0.18680555625 0.720703125 0.19895833333333332 0.720703125 0.21979166666666666 0.72265625 0.22326388958333335 0.720703125 0.23715277916666666 0.7330598953125 0.2625 0.73925781875 0.2625 0.748046875 0.26145833333333335 0.7548828125 0.25625
1 0.2875 0.18146367708333333 0.2875 0.20694444583333332 0.2953124984375 0.22083333333333333 0.3000000046875 0.22083333333333333 0.302734375 0.22013888958333333 0.3046875 0.21666666874999999 0.3046875 0.18194444583333333 0.30625 0.1736111125 0.30625 0.17123016041666667 0.2998046875 0.16631944583333333 0.2875 0.18146367708333333