0 0.2880859375 0.3958333333333333 0.27734375 0.421875 0.2734375 0.4392361104166667 0.2734375 0.484375 0.28125 0.5121527770833334 0.2939453125 0.53125 0.3017578125 0.5381944437499999 0.326171875 0.5364583333333334 0.3310546875 0.5347222229166667 0.3388671875 0.52430555625 0.3515625 0.5017361104166667 0.357421875 0.4739583333333333 0.357421875 0.4322916666666667 0.3515625 0.4079861104166667 0.3408203125 0.3888888895833333 0.3271484375 0.37847222291666666 0.3076171875 0.37847222291666666 0.2880859375 0.3958333333333333
0 0.34765625 0.24826388958333334 0.345703125 0.25868055625 0.345703125 0.28993055624999997 0.3515625 0.3107638895833333 0.3583984375 0.3229166666666667 0.3681640625 0.3298611104166667 0.38671875 0.328125 0.3955078125 0.3229166666666667 0.40625 0.30034722291666666 0.41015625 0.2864583333333333 0.41015625 0.2552083333333333 0.404296875 0.234375 0.3974609375 0.22222222291666668 0.3818359375 0.21180555625 0.3681640625 0.21527777708333332 0.3583984375 0.22569444375 0.34765625 0.24826388958333334
0 0.033203125 0.453125 0.033203125 0.4704861104166667 0.0419921875 0.47222222291666666 0.0439453125 0.47569444375000003 0.048828125 0.4739583333333333 0.052734375 0.4322916666666667 0.0419921875 0.43055555624999997 0.033203125 0.453125
1 0.02734375 0.5434027770833333 0.0361328125 0.5555555562500001 0.046875 0.5538194437499999 0.052734375 0.5434027770833333 0.056640625 0.5017361104166667 0.0546875 0.49131944375000003 0.0458984375 0.47222222291666666 0.0322265625 0.47222222291666666 0.025390625 0.48784722291666666 0.025390625 0.4982638895833333 0.0234375 0.5017361104166667 0.025390625 0.5364583333333334 0.02734375 0.5434027770833333
1 0.072265625 0.4982638895833333 0.078125 0.49131944375000003 0.08203125 0.4739583333333333 0.08203125 0.4427083333333333 0.0732421875 0.4201388895833333 0.0634765625 0.4166666666666667 0.0595703125 0.4201388895833333 0.05078125 0.4392361104166667 0.048828125 0.47743055624999997 0.0595703125 0.5 0.072265625 0.4982638895833333
1 0.087890625 0.421875 0.095703125 0.4045138895833333 0.09765625 0.38368055624999997 0.095703125 0.3802083333333333 0.095703125 0.3697916666666667 0.0908203125 0.3576388895833333 0.0791015625 0.3541666666666667 0.068359375 0.3767361104166667 0.068359375 0.4079861104166667 0.0751953125 0.4236111104166667 0.087890625 0.421875
0 0.1171875 0.35590277708333334 0.125 0.3385416666666667 0.126953125 0.3177083333333333 0.1220703125 0.2986111104166667 0.1181640625 0.2951388895833333 0.1083984375 0.2951388895833333 0.1015625 0.3072916666666667 0.09765625 0.32118055624999997 0.09765625 0.3420138895833333 0.1044921875 0.3576388895833333 0.1171875 0.35590277708333334
1 0.1337890625 0.3298611104166667 0.142578125 0.328125 0.1484375 0.32118055624999997 0.15234375 0.3072916666666667 0.154296875 0.2829861104166667 0.1455078125 0.26388888958333334 0.1357421875 0.26388888958333334 0.1318359375 0.2673611104166667 0.125 0.2829861104166667 0.123046875 0.3072916666666667 0.126953125 0.32118055624999997 0.1337890625 0.3298611104166667
0 0.1669921875 0.26388888958333334 0.177734375 0.26215277708333334 0.18359375 0.25173611041666666 0.1875 0.22743055625 0.185546875 0.21701388958333334 0.1806640625 0.20833333333333334 0.1748046875 0.20486111041666666 0.1689453125 0.20833333333333334 0.16015625 0.22395833333333334 0.158203125 0.24479166666666666 0.1630859375 0.2604166666666667 0.1669921875 0.26388888958333334
1 0.271484375 0.18576388958333334 0.2763671875 0.18402777708333332 0.28515625 0.16145833333333334 0.28515625 0.14756944375 0.2763671875 0.12847222291666666 0.2685546875 0.12847222291666666 0.2607421875 0.13541666666666666 0.25390625 0.15451388958333334 0.255859375 0.17534722291666668 0.2666015625 0.1875 0.271484375 0.18576388958333334
0 0.3291015625 0.15277777708333332 0.33984375 0.15104166666666666 0.3466796875 0.14583333333333334 0.3515625 0.13368055625 0.3515625 0.11284722291666666 0.349609375 0.10590277708333334 0.3427734375 0.09722222291666666 0.3310546875 0.09722222291666666 0.3203125 0.11284722291666666 0.318359375 0.13368055625 0.3203125 0.140625 0.3291015625 0.15277777708333332
1 0.4150390625 0.10416666666666667 0.4228515625 0.11111111041666667 0.4296875 0.109375 0.4345703125 0.10763888958333333 0.443359375 0.08854166666666667 0.443359375 0.07118055625 0.4365234375 0.05555555625 0.4248046875 0.052083333333333336 0.4189453125 0.05555555625 0.412109375 0.06770833333333333 0.41015625 0.07465277708333334 0.41015625 0.09201388958333333 0.4150390625 0.10416666666666667
1 0.5009765625 0.08333333333333333 0.513671875 0.08159722291666666 0.5166015625 0.07986111041666667 0.5234375 0.06423611041666667 0.521484375 0.04340277708333333 0.5146484375 0.03125 0.5009765625 0.03125 0.4970703125 0.03472222291666667 0.4921875 0.04340277708333333 0.490234375 0.05381944375 0.4921875 0.06770833333333333 0.5009765625 0.08333333333333333
0 0.53515625 0.14409722291666668 0.5390625 0.15798611041666666 0.5458984375 0.17013888958333334 0.5537109375 0.17708333333333334 0.56640625 0.17534722291666668 0.5771484375 0.16666666666666666 0.583984375 0.15104166666666666 0.583984375 0.11979166666666667 0.580078125 0.109375 0.5712890625 0.09722222291666666 0.5654296875 0.09375 0.5517578125 0.09375 0.5390625 0.109375 0.53515625 0.12326388958333333 0.53515625 0.14409722291666668
0 0.59375 0.10590277708333334 0.5986328125 0.11805555625 0.6064453125 0.12847222291666666 0.615234375 0.1267361104166667 0.615234375 0.10243055625 0.619140625 0.08854166666666667 0.62890625 0.07465277708333334 0.62890625 0.06770833333333333 0.6201171875 0.05902777708333333 0.6064453125 0.05902777708333333 0.59375 0.07465277708333334 0.591796875 0.09201388958333333 0.59375 0.09548611041666667 0.59375 0.10590277708333334
0 0.58203125 0.057291666666666664 0.580078125 0.036458333333333336 0.5712890625 0.024305556250000002 0.5595703125 0.024305556250000002 0.552734375 0.032986110416666665 0.5576171875 0.03472222291666667 0.5634765625 0.03125 0.5712890625 0.03819444375 0.576171875 0.046875 0.5791015625 0.05902777708333333 0.58203125 0.057291666666666664
0 0.591796875 0.06770833333333333 0.60546875 0.03993055625 0.6005859375 0.024305556250000002 0.5927734375 0.017361110416666665 0.5849609375 0.017361110416666665 0.578125 0.026041666666666668 0.578125 0.032986110416666665 0.58203125 0.03993055625 0.58203125 0.060763889583333335 0.583984375 0.06770833333333333 0.591796875 0.06770833333333333
1 0.591796875 0.06770833333333333 0.60546875 0.03993055625 0.6005859375 0.024305556250000002 0.5927734375 0.017361110416666665 0.5849609375 0.017361110416666665 0.578125 0.026041666666666668 0.578125 0.032986110416666665 0.58203125 0.03993055625 0.58203125 0.060763889583333335 0.583984375 0.06770833333333333 0.591796875 0.06770833333333333
0 0.6455078125 0.06944444375 0.65625 0.06770833333333333 0.6640625 0.05034722291666667 0.662109375 0.029513889583333335 0.6533203125 0.017361110416666665 0.6435546875 0.017361110416666665 0.6396484375 0.020833333333333332 0.63671875 0.026041666666666668 0.63671875 0.036458333333333336 0.640625 0.046875 0.640625 0.060763889583333335 0.6455078125 0.06944444375
1 0.6455078125 0.06944444375 0.65625 0.06770833333333333 0.6640625 0.05034722291666667 0.662109375 0.029513889583333335 0.6533203125 0.017361110416666665 0.6435546875 0.017361110416666665 0.6396484375 0.020833333333333332 0.63671875 0.026041666666666668 0.63671875 0.036458333333333336 0.640625 0.046875 0.640625 0.060763889583333335 0.6455078125 0.06944444375
1 0.6875 0.078125 0.6953125 0.06770833333333333 0.6953125 0.04340277708333333 0.6884765625 0.03125 0.6787109375 0.03125 0.6748046875 0.03472222291666667 0.66796875 0.05034722291666667 0.66796875 0.060763889583333335 0.6748046875 0.07638888958333333 0.6787109375 0.07986111041666667 0.6875 0.078125
1 0.6728515625 0.03472222291666667 0.6826171875 0.03125 0.68359375 0.022569443749999998 0.6787109375 0.017361110416666665 0.6689453125 0.017361110416666665 0.6630859375 0.024305556250000002 0.662109375 0.03993055625 0.6640625 0.05034722291666667 0.666015625 0.05034722291666667 0.6728515625 0.03472222291666667
0 0.7109375 0.07118055625 0.716796875 0.057291666666666664 0.716796875 0.03993055625 0.7060546875 0.024305556250000002 0.6943359375 0.024305556250000002 0.69140625 0.029513889583333335 0.69140625 0.036458333333333336 0.6953125 0.046875 0.6953125 0.06770833333333333 0.7001953125 0.07291666666666667 0.7109375 0.07118055625
0 0.7216796875 0.06944444375 0.728515625 0.06770833333333333 0.73046875 0.06423611041666667 0.728515625 0.05381944375 0.734375 0.03993055625 0.734375 0.032986110416666665 0.7294921875 0.024305556250000002 0.7158203125 0.024305556250000002 0.712890625 0.032986110416666665 0.716796875 0.03993055625 0.716796875 0.06423611041666667 0.7216796875 0.06944444375
1 0.4970703125 0.2673611104166667 0.4912109375 0.2708333333333333 0.4794921875 0.28472222291666666 0.46875 0.3107638895833333 0.466796875 0.33159722291666666 0.46484375 0.33506944375000003 0.46875 0.3732638895833333 0.4833984375 0.40277777708333334 0.4912109375 0.40972222291666666 0.4970703125 0.41319444375000003 0.521484375 0.4114583333333333 0.5322265625 0.40277777708333334 0.544921875 0.3802083333333333 0.548828125 0.36631944375000003 0.55078125 0.33159722291666666 0.546875 0.3107638895833333 0.54296875 0.296875 0.5361328125 0.28472222291666666 0.5224609375 0.2708333333333333 0.5166015625 0.2673611104166667 0.4970703125 0.2673611104166667
0 0.5888671875 0.23263888958333334 0.5712890625 0.23263888958333334 0.5595703125 0.24305555625 0.546875 0.265625 0.546875 0.27256944375000003 0.54296875 0.2829861104166667 0.54296875 0.296875 0.55078125 0.328125 0.55078125 0.3420138895833333 0.5556640625 0.3541666666666667 0.5673828125 0.36805555624999997 0.5732421875 0.37152777708333334 0.595703125 0.3697916666666667 0.6064453125 0.3611111104166667 0.6171875 0.3420138895833333 0.623046875 0.3107638895833333 0.623046875 0.2864583333333333 0.6171875 0.265625 0.6064453125 0.24652777708333332 0.6005859375 0.24305555625 0.5966796875 0.23611111041666666 0.5908203125 0.23611111041666666 0.5888671875 0.23263888958333334
0 0.6669921875 0.16666666666666666 0.6591796875 0.17361111041666666 0.65234375 0.18923611041666666 0.6484375 0.203125 0.6484375 0.22743055625 0.654296875 0.24826388958333334 0.6650390625 0.2673611104166667 0.6728515625 0.27430555624999997 0.69140625 0.27256944375000003 0.6982421875 0.2673611104166667 0.705078125 0.2552083333333333 0.7109375 0.234375 0.7109375 0.21354166666666666 0.70703125 0.19270833333333334 0.6962890625 0.17361111041666666 0.6884765625 0.16666666666666666 0.6826171875 0.16666666666666666 0.6806640625 0.16319444375 0.6669921875 0.16666666666666666
0 0.744140625 0.12326388958333333 0.7568359375 0.14930555625 0.765625 0.15104166666666666 0.7744140625 0.14583333333333334 0.779296875 0.13715277708333332 0.78125 0.13020833333333334 0.78125 0.109375 0.7705078125 0.08680555625 0.7666015625 0.08333333333333333 0.7548828125 0.08333333333333333 0.7509765625 0.08680555625 0.744140625 0.10243055625 0.744140625 0.12326388958333333
0 0.791015625 0.09548611041666667 0.791015625 0.078125 0.7890625 0.07118055625 0.7783203125 0.05555555625 0.7685546875 0.05555555625 0.763671875 0.06423611041666667 0.767578125 0.08159722291666666 0.7822265625 0.11111111041666667 0.78515625 0.109375 0.791015625 0.09548611041666667
0 0.740234375 0.10590277708333334 0.744140625 0.10590277708333334 0.74609375 0.09548611041666667 0.7509765625 0.08680555625 0.7548828125 0.08333333333333333 0.7666015625 0.08333333333333333 0.767578125 0.07465277708333334 0.7548828125 0.05902777708333333 0.7431640625 0.0625 0.736328125 0.078125 0.736328125 0.09201388958333333 0.740234375 0.10590277708333334
1 0.626953125 0.022569443749999998 0.6240234375 0.017361110416666665 0.6123046875 0.017361110416666665 0.6083984375 0.020833333333333332 0.603515625 0.032986110416666665 0.6064453125 0.041666666666666664 0.609375 0.03993055625 0.6123046875 0.03125 0.626953125 0.022569443749999998