0 0.708203125 0.5041666666666667 0.7267578125 0.48159722083333334 0.7365234375 0.45381944375 0.7404296875 0.40868055416666665 0.7384765625 0.40520833333333334 0.7384765625 0.39131944375 0.7326171875 0.3704861104166667 0.719921875 0.34791666666666665 0.700390625 0.33055555416666665 0.684765625 0.33055555416666665 0.6671875 0.34097222083333334 0.6525390625 0.36701388749999997 0.6447265625 0.4017361104166667 0.6447265625 0.4329861104166667 0.6525390625 0.46770833333333334 0.67109375 0.49722222083333334 0.68463541875 0.50625 0.6968749937500001 0.50625 0.6994140625 0.5059027770833333 0.708203125 0.5041666666666667
0 0.4685546875 0.34930555625 0.4607421875 0.325 0.45 0.309375 0.434375 0.2989583333333333 0.42265625 0.2989583333333333 0.405078125 0.31284722291666667 0.3923828125 0.33541666666666664 0.3865234375 0.3631944458333333 0.3865234375 0.3840277791666667 0.3923828125 0.41180555625 0.40703125 0.43784722291666667 0.4240234359375 0.4479166666666667 0.42714844375 0.4479166666666667 0.4373046875 0.4465277791666667 0.45390625 0.434375 0.4646484375 0.4083333333333333 0.4685546875 0.39097222291666667 0.4685546875 0.3770833333333333 0.46875 0.3767361104166667 0.46875 0.3673611104166667 0.4685546875 0.36666666666666664 0.4685546875 0.34930555625
0 0.2630859375 0.3086805541666667 0.2533203125 0.3017361104166667 0.2474609375 0.3017361104166667 0.2337890625 0.31215277708333333 0.22890625 0.32083333333333336 0.223046875 0.33819444375 0.22109375 0.3625 0.226953125 0.39027777708333333 0.2337890625 0.4024305541666667 0.24208984375 0.4083333333333333 0.25234374375 0.4083333333333333 0.258203125 0.4076388875 0.2630859375 0.40590277708333333 0.269921875 0.3972222208333333 0.269921875 0.3868055541666667 0.275 0.3687499979166667 0.275 0.33541666666666664 0.271875 0.3243055541666667 0.2630859375 0.3086805541666667
0 0.5326171875 0.203125 0.519921875 0.1875 0.5140625 0.18402777708333332 0.500390625 0.18402777708333332 0.492578125 0.19097222291666668 0.4818359375 0.21006944375 0.4798828125 0.21701388958333334 0.4798828125 0.25173611041666666 0.490625 0.27430555624999997 0.500390625 0.28472222291666666 0.5169921875 0.2829861104166667 0.531640625 0.27430555624999997 0.5359375 0.2636111104166667 0.5359375 0.24756944374999998 0.5345703125 0.21354166666666666 0.5326171875 0.203125
0 0.462890625 0.19270833333333334 0.459375 0.20833333333333334 0.459375 0.22534722291666667 0.462890625 0.23784722291666668 0.4716796875 0.25347222291666666 0.4748046875 0.25625 0.4775390609375 0.25625 0.48046875 0.2552083333333333 0.48046875 0.21701388958333334 0.482421875 0.21006944375 0.4873046875 0.19791666666666666 0.5015625 0.18270833333333333 0.5015625 0.1783234125 0.49566406250000006 0.17083333333333334 0.4783203125 0.17083333333333334 0.4736328125 0.17361111041666666 0.462890625 0.19270833333333334
0 0.396484375 0.25868055625 0.4052734375 0.27777777708333334 0.4130859375 0.28472222291666666 0.43359375 0.2829861104166667 0.4365234375 0.28125 0.447265625 0.25868055625 0.447265625 0.24479166666666666 0.44921875 0.24131944375 0.447265625 0.22048611041666666 0.443359375 0.21006944375 0.4326171875 0.19444444375 0.4130859375 0.19444444375 0.4091796875 0.19791666666666666 0.396484375 0.22395833333333334 0.39453125 0.234375 0.396484375 0.25868055625
0 0.372265625 0.17395833125000001 0.35859375 0.18437499791666667 0.3576171875 0.18958333125000001 0.3537109375 0.19305555416666667 0.3517578125 0.19999999791666667 0.3517578125 0.22777777708333333 0.35859375 0.24340277708333333 0.3660156265625 0.25 0.3685546796875 0.25 0.3771484375 0.24861111041666667 0.3869140625 0.24166666458333333 0.3921875 0.22291666458333334 0.3921875 0.19876893750000002 0.38203125 0.17743055416666667 0.372265625 0.17395833125000001
0 0.1041015625 0.3420138895833333 0.1041015625 0.35590277708333334 0.11063368124999999 0.37083333333333335 0.115234371875 0.37083333333333335 0.1216796875 0.3697916666666667 0.1275390625 0.35590277708333334 0.128125 0.35069444375000003 0.128125 0.33125 0.1275390625 0.328125 0.12265625 0.31944444375000003 0.11796875 0.31666666666666665 0.11609375 0.31666666666666665 0.1080078125 0.32465277708333334 0.1041015625 0.3420138895833333
0 0.2150390625 0.26631944375 0.2169921875 0.24201388750000002 0.21015625 0.22986111041666665 0.204296875 0.22638888750000002 0.1916015625 0.24548611041666665 0.1916015625 0.26631944375 0.19765625 0.27708333333333335 0.2054687453125 0.27708333333333335 0.2072265625 0.2767361104166667 0.2150390625 0.26631944375
0 0.3873046875 0.13854166874999999 0.3755859375 0.13854166874999999 0.366796875 0.15069444583333333 0.36484375 0.15763888958333333 0.3658203125 0.17326388958333333 0.3755859375 0.17326388958333333 0.3814453125 0.1767361125 0.386328125 0.18541666666666667 0.3921875 0.18541666666666667 0.3953125 0.17708333541666665 0.3953125 0.15222222500000002 0.3912109375 0.14201388958333333 0.3873046875 0.13854166874999999
0 0.312890625 0.16909722083333334 0.3041015625 0.16388888750000002 0.293359375 0.17604166666666668 0.29140625 0.18298611041666665 0.29140625 0.20381944375 0.2991908484375 0.21458333333333332 0.3087890578125 0.21458333333333332 0.3109375 0.21423611041666665 0.3140625 0.20868055625 0.3140625 0.203125 0.312890625 0.196875 0.312890625 0.16909722083333334
1 0.3515625 0.234375 0.349609375 0.203125 0.3427734375 0.19097222291666668 0.3291015625 0.1875 0.314453125 0.20659722291666668 0.3125 0.234375 0.3193359375 0.25347222291666666 0.3291015625 0.2604166666666667 0.337890625 0.25868055625 0.3408203125 0.25694444375 0.3515625 0.234375
1 0.3484375 0.14878472291666667 0.340625 0.15572916666666667 0.3357421875 0.17829861041666667 0.340625 0.19045138958333335 0.34986328125 0.19791666666666666 0.351708984375 0.19791666666666666 0.3533203125 0.1921875 0.3640625 0.17627314791666665 0.3640625 0.15920138958333335 0.358203125 0.14878472291666667 0.3484375 0.14878472291666667
1 0.1375 0.30203372916666665 0.1375 0.3292052458333333 0.14500558125000002 0.33958333333333335 0.1474609359375 0.33958333333333335 0.150390625 0.3385416666666667 0.1533203125 0.33680555624999997 0.159375 0.32296627083333335 0.159375 0.29548611041666667 0.1537109375 0.28541666666666665 0.1513671890625 0.28541666666666665 0.1435546875 0.28819444375000003 0.1375 0.30203372916666665
1 0.412109375 0.14756944375 0.41015625 0.13368055625 0.4013671875 0.12152777708333334 0.3916015625 0.12152777708333334 0.3876953125 0.125 0.384765625 0.13020833333333334 0.384765625 0.13715277708333332 0.39453125 0.14756944375 0.396484375 0.16493055625 0.3994140625 0.17013888958333334 0.404296875 0.16840277708333332 0.412109375 0.14756944375
1 0.3353515625 0.14618055416666667 0.3333984375 0.14965277708333333 0.3314453125 0.14965277708333333 0.328515625 0.15486111041666667 0.3314453125 0.16006944374999998 0.3353515625 0.16006944374999998 0.3367187515625 0.1625 0.3398437484375 0.1625 0.340234375 0.16180555416666667 0.340234375 0.15833333125000001 0.3412109375 0.15659722083333336 0.3431640625 0.15659722083333336 0.3451171875 0.15312499791666667 0.346875 0.15312499791666667 0.346875 0.1493055541666667 0.3451171875 0.14618055416666667 0.3353515625 0.14618055416666667
0 0.333203125 0.15937500208333333 0.33125 0.15590277916666664 0.32734375 0.15590277916666664 0.325390625 0.15937500208333333 0.321484375 0.15937500208333333 0.31953125 0.16284722291666667 0.317578125 0.16284722291666667 0.3146484375 0.16805555625000002 0.3146484375 0.17152777916666664 0.3126953125 0.17500000208333333 0.3126953125 0.19583333541666667 0.3150390609375 0.2 0.3181640625 0.2 0.3185546875 0.19930555625000002 0.31953125 0.19756944583333333 0.321484375 0.19756944583333333 0.325390625 0.19062500208333333 0.32734375 0.19062500208333333 0.329296875 0.18715277916666664 0.33515625 0.18715277916666664 0.3361328125 0.18541666874999999 0.3361328125 0.17847222291666667 0.3375 0.17604166875 0.3375 0.16354166875 0.33515625 0.15937500208333333 0.333203125 0.15937500208333333