1 0.9287109375 0.43020833333333336 0.9130859375 0.41631944583333336 0.9033203125 0.41631944583333336 0.9013671875 0.4197916666666667 0.8955078125 0.4197916666666667 0.8857421875 0.43020833333333336 0.87109375 0.46319444583333336 0.8671875 0.48055555624999996 0.865625 0.5138888895833333 0.865625 0.5239583333333333 0.869140625 0.5395833354166667 0.875 0.5500000020833333 0.876953125 0.5673611104166666 0.8876953125 0.58993055625 0.897656246875 0.5958333333333333 0.9082031359375 0.5958333333333333 0.9140625 0.5951388895833334 0.9248046875 0.58993055625 0.9375 0.5673611104166666 0.9453125 0.5361111104166666 0.946875 0.49444444583333336 0.946875 0.48217592708333334 0.94140625 0.45625 0.9287109375 0.43020833333333336
1 0.826953125 0.31215277708333333 0.815234375 0.3086805541666667 0.81328125 0.30520833333333336 0.8015625 0.30520833333333336 0.7859375 0.3190972208333333 0.7771484375 0.33819444375 0.7712890625 0.3625 0.795703125 0.3642361104166667 0.811328125 0.378125 0.8240234375 0.40069444375 0.8298828125 0.4180555541666667 0.8337890625 0.4423611104166667 0.8357421875 0.44583333333333336 0.8376953125 0.44583333333333336 0.8474609375 0.43194444375 0.85 0.4229166645833333 0.85 0.36397569375 0.8435546875 0.33819444375 0.826953125 0.31215277708333333
1 0.2833984375 1 0.2853515625 0.9965277770833333 0.2873046875 1 0.348828125 0.9982638895833333 0.3546875 0.9704861104166667 0.3546875 0.9392361104166667 0.352734375 0.9357638895833333 0.348828125 0.9045138895833333 0.33515625 0.8663194437499999 0.3244140625 0.8472222229166667 0.3029296875 0.8194444437499999 0.2853515625 0.8055555562500001 0.2638671875 0.8055555562500001 0.2619140625 0.8020833333333334 0.2560546875 0.8020833333333334 0.2541015625 0.8055555562500001 0.2404296875 0.8090277770833333 0.2248046875 0.8229166666666666 0.21015625 0.8454861104166667 0.20234375 0.8767361104166667 0.1984375 0.9149305562500001 0.20234375 0.9357638895833333 0.20234375 0.953125 0.21015625 0.984375 0.21015625 0.9913194437499999 0.2130859375 0.9965277770833333 0.2169921875 1 0.2833984375 1
1 0.4173828125 0.19791666666666666 0.3958984375 0.20138888958333334 0.383203125 0.22048611041666666 0.379296875 0.23090277708333332 0.379296875 0.23784722291666668 0.3919921875 0.25 0.402734375 0.26909722291666666 0.402734375 0.2760416666666667 0.4076171875 0.2916666666666667 0.41640625 0.28993055624999997 0.4251953125 0.28819444375000003 0.433984375 0.2795138895833333 0.433984375 0.24479166666666666 0.4375 0.22604166666666667 0.4375 0.22306547708333332 0.4310546875 0.20833333333333334 0.4173828125 0.19791666666666666
1 0.47734375 0.19513888750000002 0.465625 0.19513888750000002 0.45 0.20555555416666668 0.4392578125 0.22465277708333334 0.4353515625 0.23854166666666668 0.4333984375 0.259375 0.4353515625 0.26284722083333334 0.4353515625 0.28020833333333334 0.440234375 0.28888888749999997 0.444140625 0.28888888749999997 0.459765625 0.30277777708333337 0.46875 0.31875 0.47343749687500003 0.31875 0.4744140625 0.31840277708333337 0.4763671875 0.31493055416666665 0.4763671875 0.28368055416666665 0.4802734375 0.26631944375 0.4861328125 0.25243055416666665 0.496875 0.24027777708333334 0.5 0.23249999999999998 0.5 0.22443181874999998 0.491015625 0.20555555416666668 0.47734375 0.19513888750000002
1 0.5146484375 0.31649305624999996 0.5166015625 0.31302083333333336 0.5361328125 0.31302083333333336 0.5419921875 0.31649305624999996 0.546875 0.2939236104166667 0.5546875 0.2765625 0.552734375 0.26267361041666665 0.5419921875 0.24357638958333333 0.5302734375 0.23315972291666667 0.5146484375 0.2296875 0.5126953125 0.23315972291666667 0.5029296875 0.23315972291666667 0.4990234375 0.23663194375 0.48046875 0.26614583333333336 0.4765625 0.2869791666666667 0.4765625 0.3182291666666667 0.481982421875 0.3375 0.48788311249999994 0.3375 0.5087890625 0.31649305624999996 0.5146484375 0.31649305624999996
1 0.6166015625 0.13854166874999999 0.6146484375 0.14201388958333333 0.6068359375 0.14201388958333333 0.59609375 0.15416666874999999 0.5970703125 0.16284722291666667 0.6126953125 0.16631944583333333 0.6205078125 0.17326388958333333 0.6313895078125 0.19583333333333333 0.63515625 0.19583333333333333 0.6390625 0.18194444583333333 0.6421875 0.17916666666666667 0.6421875 0.16666666666666666 0.6322265625 0.14895833541666667 0.6166015625 0.13854166874999999
1 0.708984375 0.18177083333333333 0.705078125 0.16440972291666667 0.6943359375 0.1453125 0.6865234375 0.13836805625 0.6728515625 0.13836805625 0.6630859375 0.1453125 0.658203125 0.15399305625 0.6591796875 0.15920138958333335 0.6669921875 0.15920138958333335 0.6826171875 0.16961805625 0.697265625 0.19913194374999998 0.6991048171875 0.21875 0.70353515625 0.21875 0.708984375 0.20260416666666667 0.708984375 0.18177083333333333
1 0.74375 0.14583333333333334 0.73203125 0.13541666666666666 0.718359375 0.13888888958333334 0.7056640625 0.15798611041666666 0.7056640625 0.16840277708333332 0.7095703125 0.17881944375 0.7095703125 0.21006944375 0.718359375 0.22569444375 0.722265625 0.22916666666666666 0.7251953125 0.22743055625 0.7291015625 0.20659722291666668 0.73984375 0.1875 0.753125 0.17962962916666667 0.753125 0.167824075 0.7486328125 0.15451388958333334 0.74375 0.14583333333333334
1 0.8109375 0.18732638958333334 0.803125 0.1803819458333333 0.79140625 0.1803819458333333 0.7796875 0.18732638958333334 0.7767578125 0.19253472291666668 0.7767578125 0.19947916666666668 0.7865234375 0.2272569458333333 0.7865234375 0.2376736125 0.8021484375 0.26197916666666665 0.8055468749999999 0.27708333333333335 0.81318359375 0.27708333333333335 0.8216796875 0.26197916666666665 0.825 0.24722222291666668 0.825 0.22795138958333333 0.8197265625 0.20295138958333334 0.8109375 0.18732638958333334
0 0.7263671875 0.4076388875 0.7224609375 0.3972222208333333 0.7224609375 0.39027777708333333 0.70390625 0.35381944375 0.698046875 0.346875 0.68046875 0.33645833333333336 0.662890625 0.33645833333333336 0.647265625 0.346875 0.639453125 0.3572916666666667 0.6287109375 0.3798611104166667 0.6208984375 0.4111111104166667 0.6208984375 0.45277777708333333 0.6287109375 0.48402777708333333 0.6365234375 0.5013888875 0.653125 0.5239583333333333 0.66484375 0.5274305541666666 0.6658203125 0.5291666666666667 0.6814453125 0.5291666666666667 0.7 0.5204861104166667 0.7185546875 0.4909722208333333 0.7244140625 0.4736111104166667 0.7244140625 0.46319444375 0.7265625 0.45364583333333336 0.7265625 0.421875 0.7263671875 0.42152777708333333 0.7263671875 0.4076388875
0 0.6267578125 0.28958333333333336 0.6140625 0.26701388958333333 0.60234375 0.2565972229166667 0.592578125 0.2565972229166667 0.590625 0.25312500208333333 0.573046875 0.2565972229166667 0.56328125 0.26354166875 0.5525390625 0.2791666666666667 0.5447265625 0.3 0.5427734375 0.31388888958333333 0.559375 0.33298611250000004 0.5681640625 0.34861111250000004 0.5759765625 0.3729166666666667 0.5798828125 0.41111111250000004 0.5818359375 0.41458333333333336 0.5974609375 0.41458333333333336 0.6140625 0.40243055624999996 0.6306640625 0.36944444583333336 0.6326171875 0.34861111250000004 0.6328125 0.3482638895833333 0.6328125 0.3170138895833333 0.6326171875 0.31388888958333333 0.6267578125 0.28958333333333336
0 0.5521484375 0.3232638895833333 0.5345703125 0.31284722291666667 0.5189453125 0.31284722291666667 0.5013671875 0.3232638895833333 0.48671875 0.3423611125 0.476953125 0.3736111125 0.473046875 0.4083333333333333 0.475 0.41180555625 0.475 0.42916666666666664 0.480859375 0.45 0.4955078125 0.4795138895833333 0.5052734375 0.4864583333333333 0.5123046875 0.49583333333333335 0.5253906296874999 0.49583333333333335 0.53359375 0.4951388895833333 0.5462890625 0.48993055625 0.5580078125 0.4795138895833333 0.56875 0.46041666666666664 0.578125 0.43041666666666667 0.578125 0.3826388895833333 0.56875 0.34930555625 0.5521484375 0.3232638895833333
0 0.3751953125 0.4232638875 0.383984375 0.40069444375 0.3859375 0.39027777708333333 0.383984375 0.38333333333333336 0.3859375 0.32777777708333333 0.3732421875 0.30520833333333336 0.3634765625 0.2947916666666667 0.3576171875 0.29131944375 0.3400390625 0.29131944375 0.3244140625 0.30520833333333336 0.315625 0.32083333333333336 0.3078125 0.3555555541666667 0.3078125 0.3798611104166667 0.309765625 0.38333333333333336 0.31171875 0.4041666666666667 0.3224609375 0.4267361104166667 0.3369140625 0.4395833333333333 0.34921874062499997 0.4395833333333333 0.356640625 0.4388888875 0.3751953125 0.4232638875
0 0.2865234375 0.31215277708333333 0.2787109375 0.30520833333333336 0.2611328125 0.30520833333333336 0.2552734375 0.3086805541666667 0.240625 0.33125 0.234765625 0.35208333333333336 0.234765625 0.39375 0.242578125 0.42152777708333333 0.2552734375 0.4336805541666667 0.2611328125 0.4336805541666667 0.262109375 0.4354166666666667 0.269921875 0.4354166666666667 0.2767578125 0.4336805541666667 0.2904296875 0.4197916666666667 0.297265625 0.40069444375 0.3 0.3861111104166667 0.3 0.34444444375 0.2953125 0.32777777708333333 0.2865234375 0.31215277708333333
0 0.385546875 0.24322916666666666 0.3796875 0.24322916666666666 0.377734375 0.23975694374999998 0.358203125 0.24322916666666666 0.3484375 0.25364583333333335 0.3337890625 0.28663194375 0.334765625 0.2953125 0.340625 0.2953125 0.342578125 0.2918402770833334 0.36015625 0.2918402770833334 0.377734375 0.3092013875 0.3863206125 0.33125 0.3886962890625 0.33125 0.4046875 0.2933449083333333 0.4046875 0.28443287083333335 0.4001953125 0.26579861041666664 0.385546875 0.24322916666666666
0 0.3365234375 0.20659722291666668 0.3326171875 0.22048611041666666 0.335546875 0.22222222291666668 0.343359375 0.21527777708333332 0.355078125 0.21527777708333332 0.366796875 0.22222222291666668 0.3765625 0.23958333333333334 0.3775390625 0.23784722291666668 0.384375 0.21657986041666666 0.384375 0.21141975208333333 0.3765625 0.19444444375 0.36875 0.1875 0.353125 0.1875 0.347265625 0.19097222291666668 0.3365234375 0.20659722291666668
0 0.451953125 0.16388888750000002 0.440234375 0.16736111041666665 0.432421875 0.17430555416666668 0.4216796875 0.19340277708333334 0.4216796875 0.20381944375 0.43046875 0.20902777708333334 0.4353515625 0.22118055416666668 0.4375 0.225 0.4390625 0.225 0.4392578125 0.22465277708333334 0.4431640625 0.21423611041666665 0.451953125 0.20208333333333334 0.463671875 0.19861111041666665 0.465625 0.19513888750000002 0.4734375 0.19513888750000002 0.4734375 0.18503787916666664 0.463671875 0.17083333333333334 0.451953125 0.16388888750000002
0 0.57734375 0.12534722083333333 0.56953125 0.12534722083333333 0.5578125 0.13229166458333333 0.5470703125 0.15486111041666667 0.5529296875 0.16874999791666667 0.5548828125 0.1826388875 0.5669921890625 0.20416666666666666 0.5681640609375 0.20416666666666666 0.5685546875 0.20347222083333336 0.5724609375 0.18958333125000001 0.58125 0.17395833125000001 0.59296875 0.1670138875 0.5953125 0.16006944166666667 0.5953125 0.14687499791666667 0.587109375 0.13229166458333333 0.57734375 0.12534722083333333
0 0.7693359375 0.14618055416666667 0.756640625 0.16527777708333333 0.7546875 0.17569444374999998 0.7595703125 0.18437499791666667 0.7634765625 0.18437499791666667 0.7722656265625 0.19375 0.7761718703125 0.19375 0.778125 0.19305555416666667 0.7791015625 0.18784722083333336 0.7888671875 0.18090277708333333 0.8 0.18090277708333333 0.8 0.16977123958333334 0.7849609375 0.14618055416666667 0.7693359375 0.14618055416666667
0 0.878515625 0.24305555625 0.870703125 0.23611111041666666 0.858984375 0.23611111041666666 0.84921875 0.24305555625 0.8423828125 0.2552083333333333 0.8384765625 0.27256944375000003 0.839453125 0.2986111104166667 0.843359375 0.2986111104166667 0.84921875 0.2916666666666667 0.86484375 0.2916666666666667 0.8765625 0.3020833333333333 0.890234375 0.3263888895833333 0.8931640625 0.32465277708333334 0.89375 0.32256944375 0.89375 0.278125 0.8892578125 0.26215277708333334 0.878515625 0.24305555625
0 0.9017578125 0.23576388750000002 0.8939453125 0.22881944375 0.8822265625 0.22881944375 0.8763671875 0.23576388750000002 0.8568359375 0.23576388750000002 0.844140625 0.2513888875 0.83828125 0.27569444375 0.83828125 0.2930555541666667 0.8412109375 0.2982638875 0.8470703125 0.29131944375 0.8666015625 0.29131944375 0.8744140625 0.2982638875 0.8934126421874999 0.33541666666666664 0.8968749984375 0.33541666666666664 0.898828125 0.3347222208333333 0.9056640625 0.3295138875 0.9125 0.3173611104166667 0.915625 0.3062499979166667 0.915625 0.27152777708333337 0.914453125 0.26527777708333333 0.9017578125 0.23576388750000002
0 0.9365234375 0.3720486104166667 0.9287109375 0.3651041666666667 0.9189453125 0.36163194375 0.9169921875 0.3651041666666667 0.9052734375 0.36857638958333333 0.890625 0.39809027708333333 0.8890625 0.4203125 0.8890625 0.4256009625 0.9013671875 0.4171875 0.9150390625 0.4171875 0.9267578125 0.4276041666666667 0.939453125 0.4501736104166667 0.9453125 0.4814236104166667 0.947021484375 0.4875 0.9495442703125001 0.4875 0.953125 0.47795138958333333 0.953125 0.4640625 0.9546875 0.46128472083333333 0.9546875 0.4240162041666667 0.94921875 0.39809027708333333 0.9365234375 0.3720486104166667
0 0.7439453125 0.4045138895833333 0.7361328125 0.4357638895833333 0.7341796875 0.4704861104166667 0.7361328125 0.4739583333333333 0.7380859375 0.5017361104166667 0.7419921875 0.515625 0.75859375 0.5451388895833333 0.780078125 0.5625 0.7908203125 0.5607638895833333 0.799609375 0.5590277770833333 0.807421875 0.5520833333333334 0.815234375 0.5416666666666666 0.8259765625 0.5190972229166666 0.8328125 0.48871527708333334 0.8328125 0.4354166666666667 0.8240234375 0.4010416666666667 0.811328125 0.37847222291666666 0.79375 0.3645833333333333 0.77421875 0.3645833333333333 0.760546875 0.375 0.7439453125 0.4045138895833333