1 0.5478515625 0.4861111104166667 0.5341796875 0.5 0.515625 0.5329861104166667 0.505859375 0.5711805562500001 0.505859375 0.5885416666666666 0.50390625 0.5920138895833333 0.505859375 0.6336805562500001 0.513671875 0.6649305562500001 0.5234375 0.6857638895833333 0.5322265625 0.6979166666666666 0.5566015640625 0.7145833333333333 0.5697265546875 0.7145833333333333 0.587890625 0.7135416666666666 0.6181640625 0.6840277770833333 0.62890625 0.6614583333333334 0.63671875 0.6232638895833333 0.63671875 0.5920138895833333 0.6328125 0.5815972229166667 0.6328125 0.5677083333333334 0.625 0.5399305562500001 0.625 0.5329861104166667 0.6123046875 0.5104166666666666 0.5966796875 0.49305555624999997 0.5802734359375 0.48333333333333334 0.5572265625 0.48333333333333334 0.5556640625 0.4861111104166667 0.5478515625 0.4861111104166667
1 0.775390625 0.11631944375 0.7880859375 0.14236111041666666 0.7939453125 0.14583333333333334 0.80078125 0.14409722291666668 0.80859375 0.13368055625 0.810546875 0.1267361104166667 0.810546875 0.109375 0.8017578125 0.08680555625 0.7978515625 0.08333333333333333 0.7880859375 0.08333333333333333 0.77734375 0.09895833333333333 0.775390625 0.11631944375
1 0.7759765625 0.06961805416666667 0.77109375 0.0748263875 0.773046875 0.1060763875 0.775 0.1060763875 0.7837890625 0.08697916666666666 0.7916015625 0.08350694375 0.79375 0.0796875 0.79375 0.07690972083333333 0.7896484375 0.06961805416666667 0.7759765625 0.06961805416666667
1 0.76484375 0.06597222291666667 0.751171875 0.0625 0.7443359375 0.07118055625 0.7443359375 0.08159722291666666 0.7482421875 0.08854166666666667 0.7501953125 0.09895833333333333 0.7501953125 0.11979166666666667 0.755078125 0.125 0.7658203125 0.12326388958333333 0.7734375 0.10972222291666665 0.7734375 0.10625 0.7716796875 0.078125 0.76484375 0.06597222291666667
1 0.7072265625 0.06788194583333333 0.7072265625 0.08177083333333333 0.708837890625 0.0875 0.7116921171875 0.0875 0.719921875 0.06961805624999999 0.72578125 0.06961805624999999 0.7326171875 0.06440972291666666 0.7261914046875 0.05625 0.7237304765625 0.05625 0.712109375 0.05920138958333333 0.7072265625 0.06788194583333333
1 0.67734375 0.06770833333333333 0.683203125 0.08159722291666666 0.683203125 0.10590277708333334 0.6900390625 0.11458333333333333 0.694921875 0.11284722291666666 0.7078125 0.08993055624999999 0.7078125 0.08368055625 0.7046875 0.06423611041666667 0.6939453125 0.052083333333333336 0.6822265625 0.052083333333333336 0.67734375 0.057291666666666664 0.67734375 0.06770833333333333
1 0.602734375 0.052430554166666664 0.596875 0.052430554166666664 0.594921875 0.04895833125 0.58515625 0.052430554166666664 0.5765625 0.06770833125 0.5765625 0.09270833333333334 0.5888671875 0.11458333333333333 0.5919921765625 0.11458333333333333 0.6037109375 0.11319444375000001 0.6115234375 0.09930555416666667 0.6125 0.09409722083333333 0.6125 0.07847222083333333 0.6115234375 0.06805555416666667 0.602734375 0.052430554166666664
1 0.47890625 0.08506944375 0.47890625 0.109375 0.480859375 0.11631944375 0.49112413281249995 0.13125 0.497460934375 0.13125 0.50625 0.13020833333333334 0.516015625 0.11284722291666666 0.5171875 0.10659722291666666 0.5171875 0.09409722291666665 0.516015625 0.08159722291666666 0.5057508671875001 0.06666666666666667 0.4908203125 0.06666666666666667 0.4837890625 0.07291666666666667 0.47890625 0.08506944375
1 0.3052734375 0.13229166666666667 0.3013671875 0.13576388958333335 0.292578125 0.15486111249999998 0.292578125 0.17569444583333332 0.29453125 0.18263888958333335 0.30694444375 0.19791666666666666 0.308203128125 0.19791666666666666 0.312109375 0.19652777916666667 0.3169921875 0.19479166666666667 0.323828125 0.18263888958333335 0.3265625 0.17291666666666666 0.3265625 0.14884259375 0.3189453125 0.13229166666666667 0.3052734375 0.13229166666666667
1 0.16796875 0.32395833333333335 0.169921875 0.29618055625 0.1611328125 0.27361111250000003 0.1474609375 0.27361111250000003 0.13671875 0.29618055625 0.134765625 0.32395833333333335 0.1435546875 0.34305555625 0.1482421859375 0.3458333333333333 0.15292969218750002 0.3458333333333333 0.158203125 0.34479166666666666 0.16796875 0.32395833333333335
1 0.051953125 0.4583333333333333 0.0431640625 0.4670138895833333 0.0431640625 0.47743055624999997 0.0392578125 0.48784722291666666 0.0392578125 0.52256944375 0.0412109375 0.5329861104166667 0.05 0.5486111104166667 0.055859375 0.5520833333333334 0.0607421875 0.5503472229166667 0.063671875 0.5486111104166667 0.071875 0.5307870375 0.071875 0.48287037083333334 0.063671875 0.46180555624999997 0.051953125 0.4583333333333333
1 0.0130859375 0.5295138895833333 0.0111328125 0.5607638895833333 0.0169921875 0.5920138895833333 0.02578125 0.6041666666666666 0.0326171875 0.6024305562500001 0.035546875 0.6006944437499999 0.0423828125 0.5850694437499999 0.04375 0.5607638895833333 0.04375 0.5480034729166667 0.0365234375 0.5190972229166666 0.0296875 0.5104166666666666 0.023828125 0.5104166666666666 0.019921875 0.5138888895833333 0.0130859375 0.5295138895833333
0 0.0353426890625 0.46428729166666666 0.028868660937500002 0.47867271041666665 0.0272459859375 0.48991349791666666 0.0265884328125 0.5083333333333333 0.036867421875 0.5083333333333333 0.038252515625 0.48664154791666664 0.0422827203125 0.47585946041666666 0.0416509140625 0.46890569583333336 0.046875 0.4623509729166667 0.046875 0.46165143333333336 0.0398644015625 0.46364720416666666 0.0353426890625 0.46428729166666666
0 0.10703125 0.328125 0.10703125 0.35590277708333334 0.108984375 0.36284722291666666 0.1177734375 0.375 0.128515625 0.3732638895833333 0.134375 0.36284722291666666 0.1375 0.3517361104166667 0.1375 0.3329861104166667 0.134375 0.32465277708333334 0.134375 0.3107638895833333 0.1275390625 0.3020833333333333 0.1216796875 0.3020833333333333 0.1177734375 0.30555555624999997 0.10703125 0.328125
0 0.1974609375 0.20520833125000001 0.1916015625 0.20868055416666667 0.18671875 0.21736111041666667 0.1828125 0.23124999791666667 0.1828125 0.2555555541666667 0.1933159734375 0.2708333333333333 0.19531249374999998 0.2708333333333333 0.20234375 0.26944444375000004 0.21015625 0.2590277770833333 0.2140625 0.2451388875 0.2140625 0.22083333125000001 0.2072265625 0.20868055416666667 0.1974609375 0.20520833125000001
0 0.3955078125 0.10381944583333333 0.3798828125 0.10381944583333333 0.369140625 0.11944444583333333 0.3671875 0.12638888958333333 0.3671875 0.14722222291666667 0.369140625 0.15416666874999999 0.379166665625 0.16875 0.387500009375 0.16875 0.392578125 0.16805555625000002 0.3974609375 0.16631944583333333 0.40234375 0.15763888958333333 0.40625 0.14375000208333333 0.40625 0.12291666875 0.404296875 0.11597222291666666 0.3955078125 0.10381944583333333
0 0.66328125 0.06510416875 0.65546875 0.06510416875 0.6564453125 0.07378472291666666 0.653515625 0.07899305625 0.6515625 0.06510416875 0.64765625 0.06510416875 0.6427734375 0.07378472291666666 0.64375 0.07899305625 0.649609375 0.08246527916666667 0.657421875 0.09635416666666667 0.677636703125 0.09791666666666667 0.6796875 0.09791666666666667 0.6796875 0.09083946041666667 0.66328125 0.06510416875
0 0.72734375 0.11493055416666667 0.713671875 0.11493055416666667 0.6990234375 0.13749999791666667 0.6990234375 0.16874999791666667 0.71171875 0.1982638875 0.7183593765625 0.20416666666666666 0.72363280625 0.20416666666666666 0.7263671875 0.20347222083333336 0.7263671875 0.17222222083333336 0.7322265625 0.15486111041666667 0.741015625 0.14618055416666667 0.7421875 0.14270833125000001 0.7421875 0.13437499791666668 0.73515625 0.12187499791666667 0.72734375 0.11493055416666667
0 0.8076171875 0.08055555416666667 0.803125 0.08854166666666667 0.803125 0.09027777708333334 0.810546875 0.11006944375000001 0.810546875 0.13090277708333334 0.80859375 0.134375 0.8143359390624999 0.14166666666666666 0.820898434375 0.14166666666666666 0.822265625 0.14131944375 0.8296875 0.12482638958333332 0.8296875 0.10243055625 0.8193359375 0.08402777708333334 0.8076171875 0.08055555416666667
0 0.8306640625 0.0829861125 0.82578125 0.08819444583333333 0.82578125 0.09513888958333333 0.8296875 0.10555555624999999 0.8296875 0.13333333333333333 0.83203125 0.1375 0.8390624953125 0.1375 0.843359375 0.13680555416666668 0.843359375 0.12291666666666666 0.8484375 0.11087963125 0.8484375 0.10069444375 0.8404296875 0.08645833333333333 0.8306640625 0.0829861125
0 0.6732421875 0.16041666666666668 0.6634765625 0.15347222083333334 0.6517578125 0.15347222083333334 0.6380859375 0.16388888750000002 0.633203125 0.17256944375 0.62734375 0.196875 0.62734375 0.21770833333333334 0.63125 0.23506944375 0.6400390625 0.25416666666666665 0.6498046875 0.26458333333333334 0.6576171875 0.26458333333333334 0.6587890625 0.26666666666666666 0.665039059375 0.26666666666666666 0.66640625 0.26631944375 0.6791015625 0.2576388875 0.6859375 0.24548611041666665 0.6890625 0.23437499791666666 0.6890625 0.190625 0.6859375 0.17951388750000002 0.6732421875 0.16041666666666668
0 0.8490234375 0.3458333333333333 0.840234375 0.3267361125 0.828515625 0.31284722291666667 0.808984375 0.309375 0.797265625 0.3163194458333333 0.7826171875 0.3423611125 0.7826171875 0.34930555625 0.7787109375 0.35972222291666667 0.7787109375 0.3736111125 0.7767578125 0.3770833333333333 0.7806640625 0.41875 0.7923828125 0.45 0.801171875 0.4621527791666667 0.8085937484375 0.46875 0.8134765734375 0.46875 0.8314453125 0.4673611125 0.83828125 0.4621527791666667 0.8490234375 0.44305555625 0.8548828125 0.42222222291666667 0.8548828125 0.41180555625 0.85625 0.409375 0.85625 0.396875 0.8548828125 0.3701388895833333 0.8490234375 0.3458333333333333
0 0.8759765625 0.14270833125000001 0.8662109375 0.14270833125000001 0.8578125 0.16095678958333334 0.8578125 0.18402777708333332 0.86328125 0.20347222083333336 0.866015625 0.20833333333333334 0.8667968734375 0.20833333333333334 0.869140625 0.20694444374999998 0.873046875 0.19305555416666667 0.8798828125 0.18090277708333333 0.8837890625 0.17743055416666667 0.8896484375 0.18090277708333333 0.8921875 0.1763888875 0.8921875 0.17395833333333333 0.888671875 0.15833333125000001 0.8759765625 0.14270833125000001
0 0.898046875 0.18333333333333332 0.894140625 0.17986111249999998 0.878515625 0.17986111249999998 0.8716796875 0.19548611249999998 0.8697265625 0.20590277916666666 0.8736328125 0.23715277916666666 0.882421875 0.2597222229166667 0.8871093734375 0.2625 0.89335938125 0.2625 0.9009765625 0.26145833333333335 0.9087890625 0.24756944583333332 0.909375 0.24444444583333333 0.909375 0.2079861125 0.9068359375 0.19895833333333332 0.898046875 0.18333333333333332
0 0.8890625 0.15798611041666666 0.891015625 0.17534722291666668 0.903249290625 0.19375 0.9056640609375 0.19375 0.90859375 0.19270833333333334 0.909375 0.19131944374999998 0.909375 0.17048611041666667 0.90859375 0.15798611041666666 0.8998046875 0.14236111041666666 0.8904296859375 0.13958333333333334 0.8878069203125 0.13958333333333334 0.883203125 0.15104166666666666 0.8890625 0.15798611041666666
0 0.6369140625 0.48090277708333334 0.6291015625 0.515625 0.6291015625 0.5434027770833333 0.6369140625 0.5746527770833333 0.6388671875 0.6059027770833333 0.65546875 0.6388888895833333 0.659375 0.6388888895833333 0.665234375 0.6458333333333334 0.675 0.6458333333333334 0.676953125 0.6493055562500001 0.7033203125 0.6475694437499999 0.719921875 0.6354166666666666 0.7365234375 0.609375 0.7462890625 0.5711805562500001 0.7482421875 0.5190972229166666 0.7423828125 0.4982638895833333 0.7423828125 0.49131944375000003 0.721875 0.4513888895833333 0.6984375 0.43402777708333334 0.676953125 0.43402777708333334 0.675 0.4375 0.669140625 0.4375 0.653515625 0.4513888895833333 0.6447265625 0.4635416666666667 0.6369140625 0.48090277708333334
0 0.3703125 0.3298611104166667 0.3595703125 0.35243055624999997 0.3537109375 0.38368055624999997 0.3537109375 0.41493055624999997 0.3615234375 0.44618055624999997 0.372265625 0.46527777708333334 0.39375 0.4791666666666667 0.4025390625 0.47743055624999997 0.4171875 0.47222222291666666 0.425 0.46527777708333334 0.4337890625 0.44965277708333334 0.4416015625 0.42534722291666666 0.4453125 0.3923611104166667 0.4453125 0.39027777708333333 0.4435546875 0.38715277708333334 0.4416015625 0.36284722291666666 0.430859375 0.3333333333333333 0.415234375 0.31597222291666666 0.409375 0.31597222291666666 0.407421875 0.3125 0.38984375 0.3125 0.378125 0.31944444375000003 0.3703125 0.3298611104166667
0 0.327734375 0.671875 0.319921875 0.6545138895833333 0.3033203125 0.6284722229166667 0.2896484375 0.6180555562500001 0.2798828125 0.6180555562500001 0.2779296875 0.6145833333333334 0.2662109375 0.6180555562500001 0.2623046875 0.6145833333333334 0.2388671875 0.6319444437499999 0.222265625 0.6649305562500001 0.222265625 0.671875 0.218359375 0.6822916666666666 0.21640625 0.7135416666666666 0.214453125 0.7170138895833333 0.21640625 0.7413194437499999 0.218359375 0.7447916666666666 0.2203125 0.765625 0.228125 0.7934027770833333 0.2369140625 0.8125 0.2642578125 0.8402777770833333 0.2701171875 0.8402777770833333 0.2720703125 0.84375 0.288671875 0.8420138895833333 0.2974609375 0.8402777770833333 0.3013671875 0.8333333333333334 0.3169921875 0.8194444437499999 0.32578125 0.796875 0.334375 0.7571527770833334 0.334375 0.7204861104166667 0.33359375 0.6996527770833333 0.327734375 0.671875