0 0.785546875 0.3888888895833333 0.771875 0.375 0.7484375 0.37152777708333334 0.730859375 0.3854166666666667 0.7162109375 0.4114583333333333 0.7083984375 0.44965277708333334 0.7083984375 0.48090277708333334 0.7142578125 0.50868055625 0.72890625 0.5416666666666666 0.750390625 0.5625 0.75625 0.5625 0.758203125 0.5659722229166667 0.7669921875 0.5642361104166667 0.7875 0.5451388895833333 0.7982421875 0.5260416666666666 0.8078125 0.4886111125 0.8078125 0.45225694375000003 0.8001953125 0.41840277708333334 0.785546875 0.3888888895833333
0 0.9703125 0.34131944583333335 0.9595703125 0.31875 0.9556640625 0.31527777916666666 0.9419921875 0.31527777916666666 0.9380859375 0.31875 0.929296875 0.33784722291666663 0.92734375 0.3482638895833333 0.92734375 0.38298611250000003 0.933203125 0.40729166666666666 0.9419921875 0.42291666666666666 0.9490234359375 0.42916666666666664 0.952539065625 0.42916666666666664 0.956640625 0.428125 0.9595703125 0.4263888895833333 0.9703125 0.40381944583333335 0.9734375 0.38993055625 0.9734375 0.36423611250000004 0.972265625 0.36215277916666666 0.9703125 0.34131944583333335
0 0.9171875 0.27395833333333336 0.91328125 0.2704861104166667 0.899609375 0.2704861104166667 0.895703125 0.27395833333333336 0.8908203125 0.2861111104166667 0.9005859375 0.3173611104166667 0.9005859375 0.32777777708333333 0.9025390625 0.33125 0.9025390625 0.35208333333333336 0.8986328125 0.36944444375 0.9046484375 0.3770833333333333 0.91308593125 0.3770833333333333 0.9181640625 0.3763888875 0.9240234375 0.3659722208333333 0.93125 0.33706597083333334 0.93125 0.3048611104166667 0.9279296875 0.2930555541666667 0.9171875 0.27395833333333336
0 0.8875 0.284375 0.87578125 0.27395833333333336 0.862109375 0.2774305541666667 0.858203125 0.28090277708333333 0.8455078125 0.30694444375 0.8455078125 0.3451388875 0.8474609375 0.3555555541666667 0.8552734375 0.3798611104166667 0.862109375 0.3885416666666667 0.86796875 0.39375 0.8845703125 0.39375 0.8943359375 0.3798611104166667 0.9001953125 0.3625 0.9015625 0.35520833333333335 0.9015625 0.3416666666666667 0.9001953125 0.3173611104166667 0.8875 0.284375
0 0.7529296875 0.19826388958333335 0.7392578125 0.18784722291666667 0.7236328125 0.19479166666666667 0.71484375 0.21041666666666667 0.7109375 0.22430555625 0.7109375 0.24513888958333335 0.716796875 0.26597222291666667 0.73076923125 0.2875 0.7425781296875 0.2875 0.75 0.28680555625 0.759765625 0.27291666666666664 0.765625 0.2520833333333333 0.765625 0.23472222291666667 0.759765625 0.21041666666666667 0.7529296875 0.19826388958333335
1 0.694921875 0.19062500208333333 0.68125 0.18020833541666667 0.667578125 0.18368055625000002 0.6568359375 0.19930555625000002 0.6529296875 0.21319444583333333 0.6509765625 0.2236111125 0.6529296875 0.24791666874999999 0.663671875 0.27048611250000004 0.6734374984375 0.2791666666666667 0.6919921875 0.2791666666666667 0.694921875 0.27743055624999996 0.7056640625 0.2548611125 0.70625 0.24444444583333333 0.70625 0.21527777916666666 0.7037109375 0.20625000208333333 0.694921875 0.19062500208333333
1 0.2896484375 0.25173611041666666 0.2857421875 0.2795138895833333 0.2916015625 0.30034722291666666 0.2984375 0.30902777708333334 0.304296875 0.3125 0.3130859375 0.3107638895833333 0.31796875 0.30902777708333334 0.3267578125 0.29340277708333334 0.3296875 0.2829861104166667 0.3296875 0.2531565666666667 0.319921875 0.23263888958333334 0.316015625 0.22916666666666666 0.30625 0.22916666666666666 0.2984375 0.23611111041666666 0.2896484375 0.25173611041666666
0 0.226953125 0.28993055624999997 0.223046875 0.3072916666666667 0.223046875 0.32465277708333334 0.2298828125 0.34722222291666666 0.2396484375 0.3541666666666667 0.250390625 0.35243055624999997 0.2533203125 0.35069444375000003 0.2640625 0.328125 0.265625 0.303125 0.265625 0.29587191458333334 0.2572265625 0.27430555624999997 0.2533203125 0.2708333333333333 0.2396484375 0.2708333333333333 0.2318359375 0.27777777708333334 0.226953125 0.28993055624999997
0 0.3833984375 0.16666666666666666 0.3736328125 0.17361111041666666 0.366796875 0.18576388958333334 0.36484375 0.19270833333333334 0.36484375 0.21701388958333334 0.3755859375 0.23611111041666666 0.3814453125 0.23958333333333334 0.38828125 0.23784722291666668 0.3931640625 0.23611111041666666 0.401953125 0.22048611041666666 0.403125 0.21631944374999998 0.403125 0.18753857916666666 0.3951171875 0.17013888958333334 0.3833984375 0.16666666666666666
0 0.545703125 0.12152777708333334 0.537890625 0.12152777708333334 0.5251953125 0.13715277708333332 0.5212890625 0.15798611041666666 0.528125 0.18055555625 0.53984375 0.19097222291666668 0.5486328125 0.18923611041666666 0.5603515625 0.171875 0.5609375 0.16979166666666667 0.5609375 0.14459876458333334 0.553515625 0.12847222291666666 0.545703125 0.12152777708333334
0 0.579296875 0.12222222083333333 0.56953125 0.12916666666666668 0.5626953125 0.14479166666666668 0.5626953125 0.16909722083333334 0.571484375 0.18819444375 0.5792968765625 0.19375 0.586718746875 0.19375 0.5880859375 0.19340277708333334 0.59296875 0.19166666666666668 0.5998046875 0.18298611041666665 0.603125 0.1711805541666667 0.603125 0.14703282708333332 0.59296875 0.12569444375 0.579296875 0.12222222083333333
1 0.6041015625 0.14756944375 0.6041015625 0.16840277708333332 0.61484375 0.19097222291666668 0.62265625 0.19791666666666666 0.6333984375 0.19618055625 0.636328125 0.19444444375 0.64375 0.1783179020833333 0.64375 0.1454629625 0.63046875 0.125 0.61875 0.125 0.6060546875 0.140625 0.6041015625 0.14756944375
0 0.6671875 0.18437499791666667 0.6828125 0.18090277708333333 0.6857421875 0.17569444374999998 0.6857421875 0.1513888875 0.6837890625 0.14444444374999998 0.675 0.12881944375 0.669140625 0.12534722083333333 0.657421875 0.12534722083333333 0.6447265625 0.1513888875 0.6466796875 0.15833333125000001 0.6466796875 0.17569444374999998 0.6568359390625 0.19375 0.659179684375 0.19375 0.6603515625 0.19305555416666667 0.6671875 0.18437499791666667
1 0.6451171875 0.10729166666666666 0.63828125 0.12291666666666666 0.63828125 0.13333333333333333 0.6424665187499999 0.14375 0.64609375 0.14375 0.6529296875 0.128125 0.6568359375 0.12465277708333335 0.6685546875 0.12465277708333335 0.66875 0.12361111041666667 0.66875 0.11836419791666668 0.6607421875 0.10729166666666666 0.6451171875 0.10729166666666666
1 0.59453125 0.11493055625 0.580859375 0.11145833333333334 0.5720703125 0.12013888958333332 0.573046875 0.12534722291666667 0.590625 0.12534722291666667 0.596484375 0.13229166666666667 0.602197265625 0.14583333333333334 0.6029296890625 0.14583333333333334 0.6046875 0.14479166875 0.6046875 0.14027777916666664 0.6033203125 0.13055555624999998 0.59453125 0.11493055625