0 0.44140625 0.6684027770833333 0.4189453125 0.6354166666666666 0.3994140625 0.6215277770833333 0.3701171875 0.6180555562500001 0.3583984375 0.625 0.3408203125 0.6423611104166667 0.330078125 0.6614583333333334 0.31640625 0.7065972229166667 0.31640625 0.7552083333333334 0.318359375 0.7586805562500001 0.3203125 0.7864583333333334 0.3369140625 0.8333333333333334 0.3603515625 0.8611111104166667 0.3720703125 0.8645833333333334 0.3740234375 0.8680555562500001 0.388671875 0.8697916666666666 0.4013671875 0.8680555562500001 0.4267578125 0.8506944437499999 0.4453125 0.8177083333333334 0.455078125 0.7829861104166667 0.455078125 0.7621527770833333 0.45703125 0.7586805562500001 0.455078125 0.7170138895833333 0.453125 0.7135416666666666 0.453125 0.703125 0.44140625 0.6684027770833333
0 0.2880859375 0.7361111104166667 0.2646484375 0.7222222229166667 0.2490234375 0.7222222229166667 0.2470703125 0.7256944437499999 0.2333984375 0.7291666666666666 0.2236328125 0.7395833333333334 0.20703125 0.7725694437499999 0.20703125 0.7795138895833333 0.19921875 0.8107638895833333 0.19921875 0.8559027770833333 0.20703125 0.8871527770833333 0.20703125 0.8940972229166667 0.2109375 0.9010416666666666 0.212890625 0.9114583333333334 0.2265625 0.9392361104166667 0.2353515625 0.9513888895833333 0.2392578125 0.9513888895833333 0.2470703125 0.9618055562500001 0.2509765625 0.9618055562500001 0.2626953125 0.9722222229166667 0.291015625 0.9704861104166667 0.2978515625 0.96875 0.3154296875 0.9513888895833333 0.32421875 0.9288194437499999 0.330078125 0.8975694437499999 0.330078125 0.8836805562500001 0.33203125 0.8802083333333334 0.33203125 0.8350694437499999 0.328125 0.8142361104166667 0.310546875 0.765625 0.2880859375 0.7361111104166667
0 0.2060546875 0.9826388895833333 0.1923828125 0.9652777770833333 0.1630859375 0.9479166666666666 0.1416015625 0.9479166666666666 0.1298828125 0.9583333333333334 0.119140625 0.9774305562500001 0.115234375 0.9913194437499999 0.1162109375 1 0.212890625 0.9982638895833333 0.2060546875 0.9826388895833333
0 0.2392578125 0.3888888895833333 0.234375 0.4010416666666667 0.23046875 0.4045138895833333 0.224609375 0.42534722291666666 0.224609375 0.46006944375000003 0.228515625 0.47743055624999997 0.2392578125 0.5 0.2568359375 0.5104166666666666 0.265625 0.50868055625 0.2802734375 0.49652777708333334 0.2890625 0.47743055624999997 0.29296875 0.45659722291666666 0.29296875 0.42534722291666666 0.28515625 0.39756944375000003 0.2744140625 0.38194444375000003 0.2705078125 0.38194444375000003 0.2646484375 0.375 0.2548828125 0.375 0.2392578125 0.3888888895833333
0 0.3095703125 0.2673611104166667 0.3134765625 0.2708333333333333 0.326171875 0.26909722291666666 0.3330078125 0.26388888958333334 0.337890625 0.25173611041666666 0.337890625 0.22395833333333334 0.3291015625 0.20486111041666666 0.3212890625 0.20486111041666666 0.3056640625 0.21875 0.302734375 0.22395833333333334 0.30078125 0.24131944375 0.3046875 0.25868055625 0.3095703125 0.2673611104166667
0 0.2734375 0.26909722291666666 0.2802734375 0.27777777708333334 0.291015625 0.2760416666666667 0.30078125 0.26215277708333334 0.302734375 0.24826388958333334 0.30078125 0.24479166666666666 0.30078125 0.22395833333333334 0.2880859375 0.21180555625 0.2783203125 0.21875 0.2734375 0.22743055625 0.26953125 0.24131944375 0.26953125 0.25868055625 0.2734375 0.26909722291666666
0 0.33203125 0.203125 0.3251953125 0.19444444375 0.3134765625 0.19444444375 0.3046875 0.20659722291666668 0.302734375 0.21354166666666666 0.302734375 0.22048611041666666 0.3046875 0.22048611041666666 0.3173828125 0.20486111041666666 0.33203125 0.203125
0 0.421875 0.171875 0.423828125 0.17534722291666668 0.423828125 0.18576388958333334 0.4306640625 0.19791666666666666 0.439453125 0.19965277708333332 0.4482421875 0.19791666666666666 0.45703125 0.17881944375 0.45703125 0.15798611041666666 0.4482421875 0.14236111041666666 0.4423828125 0.14236111041666666 0.4404296875 0.13888888958333334 0.4287109375 0.14930555625 0.423828125 0.15798611041666666 0.423828125 0.16840277708333332 0.421875 0.171875
0 0.4228515625 0.19097222291666668 0.42578125 0.18923611041666666 0.421875 0.171875 0.423828125 0.16840277708333332 0.423828125 0.15798611041666666 0.4375 0.140625 0.4345703125 0.13541666666666666 0.4228515625 0.13541666666666666 0.4140625 0.15451388958333334 0.4140625 0.17534722291666668 0.416015625 0.18229166666666666 0.4228515625 0.19097222291666668
0 0.45703125 0.17881944375 0.4677734375 0.20138888958333334 0.4765625 0.203125 0.4833984375 0.20138888958333334 0.490234375 0.18923611041666666 0.48828125 0.17881944375 0.490234375 0.15104166666666666 0.4853515625 0.14236111041666666 0.4716796875 0.13888888958333334 0.4658203125 0.14236111041666666 0.458984375 0.15451388958333334 0.45703125 0.16145833333333334 0.45703125 0.17881944375
0 0.736328125 0.20659722291666668 0.73828125 0.234375 0.7490234375 0.2604166666666667 0.7607421875 0.2673611104166667 0.76953125 0.265625 0.78125 0.24479166666666666 0.783203125 0.21701388958333334 0.77734375 0.19618055625 0.7666015625 0.18055555625 0.7587890625 0.18055555625 0.7568359375 0.17708333333333334 0.7548828125 0.18055555625 0.7490234375 0.18055555625 0.740234375 0.19270833333333334 0.736328125 0.20659722291666668
0 0.95703125 0.7170138895833333 0.96484375 0.7586805562500001 0.9775390625 0.7743055562500001 0.9833984375 0.7743055562500001 0.9853515625 0.7777777770833333 0.994140625 0.7760416666666666 1 0.7690972229166667 0.9990234375 0.5833333333333334 0.9912109375 0.5833333333333334 0.9833984375 0.5902777770833333 0.97265625 0.609375 0.962890625 0.6371527770833333 0.958984375 0.6579861104166667 0.958984375 0.671875 0.95703125 0.6753472229166667 0.95703125 0.7170138895833333
1 0.9521484375 0.3854166666666667 0.943359375 0.39756944375000003 0.935546875 0.41840277708333334 0.935546875 0.42881944375000003 0.93359375 0.4322916666666667 0.93359375 0.4704861104166667 0.94140625 0.4982638895833333 0.94140625 0.5052083333333334 0.9482421875 0.5173611104166667 0.9521484375 0.5208333333333334 0.96875 0.5190972229166666 0.9755859375 0.5138888895833333 0.98046875 0.5052083333333334 0.986328125 0.484375 0.986328125 0.4670138895833333 0.98828125 0.4635416666666667 0.986328125 0.42881944375000003 0.982421875 0.4114583333333333 0.9765625 0.39756944375000003 0.9677734375 0.3854166666666667 0.9521484375 0.3854166666666667
1 0.921875 0.32465277708333334 0.923828125 0.3489583333333333 0.9296875 0.3697916666666667 0.9345703125 0.37847222291666666 0.9384765625 0.38194444375000003 0.951171875 0.3802083333333333 0.9560546875 0.37847222291666666 0.962890625 0.359375 0.962890625 0.328125 0.95703125 0.30381944375000003 0.9482421875 0.28819444375000003 0.9365234375 0.28472222291666666 0.9326171875 0.28819444375000003 0.923828125 0.3072916666666667 0.923828125 0.32118055624999997 0.921875 0.32465277708333334
1 0.791015625 0.24826388958333334 0.794921875 0.265625 0.8056640625 0.28819444375000003 0.8115234375 0.2916666666666667 0.822265625 0.28993055624999997 0.8251953125 0.28819444375000003 0.8359375 0.265625 0.8359375 0.23784722291666668 0.83203125 0.22395833333333334 0.8232421875 0.20833333333333334 0.8134765625 0.20138888958333334 0.8076171875 0.20138888958333334 0.794921875 0.21701388958333334 0.791015625 0.23090277708333332 0.791015625 0.24826388958333334
1 0.5517578125 0.20833333333333334 0.5615234375 0.21875 0.576171875 0.21701388958333334 0.5810546875 0.21180555625 0.587890625 0.19618055625 0.587890625 0.171875 0.5771484375 0.14930555625 0.5732421875 0.14583333333333334 0.5595703125 0.14583333333333334 0.546875 0.16493055625 0.544921875 0.17534722291666668 0.546875 0.19618055625 0.5517578125 0.20833333333333334
1 0.4736328125 0.2604166666666667 0.4609375 0.2829861104166667 0.458984375 0.29340277708333334 0.458984375 0.32118055624999997 0.46484375 0.3454861104166667 0.4755859375 0.3645833333333333 0.4873046875 0.375 0.5 0.3732638895833333 0.5107421875 0.3645833333333333 0.521484375 0.3454861104166667 0.525390625 0.33159722291666666 0.52734375 0.30381944375000003 0.5234375 0.2829861104166667 0.5146484375 0.26388888958333334 0.5029296875 0.25347222291666666 0.4931640625 0.25347222291666666 0.4912109375 0.25 0.4736328125 0.2604166666666667
1 0.5029296875 0.20486111041666666 0.513671875 0.203125 0.525390625 0.18576388958333334 0.52734375 0.16493055625 0.5185546875 0.14236111041666666 0.5146484375 0.13888888958333334 0.5009765625 0.13888888958333334 0.490234375 0.15451388958333334 0.48828125 0.16145833333333334 0.48828125 0.17881944375 0.4990234375 0.20138888958333334 0.5029296875 0.20486111041666666
1 0.376953125 0.22395833333333334 0.376953125 0.19618055625 0.3662109375 0.18055555625 0.3583984375 0.18055555625 0.349609375 0.19618055625 0.345703125 0.21006944375 0.345703125 0.23090277708333332 0.3525390625 0.24305555625 0.3671875 0.24131944375 0.376953125 0.22395833333333334
1 0.345703125 0.203125 0.357421875 0.18229166666666666 0.3564453125 0.17708333333333334 0.3447265625 0.17708333333333334 0.3408203125 0.18055555625 0.33203125 0.19965277708333332 0.337890625 0.22743055625 0.3408203125 0.23263888958333334 0.34375 0.23090277708333332 0.345703125 0.203125