1 0.068359375 0.42881944375000003 0.068359375 0.4635416666666667 0.0751953125 0.4791666666666667 0.0810546875 0.4826388895833333 0.087890625 0.48090277708333334 0.0947265625 0.47569444375000003 0.099609375 0.46006944375000003 0.099609375 0.421875 0.0927734375 0.40625 0.0888671875 0.40277777708333334 0.0791015625 0.40277777708333334 0.0703125 0.41840277708333334 0.068359375 0.42881944375000003
1 0.04296875 0.4670138895833333 0.041015625 0.4947916666666667 0.046875 0.52256944375 0.0556640625 0.53125 0.05859375 0.5295138895833333 0.0634765625 0.5277777770833334 0.072265625 0.50868055625 0.072265625 0.47743055624999997 0.068359375 0.4635416666666667 0.0615234375 0.4513888895833333 0.0517578125 0.4513888895833333 0.0478515625 0.4548611104166667 0.04296875 0.4670138895833333
0 0.06640625 0.44965277708333334 0.068359375 0.42881944375000003 0.0703125 0.42534722291666666 0.0693359375 0.41319444375000003 0.0595703125 0.4166666666666667 0.052734375 0.42881944375000003 0.05078125 0.4392361104166667 0.0517578125 0.4513888895833333 0.06640625 0.44965277708333334
0 0.115234375 0.3142361104166667 0.115234375 0.3420138895833333 0.1220703125 0.3541666666666667 0.134765625 0.35243055624999997 0.142578125 0.33159722291666666 0.142578125 0.3142361104166667 0.140625 0.30381944375000003 0.1357421875 0.2951388895833333 0.1298828125 0.2916666666666667 0.1240234375 0.2951388895833333 0.1171875 0.3072916666666667 0.115234375 0.3142361104166667
1 0.140625 0.28993055624999997 0.140625 0.3107638895833333 0.142578125 0.3177083333333333 0.1513671875 0.3298611104166667 0.15625 0.328125 0.1611328125 0.3263888895833333 0.166015625 0.3177083333333333 0.169921875 0.30034722291666666 0.169921875 0.2829861104166667 0.16796875 0.2760416666666667 0.1591796875 0.26388888958333334 0.1494140625 0.2673611104166667 0.140625 0.28993055624999997
0 0.1826171875 0.2708333333333333 0.19140625 0.26909722291666666 0.1943359375 0.2673611104166667 0.19921875 0.2552083333333333 0.201171875 0.23090277708333332 0.1943359375 0.21527777708333332 0.1845703125 0.21527777708333332 0.173828125 0.23784722291666668 0.173828125 0.2552083333333333 0.1826171875 0.2708333333333333
1 0.267578125 0.18576388958333334 0.2744140625 0.19791666666666666 0.2783203125 0.20138888958333334 0.283203125 0.19965277708333332 0.2880859375 0.19791666666666666 0.294921875 0.18229166666666666 0.294921875 0.15798611041666666 0.2880859375 0.14583333333333334 0.2783203125 0.14583333333333334 0.2744140625 0.14930555625 0.267578125 0.16493055625 0.267578125 0.18576388958333334
0 0.3369140625 0.17013888958333334 0.3515625 0.16840277708333332 0.357421875 0.15798611041666666 0.361328125 0.140625 0.357421875 0.12326388958333333 0.3486328125 0.11458333333333333 0.3349609375 0.12152777708333334 0.328125 0.13715277708333332 0.328125 0.15451388958333334 0.3369140625 0.17013888958333334
1 0.4267578125 0.13194444375 0.435546875 0.13020833333333334 0.4453125 0.11631944375 0.447265625 0.09548611041666667 0.4404296875 0.07986111041666667 0.4287109375 0.07638888958333333 0.41796875 0.08854166666666667 0.416015625 0.09548611041666667 0.416015625 0.11631944375 0.4267578125 0.13194444375
1 0.5029296875 0.10763888958333333 0.513671875 0.10590277708333334 0.5166015625 0.10416666666666667 0.5234375 0.08854166666666667 0.5234375 0.07118055625 0.5126953125 0.05555555625 0.5029296875 0.05555555625 0.494140625 0.06770833333333333 0.4921875 0.08506944375 0.5029296875 0.10763888958333333
0 0.3818359375 0.21875 0.3701171875 0.22569444375 0.359375 0.24131944375 0.353515625 0.26215277708333334 0.353515625 0.28993055624999997 0.3623046875 0.31597222291666666 0.3740234375 0.3263888895833333 0.384765625 0.328125 0.3974609375 0.3229166666666667 0.408203125 0.30381944375000003 0.412109375 0.28993055624999997 0.412109375 0.2552083333333333 0.408203125 0.24131944375 0.4013671875 0.22916666666666666 0.3935546875 0.22222222291666668 0.3818359375 0.21875
0 0.3408203125 0.3611111104166667 0.3193359375 0.3576388895833333 0.3076171875 0.3645833333333333 0.294921875 0.38368055624999997 0.2890625 0.4010416666666667 0.287109375 0.421875 0.28515625 0.42534722291666666 0.2890625 0.4635416666666667 0.3017578125 0.4895833333333333 0.3125 0.48784722291666666 0.3466796875 0.4791666666666667 0.3544921875 0.47222222291666666 0.359375 0.45659722291666666 0.361328125 0.42881944375000003 0.36328125 0.42534722291666666 0.359375 0.390625 0.3505859375 0.37152777708333334 0.3408203125 0.3611111104166667
1 0.53125 0.296875 0.5146484375 0.2708333333333333 0.5048828125 0.26388888958333334 0.4892578125 0.26388888958333334 0.4794921875 0.2708333333333333 0.4716796875 0.28125 0.462890625 0.30034722291666666 0.458984375 0.33506944375000003 0.46484375 0.36631944375000003 0.4755859375 0.3854166666666667 0.4912109375 0.39930555624999997 0.498046875 0.39756944375000003 0.5087890625 0.3958333333333333 0.5166015625 0.3888888895833333 0.5224609375 0.38194444375000003 0.53125 0.36284722291666666 0.53515625 0.3454861104166667 0.53515625 0.3142361104166667 0.53125 0.30381944375000003 0.53125 0.296875
0 0.5673828125 0.23611111041666666 0.5654296875 0.23263888958333334 0.5634765625 0.23611111041666666 0.5537109375 0.23611111041666666 0.5458984375 0.24305555625 0.533203125 0.265625 0.529296875 0.2864583333333333 0.53125 0.30381944375000003 0.53515625 0.3142361104166667 0.537109375 0.33506944375000003 0.5517578125 0.3576388895833333 0.5576171875 0.3611111104166667 0.578125 0.359375 0.5869140625 0.35069444375000003 0.599609375 0.32465277708333334 0.6015625 0.3142361104166667 0.6015625 0.2795138895833333 0.59765625 0.265625 0.5869140625 0.24652777708333332 0.5751953125 0.23611111041666666 0.5673828125 0.23611111041666666
0 0.6552734375 0.17361111041666666 0.6416015625 0.18402777708333332 0.6328125 0.203125 0.6328125 0.21701388958333334 0.630859375 0.22048611041666666 0.6328125 0.24131944375 0.638671875 0.25868055625 0.6494140625 0.27430555624999997 0.6552734375 0.27777777708333334 0.669921875 0.2760416666666667 0.6767578125 0.2708333333333333 0.6875 0.25173611041666666 0.689453125 0.24131944375 0.689453125 0.21701388958333334 0.685546875 0.19965277708333332 0.6787109375 0.1875 0.6689453125 0.17708333333333334 0.6552734375 0.17361111041666666
0 0.533203125 0.13020833333333334 0.53125 0.13715277708333332 0.53125 0.16493055625 0.5419921875 0.1875 0.5517578125 0.19444444375 0.556640625 0.19270833333333334 0.5634765625 0.19097222291666668 0.572265625 0.17881944375 0.576171875 0.16840277708333332 0.576171875 0.140625 0.57421875 0.13368055625 0.5615234375 0.11458333333333333 0.5458984375 0.11458333333333333 0.533203125 0.13020833333333334
0 0.732421875 0.140625 0.7431640625 0.16319444375 0.7470703125 0.16666666666666666 0.755859375 0.16493055625 0.765625 0.15104166666666666 0.767578125 0.14409722291666668 0.767578125 0.1267361104166667 0.7568359375 0.10416666666666667 0.7529296875 0.10069444375 0.7412109375 0.10069444375 0.732421875 0.11631944375 0.732421875 0.140625
0 0.7685546875 0.12847222291666666 0.775390625 0.1267361104166667 0.78125 0.11631944375 0.78125 0.09548611041666667 0.77734375 0.08506944375 0.7705078125 0.07638888958333333 0.7587890625 0.07638888958333333 0.75390625 0.08506944375 0.7578125 0.10590277708333334 0.7685546875 0.12847222291666666
0 0.7265625 0.09548611041666667 0.7265625 0.11284722291666666 0.7294921875 0.12152777708333334 0.732421875 0.11979166666666667 0.7412109375 0.10069444375 0.7529296875 0.10069444375 0.7548828125 0.10416666666666667 0.755859375 0.09548611041666667 0.75390625 0.08854166666666667 0.7451171875 0.07986111041666667 0.7333984375 0.08333333333333333 0.7265625 0.09548611041666667
1 0.587890625 0.1267361104166667 0.5986328125 0.14583333333333334 0.6025390625 0.14930555625 0.607421875 0.14756944375 0.607421875 0.11631944375 0.6181640625 0.10069444375 0.62109375 0.09201388958333333 0.6123046875 0.08333333333333333 0.5986328125 0.08333333333333333 0.587890625 0.09895833333333333 0.5859375 0.11631944375 0.587890625 0.1267361104166667
0 0.587890625 0.1267361104166667 0.5986328125 0.14583333333333334 0.6025390625 0.14930555625 0.607421875 0.14756944375 0.607421875 0.11631944375 0.6181640625 0.10069444375 0.62109375 0.09201388958333333 0.6123046875 0.08333333333333333 0.5986328125 0.08333333333333333 0.587890625 0.09895833333333333 0.5859375 0.11631944375 0.587890625 0.1267361104166667
0 0.5810546875 0.09375 0.587890625 0.09201388958333333 0.58984375 0.08159722291666666 0.603515625 0.060763889583333335 0.599609375 0.05034722291666667 0.5927734375 0.041666666666666664 0.5791015625 0.041666666666666664 0.576171875 0.046875 0.578125 0.08854166666666667 0.5810546875 0.09375
0 0.5517578125 0.05902777708333333 0.546875 0.06770833333333333 0.546875 0.07118055625 0.5537109375 0.07986111041666667 0.576171875 0.08159722291666666 0.5654296875 0.05902777708333333 0.5517578125 0.05902777708333333
1 0.580078125 0.07118055625 0.580078125 0.08854166666666667 0.587890625 0.08854166666666667 0.58984375 0.08159722291666666 0.6015625 0.06423611041666667 0.6015625 0.057291666666666664 0.5908203125 0.041666666666666664 0.5830078125 0.041666666666666664 0.576171875 0.05034722291666667 0.576171875 0.060763889583333335 0.580078125 0.07118055625
1 0.634765625 0.08159722291666666 0.6376953125 0.09027777708333334 0.6435546875 0.09375 0.650390625 0.09201388958333333 0.658203125 0.078125 0.658203125 0.057291666666666664 0.6474609375 0.041666666666666664 0.6396484375 0.041666666666666664 0.6357421875 0.045138889583333335 0.630859375 0.057291666666666664 0.634765625 0.06770833333333333 0.634765625 0.08159722291666666
1 0.66015625 0.07118055625 0.66015625 0.08159722291666666 0.6708984375 0.10069444375 0.68359375 0.09895833333333333 0.6875 0.09201388958333333 0.6875 0.08159722291666666 0.689453125 0.078125 0.6875 0.06423611041666667 0.6767578125 0.048611110416666665 0.6708984375 0.05555555625 0.6669921875 0.05555555625 0.66015625 0.07118055625
0 0.6923828125 0.09375 0.701171875 0.09548611041666667 0.7109375 0.08159722291666666 0.7109375 0.06770833333333333 0.7021484375 0.048611110416666665 0.6923828125 0.045138889583333335 0.685546875 0.05381944375 0.689453125 0.07465277708333334 0.689453125 0.08854166666666667 0.6923828125 0.09375