1 0.564453125 0.2552083333333333 0.55859375 0.2760416666666667 0.55859375 0.28993055624999997 0.556640625 0.29340277708333334 0.55859375 0.3142361104166667 0.56640625 0.3385416666666667 0.5751953125 0.3541666666666667 0.5849609375 0.3611111104166667 0.5947265625 0.3611111104166667 0.5966796875 0.3645833333333333 0.609375 0.36284722291666666 0.6240234375 0.3541666666666667 0.6328125 0.3385416666666667 0.638671875 0.3107638895833333 0.638671875 0.2864583333333333 0.6328125 0.25868055625 0.6142578125 0.22916666666666666 0.6083984375 0.22569444375 0.5869140625 0.22569444375 0.5771484375 0.23263888958333334 0.564453125 0.2552083333333333
1 0.5234375 0.16493055625 0.525390625 0.18576388958333334 0.529296875 0.19965277708333332 0.5419921875 0.21875 0.560546875 0.21701388958333334 0.5673828125 0.21180555625 0.576171875 0.18923611041666666 0.576171875 0.15451388958333334 0.5673828125 0.13541666666666666 0.5634765625 0.13541666666666666 0.5576171875 0.12847222291666666 0.5419921875 0.12847222291666666 0.5302734375 0.14236111041666666 0.525390625 0.15451388958333334 0.5234375 0.16493055625
1 0.47265625 0.171875 0.4775390625 0.18402777708333332 0.4814453125 0.18402777708333332 0.4931640625 0.19791666666666666 0.50390625 0.19618055625 0.509765625 0.18923611041666666 0.517578125 0.16840277708333332 0.51953125 0.15798611041666666 0.517578125 0.140625 0.5029296875 0.11805555625 0.4892578125 0.11805555625 0.4833984375 0.12152777708333334 0.47265625 0.140625 0.470703125 0.15104166666666666 0.47265625 0.171875
1 0.376953125 0.15798611041666666 0.375 0.16493055625 0.375 0.19270833333333334 0.376953125 0.19965277708333332 0.3876953125 0.21527777708333332 0.3935546875 0.21875 0.400390625 0.21701388958333334 0.4052734375 0.21527777708333332 0.416015625 0.19618055625 0.419921875 0.17881944375 0.419921875 0.16840277708333332 0.41796875 0.15798611041666666 0.4091796875 0.14236111041666666 0.4052734375 0.13888888958333334 0.3916015625 0.13888888958333334 0.3857421875 0.14236111041666666 0.376953125 0.15798611041666666
1 0.3056640625 0.21875 0.318359375 0.23784722291666668 0.322265625 0.2552083333333333 0.322265625 0.26909722291666666 0.326171875 0.26909722291666666 0.328125 0.265625 0.326171875 0.2552083333333333 0.326171875 0.22743055625 0.33203125 0.21006944375 0.33203125 0.203125 0.3232421875 0.19097222291666668 0.3115234375 0.19097222291666668 0.298828125 0.20659722291666668 0.298828125 0.21701388958333334 0.3056640625 0.21875
1 0.3037109375 0.19791666666666666 0.3115234375 0.19097222291666668 0.3203125 0.18923611041666666 0.3154296875 0.18055555625 0.3017578125 0.18055555625 0.2978515625 0.18402777708333332 0.28515625 0.21006944375 0.2861328125 0.21875 0.294921875 0.21701388958333334 0.3037109375 0.19791666666666666
1 0.208984375 0.32465277708333334 0.208984375 0.3385416666666667 0.20703125 0.3420138895833333 0.208984375 0.36284722291666666 0.212890625 0.3767361104166667 0.2255859375 0.3958333333333333 0.244140625 0.39409722291666666 0.2509765625 0.3888888895833333 0.259765625 0.3697916666666667 0.26171875 0.3420138895833333 0.263671875 0.3385416666666667 0.26171875 0.3177083333333333 0.255859375 0.30034722291666666 0.2451171875 0.28819444375000003 0.2275390625 0.28819444375000003 0.21484375 0.3072916666666667 0.208984375 0.32465277708333334
1 0.2255859375 0.2916666666666667 0.2275390625 0.28819444375000003 0.2451171875 0.28819444375000003 0.2529296875 0.2951388895833333 0.26171875 0.3177083333333333 0.26171875 0.328125 0.2646484375 0.3333333333333333 0.265625 0.33159722291666666 0.271484375 0.3142361104166667 0.2734375 0.28993055624999997 0.26953125 0.27256944375000003 0.2646484375 0.26388888958333334 0.2568359375 0.25694444375 0.2431640625 0.25694444375 0.2353515625 0.26388888958333334 0.2265625 0.2795138895833333 0.224609375 0.2864583333333333 0.2255859375 0.2916666666666667
1 0.123046875 0.3385416666666667 0.123046875 0.35590277708333334 0.126953125 0.3697916666666667 0.1357421875 0.38194444375000003 0.140625 0.3802083333333333 0.1455078125 0.37847222291666666 0.154296875 0.36284722291666666 0.15625 0.3420138895833333 0.158203125 0.3385416666666667 0.15625 0.32118055624999997 0.1474609375 0.30555555624999997 0.1357421875 0.30555555624999997 0.125 0.32465277708333334 0.125 0.33506944375000003 0.123046875 0.3385416666666667
1 0.1259765625 0.3229166666666667 0.126953125 0.32118055624999997 0.1376953125 0.30555555624999997 0.1455078125 0.30555555624999997 0.1513671875 0.3125 0.154296875 0.30381944375000003 0.1455078125 0.28472222291666666 0.1357421875 0.28472222291666666 0.12890625 0.29340277708333334 0.123046875 0.3142361104166667 0.123046875 0.3177083333333333 0.1259765625 0.3229166666666667
1 0.5439453125 0.12847222291666666 0.5576171875 0.12847222291666666 0.5634765625 0.13541666666666666 0.5673828125 0.13541666666666666 0.572265625 0.14756944375 0.5771484375 0.15625 0.578125 0.15451388958333334 0.578125 0.13368055625 0.576171875 0.1267361104166667 0.5693359375 0.11458333333333333 0.5615234375 0.10763888958333333 0.5478515625 0.10763888958333333 0.5400390625 0.11458333333333333 0.533203125 0.1267361104166667 0.53125 0.13715277708333332 0.5341796875 0.13888888958333334 0.5439453125 0.12847222291666666
1 0.3349609375 0.8090277770833333 0.3232421875 0.8125 0.3173828125 0.8194444437499999 0.3134765625 0.8194444437499999 0.2978515625 0.8402777770833333 0.2890625 0.8559027770833333 0.27734375 0.8940972229166667 0.275390625 0.9322916666666666 0.2734375 0.9357638895833333 0.275390625 0.9427083333333334 0.275390625 0.9670138895833333 0.27734375 0.9704861104166667 0.27734375 0.984375 0.2880859375 1 0.4453125 0.9982638895833333 0.44921875 0.9913194437499999 0.44921875 0.9427083333333334 0.44140625 0.9010416666666666 0.4296875 0.8697916666666666 0.4169921875 0.8472222229166667 0.3896484375 0.8159722229166667 0.3720703125 0.8090277770833333 0.3701171875 0.8055555562500001 0.3369140625 0.8055555562500001 0.3349609375 0.8090277770833333
0 0.2431640625 0.47569444375000003 0.2255859375 0.47569444375000003 0.2099609375 0.4861111104166667 0.1953125 0.50868055625 0.1875 0.5364583333333334 0.1875 0.5503472229166667 0.185546875 0.5538194437499999 0.1875 0.5954861104166667 0.193359375 0.6197916666666666 0.2138671875 0.6527777770833333 0.2236328125 0.6597222229166667 0.244140625 0.6579861104166667 0.2587890625 0.6493055562500001 0.2734375 0.6232638895833333 0.2734375 0.6163194437499999 0.279296875 0.5989583333333334 0.279296875 0.5885416666666666 0.28125 0.5850694437499999 0.28125 0.5503472229166667 0.2734375 0.515625 0.2607421875 0.4895833333333333 0.2431640625 0.47569444375000003
0 0.1767578125 0.46527777708333334 0.1591796875 0.46527777708333334 0.1455078125 0.4791666666666667 0.13671875 0.4982638895833333 0.130859375 0.5260416666666666 0.130859375 0.5572916666666666 0.13671875 0.5850694437499999 0.1513671875 0.6145833333333334 0.1591796875 0.6215277770833333 0.181640625 0.6197916666666666 0.189453125 0.609375 0.185546875 0.5572916666666666 0.1875 0.5538194437499999 0.1875 0.5364583333333334 0.19140625 0.5260416666666666 0.19140625 0.5190972229166666 0.197265625 0.5052083333333334 0.197265625 0.4947916666666667 0.1845703125 0.47222222291666666 0.1767578125 0.46527777708333334
0 0.1015625 0.484375 0.10546875 0.5017361104166667 0.1162109375 0.5208333333333334 0.1201171875 0.52430555625 0.130859375 0.52256944375 0.140625 0.48784722291666666 0.15234375 0.4704861104166667 0.15234375 0.44618055624999997 0.1484375 0.42881944375000003 0.1376953125 0.40972222291666666 0.1259765625 0.40625 0.1162109375 0.41319444375000003 0.107421875 0.42881944375000003 0.1015625 0.45659722291666666 0.1015625 0.484375
0 0.0224609375 0.5451388895833333 0.033203125 0.5434027770833333 0.041015625 0.5260416666666666 0.041015625 0.48784722291666666 0.0341796875 0.46875 0.0263671875 0.46527777708333334 0.0224609375 0.46875 0.015625 0.484375 0.013671875 0.4947916666666667 0.013671875 0.5190972229166666 0.017578125 0.5364583333333334 0.0224609375 0.5451388895833333
0 0.0615234375 0.46875 0.068359375 0.4670138895833333 0.07421875 0.46006944375000003 0.078125 0.44618055624999997 0.078125 0.4114583333333333 0.0693359375 0.3923611104166667 0.0634765625 0.3923611104166667 0.0546875 0.4045138895833333 0.05078125 0.41840277708333334 0.05078125 0.44965277708333334 0.0576171875 0.46527777708333334 0.0615234375 0.46875
0 0.12109375 0.38368055624999997 0.126953125 0.3697916666666667 0.123046875 0.35590277708333334 0.125 0.32118055624999997 0.1220703125 0.31597222291666666 0.1123046875 0.31597222291666666 0.1015625 0.3385416666666667 0.099609375 0.36284722291666666 0.1064453125 0.38194444375000003 0.1103515625 0.3854166666666667 0.12109375 0.38368055624999997
0 0.16796875 0.30381944375000003 0.169921875 0.3107638895833333 0.1787109375 0.3229166666666667 0.189453125 0.32118055624999997 0.19921875 0.3072916666666667 0.203125 0.29340277708333334 0.203125 0.27256944375000003 0.1943359375 0.25347222291666666 0.1884765625 0.25 0.1865234375 0.25347222291666666 0.1806640625 0.25347222291666666 0.173828125 0.26215277708333334 0.16796875 0.2795138895833333 0.16796875 0.30381944375000003
0 0.275390625 0.234375 0.26953125 0.25868055625 0.26953125 0.27256944375000003 0.2734375 0.29340277708333334 0.2822265625 0.30902777708333334 0.2919921875 0.31597222291666666 0.298828125 0.3142361104166667 0.3076171875 0.30902777708333334 0.318359375 0.28993055624999997 0.3203125 0.2795138895833333 0.3203125 0.24826388958333334 0.318359375 0.23784722291666668 0.3095703125 0.22222222291666668 0.3037109375 0.21875 0.2900390625 0.21875 0.2841796875 0.22222222291666668 0.275390625 0.234375
0 0.2666015625 0.2673611104166667 0.26953125 0.265625 0.2734375 0.23784722291666668 0.2783203125 0.22916666666666666 0.28515625 0.22395833333333334 0.2841796875 0.21527777708333332 0.2666015625 0.21180555625 0.25390625 0.22743055625 0.25 0.24131944375 0.25 0.2552083333333333 0.2587890625 0.25694444375 0.2666015625 0.2673611104166667
0 0.326171875 0.22395833333333334 0.326171875 0.2552083333333333 0.3388671875 0.28125 0.3466796875 0.28819444375000003 0.35546875 0.2864583333333333 0.3662109375 0.28125 0.375 0.265625 0.37890625 0.25173611041666666 0.37890625 0.22048611041666666 0.375 0.20659722291666668 0.3623046875 0.19097222291666668 0.3447265625 0.19097222291666668 0.3330078125 0.20486111041666666 0.328125 0.21701388958333334 0.326171875 0.22395833333333334
0 0.44140625 0.20659722291666668 0.4375 0.22048611041666666 0.4375 0.25868055625 0.44140625 0.27256944375000003 0.4541015625 0.2916666666666667 0.4580078125 0.2951388895833333 0.4765625 0.29340277708333334 0.4853515625 0.28819444375000003 0.49609375 0.26909722291666666 0.5 0.2552083333333333 0.5 0.22048611041666666 0.49609375 0.20659722291666668 0.4873046875 0.19097222291666668 0.4794921875 0.18402777708333332 0.4580078125 0.18402777708333332 0.4501953125 0.19097222291666668 0.44140625 0.20659722291666668