1 0.6103515625 0.28819444375000003 0.5966796875 0.28819444375000003 0.5791015625 0.3020833333333333 0.568359375 0.32118055624999997 0.5625 0.3385416666666667 0.560546875 0.3767361104166667 0.568359375 0.4079861104166667 0.5810546875 0.43055555624999997 0.5986328125 0.44444444375000003 0.615234375 0.4427083333333333 0.6201171875 0.44097222291666666 0.6318359375 0.4270833333333333 0.642578125 0.4045138895833333 0.646484375 0.38715277708333334 0.646484375 0.3489583333333333 0.640625 0.32465277708333334 0.6337890625 0.30902777708333334 0.6103515625 0.28819444375000003
1 0.8251953125 0.37847222291666666 0.8095703125 0.375 0.7900390625 0.3888888895833333 0.779296875 0.4079861104166667 0.7734375 0.42881944375000003 0.76953125 0.4739583333333333 0.771484375 0.47743055624999997 0.771484375 0.49131944375000003 0.779296875 0.5190972229166666 0.7939453125 0.5451388895833333 0.8056640625 0.5555555562500001 0.822265625 0.5538194437499999 0.8369140625 0.5451388895833333 0.8515625 0.5190972229166666 0.857421875 0.4947916666666667 0.857421875 0.44618055624999997 0.8515625 0.42534722291666666 0.8515625 0.41840277708333334 0.8369140625 0.3888888895833333 0.8251953125 0.37847222291666666
1 0.8134765625 0.3229166666666667 0.798828125 0.3489583333333333 0.794921875 0.36284722291666666 0.794921875 0.3767361104166667 0.8056640625 0.37847222291666666 0.8076171875 0.375 0.8193359375 0.375 0.8349609375 0.3854166666666667 0.849609375 0.4114583333333333 0.85546875 0.4357638895833333 0.8583984375 0.44097222291666666 0.859375 0.4392361104166667 0.8671875 0.421875 0.8671875 0.3802083333333333 0.861328125 0.35243055624999997 0.853515625 0.33506944375000003 0.8447265625 0.3229166666666667 0.8310546875 0.31944444375000003 0.8291015625 0.31597222291666666 0.8134765625 0.3229166666666667
1 0.427734375 0.24479166666666666 0.423828125 0.265625 0.423828125 0.2795138895833333 0.4296875 0.30034722291666666 0.4345703125 0.30902777708333334 0.4580078125 0.30555555624999997 0.4599609375 0.30902777708333334 0.47265625 0.3107638895833333 0.478515625 0.30034722291666666 0.484375 0.2795138895833333 0.482421875 0.24826388958333334 0.4736328125 0.22916666666666666 0.4599609375 0.21527777708333332 0.4462890625 0.21875 0.4384765625 0.22569444375 0.427734375 0.24479166666666666
1 0.4755859375 0.31597222291666666 0.4658203125 0.30902777708333334 0.4482421875 0.30555555624999997 0.4306640625 0.31597222291666666 0.416015625 0.3420138895833333 0.41015625 0.36631944375000003 0.41015625 0.4010416666666667 0.4140625 0.41840277708333334 0.4287109375 0.44444444375000003 0.4384765625 0.4513888895833333 0.453125 0.44965277708333334 0.455078125 0.4392361104166667 0.455078125 0.4114583333333333 0.458984375 0.39756944375000003 0.470703125 0.36631944375000003 0.4794921875 0.3541666666666667 0.4873046875 0.35069444375000003 0.48828125 0.3420138895833333 0.4755859375 0.31597222291666666
1 0.337890625 0.29340277708333334 0.333984375 0.3072916666666667 0.333984375 0.3420138895833333 0.3388671875 0.3541666666666667 0.3623046875 0.34722222291666666 0.3642578125 0.35069444375000003 0.3779296875 0.3541666666666667 0.3837890625 0.3611111104166667 0.390625 0.359375 0.396484375 0.3385416666666667 0.3984375 0.3177083333333333 0.39453125 0.296875 0.3876953125 0.28125 0.3720703125 0.2673611104166667 0.3603515625 0.2673611104166667 0.3466796875 0.27777777708333334 0.337890625 0.29340277708333334
1 0.3095703125 0.3333333333333333 0.2978515625 0.34027777708333334 0.28515625 0.359375 0.279296875 0.3767361104166667 0.27734375 0.41493055624999997 0.2919921875 0.4479166666666667 0.3095703125 0.4583333333333333 0.318359375 0.45659722291666666 0.31640625 0.44965277708333334 0.31640625 0.41493055624999997 0.318359375 0.4045138895833333 0.326171875 0.3802083333333333 0.337890625 0.35590277708333334 0.3310546875 0.34375 0.3232421875 0.33680555624999997 0.3095703125 0.3333333333333333
1 0.24609375 0.33159722291666666 0.244140625 0.35590277708333334 0.2626953125 0.3611111104166667 0.2705078125 0.36805555624999997 0.2763671875 0.37847222291666666 0.279296875 0.3767361104166667 0.283203125 0.36284722291666666 0.296875 0.3385416666666667 0.294921875 0.32465277708333334 0.2861328125 0.30902777708333334 0.2744140625 0.3020833333333333 0.2685546875 0.3020833333333333 0.2548828125 0.3125 0.24609375 0.33159722291666666
1 0.3466796875 0.23263888958333334 0.3330078125 0.23611111041666666 0.3232421875 0.24652777708333332 0.31640625 0.265625 0.314453125 0.2760416666666667 0.31640625 0.296875 0.3291015625 0.31944444375000003 0.333984375 0.3177083333333333 0.333984375 0.3072916666666667 0.337890625 0.29340277708333334 0.3486328125 0.27430555624999997 0.3544921875 0.2708333333333333 0.359375 0.26215277708333334 0.359375 0.24479166666666666 0.3525390625 0.23611111041666666 0.3466796875 0.23263888958333334
1 0.3837890625 0.22916666666666666 0.3701171875 0.23263888958333334 0.361328125 0.24826388958333334 0.359375 0.265625 0.3740234375 0.2673611104166667 0.3857421875 0.27777777708333334 0.396484375 0.30034722291666666 0.396484375 0.3072916666666667 0.3994140625 0.3125 0.40234375 0.3107638895833333 0.408203125 0.296875 0.412109375 0.2760416666666667 0.412109375 0.265625 0.408203125 0.24826388958333334 0.3955078125 0.22916666666666666 0.3876953125 0.22916666666666666 0.3857421875 0.22569444375 0.3837890625 0.22916666666666666
1 0.4443359375 0.19444444375 0.4384765625 0.19444444375 0.4267578125 0.20138888958333334 0.416015625 0.22048611041666666 0.4140625 0.22743055625 0.4140625 0.25868055625 0.41796875 0.27256944375000003 0.423828125 0.2760416666666667 0.423828125 0.26215277708333334 0.427734375 0.24479166666666666 0.4384765625 0.22569444375 0.4462890625 0.21875 0.4599609375 0.21527777708333332 0.4609375 0.21006944375 0.4580078125 0.20486111041666666 0.4443359375 0.19444444375
0 0.5341796875 0.3611111104166667 0.5146484375 0.34375 0.4970703125 0.34375 0.4794921875 0.3541666666666667 0.46875 0.3697916666666667 0.466796875 0.3802083333333333 0.4609375 0.390625 0.455078125 0.41493055624999997 0.455078125 0.453125 0.46484375 0.484375 0.4736328125 0.5 0.4970703125 0.5173611104166667 0.51171875 0.515625 0.5244140625 0.5104166666666666 0.5283203125 0.5034722229166666 0.5341796875 0.5 0.546875 0.4739583333333333 0.552734375 0.44965277708333334 0.552734375 0.4114583333333333 0.546875 0.38715277708333334 0.5341796875 0.3611111104166667
0 0.3525390625 0.35069444375000003 0.3408203125 0.3576388895833333 0.32421875 0.38715277708333334 0.31640625 0.41840277708333334 0.31640625 0.4322916666666667 0.318359375 0.4357638895833333 0.3203125 0.45659722291666666 0.3388671875 0.49652777708333334 0.3466796875 0.5034722229166666 0.369140625 0.5017361104166667 0.3837890625 0.4895833333333333 0.3984375 0.46006944375000003 0.40234375 0.4427083333333333 0.40234375 0.4079861104166667 0.396484375 0.38368055624999997 0.3837890625 0.3611111104166667 0.3701171875 0.35069444375000003 0.3525390625 0.35069444375000003
0 0.3017578125 0.4548611104166667 0.2958984375 0.4513888895833333 0.2822265625 0.4513888895833333 0.2802734375 0.4548611104166667 0.2685546875 0.4583333333333333 0.251953125 0.484375 0.2421875 0.5190972229166666 0.2421875 0.5434027770833333 0.244140625 0.546875 0.24609375 0.5677083333333334 0.2509765625 0.5798611104166667 0.2607421875 0.5798611104166667 0.2626953125 0.5833333333333334 0.2763671875 0.5868055562500001 0.2880859375 0.5972222229166667 0.3037109375 0.6215277770833333 0.30859375 0.6197916666666666 0.3212890625 0.6076388895833333 0.33203125 0.5815972229166667 0.3359375 0.5607638895833333 0.3359375 0.5190972229166666 0.333984375 0.50868055625 0.330078125 0.4947916666666667 0.3134765625 0.46527777708333334 0.3017578125 0.4548611104166667
0 0.318359375 0.6822916666666666 0.30859375 0.6371527770833333 0.2919921875 0.6041666666666666 0.2744140625 0.5868055562500001 0.2685546875 0.5868055562500001 0.2666015625 0.5833333333333334 0.2451171875 0.5833333333333334 0.2294921875 0.5972222229166667 0.21484375 0.6232638895833333 0.205078125 0.6649305562500001 0.20703125 0.7100694437499999 0.21484375 0.7482638895833333 0.2333984375 0.78125 0.2529296875 0.7986111104166667 0.2587890625 0.7986111104166667 0.2607421875 0.8020833333333334 0.271484375 0.8003472229166667 0.2861328125 0.7951388895833333 0.2900390625 0.7881944437499999 0.2958984375 0.7847222229166667 0.3046875 0.7690972229166667 0.314453125 0.7413194437499999 0.31640625 0.7135416666666666 0.318359375 0.7100694437499999 0.318359375 0.6822916666666666
0 0.2607421875 0.40277777708333334 0.2490234375 0.40277777708333334 0.2333984375 0.4166666666666667 0.220703125 0.4392361104166667 0.21484375 0.4635416666666667 0.21484375 0.4947916666666667 0.22265625 0.5260416666666666 0.2314453125 0.5416666666666666 0.2353515625 0.5451388895833333 0.2421875 0.5434027770833333 0.2421875 0.515625 0.2578125 0.4704861104166667 0.2666015625 0.4583333333333333 0.287109375 0.44965277708333334 0.287109375 0.4427083333333333 0.283203125 0.4322916666666667 0.2724609375 0.41319444375000003 0.2607421875 0.40277777708333334
0 0.2626953125 0.3611111104166667 0.2509765625 0.3576388895833333 0.2490234375 0.3611111104166667 0.2373046875 0.3645833333333333 0.2265625 0.3802083333333333 0.220703125 0.39756944375000003 0.21875 0.4079861104166667 0.21875 0.4357638895833333 0.22265625 0.4357638895833333 0.2353515625 0.41319444375000003 0.2509765625 0.40277777708333334 0.2626953125 0.40277777708333334 0.2666015625 0.40972222291666666 0.2744140625 0.41319444375000003 0.27734375 0.4079861104166667 0.27734375 0.3802083333333333 0.2626953125 0.3611111104166667
0 0.1982421875 0.33680555624999997 0.1904296875 0.34375 0.181640625 0.36284722291666666 0.177734375 0.38368055624999997 0.177734375 0.4045138895833333 0.1796875 0.41493055624999997 0.1884765625 0.43402777708333334 0.1962890625 0.44097222291666666 0.2109375 0.4392361104166667 0.216796875 0.4322916666666667 0.220703125 0.39409722291666666 0.224609375 0.38715277708333334 0.2265625 0.3732638895833333 0.22265625 0.35590277708333334 0.2138671875 0.34027777708333334 0.2099609375 0.33680555624999997 0.1982421875 0.33680555624999997
0 0.224609375 0.32118055624999997 0.220703125 0.33506944375000003 0.220703125 0.3489583333333333 0.2265625 0.3697916666666667 0.232421875 0.3697916666666667 0.244140625 0.359375 0.24609375 0.33159722291666666 0.25 0.32118055624999997 0.259765625 0.3072916666666667 0.2568359375 0.2986111104166667 0.2431640625 0.2951388895833333 0.2353515625 0.3020833333333333 0.224609375 0.32118055624999997
0 0.26953125 0.2829861104166667 0.267578125 0.30034722291666666 0.2861328125 0.30902777708333334 0.294921875 0.32465277708333334 0.294921875 0.33159722291666666 0.2978515625 0.33680555624999997 0.3046875 0.33506944375000003 0.3095703125 0.3333333333333333 0.314453125 0.3177083333333333 0.314453125 0.2829861104166667 0.3125 0.2760416666666667 0.3017578125 0.2604166666666667 0.2841796875 0.2604166666666667 0.2802734375 0.26388888958333334 0.26953125 0.2829861104166667
0 0.5400390625 0.20138888958333334 0.5322265625 0.20833333333333334 0.51953125 0.23784722291666668 0.51953125 0.2552083333333333 0.517578125 0.25868055625 0.51953125 0.26215277708333334 0.51953125 0.2760416666666667 0.5341796875 0.3020833333333333 0.5498046875 0.3125 0.5546875 0.3107638895833333 0.5673828125 0.3020833333333333 0.576171875 0.2864583333333333 0.58203125 0.265625 0.58203125 0.24479166666666666 0.578125 0.22743055625 0.5673828125 0.20833333333333334 0.5576171875 0.20138888958333334 0.5400390625 0.20138888958333334
0 0.6337890625 0.16319444375 0.625 0.17534722291666668 0.62109375 0.18923611041666666 0.619140625 0.21006944375 0.625 0.23090277708333332 0.6357421875 0.24652777708333332 0.6416015625 0.25 0.654296875 0.24826388958333334 0.6611328125 0.24652777708333332 0.669921875 0.22395833333333334 0.671875 0.21354166666666666 0.669921875 0.18923611041666666 0.66796875 0.18229166666666666 0.6552734375 0.16319444375 0.6494140625 0.15972222291666668 0.6337890625 0.16319444375
0 0.7177734375 0.30555555624999997 0.7041015625 0.31944444375000003 0.6953125 0.3385416666666667 0.689453125 0.36631944375000003 0.689453125 0.39409722291666666 0.693359375 0.41493055624999997 0.7080078125 0.44444444375000003 0.7236328125 0.46180555624999997 0.736328125 0.4635416666666667 0.7490234375 0.4583333333333333 0.76953125 0.42534722291666666 0.7734375 0.4079861104166667 0.7734375 0.36284722291666666 0.76171875 0.328125 0.7470703125 0.30902777708333334 0.7412109375 0.30555555624999997 0.7177734375 0.30555555624999997
1 0.2080078125 0.33680555624999997 0.2138671875 0.34027777708333334 0.2177734375 0.34722222291666666 0.220703125 0.3454861104166667 0.22265625 0.32118055624999997 0.2177734375 0.31597222291666666 0.2041015625 0.31597222291666666 0.1962890625 0.3229166666666667 0.189453125 0.3420138895833333 0.1923828125 0.34375 0.2001953125 0.33680555624999997 0.2080078125 0.33680555624999997