1 0.75 0.48090277708333334 0.7412109375 0.46180555624999997 0.7197265625 0.4375 0.6982421875 0.43055555624999997 0.6650390625 0.4548611104166667 0.65625 0.4704861104166667 0.642578125 0.5190972229166666 0.640625 0.5572916666666666 0.6484375 0.5989583333333334 0.65234375 0.6059027770833333 0.654296875 0.6163194437499999 0.6630859375 0.6319444437499999 0.6865234375 0.6527777770833333 0.7109375 0.6510416666666666 0.7236328125 0.6458333333333334 0.7333984375 0.6354166666666666 0.73828125 0.6197916666666666 0.7412109375 0.6180555562500001 0.751953125 0.5954861104166667 0.7578125 0.5677083333333334 0.7578125 0.5260416666666666 0.75 0.48090277708333334
1 0.7490234375 0.30902777708333334 0.7333984375 0.2916666666666667 0.7138671875 0.28472222291666666 0.6962890625 0.2951388895833333 0.68359375 0.3142361104166667 0.67578125 0.3385416666666667 0.67578125 0.3489583333333333 0.673828125 0.35243055624999997 0.673828125 0.38368055624999997 0.6796875 0.41493055624999997 0.6884765625 0.43055555624999997 0.7080078125 0.43055555624999997 0.7177734375 0.4375 0.72265625 0.4357638895833333 0.7265625 0.42881944375000003 0.73046875 0.4114583333333333 0.7470703125 0.38194444375000003 0.7607421875 0.37152777708333334 0.763671875 0.36631944375000003 0.763671875 0.359375 0.7578125 0.328125 0.7490234375 0.30902777708333334
1 0.634765625 0.30034722291666666 0.6220703125 0.27777777708333334 0.6025390625 0.26388888958333334 0.5810546875 0.2673611104166667 0.5673828125 0.28472222291666666 0.556640625 0.30381944375000003 0.552734375 0.3177083333333333 0.55078125 0.35590277708333334 0.556640625 0.38368055624999997 0.5615234375 0.3923611104166667 0.568359375 0.39756944375000003 0.5869140625 0.3611111104166667 0.6025390625 0.34722222291666666 0.6259765625 0.34375 0.6357421875 0.35069444375000003 0.642578125 0.3489583333333333 0.640625 0.3177083333333333 0.63671875 0.3107638895833333 0.634765625 0.30034722291666666
1 0.8134765625 0.23958333333333334 0.8017578125 0.25 0.79296875 0.265625 0.802734375 0.2864583333333333 0.80859375 0.3072916666666667 0.810546875 0.328125 0.814453125 0.328125 0.8212890625 0.3125 0.8330078125 0.3020833333333333 0.853515625 0.30381944375000003 0.853515625 0.28993055624999997 0.84765625 0.26909722291666666 0.8369140625 0.25 0.8232421875 0.23958333333333334 0.8134765625 0.23958333333333334
1 0.7802734375 0.19097222291666668 0.7734375 0.20659722291666668 0.7822265625 0.21875 0.787109375 0.23090277708333332 0.791015625 0.24479166666666666 0.791015625 0.2552083333333333 0.7939453125 0.2604166666666667 0.796875 0.25868055625 0.8076171875 0.24305555625 0.8251953125 0.23958333333333334 0.826171875 0.234375 0.8203125 0.21006944375 0.8076171875 0.1875 0.8017578125 0.18402777708333332 0.7880859375 0.18402777708333332 0.7802734375 0.19097222291666668
1 0.7548828125 0.15277777708333332 0.748046875 0.16840277708333332 0.75 0.17534722291666668 0.7587890625 0.19791666666666666 0.7685546875 0.20486111041666666 0.7734375 0.203125 0.7802734375 0.19097222291666668 0.7880859375 0.18402777708333332 0.7939453125 0.18402777708333332 0.794921875 0.17881944375 0.79296875 0.171875 0.7783203125 0.14930555625 0.7587890625 0.14930555625 0.7548828125 0.15277777708333332
1 0.755859375 0.15451388958333334 0.765625 0.14409722291666668 0.7587890625 0.12847222291666666 0.7529296875 0.12152777708333334 0.7470703125 0.12152777708333334 0.74609375 0.13020833333333334 0.75 0.14409722291666668 0.75 0.15451388958333334 0.755859375 0.15451388958333334
1 0.634765625 0.08854166666666667 0.640625 0.08854166666666667 0.6552734375 0.06597222291666667 0.6669921875 0.0625 0.66796875 0.05381944375 0.6591796875 0.045138889583333335 0.6474609375 0.045138889583333335 0.6435546875 0.048611110416666665 0.634765625 0.06770833333333333 0.634765625 0.08854166666666667
1 0.62890625 0.078125 0.6318359375 0.08333333333333333 0.6328125 0.08159722291666666 0.63671875 0.060763889583333335 0.64453125 0.046875 0.64453125 0.04340277708333333 0.6376953125 0.03472222291666667 0.6240234375 0.03819444375 0.619140625 0.046875 0.626953125 0.060763889583333335 0.62890625 0.078125
1 0.484375 0.08854166666666667 0.4970703125 0.10763888958333333 0.51171875 0.10590277708333334 0.51953125 0.08854166666666667 0.51953125 0.06423611041666667 0.5107421875 0.048611110416666665 0.4951171875 0.048611110416666665 0.4912109375 0.052083333333333336 0.484375 0.06423611041666667 0.482421875 0.07465277708333334 0.484375 0.08854166666666667
1 0.6416015625 0.08680555625 0.634765625 0.09895833333333333 0.6328125 0.109375 0.634765625 0.11284722291666666 0.63671875 0.13368055625 0.6396484375 0.13888888958333334 0.642578125 0.13715277708333332 0.6455078125 0.12847222291666666 0.6572265625 0.11458333333333333 0.6748046875 0.11458333333333333 0.677734375 0.10590277708333334 0.67578125 0.09895833333333333 0.6669921875 0.08333333333333333 0.6611328125 0.07986111041666667 0.6416015625 0.08680555625
1 0.58984375 0.11979166666666667 0.5888671875 0.12847222291666666 0.5966796875 0.12847222291666666 0.6044921875 0.13541666666666666 0.619140625 0.15798611041666666 0.6240234375 0.19097222291666668 0.630859375 0.18923611041666666 0.638671875 0.16840277708333332 0.638671875 0.13715277708333332 0.634765625 0.13020833333333334 0.6337890625 0.12152777708333334 0.6259765625 0.11111111041666667 0.6142578125 0.10416666666666667 0.6005859375 0.10763888958333333 0.58984375 0.11979166666666667
0 0.6162109375 0.08333333333333333 0.6240234375 0.09027777708333334 0.62890625 0.08854166666666667 0.626953125 0.060763889583333335 0.6162109375 0.045138889583333335 0.6025390625 0.041666666666666664 0.58984375 0.057291666666666664 0.587890625 0.078125 0.5927734375 0.09027777708333334 0.5986328125 0.08333333333333333 0.6162109375 0.08333333333333333
0 0.595703125 0.08506944375 0.6005859375 0.07986111041666667 0.611328125 0.078125 0.6025390625 0.07638888958333333 0.6005859375 0.07291666666666667 0.5947265625 0.07291666666666667 0.58984375 0.078125 0.5927734375 0.08680555625 0.595703125 0.08506944375
0 0.595703125 0.060763889583333335 0.6064453125 0.048611110416666665 0.6064453125 0.045138889583333335 0.5986328125 0.045138889583333335 0.58984375 0.060763889583333335 0.5908203125 0.06944444375 0.595703125 0.06770833333333333 0.595703125 0.060763889583333335
0 0.6708984375 0.06597222291666667 0.6796875 0.06770833333333333 0.681640625 0.060763889583333335 0.6875 0.05381944375 0.6875 0.046875 0.6845703125 0.041666666666666664 0.6806640625 0.03819444375 0.6689453125 0.03819444375 0.662109375 0.046875 0.6708984375 0.06597222291666667
0 0.6982421875 0.07638888958333333 0.705078125 0.07118055625 0.6982421875 0.05902777708333333 0.6865234375 0.05555555625 0.677734375 0.06770833333333333 0.6884765625 0.09027777708333334 0.69140625 0.08854166666666667 0.6982421875 0.07638888958333333
0 0.6591796875 0.07986111041666667 0.6689453125 0.08680555625 0.6767578125 0.10416666666666667 0.68359375 0.10243055625 0.6884765625 0.10069444375 0.689453125 0.09201388958333333 0.6875 0.08506944375 0.6748046875 0.06597222291666667 0.6591796875 0.0625 0.6484375 0.07465277708333334 0.6494140625 0.08333333333333333 0.6591796875 0.07986111041666667
0 0.6171875 0.15451388958333334 0.6005859375 0.13194444375 0.5947265625 0.12847222291666666 0.5791015625 0.13194444375 0.5712890625 0.13888888958333334 0.564453125 0.15104166666666666 0.560546875 0.16493055625 0.560546875 0.19618055625 0.564453125 0.21006944375 0.5712890625 0.22222222291666668 0.5751953125 0.22569444375 0.578125 0.22395833333333334 0.5908203125 0.19791666666666666 0.5986328125 0.19097222291666668 0.6044921875 0.19097222291666668 0.6064453125 0.1875 0.6162109375 0.1875 0.6201171875 0.19097222291666668 0.623046875 0.18576388958333334 0.6171875 0.15451388958333334
0 0.6142578125 0.1875 0.5986328125 0.19097222291666668 0.5888671875 0.20138888958333334 0.58203125 0.21354166666666666 0.578125 0.22743055625 0.578125 0.24131944375 0.58203125 0.2552083333333333 0.5869140625 0.26388888958333334 0.6103515625 0.2673611104166667 0.6279296875 0.28472222291666666 0.634765625 0.30381944375000003 0.6376953125 0.30902777708333334 0.640625 0.3072916666666667 0.6484375 0.29340277708333334 0.65234375 0.2760416666666667 0.65234375 0.24479166666666666 0.646484375 0.22048611041666666 0.6337890625 0.19791666666666666 0.6240234375 0.19097222291666668 0.6162109375 0.19097222291666668 0.6142578125 0.1875
0 0.5634765625 0.22222222291666668 0.5576171875 0.22222222291666668 0.5556640625 0.21875 0.5380859375 0.21875 0.5185546875 0.23611111041666666 0.509765625 0.2552083333333333 0.505859375 0.2760416666666667 0.505859375 0.30034722291666666 0.509765625 0.32118055624999997 0.5244140625 0.35069444375000003 0.5341796875 0.3576388895833333 0.55078125 0.35590277708333334 0.55078125 0.33506944375000003 0.556640625 0.30381944375000003 0.5673828125 0.28472222291666666 0.5791015625 0.2708333333333333 0.583984375 0.25868055625 0.578125 0.24131944375 0.5712890625 0.22916666666666666 0.5634765625 0.22222222291666668
0 0.7119140625 0.16319444375 0.701171875 0.18229166666666666 0.69921875 0.19270833333333334 0.7001953125 0.19791666666666666 0.7138671875 0.21180555625 0.720703125 0.22743055625 0.72265625 0.23784722291666668 0.724609375 0.23784722291666668 0.728515625 0.22395833333333334 0.7373046875 0.20833333333333334 0.7451171875 0.20138888958333334 0.7548828125 0.20138888958333334 0.7578125 0.19618055625 0.7451171875 0.16666666666666666 0.7294921875 0.15625 0.7119140625 0.16319444375
0 0.7646484375 0.20138888958333334 0.7451171875 0.20138888958333334 0.7373046875 0.20833333333333334 0.728515625 0.22395833333333334 0.724609375 0.23784722291666668 0.724609375 0.27256944375000003 0.7294921875 0.28819444375000003 0.736328125 0.2864583333333333 0.7451171875 0.26388888958333334 0.7587890625 0.25347222291666666 0.7783203125 0.25347222291666666 0.7919921875 0.26388888958333334 0.791015625 0.24479166666666666 0.787109375 0.23090277708333332 0.7744140625 0.20833333333333334 0.7646484375 0.20138888958333334
0 0.7431640625 0.2673611104166667 0.734375 0.28993055624999997 0.75390625 0.3177083333333333 0.76171875 0.3420138895833333 0.763671875 0.36631944375000003 0.794921875 0.3767361104166667 0.80078125 0.3697916666666667 0.80859375 0.3420138895833333 0.80859375 0.3107638895833333 0.802734375 0.2864583333333333 0.7880859375 0.2604166666666667 0.7783203125 0.25347222291666666 0.7587890625 0.25347222291666666 0.7431640625 0.2673611104166667
0 0.8603515625 0.3125 0.8486328125 0.3020833333333333 0.8330078125 0.3020833333333333 0.8212890625 0.3125 0.810546875 0.33506944375000003 0.806640625 0.35243055624999997 0.806640625 0.39409722291666666 0.81640625 0.41493055624999997 0.822265625 0.4392361104166667 0.8251953125 0.44444444375000003 0.833984375 0.4427083333333333 0.8583984375 0.4236111104166667 0.8759765625 0.4236111104166667 0.87890625 0.41840277708333334 0.87890625 0.4079861104166667 0.880859375 0.4045138895833333 0.880859375 0.36631944375000003 0.876953125 0.3454861104166667 0.8603515625 0.3125
0 0.8017578125 0.3888888895833333 0.7900390625 0.375 0.7841796875 0.375 0.7822265625 0.37152777708333334 0.7607421875 0.37152777708333334 0.7548828125 0.375 0.7509765625 0.38194444375000003 0.7451171875 0.3854166666666667 0.734375 0.4045138895833333 0.724609375 0.4322916666666667 0.724609375 0.4392361104166667 0.75 0.47743055624999997 0.75 0.484375 0.755859375 0.5052083333333334 0.759765625 0.5399305562500001 0.763671875 0.5399305562500001 0.7783203125 0.5173611104166667 0.7958984375 0.5 0.8017578125 0.49652777708333334 0.8173828125 0.49652777708333334 0.822265625 0.48090277708333334 0.822265625 0.44618055624999997 0.814453125 0.4114583333333333 0.8017578125 0.3888888895833333
0 0.8857421875 0.43402777708333334 0.8701171875 0.4236111104166667 0.8603515625 0.4236111104166667 0.8583984375 0.4270833333333333 0.8466796875 0.43055555624999997 0.8408203125 0.4375 0.830078125 0.45659722291666666 0.822265625 0.484375 0.822265625 0.49131944375000003 0.8271484375 0.5 0.8349609375 0.5034722229166666 0.8447265625 0.5138888895833333 0.85546875 0.5329861104166667 0.865234375 0.5677083333333334 0.865234375 0.578125 0.8671875 0.5850694437499999 0.8701171875 0.5902777770833333 0.87109375 0.5885416666666666 0.8955078125 0.5555555562500001 0.9052734375 0.5520833333333334 0.908203125 0.546875 0.91015625 0.5399305562500001 0.91015625 0.5052083333333334 0.908203125 0.5017361104166667 0.904296875 0.4704861104166667 0.8857421875 0.43402777708333334
0 0.94921875 0.5885416666666666 0.9365234375 0.5625 0.9248046875 0.5520833333333334 0.9130859375 0.5520833333333334 0.9091796875 0.5486111104166667 0.9072265625 0.5520833333333334 0.8955078125 0.5555555562500001 0.873046875 0.5885416666666666 0.869140625 0.5989583333333334 0.8671875 0.6197916666666666 0.865234375 0.6232638895833333 0.865234375 0.6475694437499999 0.8896484375 0.6597222229166667 0.90625 0.6857638895833333 0.916015625 0.7204861104166667 0.91796875 0.7552083333333334 0.919921875 0.7621527770833333 0.921875 0.7621527770833333 0.9267578125 0.7604166666666666 0.939453125 0.7413194437499999 0.951171875 0.7065972229166667 0.95703125 0.6753472229166667 0.95703125 0.6267361104166667 0.955078125 0.6232638895833333 0.955078125 0.609375 0.94921875 0.5885416666666666
0 0.982421875 0.5295138895833333 0.9697265625 0.50694444375 0.9541015625 0.5 0.9384765625 0.5104166666666666 0.92578125 0.5329861104166667 0.921875 0.546875 0.9267578125 0.5555555562500001 0.9345703125 0.5590277770833333 0.94921875 0.5885416666666666 0.955078125 0.609375 0.955078125 0.6232638895833333 0.95703125 0.6267361104166667 0.95703125 0.6788194437499999 0.955078125 0.6822916666666666 0.9580078125 0.6875 0.96484375 0.6857638895833333 0.978515625 0.6649305562500001 0.98046875 0.6545138895833333 0.984375 0.6475694437499999 0.9921875 0.6059027770833333 0.9921875 0.578125 0.990234375 0.5746527770833333 0.98828125 0.5503472229166667 0.982421875 0.5295138895833333
0 0.9140625 0.7135416666666666 0.908203125 0.6927083333333334 0.904296875 0.6822916666666666 0.8916015625 0.6631944437499999 0.8798828125 0.6527777770833333 0.8505859375 0.6527777770833333 0.8388671875 0.6597222229166667 0.8193359375 0.6805555562500001 0.8046875 0.7100694437499999 0.8046875 0.7170138895833333 0.80078125 0.7239583333333334 0.79296875 0.7552083333333334 0.79296875 0.7690972229166667 0.7890625 0.7829861104166667 0.7890625 0.8142361104166667 0.79296875 0.8315972229166667 0.79296875 0.8454861104166667 0.796875 0.8524305562500001 0.798828125 0.8663194437499999 0.8115234375 0.8784722229166667 0.8291015625 0.90625 0.8369140625 0.90625 0.8388671875 0.9097222229166667 0.8515625 0.9079861104166667 0.8662109375 0.9027777770833333 0.8779296875 0.8923611104166667 0.8984375 0.859375 0.91015625 0.8246527770833333 0.91796875 0.7795138895833333 0.91796875 0.7413194437499999 0.916015625 0.7378472229166667 0.9140625 0.7135416666666666