0 0.828515625 0.2774305541666667 0.824609375 0.27395833333333336 0.808984375 0.27395833333333336 0.803125 0.2774305541666667 0.7943359375 0.28958333333333336 0.7923828125 0.30694444375 0.8001953125 0.3173611104166667 0.8080078125 0.3416666666666667 0.8080078125 0.39027777708333333 0.8060546875 0.39375 0.8109375 0.4024305541666667 0.8138671890625 0.4041666666666667 0.8236328125 0.4041666666666667 0.832421875 0.39895833333333336 0.8451171875 0.3763888875 0.8484375 0.36163194375 0.8484375 0.31875 0.8431640625 0.3 0.828515625 0.2774305541666667
0 0.2294921875 0.5482638895833334 0.2421875 0.51875 0.244140625 0.49444444583333336 0.24609375 0.49097222291666665 0.244140625 0.46319444583333336 0.23828125 0.44236111250000004 0.2275390625 0.42326388958333333 0.2197265625 0.41631944583333336 0.2021484375 0.41631944583333336 0.1943359375 0.42326388958333333 0.1796875 0.45277777916666667 0.177734375 0.47708333333333336 0.17578125 0.48055555624999996 0.177734375 0.51180555625 0.18359375 0.5326388895833333 0.1943359375 0.5482638895833334 0.2009765609375 0.5541666666666667 0.21445313906250002 0.5541666666666667 0.22265625 0.5534722229166668 0.2294921875 0.5482638895833334
0 0.4583984375 0.23993055625 0.4505859375 0.23298611249999998 0.4369140625 0.22951388958333335 0.4251953125 0.23645833333333333 0.4125 0.25555555625 0.40859375 0.27291666666666664 0.40859375 0.3006944458333333 0.4125 0.31805555625 0.4193359375 0.3302083333333333 0.4333984375 0.33958333333333335 0.44257812812499997 0.33958333333333335 0.44765625 0.3388888895833333 0.4623046875 0.3232638895833333 0.4671875 0.3111111125 0.4703125 0.29444444583333335 0.4703125 0.26666666875 0.4671875 0.25555555625 0.4583984375 0.23993055625
0 0.524609375 0.21840277916666664 0.50703125 0.21145833541666667 0.49140625 0.22187500208333333 0.4826171875 0.23402777916666664 0.4767578125 0.2548611125 0.4767578125 0.2791666666666667 0.4826171875 0.3 0.489453125 0.31215277916666667 0.50247395625 0.32083333333333336 0.5158203125 0.32083333333333336 0.5265625 0.31215277916666667 0.5373046875 0.29305555624999996 0.540625 0.27534722291666663 0.540625 0.25572916875 0.5373046875 0.24097222291666667 0.524609375 0.21840277916666664
1 0.583203125 0.20104166666666667 0.579296875 0.19756944375 0.56171875 0.19756944375 0.55390625 0.20451388750000002 0.5431640625 0.22361111041666665 0.5412109375 0.23402777708333333 0.5412109375 0.26527777708333333 0.5431640625 0.27569444375 0.555859375 0.29826388958333333 0.56416015625 0.30416666666666664 0.573242190625 0.30416666666666664 0.5783203125 0.30347222291666665 0.587109375 0.29826388958333333 0.5978515625 0.2791666666666667 0.6015625 0.26267361041666665 0.6015625 0.24010416458333333 0.5978515625 0.22361111041666665 0.583203125 0.20104166666666667
0 0.6357421875 0.19097222291666668 0.6279296875 0.18402777708333332 0.6103515625 0.18402777708333332 0.6025390625 0.19097222291666668 0.59375 0.20659722291666668 0.59375 0.21354166666666666 0.6015625 0.24131944375 0.6015625 0.26909722291666666 0.6064453125 0.27777777708333334 0.6181640625 0.28472222291666666 0.626953125 0.2829861104166667 0.6318359375 0.28125 0.64453125 0.26215277708333334 0.6484375 0.24826388958333334 0.6484375 0.22048611041666666 0.64453125 0.20659722291666668 0.6357421875 0.19097222291666668
0 1 0.9104166666666667 0.9994140625 0.8989583333333333 0.9974609375 0.8989583333333333 0.957421875 0.9736111104166666 0.9580729171875 0.9770833333333333 0.96328125 0.9770833333333333 0.9818359375 0.9579861104166666 0.99453125 0.93194444375 1 0.9189814791666666 1 0.9104166666666667
0 1 0.81770833125 0.99921875 0.79131944375 0.9845703125 0.8173611104166666 0.9708984375 0.8520833333333333 0.9669921875 0.8555555541666667 0.9669921875 0.8590277770833333 0.9259765625 0.9354166666666667 0.9240234375 0.9458333333333333 0.9162109375 0.96319444375 0.9239453125000001 0.9708333333333333 0.9267578109375 0.9708333333333333 0.9279296875 0.9701388875 0.9591796875 0.9145833333333333 1 0.8247354479166666 1 0.81770833125
0 1 0.7515625 0.9974609375 0.7470486104166666 0.9896484375 0.7401041666666667 0.9740234375 0.7401041666666667 0.9681640625 0.7435763895833334 0.9525390625 0.7574652770833333 0.933984375 0.7939236104166666 0.926171875 0.81475694375 0.926171875 0.8217013895833334 0.9203125 0.8390625 0.9203125 0.8494791666666667 0.91640625 0.86336805625 0.914453125 0.90850694375 0.9125 0.9119791666666667 0.9125 0.9293402770833333 0.910546875 0.9328125 0.91220703125 0.9416666666666667 0.9151292062499999 0.9416666666666667 0.933984375 0.8980902770833333 0.959375 0.8529513895833334 0.976953125 0.8112847229166668 1 0.7668981479166667 1 0.7515625
0 0.972265625 0.34722222291666666 0.9625 0.34027777708333334 0.956640625 0.34027777708333334 0.9517578125 0.3454861104166667 0.9439453125 0.36631944375000003 0.9400390625 0.38715277708333334 0.9419921875 0.41840277708333334 0.9439453125 0.421875 0.9458984375 0.4427083333333333 0.952734375 0.4548611104166667 0.956640625 0.4548611104166667 0.9625 0.46180555624999997 0.9693359375 0.46006944375000003 0.976171875 0.4548611104166667 0.9830078125 0.4427083333333333 0.9875 0.4214120375 0.9875 0.39027777708333333 0.9830078125 0.36631944375000003 0.972265625 0.34722222291666666
0 1 0.34149305625 0.9931640625 0.3328125 0.9833984375 0.3328125 0.9765625 0.34496527708333335 0.9765625 0.35190972291666667 0.98046875 0.35885416666666664 0.986328125 0.38315972291666667 0.986328125 0.39704861041666667 0.98828125 0.4005208333333333 0.9863606765625 0.43125 0.9966796875 0.43125 1 0.42829861041666667 1 0.34149305625
0 0.964453125 0.3086805541666667 0.956640625 0.3017361104166667 0.946875 0.3017361104166667 0.94296875 0.30520833333333336 0.9341796875 0.3243055541666667 0.9322265625 0.3555555541666667 0.9341796875 0.35902777708333333 0.9361328125 0.38333333333333336 0.9384765625 0.3875 0.9396484375 0.3875 0.9400390625 0.3868055541666667 0.9419921875 0.3729166666666667 0.952734375 0.3399305541666667 0.971875 0.341550925 0.971875 0.3295138875 0.9712890625 0.3243055541666667 0.964453125 0.3086805541666667
1 0.7939453125 0.4232638875 0.8046875 0.4041666666666667 0.80859375 0.39027777708333333 0.80859375 0.3763888875 0.810546875 0.3729166666666667 0.80859375 0.33819444375 0.798828125 0.3104166666666667 0.7900390625 0.2982638875 0.7861328125 0.2982638875 0.7802734375 0.29131944375 0.7626953125 0.29131944375 0.7509765625 0.3017361104166667 0.740234375 0.3243055541666667 0.73828125 0.3451388875 0.736328125 0.3486111104166667 0.736328125 0.36944444375 0.7421875 0.3972222208333333 0.7607421875 0.4232638875 0.7673828125 0.42916666666666664 0.779687490625 0.42916666666666664 0.787109375 0.4284722208333333 0.7939453125 0.4232638875
1 0.55390625 0.20520833125000001 0.56171875 0.1982638875 0.57734375 0.1982638875 0.583203125 0.20173611041666667 0.5841796875 0.18611111041666667 0.5822265625 0.17916666458333333 0.5734375 0.16354166458333333 0.565625 0.15659722083333336 0.551953125 0.15659722083333336 0.54609375 0.16006944374999998 0.5392578125 0.17222222083333336 0.5353515625 0.18611111041666667 0.5353515625 0.21041666458333333 0.5392578125 0.22083333125000001 0.5416015640625 0.225 0.5427734359375 0.225 0.5431640625 0.22430555416666667 0.55390625 0.20520833125000001
1 0.4767578125 0.25225694375 0.4787109375 0.2453125 0.4875 0.22621527708333333 0.49921875 0.21579861041666665 0.5060546875 0.2140625 0.5060546875 0.20711805625000002 0.4953125 0.19496527708333333 0.477734375 0.19496527708333333 0.469921875 0.20190972291666667 0.4611328125 0.21753472291666667 0.4572265625 0.23142361041666665 0.4572265625 0.23836805625000002 0.4650390625 0.24878472291666667 0.4708984375 0.26961805624999996 0.4708984375 0.28350694375 0.473828125 0.28871527708333333 0.47626953125 0.28958333333333336 0.478466796875 0.28958333333333336 0.4767578125 0.28350694375 0.4767578125 0.25225694375
1 0.1642578125 0.709375 0.14765625 0.6763888895833333 0.130078125 0.6590277791666667 0.114453125 0.6590277791666667 0.10078125 0.6729166666666667 0.0900390625 0.7024305562500001 0.0880859375 0.7128472229166667 0.0880859375 0.7614583333333333 0.0900390625 0.7649305562500001 0.0900390625 0.7788194458333333 0.0958984375 0.7996527791666667 0.10859375 0.8256944458333333 0.12421875 0.8430555562500001 0.130078125 0.8430555562500001 0.131640625 0.8458333333333333 0.13476562812499998 0.8458333333333333 0.1388671875 0.8447916666666667 0.153515625 0.8395833333333333 0.1623046875 0.8274305562500001 0.171875 0.7900000020833333 0.171875 0.7467881958333333 0.1642578125 0.7163194458333333 0.1642578125 0.709375
0 0.094921884375 1 0.1109375 0.99864418125 0.1109375 0.9770833354166667 0.109375 0.97430555625 0.109375 0.9604166666666667 0.10546875 0.9395833333333333 0.08984375 0.8944444458333333 0.0732421875 0.86493055625 0.0615234375 0.8545138895833334 0.0458984375 0.8510416666666667 0.0361328125 0.8579861125 0.0296875 0.8759920645833332 0.0296875 0.8882936499999999 0.04296875 0.9152777791666666 0.0615234375 0.9482638895833334 0.0712890625 0.95868055625 0.083984375 0.98125 0.0859375 0.9916666666666667 0.090625 1 0.094921884375 1