0 0.2369140625 0.32222222291666663 0.2291015625 0.31527777916666666 0.2134765625 0.31527777916666666 0.2095703125 0.31875 0.196875 0.34479166666666666 0.194921875 0.35520833333333335 0.194921875 0.38645833333333335 0.196875 0.396875 0.2037109375 0.4125 0.21425781093750002 0.41875 0.2197265671875 0.41875 0.226171875 0.41770833333333335 0.2330078125 0.4125 0.24375 0.38645833333333335 0.2453125 0.3809027791666667 0.2453125 0.34618055625 0.24375 0.33784722291666663 0.2369140625 0.32222222291666663
0 0.3849609375 0.17986111249999998 0.3693359375 0.18333333333333332 0.356640625 0.20590277916666666 0.3546875 0.21631944583333332 0.356640625 0.240625 0.3634765625 0.25625 0.3705078109375 0.2625 0.3779296953125 0.2625 0.387890625 0.26145833333333335 0.391796875 0.2579861125 0.4015625 0.23368055625 0.4015625 0.20590277916666666 0.3927734375 0.18680555625 0.3849609375 0.17986111249999998
1 0.307421875 0.2673611104166667 0.295703125 0.2604166666666667 0.29375 0.26388888958333334 0.28203125 0.2673611104166667 0.2712890625 0.2829861104166667 0.2654296875 0.30381944375000003 0.2654296875 0.328125 0.2693359375 0.3420138895833333 0.278125 0.3576388895833333 0.28984375 0.3645833333333333 0.2966796875 0.36284722291666666 0.30546875 0.3576388895833333 0.3142578125 0.3420138895833333 0.3171875 0.32899305624999997 0.3171875 0.28993055624999997 0.3142578125 0.2795138895833333 0.307421875 0.2673611104166667
1 0.665625 0.13888888958333334 0.655859375 0.13194444375 0.640234375 0.13541666666666666 0.6294921875 0.15798611041666666 0.6314453125 0.18923611041666666 0.64609375 0.21180555625 0.6626953125 0.21006944375 0.6705078125 0.19965277708333332 0.6734375 0.1892361125 0.6734375 0.15798611041666666 0.6705078125 0.14756944375 0.665625 0.13888888958333334
1 0.747265625 0.20868055625 0.731640625 0.21215277916666667 0.721875 0.22256944583333332 0.7150390625 0.24166666666666667 0.7150390625 0.25555555625 0.7130859375 0.25902777916666664 0.7150390625 0.27986111041666667 0.7189453125 0.29375 0.731640625 0.31284722291666667 0.73828125 0.31875 0.7494140671875 0.31875 0.7560546875 0.31805555625 0.7697265625 0.29722222291666667 0.7697265625 0.29027777708333335 0.7734375 0.28038194375000003 0.7734375 0.25154671666666667 0.762890625 0.22256944583333332 0.747265625 0.20868055625
1 0.676953125 0.11180555416666667 0.665234375 0.11180555416666667 0.661328125 0.11527777708333334 0.6564453125 0.12395833333333334 0.6564453125 0.13090277708333334 0.659375 0.13611111041666665 0.66328125 0.13611111041666665 0.672265625 0.15208333333333332 0.6753906234375 0.15208333333333332 0.6759765625 0.15173611041666665 0.680859375 0.13958333333333334 0.6890625 0.13472222291666666 0.6890625 0.13229166666666667 0.6857421875 0.12048611041666667 0.676953125 0.11180555416666667
1 0.61015625 0.11822916874999999 0.60625 0.11475694583333333 0.596484375 0.11475694583333333 0.590625 0.11822916874999999 0.5818359375 0.13385416875 0.579931640625 0.15416666666666667 0.58388671875 0.15416666666666667 0.5857421875 0.14427083541666666 0.5984375 0.12864583541666666 0.608203125 0.12864583541666666 0.61796875 0.13906250208333332 0.6203125 0.1376736125 0.6203125 0.13524305625000002 0.6189453125 0.13038194583333335 0.61015625 0.11822916874999999
0 0.6109375 0.128125 0.597265625 0.128125 0.5845703125 0.14722222083333333 0.5826171875 0.15416666666666667 0.5826171875 0.175 0.5845703125 0.18541666666666667 0.5953125 0.20451388750000002 0.603125 0.20451388750000002 0.6041015625 0.20625 0.6119140625 0.20625 0.616796875 0.20451388750000002 0.6265625 0.18715277708333333 0.6265625 0.15204475208333335 0.61875 0.13506944375 0.6109375 0.128125
0 0.5357421875 0.15104166666666666 0.5357421875 0.17534722291666668 0.546484375 0.19791666666666666 0.5552734390625 0.20416666666666666 0.5589843734375 0.20416666666666666 0.5630859375 0.203125 0.56796875 0.20138888958333334 0.5767578125 0.18576388958333334 0.5796875 0.17534722291666668 0.5796875 0.1545138875 0.5767578125 0.14409722291666668 0.5664930546875 0.12916666666666668 0.54765625 0.12916666666666668 0.54453125 0.13194444375 0.5357421875 0.15104166666666666
0 0.7060546875 0.2125 0.71484375 0.196875 0.716796875 0.18993055416666668 0.716796875 0.165625 0.71484375 0.15520833333333334 0.7060546875 0.13958333333333334 0.6904296875 0.1326388875 0.6806640625 0.13958333333333334 0.67578125 0.14826388750000002 0.673828125 0.15520833333333334 0.673828125 0.18298611041666665 0.677734375 0.196875 0.6845703125 0.20902777708333334 0.6939453140625 0.21458333333333332 0.700195309375 0.21458333333333332 0.701171875 0.21423611041666665 0.7060546875 0.2125
0 0.8177734375 0.22881944375 0.8080078125 0.21840277708333333 0.7923828125 0.21840277708333333 0.7884765625 0.221875 0.77578125 0.24791666666666667 0.77578125 0.2826388875 0.777734375 0.2930555541666667 0.7884765625 0.3190972208333333 0.7951171875 0.325 0.8062499921875 0.325 0.812890625 0.3243055541666667 0.8265625 0.3034722208333333 0.8296875 0.28680555416666664 0.8296875 0.2625 0.82265625 0.2375 0.8177734375 0.22881944375
0 0.9533203125 0.54375 0.9455078125 0.5125 0.93671875 0.4934027791666667 0.92890625 0.4829861125 0.919140625 0.47604166666666664 0.90546875 0.47604166666666664 0.88984375 0.48993055625 0.8771484375 0.5125 0.8712890625 0.5333333333333333 0.8712890625 0.54375 0.8673828125 0.5541666666666667 0.8673828125 0.6027777791666666 0.8751953125 0.6409722229166667 0.8791015625 0.6513888895833334 0.891796875 0.6704861125 0.9010742171875 0.6770833333333334 0.9033203171874999 0.6770833333333334 0.9103515625 0.6756944458333333 0.926953125 0.6670138895833334 0.9455078125 0.6375 0.9533203125 0.60625 0.9533203125 0.5784722229166667 0.9546875 0.5760416666666667 0.9546875 0.5729166666666666 0.9533203125 0.56805555625 0.9533203125 0.54375
0 0.964453125 0.35208333333333336 0.9537109375 0.3295138875 0.9498046875 0.3260416666666667 0.9341796875 0.3260416666666667 0.9302734375 0.3295138875 0.91953125 0.35208333333333336 0.91953125 0.3625 0.917578125 0.3659722208333333 0.91953125 0.4041666666666667 0.925390625 0.4284722208333333 0.9302734375 0.43715277708333333 0.9416666671874999 0.44583333333333336 0.948828125 0.44583333333333336 0.9556640625 0.440625 0.9671875 0.41698717916666667 0.9671875 0.36631944375000003 0.964453125 0.35902777708333333 0.964453125 0.35208333333333336
0 0.973828125 0.31996527708333333 0.9640625 0.3095486104166667 0.95625 0.3095486104166667 0.95234375 0.31302083333333336 0.9474609375 0.3251736104166667 0.954296875 0.33038194375 0.9650390625 0.35295138958333333 0.9689453125 0.37378472291666665 0.9689453125 0.41458333333333336 0.97333984375 0.41458333333333336 0.9787109375 0.40503472291666665 0.984375 0.37818286874999996 0.984375 0.3737847208333333 0.9826171875 0.34253472291666665 0.973828125 0.31996527708333333
0 1 0.3592013895833333 0.9951171875 0.3574652791666667 0.984375 0.3765625 0.9765625 0.41822916666666665 0.98046875 0.4251736125 0.990234375 0.45989583333333334 0.9968261703125 0.46458333333333335 1 0.46458333333333335 1 0.3592013895833333