1 0.9220703125 0.32118055624999997 0.9220703125 0.33506944375000003 0.9298828125 0.3697916666666667 0.934765625 0.37847222291666666 0.937890625 0.38125 0.942968746875 0.38125 0.9494140625 0.3802083333333333 0.95625 0.375 0.9611328125 0.36284722291666666 0.9625 0.3409722229166666 0.9625 0.3292534729166666 0.9552734375 0.30034722291666666 0.9450086796875 0.28541666666666665 0.9362413203125 0.28541666666666665 0.9259765625 0.30034722291666666 0.9220703125 0.32118055624999997
1 0.8068359375 0.3177083333333333 0.8029296875 0.33159722291666666 0.8009765625 0.3420138895833333 0.8029296875 0.3767361104166667 0.8087890625 0.39409722291666666 0.821484375 0.4166666666666667 0.828515625 0.42291666666666666 0.834374996875 0.42291666666666666 0.8419921875 0.421875 0.85078125 0.4166666666666667 0.8595703125 0.4010416666666667 0.8634765625 0.38715277708333334 0.8634765625 0.3767361104166667 0.8654296875 0.3732638895833333 0.8634765625 0.3385416666666667 0.8556640625 0.3142361104166667 0.844921875 0.2986111104166667 0.840234375 0.29583333333333334 0.822265625 0.29583333333333334 0.817578125 0.2986111104166667 0.8068359375 0.3177083333333333
1 0.8236328125 0.20868055416666667 0.8177734375 0.20520833125000001 0.81484375 0.21736111041666667 0.81484375 0.22777777708333333 0.8109375 0.23819444374999998 0.80703125 0.28680555416666664 0.8115885437499999 0.2916666666666667 0.814453115625 0.2916666666666667 0.824609375 0.29027777708333335 0.8294921875 0.28506944375000004 0.836328125 0.26944444375000004 0.8375 0.26527777708333333 0.8375 0.24189814583333333 0.832421875 0.22083333125000001 0.8236328125 0.20868055416666667
1 0.577734375 0.23402777916666664 0.5669921875 0.21840277916666664 0.5572265625 0.21145833541666667 0.5455078125 0.21145833541666667 0.5396484375 0.21840277916666664 0.5357421875 0.21840277916666664 0.5279296875 0.22881944583333333 0.523046875 0.24097222291666667 0.52109375 0.24791666874999999 0.52109375 0.2791666666666667 0.525 0.29652777916666667 0.5337890625 0.31215277916666667 0.5484374984375 0.32083333333333336 0.562109375 0.32083333333333336 0.5689453125 0.315625 0.581640625 0.28958333333333336 0.581640625 0.2791666666666667 0.5828125 0.27708333333333335 0.5828125 0.26597222291666667 0.581640625 0.25138888958333333 0.577734375 0.23402777916666664
1 0.5087890625 0.19357638958333334 0.5029296875 0.19010416875 0.4892578125 0.19357638958333334 0.475 0.21554398333333333 0.475 0.22332176041666668 0.4833984375 0.2282986125 0.494140625 0.24739583541666665 0.498046875 0.26128472291666666 0.498046875 0.28541666666666665 0.5099934921875 0.28541666666666665 0.5166015625 0.28038194583333337 0.51953125 0.2717013895833333 0.521484375 0.2439236125 0.525 0.2376736125 0.525 0.21876929166666667 0.5166015625 0.20052083541666665 0.5087890625 0.19357638958333334
1 0.4935546875 0.19097222291666668 0.5033203125 0.19097222291666668 0.5150390625 0.19791666666666666 0.523828125 0.21354166666666666 0.5265904015625 0.225 0.5287109359375 0.225 0.531640625 0.22395833333333334 0.534375 0.21909722291666667 0.534375 0.19664351875000002 0.5267578125 0.17708333333333334 0.5197265625 0.17083333333333334 0.5047092015625 0.17083333333333334 0.492578125 0.18576388958333334 0.4935546875 0.19097222291666668
1 0.4619140625 0.22256944374999998 0.4736328125 0.22256944374999998 0.482421875 0.20347222083333336 0.482421875 0.19652777708333333 0.4736328125 0.18437499791666667 0.4619140625 0.18437499791666667 0.4482421875 0.19479166458333333 0.443359375 0.20347222083333336 0.439453125 0.22083333125000001 0.439453125 0.23472222083333336 0.4421875 0.23958333333333334 0.4429687484375 0.23958333333333334 0.4453125 0.23819444374999998 0.4619140625 0.22256944374999998
1 0.43125 0.203125 0.4244140625 0.19097222291666668 0.4166015625 0.18402777708333332 0.4068359375 0.18402777708333332 0.3970703125 0.19097222291666668 0.390234375 0.21354166666666666 0.39609375 0.22743055625 0.39609375 0.234375 0.4068359375 0.24652777708333332 0.4166015625 0.26388888958333334 0.417578125 0.26215277708333334 0.4224609375 0.2604166666666667 0.43125 0.24131944375 0.4328125 0.23576388958333333 0.4328125 0.21631944583333332 0.43125 0.21354166666666666 0.43125 0.203125
1 0.405078125 0.16319444375 0.393359375 0.16319444375 0.3826171875 0.17881944375 0.3806640625 0.18576388958333334 0.3806640625 0.20659722291666668 0.385546875 0.21180555625 0.3923828125 0.21006944375 0.3923828125 0.203125 0.397265625 0.19097222291666668 0.4125 0.18300653541666667 0.4125 0.17291666666666666 0.408984375 0.16666666666666666 0.405078125 0.16319444375
1 0.3537109375 0.22777777708333333 0.3654296875 0.21041666458333333 0.3654296875 0.19652777708333333 0.356640625 0.17743055416666667 0.34296875 0.17743055416666667 0.3341796875 0.18958333125000001 0.3322265625 0.20347222083333336 0.341015625 0.23298611041666667 0.3437500015625 0.23541666666666666 0.34902343125 0.23541666666666666 0.3517578125 0.23472222083333336 0.3537109375 0.22777777708333333
0 0.365234375 0.265625 0.361328125 0.296875 0.365234375 0.3177083333333333 0.3740234375 0.3333333333333333 0.3896484375 0.34375 0.39453125 0.3420138895833333 0.4052734375 0.33680555624999997 0.412109375 0.32465277708333334 0.41796875 0.3072916666666667 0.419921875 0.2795138895833333 0.416015625 0.26215277708333334 0.4072265625 0.24652777708333332 0.3994140625 0.23958333333333334 0.3837890625 0.23958333333333334 0.3720703125 0.25 0.365234375 0.265625
0 0.4390625 0.25173611041666666 0.43515625 0.2829861104166667 0.441015625 0.3072916666666667 0.4517578125 0.3229166666666667 0.4587890625 0.32916666666666666 0.4669921828125 0.32916666666666666 0.478125 0.328125 0.4830078125 0.3263888895833333 0.491796875 0.3107638895833333 0.496875 0.29270833333333335 0.496875 0.26215277708333334 0.49375 0.24826388958333334 0.4830078125 0.22916666666666666 0.4742187484375 0.22291666666666668 0.4605468765625 0.22291666666666668 0.4517578125 0.22916666666666666 0.4390625 0.25173611041666666
0 0.5849609375 0.2392361125 0.58984375 0.22708333541666667 0.58984375 0.21666666874999999 0.591796875 0.21319444583333333 0.591796875 0.20277777916666664 0.5859375 0.18194444583333333 0.5712890625 0.16631944583333333 0.5595703125 0.16631944583333333 0.5517578125 0.17326388958333333 0.544921875 0.18541666874999999 0.541015625 0.19930555625000002 0.541015625 0.21319444583333333 0.5576171875 0.21145833541666667 0.5634765625 0.21493055625000002 0.5732421875 0.22534722291666667 0.576171875 0.23402777916666664 0.5804687484375 0.24166666666666667 0.581640625 0.24166666666666667 0.58203125 0.24097222291666667 0.5849609375 0.2392361125
0 0.736328125 0.20659722291666668 0.73828125 0.234375 0.7490234375 0.2604166666666667 0.7578125015625 0.26666666666666666 0.763085934375 0.26666666666666666 0.76953125 0.265625 0.779296875 0.21354166666666666 0.779296875 0.203125 0.7650991578124999 0.18125 0.74852120625 0.18125 0.740234375 0.19270833333333334 0.736328125 0.20659722291666668
0 0.33671875 0.3013888895833333 0.32890625 0.29444444583333335 0.315234375 0.29444444583333335 0.3015625 0.30486111250000003 0.2888671875 0.33784722291666663 0.2888671875 0.3482638895833333 0.2966796875 0.365625 0.3005859375 0.3795138895833333 0.3005859375 0.38993055625 0.309375 0.40555555625 0.3140624984375 0.4083333333333333 0.317968753125 0.4083333333333333 0.3220703125 0.40729166666666666 0.334765625 0.40208333333333335 0.340625 0.3951388895833333 0.3484375 0.3689043208333333 0.3484375 0.33003472291666663 0.3455078125 0.3170138895833333 0.33671875 0.3013888895833333
0 0.2806640625 0.3126736104166667 0.2630859375 0.3126736104166667 0.2484375 0.33524305416666667 0.24453125 0.34913194375 0.24453125 0.3625 0.246484375 0.3625 0.246484375 0.3595486104166667 0.2533203125 0.35086805416666667 0.2630859375 0.3439236104166667 0.2806640625 0.3439236104166667 0.2884765625 0.35086805416666667 0.290625 0.3419560166666667 0.290625 0.3259837958333333 0.2884765625 0.31961805416666667 0.2806640625 0.3126736104166667
0 0.2869140625 0.3475694458333333 0.2810546875 0.34409722291666667 0.2634765625 0.34409722291666667 0.2498046875 0.3545138895833333 0.24296875 0.3701388895833333 0.2390625 0.39097222291666667 0.2390625 0.42222222291666667 0.24296875 0.4395833333333333 0.2537109375 0.45868055625 0.263671875 0.46458333333333335 0.271875003125 0.46458333333333335 0.276171875 0.4638888895833333 0.2849609375 0.45868055625 0.29765625 0.4361111125 0.3 0.4236111125 0.3 0.3770833333333333 0.29765625 0.36666666666666664 0.2869140625 0.3475694458333333
0 0.3513671875 0.23784722291666668 0.3513671875 0.26215277708333334 0.36015625 0.28125 0.3630859375 0.2795138895833333 0.3650390625 0.265625 0.377734375 0.24305555625 0.3953125 0.23812134583333336 0.3953125 0.23090277916666666 0.3943359375 0.22395833333333334 0.3875 0.21180555625 0.38359375 0.20833333333333334 0.366015625 0.20833333333333334 0.3552734375 0.22395833333333334 0.3513671875 0.23784722291666668
0 0.3310546875 0.2673611104166667 0.3359375 0.25868055625 0.33984375 0.24131944375 0.33984375 0.23090277708333332 0.3291015625 0.19791666666666666 0.3251953125 0.19444444375 0.3134765625 0.19444444375 0.3095703125 0.19791666666666666 0.302734375 0.21354166666666666 0.30078125 0.25173611041666666 0.3115234375 0.2708333333333333 0.3154296875 0.27430555624999997 0.322265625 0.27256944375000003 0.3310546875 0.2673611104166667
0 0.3029296875 0.2559027770833333 0.3009765625 0.24895833333333334 0.3009765625 0.22465277708333334 0.294140625 0.21597222083333334 0.282421875 0.21597222083333334 0.2736328125 0.228125 0.2697265625 0.24201388750000002 0.2697265625 0.2559027770833333 0.2798076921875 0.27708333333333335 0.29062499375 0.27708333333333335 0.2931640625 0.2767361104166667 0.3029296875 0.2559027770833333
0 0.4830078125 0.15312499791666667 0.4693359375 0.15312499791666667 0.460546875 0.16180555416666667 0.4615234375 0.17048611041666667 0.4810546875 0.19479166458333333 0.4845703140625 0.19791666666666666 0.4855468734375 0.19791666666666666 0.487890625 0.19652777708333333 0.4953125 0.17673611041666665 0.4953125 0.17484567916666668 0.4869140625 0.15659722083333336 0.4830078125 0.15312499791666667
0 0.4294921875 0.14756944375 0.4275390625 0.15451388958333334 0.4275390625 0.17881944375 0.432421875 0.1875 0.4333984375 0.18576388958333334 0.440234375 0.17361111041666666 0.4578125 0.16666666666666666 0.459375 0.16388888958333334 0.459375 0.15611111041666667 0.455859375 0.14236111041666666 0.448046875 0.13541666666666666 0.440234375 0.13541666666666666 0.434375 0.13888888958333334 0.4294921875 0.14756944375