0 0.9830078125 0.42048611041666667 0.9751953125 0.41701388749999996 0.9654296875 0.4239583333333333 0.9546875 0.44305555416666664 0.95078125 0.45694444375000004 0.948828125 0.46736111041666667 0.948828125 0.5159722208333333 0.956640625 0.55069444375 0.9634765625 0.5628472229166667 0.9684570328125 0.56875 0.976953121875 0.56875 0.98203125 0.56805555625 0.9888671875 0.5628472229166667 0.9984375 0.5427398979166667 0.9984375 0.44384920625 0.9927734375 0.43090277708333335 0.9830078125 0.42048611041666667
0 0.7470703125 0.4440972208333333 0.7578125 0.42152777708333333 0.7578125 0.41458333333333336 0.76171875 0.4041666666666667 0.76171875 0.36944444375 0.75390625 0.33819444375 0.7392578125 0.31215277708333333 0.7255859375 0.3017361104166667 0.7080078125 0.3017361104166667 0.6884765625 0.3190972208333333 0.681640625 0.3347222208333333 0.67578125 0.35902777708333333 0.67578125 0.3972222208333333 0.68359375 0.425 0.7001953125 0.4510416666666667 0.7125 0.46041666666666664 0.726171865625 0.46041666666666664 0.734375 0.4597222208333333 0.7470703125 0.4440972208333333
0 0.922265625 0.27847222083333334 0.9125 0.26805555416666665 0.9046875 0.26805555416666665 0.896875 0.275 0.8880859375 0.290625 0.8880859375 0.33229166666666665 0.8939453125 0.353125 0.898828125 0.36180555416666665 0.9089843765625 0.37083333333333335 0.9175781203125 0.37083333333333335 0.9193359375 0.3704861104166667 0.922265625 0.36875 0.9310546875 0.34965277708333337 0.9328125 0.34027777708333334 0.9328125 0.3106481479166667 0.9271484375 0.28715277708333337 0.922265625 0.27847222083333334
0 0.8859375 0.246875 0.87421875 0.23298611249999998 0.868359375 0.22951388958333335 0.85859375 0.23298611249999998 0.8517578125 0.24513888958333335 0.8517578125 0.2520833333333333 0.8576171875 0.26597222291666667 0.8595703125 0.2902777791666667 0.8615234375 0.29375 0.8595703125 0.29722222291666667 0.8576171875 0.31805555625 0.8625 0.3267361125 0.8666015625 0.32916666666666666 0.875976565625 0.32916666666666666 0.8810546875 0.32847222291666667 0.8869140625 0.31805555625 0.8869140625 0.30416666666666664 0.8921875 0.28229166875 0.8921875 0.27361111250000003 0.8908203125 0.25902777916666664 0.8859375 0.246875
0 0.8578125 0.26527777916666667 0.8451171875 0.2392361125 0.8353515625 0.23229166874999999 0.8275390625 0.23229166874999999 0.8177734375 0.2392361125 0.8109375 0.25138888958333333 0.80703125 0.26527777916666667 0.80703125 0.29305555624999996 0.812890625 0.31736111250000004 0.8216796875 0.33298611250000004 0.833072915625 0.3416666666666667 0.8421875 0.3416666666666667 0.85390625 0.32777777916666667 0.859765625 0.3104166666666667 0.8609375 0.29791666666666666 0.8609375 0.28819444583333337 0.859765625 0.28611111250000004 0.8578125 0.26527777916666667
0 0.7283203125 0.1826388875 0.71953125 0.17048611041666667 0.713671875 0.1670138875 0.698046875 0.17048611041666667 0.6892578125 0.1826388875 0.6853515625 0.19652777708333333 0.6853515625 0.22083333125000001 0.6892578125 0.23472222083333336 0.698046875 0.25034722083333333 0.7046875015625 0.25625 0.71347655 0.25625 0.7185546875 0.2555555541666667 0.72734375 0.24687499791666667 0.7328125 0.23437499791666666 0.7328125 0.1961805541666667 0.7322265625 0.19305555416666667 0.7283203125 0.1826388875
1 0.6728515625 0.17378472083333335 0.6669921875 0.1703125 0.6630859375 0.1633680541666667 0.6474609375 0.1633680541666667 0.6376953125 0.17378472083333335 0.6328125 0.1859375 0.63125 0.19149305416666668 0.63125 0.2217013875 0.634765625 0.2310763875 0.6455078125 0.2467013875 0.662109375 0.25190972083333335 0.6708984375 0.2467013875 0.677734375 0.23454861041666666 0.68125 0.21579861041666665 0.68125 0.19774305416666668 0.6796875 0.18940972083333335 0.6728515625 0.17378472083333335
1 0.61015625 0.11840277708333334 0.608203125 0.11493055416666667 0.5984375 0.11840277708333334 0.5896484375 0.13749999791666667 0.5896484375 0.16180555416666667 0.6036207953125 0.18333333333333332 0.6107421765625001 0.18333333333333332 0.6150390625 0.1826388875 0.61796875 0.18090277708333333 0.625 0.16562499791666668 0.625 0.13437499791666668 0.616015625 0.11840277708333334 0.61015625 0.11840277708333334
0 0.6498046875 0.11493055416666667 0.6361328125 0.11840277708333334 0.62734375 0.13749999791666667 0.62734375 0.15486111041666667 0.63125 0.16874999791666667 0.6335937515625 0.17291666666666666 0.6371093703125 0.17291666666666666 0.6390625 0.17222222083333336 0.6478515625 0.16354166458333333 0.6634765625 0.16354166458333333 0.665625 0.15717592500000002 0.665625 0.14166666666666666 0.6625 0.13055555416666667 0.6498046875 0.11493055416666667
0 0.57578125 0.1142361125 0.562109375 0.1142361125 0.5513671875 0.13680555625000002 0.5513671875 0.15763888958333333 0.5552734375 0.16805555625000002 0.56330915 0.17916666666666667 0.571679696875 0.17916666666666667 0.5767578125 0.17847222291666667 0.581640625 0.1767361125 0.5875 0.16631944583333333 0.5875 0.13043981666666665 0.585546875 0.12465277916666667 0.57578125 0.1142361125
0 0.540234375 0.11770833541666666 0.53046875 0.1142361125 0.5177734375 0.12638888958333333 0.5140625 0.13628472291666668 0.5140625 0.15459105208333332 0.52265625 0.17326388958333333 0.5292968734375 0.17916666666666667 0.533398440625 0.17916666666666667 0.5353515625 0.17847222291666667 0.540234375 0.1767361125 0.5490234375 0.1611111125 0.55 0.15069444583333333 0.55 0.13715277916666666 0.54609375 0.12465277916666667 0.540234375 0.11770833541666666
1 0.6330078125 0.121875 0.6408203125 0.11493055625 0.6466796875 0.11493055625 0.6486328125 0.11840277916666667 0.6515625 0.11319444583333334 0.6427734375 0.10104166666666667 0.6291015625 0.10104166666666667 0.6203125 0.12013888958333332 0.622265625 0.13055555624999998 0.625 0.13541666666666666 0.6257812515625 0.13541666666666666 0.628125 0.13402777916666667 0.6330078125 0.121875
1 0.570703125 0.10416666666666667 0.5599609375 0.11284722291666666 0.5609375 0.11805555625 0.566796875 0.11458333333333333 0.5765625 0.11805555625 0.58828125 0.13541666666666666 0.5890625 0.13402777916666667 0.5890625 0.12297979791666667 0.578515625 0.10763888958333333 0.570703125 0.10416666666666667
0 0.3669921875 0.18576388958333334 0.3669921875 0.203125 0.373828125 0.21875 0.3826171890625 0.225 0.3855468734375 0.225 0.3884765625 0.22395833333333334 0.393359375 0.22222222291666668 0.4021484375 0.20659722291666668 0.403125 0.203125 0.403125 0.17534722083333334 0.4021484375 0.171875 0.39386160625 0.16041666666666668 0.3810267859375 0.16041666666666668 0.3708984375 0.171875 0.3669921875 0.18576388958333334
1 0.324609375 0.21944444375 0.320703125 0.21597222083333334 0.30703125 0.21597222083333334 0.2943359375 0.23506944375 0.2923828125 0.24201388750000002 0.2923828125 0.26631944375 0.2943359375 0.27326388749999997 0.304123265625 0.2875 0.3167968671875 0.2875 0.3197265625 0.28715277708333337 0.3294921875 0.27326388749999997 0.3328125 0.25850694375 0.3328125 0.24288194375 0.3294921875 0.228125 0.324609375 0.21944444375
0 0.268359375 0.253125 0.264453125 0.24965277708333333 0.252734375 0.24965277708333333 0.2400390625 0.26527777708333333 0.2361328125 0.2826388875 0.2361328125 0.3 0.244921875 0.32256944375 0.24765625 0.325 0.25761718125 0.325 0.2634765625 0.3243055541666667 0.2732421875 0.30694444375 0.2765625 0.2921875 0.2765625 0.2765625 0.2732421875 0.2618055541666667 0.268359375 0.253125