0 0.650390625 0.36614583333333334 0.654296875 0.3453125 0.65234375 0.30711805625 0.6484375 0.29322916666666665 0.6357421875 0.2706597229166666 0.6181640625 0.26024305625 0.6064453125 0.26024305625 0.5888671875 0.27413194583333333 0.578125 0.29322916666666665 0.572265625 0.32100694583333333 0.572265625 0.33836805625 0.578125 0.36614583333333334 0.5927734375 0.3956597229166666 0.6044921875 0.4060763895833333 0.6061523375 0.40625 0.6325195359375 0.40625 0.6337890625 0.4060763895833333 0.650390625 0.36614583333333334
0 0.8736328125 0.36736111250000003 0.8560546875 0.35694444583333335 0.8541015625 0.36041666666666666 0.8443359375 0.36041666666666666 0.827734375 0.38298611250000003 0.819921875 0.40729166666666666 0.819921875 0.41770833333333335 0.81796875 0.42118055625 0.81796875 0.46284722291666663 0.82578125 0.490625 0.8443359375 0.5201388895833333 0.8490234359375 0.5229166666666667 0.8576171968749999 0.5229166666666667 0.86875 0.521875 0.8755859375 0.5166666666666667 0.88828125 0.490625 0.8953125 0.465625 0.8953125 0.42187500208333334 0.886328125 0.38993055625 0.8736328125 0.36736111250000003
0 0.684765625 0.17326388958333333 0.67890625 0.17326388958333333 0.676953125 0.16979166874999999 0.6671875 0.16979166874999999 0.66328125 0.17326388958333333 0.6525390625 0.1923611125 0.6486328125 0.20972222291666667 0.6486328125 0.22708333541666667 0.6525390625 0.24444444583333333 0.665234375 0.26701388958333333 0.6681640609375 0.26875 0.6935546875 0.26875 0.6994140625 0.26180555625 0.7046875 0.23680555625000002 0.7046875 0.21059027916666664 0.7013671875 0.19583333541666667 0.684765625 0.17326388958333333
0 0.5662109375 0.17534722291666668 0.5623046875 0.19270833333333334 0.5642578125 0.22048611041666666 0.573046875 0.23958333333333334 0.580859375 0.24652777708333332 0.58671875 0.25 0.6013671875 0.24826388958333334 0.6072265625 0.24131944375 0.6140625 0.22309027708333332 0.6140625 0.1875 0.6130859375 0.18229166666666666 0.60234375 0.16319444375 0.592578125 0.15625 0.584765625 0.15625 0.57109375 0.16666666666666666 0.5662109375 0.17534722291666668
0 0.4251953125 0.22534722083333333 0.4154296875 0.21840277708333333 0.4017578125 0.21840277708333333 0.3900390625 0.22881944375 0.383203125 0.24097222083333333 0.37734375 0.26875 0.379296875 0.28958333333333336 0.383203125 0.3034722208333333 0.3900390625 0.315625 0.3978515625 0.32256944375 0.401953125 0.325 0.414843740625 0.325 0.422265625 0.3243055541666667 0.430078125 0.3138888875 0.437890625 0.2861111104166667 0.4390625 0.27152777708333337 0.4390625 0.2590277770833333 0.43203125 0.23402777708333333 0.4251953125 0.22534722083333333
0 0.6412109375 0.15312499791666667 0.6373046875 0.15659722083333336 0.6265625 0.17569444374999998 0.6265625 0.18611111041666667 0.624609375 0.18958333125000001 0.628515625 0.21736111041666667 0.641015625 0.23958333333333334 0.64296874375 0.23958333333333334 0.65 0.23819444374999998 0.648046875 0.22777777708333333 0.65 0.19999999791666667 0.651953125 0.19305555416666667 0.6671875 0.16935763750000002 0.6671875 0.16473765416666666 0.6587890625 0.15312499791666667 0.6412109375 0.15312499791666667
0 0.5384765625 0.12777777916666666 0.5248046875 0.12777777916666666 0.5189453125 0.13125 0.512109375 0.14340277916666666 0.508203125 0.15729166666666666 0.512109375 0.18159722291666666 0.5243430390625 0.2 0.5314453203125 0.2 0.54140625 0.19895833333333332 0.5453125 0.19548611249999998 0.55 0.1788194458333333 0.55 0.14618055625 0.54921875 0.14340277916666666 0.5384765625 0.12777777916666666
0 0.53828125 0.09375 0.524609375 0.09722222291666666 0.5158203125 0.11631944375 0.51875 0.13194444375 0.536328125 0.12847222291666666 0.544140625 0.13541666666666666 0.5484375 0.13388888958333334 0.5484375 0.11076388958333333 0.5470703125 0.10590277708333334 0.53828125 0.09375
0 0.34453125 0.14236111041666666 0.334765625 0.14236111041666666 0.330859375 0.14583333333333334 0.3259765625 0.15798611041666666 0.3240234375 0.171875 0.3328125 0.19097222291666668 0.3435546875 0.18923611041666666 0.3494140625 0.18229166666666666 0.3515625 0.17083333333333334 0.3515625 0.15583333333333332 0.3484375 0.14583333333333334 0.34453125 0.14236111041666666
0 0.2359375 0.2079861125 0.2271484375 0.22013888958333333 0.2232421875 0.24097222291666667 0.2251953125 0.25138888958333333 0.230078125 0.2600694458333333 0.23281249843750002 0.2625 0.23808594218749998 0.2625 0.2408203125 0.26180555625 0.2486328125 0.25138888958333333 0.2515625 0.233159725 0.2515625 0.22496142083333334 0.24375 0.2079861125 0.2359375 0.2079861125
1 0.280078125 0.18454861041666665 0.2703125 0.18802083333333333 0.2615234375 0.20711805625000002 0.2634765625 0.22795138958333333 0.268359375 0.23663194375 0.27275390625 0.2375 0.27958984375 0.2375 0.28203125 0.23663194375 0.2869140625 0.22795138958333333 0.2890625 0.21840277708333333 0.2890625 0.19809027916666666 0.2888671875 0.19670138958333333 0.280078125 0.18454861041666665
1 0.47734375 0.13541666666666666 0.4685546875 0.15104166666666666 0.4685546875 0.16145833333333334 0.4666015625 0.16493055625 0.4685546875 0.18229166666666666 0.48125 0.20138888958333334 0.4978515625 0.19965277708333332 0.50625 0.18173611041666668 0.50625 0.14898504166666668 0.494921875 0.13194444375 0.47734375 0.13541666666666666
1 0.5607421875 0.11684027708333335 0.5607421875 0.09947916666666666 0.5587890625 0.09253472291666666 0.551953125 0.08385416666666666 0.540234375 0.08385416666666666 0.5353515625 0.09600694375 0.540234375 0.09774305624999999 0.5470703125 0.10989583333333333 0.548876953125 0.12916666666666668 0.5555664078125 0.12916666666666668 0.555859375 0.12899305625 0.5607421875 0.11684027708333335
1 0.5091796875 0.1 0.5033203125 0.09652777916666667 0.4974609375 0.09652777916666667 0.4896484375 0.10347222291666666 0.48671875 0.11215277916666667 0.48671875 0.12604166666666666 0.4896484375 0.13125 0.4994140625 0.13472222291666666 0.5068359375 0.14791666666666667 0.5083984390625 0.14791666666666667 0.51015625 0.146875 0.5171875 0.13125 0.5171875 0.12256944583333333 0.516015625 0.11215277916666667 0.5091796875 0.1
1 0.4783203125 0.09913194375 0.479296875 0.10434027708333334 0.4861328125 0.1060763875 0.4953125 0.09954861041666667 0.4953125 0.09855323958333333 0.487109375 0.0904513875 0.4783203125 0.09913194375
0 0.4775390625 0.10069444375 0.4638671875 0.10763888958333333 0.459375 0.12201388958333334 0.459375 0.1267361125 0.4609375 0.140625 0.4658203125 0.14930555625 0.470703125 0.14756944375 0.4775390625 0.13541666666666666 0.4859375 0.1271219125 0.4859375 0.1232638875 0.484375 0.109375 0.4775390625 0.10069444375
0 0.4353515625 0.13715277708333332 0.440234375 0.14930555625 0.45 0.15625 0.4529296875 0.15451388958333334 0.459375 0.14592013958333333 0.459375 0.13680555625000002 0.4587890625 0.13368055625 0.459375 0.12638888958333333 0.459375 0.10791666666666666 0.455859375 0.10416666666666667 0.44609375 0.10416666666666667 0.4373046875 0.11631944375 0.4353515625 0.13715277708333332