0 0.7853515625 0.27291666666666664 0.7814453125 0.25902777916666664 0.77265625 0.24340277916666667 0.762890625 0.23298611249999998 0.75703125 0.22951388958333335 0.74140625 0.22951388958333335 0.735546875 0.23298611249999998 0.7228515625 0.2520833333333333 0.7208984375 0.2625 0.7306640625 0.2763888895833333 0.7384765625 0.29722222291666667 0.7404296875 0.3319444458333333 0.7384765625 0.33541666666666664 0.7384765625 0.3527777791666667 0.7365234375 0.35625 0.7404296875 0.36041666666666666 0.7548828171874999 0.36041666666666666 0.7638671875 0.35972222291666667 0.770703125 0.3579861125 0.7833984375 0.33541666666666664 0.7873046875 0.3215277791666667 0.7890625 0.29965277916666666 0.7890625 0.296875 0.7873046875 0.29375 0.7853515625 0.27291666666666664
0 0.7177734375 0.38923611041666667 0.732421875 0.36666666666666664 0.73828125 0.34930555416666664 0.740234375 0.31111111041666667 0.73828125 0.30763888749999996 0.73828125 0.29722222083333333 0.734375 0.29027777708333335 0.734375 0.2833333333333333 0.7216796875 0.2607638875 0.7021484375 0.24687499791666667 0.6884765625 0.24687499791666667 0.6748046875 0.25729166458333336 0.66015625 0.28680555416666664 0.658203125 0.29722222083333333 0.658203125 0.33194444375000004 0.6640625 0.35972222083333333 0.6748046875 0.37881944375000004 0.6939453140625 0.3958333333333333 0.69609374375 0.3958333333333333 0.703125 0.39444444375000004 0.7177734375 0.38923611041666667
0 0.5294921875 0.4256944458333333 0.5255859375 0.41180555625 0.51484375 0.3892361125 0.505078125 0.37534722291666667 0.49140625 0.36493055625 0.473828125 0.3614583333333333 0.471875 0.36493055625 0.4640625 0.36493055625 0.45234375 0.371875 0.4396484375 0.3875 0.4259765625 0.42222222291666667 0.4259765625 0.4326388895833333 0.4220703125 0.45 0.4220703125 0.47430555625 0.4259765625 0.49166666666666664 0.4259765625 0.5055555562499999 0.4298828125 0.5194444458333334 0.442578125 0.5420138895833334 0.4637044265625 0.5625 0.46894532499999997 0.5625 0.4884765625 0.5611111125 0.50703125 0.5489583333333333 0.5236328125 0.5194444458333334 0.5314453125 0.4881944458333333 0.5328125 0.46631944583333335 0.5328125 0.45590277916666666 0.5314453125 0.45347222291666667 0.5294921875 0.4256944458333333
0 0.5171875 0.30711805625 0.4986328125 0.27760416666666665 0.4888671875 0.2706597229166666 0.4712890625 0.2706597229166666 0.4693359375 0.27413194583333333 0.4634765625 0.27413194583333333 0.4537109375 0.2810763895833333 0.4390625 0.30711805625 0.43515625 0.32100694583333333 0.433203125 0.35572916666666665 0.4400390625 0.3782986125 0.4458984375 0.3782986125 0.4556640625 0.36788194583333333 0.4615234375 0.36788194583333333 0.4712890625 0.3609375 0.4830078125 0.3609375 0.4849609375 0.3644097229166666 0.4966796875 0.36788194583333333 0.5044921875 0.3748263895833333 0.5103515625 0.38524305625 0.5108398421875 0.3854166666666667 0.51611328125 0.3854166666666667 0.519140625 0.3800347229166666 0.521875 0.3654513895833333 0.521875 0.33836805625 0.52109375 0.32447916666666665 0.5171875 0.30711805625
0 0.5486328125 0.22048611041666666 0.541796875 0.20486111041666666 0.528125 0.19097222291666668 0.51640625 0.1875 0.498828125 0.19791666666666666 0.4880859375 0.21701388958333334 0.4841796875 0.23090277708333332 0.4958984375 0.2552083333333333 0.4998046875 0.2760416666666667 0.506640625 0.28472222291666666 0.5203125 0.3125 0.5251953125 0.3107638895833333 0.53203125 0.30902777708333334 0.5466796875 0.2829861104166667 0.5515625 0.26273148125 0.5515625 0.2430555541666667 0.5505859375 0.24131944375 0.5486328125 0.22048611041666666
0 0.619921875 0.15243055625000002 0.6140625 0.14895833541666667 0.596484375 0.14895833541666667 0.588671875 0.15590277916666664 0.5779296875 0.17847222291666667 0.5779296875 0.1923611125 0.5759765625 0.19583333541666667 0.5779296875 0.21319444583333333 0.58671875 0.23576388958333333 0.59453125 0.24270833541666667 0.60234375 0.24270833541666667 0.6096679671875 0.24791666666666667 0.6150390640625 0.24791666666666667 0.6189453125 0.24097222291666667 0.6169921875 0.23750000208333333 0.6169921875 0.21319444583333333 0.6189453125 0.20277777916666664 0.63125 0.17777777916666665 0.63125 0.17013888958333334 0.6306640625 0.16805555625000002 0.619921875 0.15243055625000002
0 0.2693359375 0.296875 0.2634765625 0.32118055624999997 0.2634765625 0.3489583333333333 0.2693359375 0.3697916666666667 0.278125 0.3854166666666667 0.28984375 0.3958333333333333 0.2947265625 0.39409722291666666 0.303515625 0.3923611104166667 0.315234375 0.38194444375000003 0.3201171875 0.3732638895833333 0.3265625 0.34461805624999997 0.3265625 0.3059027791666667 0.3240234375 0.296875 0.3171875 0.28125 0.30546875 0.2708333333333333 0.291796875 0.2708333333333333 0.278125 0.28125 0.2693359375 0.296875
0 0.305078125 0.23663194375 0.2875 0.24010416666666667 0.2748046875 0.26267361041666665 0.2708984375 0.28003472291666665 0.2708984375 0.28958333333333336 0.27333984375 0.28958333333333336 0.277734375 0.28177083333333336 0.289453125 0.2713541666666667 0.305078125 0.2713541666666667 0.316796875 0.2782986104166667 0.3234375 0.259747025 0.3234375 0.25885416666666666 0.316796875 0.24704861041666665 0.305078125 0.23663194375
0 0.2869140625 0.23090277708333332 0.287890625 0.23958333333333334 0.30546875 0.23611111041666666 0.315234375 0.24305555625 0.319140625 0.25 0.3220703125 0.24826388958333334 0.3220703125 0.234375 0.3265625 0.21840277708333333 0.3265625 0.2048611125 0.32109375 0.19791666666666666 0.307421875 0.19791666666666666 0.295703125 0.20833333333333334 0.2869140625 0.23090277708333332
0 0.3958984375 0.1875 0.3763671875 0.19097222291666668 0.367578125 0.203125 0.36171875 0.22395833333333334 0.3705078125 0.22916666666666666 0.3763671875 0.23958333333333334 0.379296875 0.23784722291666668 0.3861328125 0.22916666666666666 0.3978515625 0.22222222291666668 0.4154296875 0.22569444375 0.415625 0.22465277708333334 0.415625 0.21891203541666665 0.4017578125 0.19097222291666668 0.3958984375 0.1875
0 0.383984375 0.14930555625 0.368359375 0.14583333333333334 0.360546875 0.15277777708333332 0.3517578125 0.171875 0.35 0.18125 0.35 0.18263888958333335 0.352734375 0.1875 0.364453125 0.19097222291666668 0.368359375 0.19791666666666666 0.3712890625 0.19618055625 0.38203125 0.1875 0.39375 0.1858974375 0.39375 0.171875 0.3908203125 0.16145833333333334 0.383984375 0.14930555625
1 0.5580078125 0.27256944375000003 0.5521484375 0.29340277708333334 0.5521484375 0.3385416666666667 0.5541015625 0.3489583333333333 0.566796875 0.37847222291666666 0.578515625 0.3888888895833333 0.586328125 0.3888888895833333 0.587890625 0.39166666666666666 0.5957031203125001 0.39166666666666666 0.6068359375 0.390625 0.615625 0.3854166666666667 0.6322265625 0.35243055624999997 0.6341796875 0.33159722291666666 0.6359375 0.32847222291666667 0.6359375 0.3253472229166666 0.6341796875 0.30034722291666666 0.6263671875 0.26909722291666666 0.61171875 0.25 0.6011718734375 0.24375 0.5834960953125 0.24375 0.566796875 0.25694444375 0.5580078125 0.27256944375000003
1 0.4837890625 0.23177083541666665 0.4759765625 0.22482638958333334 0.4623046875 0.22135416875 0.4603515625 0.22482638958333334 0.4486328125 0.2282986125 0.433984375 0.24739583541666665 0.428125 0.2682291666666667 0.426171875 0.3064236125 0.428125 0.3168402791666667 0.4319661453125 0.32708333333333334 0.434033203125 0.32708333333333334 0.43984375 0.3064236125 0.449609375 0.2855902791666667 0.4623046875 0.2734375 0.4681640625 0.2699652791666667 0.4916015625 0.2699652791666667 0.4994140625 0.27690972291666666 0.5 0.2717013895833333 0.5 0.26684027708333335 0.496484375 0.2543402791666666 0.4837890625 0.23177083541666665
1 0.356640625 0.225 0.3546875 0.22152777916666666 0.337109375 0.23194444583333332 0.3263671875 0.25104166666666666 0.3205078125 0.271875 0.3205078125 0.2857638895833333 0.3263671875 0.29965277916666666 0.3283203125 0.3170138895833333 0.33515625 0.32916666666666666 0.3421874984375 0.33541666666666664 0.3496093828125 0.33541666666666664 0.3595703125 0.334375 0.3712890625 0.32395833333333335 0.3712890625 0.31354166666666666 0.3673828125 0.29965277916666666 0.3673828125 0.271875 0.3712890625 0.2545138895833333 0.3765625 0.24201388958333334 0.3765625 0.23958333333333334 0.3703125 0.22847222291666666 0.356640625 0.225
1 0.363671875 0.67586805625 0.351953125 0.6376736104166666 0.3412109375 0.6185763895833334 0.3294921875 0.6046875 0.3216796875 0.59774305625 0.3021484375 0.5942708333333333 0.3001953125 0.5907986104166666 0.2884765625 0.5942708333333333 0.2865234375 0.59774305625 0.2787109375 0.59774305625 0.2611328125 0.6151041666666667 0.246484375 0.64461805625 0.242578125 0.6689236104166666 0.238671875 0.6793402770833333 0.238671875 0.7175347229166668 0.240625 0.72100694375 0.240625 0.7314236104166666 0.246484375 0.75225694375 0.246484375 0.7592013895833334 0.25625 0.7869791666666667 0.2728515625 0.81649305625 0.2923828125 0.83038194375 0.30556640625 0.83125 0.3202148453125 0.83125 0.3275390625 0.8269097229166668 0.3314453125 0.8199652770833333 0.3373046875 0.8199652770833333 0.3490234375 0.8060763895833334 0.359765625 0.78350694375 0.359765625 0.7765625 0.363671875 0.76961805625 0.3671875 0.7508680562500001 0.3671875 0.6987847208333334 0.363671875 0.6862847229166668 0.363671875 0.67586805625
1 0.501953125 0.15486111249999998 0.5126953125 0.13576388958333335 0.5166015625 0.13229166666666667 0.5361328125 0.13229166666666667 0.537109375 0.12708333333333333 0.5244140625 0.11145833333333334 0.5126953125 0.11145833333333334 0.5029296875 0.11840277916666667 0.494140625 0.14097222291666667 0.494140625 0.15833333333333333 0.496953125 0.16666666666666666 0.4976562515625 0.16666666666666666 0.5 0.16527777916666667 0.501953125 0.15486111249999998