0 0.626953125 0.35590277708333334 0.6171875 0.390625 0.615234375 0.42534722291666666 0.62109375 0.45659722291666666 0.6318359375 0.4791666666666667 0.6474609375 0.5 0.6513671875 0.5 0.6572265625 0.50694444375 0.666015625 0.5052083333333334 0.6826171875 0.5 0.69921875 0.48090277708333334 0.7109375 0.4357638895833333 0.7109375 0.38715277708333334 0.703125 0.36284722291666666 0.6884765625 0.34027777708333334 0.6767578125 0.3298611104166667 0.6572265625 0.3263888895833333 0.6396484375 0.33680555624999997 0.626953125 0.35590277708333334
0 0.3876953125 0.31597222291666666 0.3720703125 0.3298611104166667 0.361328125 0.3489583333333333 0.35546875 0.3732638895833333 0.35546875 0.4045138895833333 0.361328125 0.42881944375000003 0.3740234375 0.4513888895833333 0.3916015625 0.46527777708333334 0.40234375 0.4635416666666667 0.4150390625 0.4583333333333333 0.427734375 0.4427083333333333 0.427734375 0.4357638895833333 0.43359375 0.421875 0.4375 0.4010416666666667 0.4375 0.3697916666666667 0.431640625 0.3454861104166667 0.4189453125 0.3229166666666667 0.4091796875 0.31597222291666666 0.3876953125 0.31597222291666666
0 0.3720703125 0.21527777708333332 0.36328125 0.23090277708333332 0.361328125 0.23784722291666668 0.361328125 0.26909722291666666 0.3701171875 0.2916666666666667 0.3837890625 0.3020833333333333 0.39453125 0.30034722291666666 0.4052734375 0.2951388895833333 0.408203125 0.28993055624999997 0.408203125 0.2795138895833333 0.412109375 0.27256944375000003 0.4140625 0.26215277708333334 0.4140625 0.24131944375 0.41015625 0.22743055625 0.4013671875 0.21180555625 0.3876953125 0.20486111041666666 0.3720703125 0.21527777708333332
0 0.4453125 0.22743055625 0.4453125 0.25868055625 0.44921875 0.27256944375000003 0.4638671875 0.2916666666666667 0.4697265625 0.2916666666666667 0.4716796875 0.2951388895833333 0.4765625 0.29340277708333334 0.4912109375 0.28819444375000003 0.5 0.2760416666666667 0.501953125 0.26909722291666666 0.501953125 0.22743055625 0.4951171875 0.20486111041666666 0.4775390625 0.19097222291666668 0.4658203125 0.19097222291666668 0.4541015625 0.20486111041666666 0.447265625 0.22048611041666666 0.4453125 0.22743055625
0 0.423828125 0.21701388958333334 0.423828125 0.234375 0.427734375 0.24826388958333334 0.4365234375 0.26388888958333334 0.4443359375 0.2708333333333333 0.447265625 0.26909722291666666 0.4453125 0.25868055625 0.4453125 0.23090277708333332 0.447265625 0.22048611041666666 0.4560546875 0.20138888958333334 0.4619140625 0.19791666666666666 0.466796875 0.18923611041666666 0.4541015625 0.17708333333333334 0.4384765625 0.18402777708333332 0.42578125 0.20659722291666668 0.423828125 0.21701388958333334
0 0.1953125 0.35243055624999997 0.19140625 0.36631944375000003 0.189453125 0.390625 0.193359375 0.4114583333333333 0.2021484375 0.43055555624999997 0.2119140625 0.4375 0.224609375 0.4357638895833333 0.2314453125 0.43402777708333334 0.23828125 0.421875 0.2421875 0.390625 0.244140625 0.38715277708333334 0.244140625 0.3697916666666667 0.2353515625 0.34027777708333334 0.2255859375 0.3298611104166667 0.2119140625 0.3298611104166667 0.2060546875 0.3333333333333333 0.1953125 0.35243055624999997
0 0.17578125 0.30381944375000003 0.1796875 0.30034722291666666 0.18359375 0.2864583333333333 0.18359375 0.26909722291666666 0.1787109375 0.25694444375 0.1728515625 0.25347222291666666 0.162109375 0.265625 0.16015625 0.27256944375000003 0.16015625 0.29340277708333334 0.1669921875 0.30555555624999997 0.17578125 0.30381944375000003
0 0.09765625 0.39409722291666666 0.099609375 0.3697916666666667 0.09765625 0.359375 0.0927734375 0.35069444375000003 0.0869140625 0.35069444375000003 0.078125 0.36284722291666666 0.076171875 0.390625 0.0830078125 0.40625 0.091796875 0.4045138895833333 0.09765625 0.39409722291666666
0 0.3232421875 0.2604166666666667 0.3310546875 0.2673611104166667 0.341796875 0.265625 0.3515625 0.25868055625 0.357421875 0.234375 0.357421875 0.21701388958333334 0.3505859375 0.19791666666666666 0.3427734375 0.19097222291666668 0.3330078125 0.19097222291666668 0.3203125 0.20659722291666668 0.31640625 0.22048611041666666 0.31640625 0.24479166666666666 0.3232421875 0.2604166666666667
0 0.3544921875 0.20486111041666666 0.35546875 0.203125 0.361328125 0.18923611041666666 0.361328125 0.171875 0.359375 0.16493055625 0.3505859375 0.15277777708333332 0.3427734375 0.15277777708333332 0.3349609375 0.15972222291666668 0.330078125 0.171875 0.330078125 0.18923611041666666 0.3427734375 0.19097222291666668 0.3544921875 0.20486111041666666
0 0.2626953125 0.23611111041666666 0.275390625 0.234375 0.279296875 0.22743055625 0.279296875 0.21701388958333334 0.27734375 0.21354166666666666 0.27734375 0.19618055625 0.279296875 0.19270833333333334 0.2744140625 0.18402777708333332 0.2685546875 0.18402777708333332 0.255859375 0.203125 0.255859375 0.22395833333333334 0.2626953125 0.23611111041666666
0 0.30078125 0.203125 0.30078125 0.18576388958333334 0.2958984375 0.17708333333333334 0.2880859375 0.17708333333333334 0.279296875 0.18923611041666666 0.27734375 0.19618055625 0.27734375 0.21701388958333334 0.2802734375 0.22222222291666668 0.283203125 0.22048611041666666 0.30078125 0.203125
1 0.2861328125 0.27430555624999997 0.2939453125 0.28125 0.30078125 0.2795138895833333 0.3056640625 0.27777777708333334 0.314453125 0.26215277708333334 0.31640625 0.2552083333333333 0.31640625 0.22395833333333334 0.3056640625 0.20833333333333334 0.2939453125 0.20833333333333334 0.2861328125 0.21527777708333332 0.279296875 0.22743055625 0.279296875 0.26215277708333334 0.2861328125 0.27430555624999997
1 0.1103515625 0.36805555624999997 0.1142578125 0.37152777708333334 0.123046875 0.3697916666666667 0.12890625 0.359375 0.130859375 0.33159722291666666 0.1240234375 0.31597222291666666 0.1162109375 0.31597222291666666 0.107421875 0.33159722291666666 0.107421875 0.3454861104166667 0.10546875 0.3489583333333333 0.107421875 0.35243055624999997 0.107421875 0.36284722291666666 0.1103515625 0.36805555624999997
1 0.31640625 0.21701388958333334 0.318359375 0.21006944375 0.330078125 0.19270833333333334 0.330078125 0.18229166666666666 0.328125 0.17534722291666668 0.3212890625 0.16666666666666666 0.3076171875 0.16666666666666666 0.30078125 0.17534722291666668 0.30078125 0.203125 0.3037109375 0.20833333333333334 0.31640625 0.21701388958333334
1 0.3671875 0.18229166666666666 0.373046875 0.171875 0.375 0.15451388958333334 0.3662109375 0.13541666666666666 0.3564453125 0.13541666666666666 0.3525390625 0.13888888958333334 0.34765625 0.15104166666666666 0.3544921875 0.15625 0.359375 0.16493055625 0.3623046875 0.18402777708333332 0.3671875 0.18229166666666666
1 0.30078125 0.17881944375 0.3095703125 0.17013888958333334 0.310546875 0.16493055625 0.2998046875 0.16319444375 0.294921875 0.17534722291666668 0.30078125 0.17881944375