1 0.35390625 0.6447916666666667 0.3412109375 0.61875 0.3275390625 0.6013888875000001 0.3099609375 0.5944444437499999 0.3080078125 0.5909722208333333 0.2943359375 0.5909722208333333 0.2923828125 0.5944444437499999 0.2767578125 0.5979166666666667 0.2552734375 0.6222222208333333 0.242578125 0.6552083333333333 0.238671875 0.6760416666666667 0.238671875 0.7211805541666667 0.240625 0.7246527770833333 0.242578125 0.7454861104166667 0.246484375 0.7559027770833333 0.246484375 0.7628472208333333 0.25234375 0.7732638875000001 0.25625 0.7871527770833333 0.2728515625 0.8166666666666667 0.2921875015625 0.8291666666666667 0.3185546734375 0.8291666666666667 0.324609375 0.8288194437499999 0.3451171875 0.8097222208333333 0.3578125 0.7836805541666667 0.363671875 0.7628472208333333 0.365625 0.7315972208333333 0.3671875 0.72881944375 0.3671875 0.7232638895833333 0.363671875 0.6795138875000001 0.35390625 0.6447916666666667
1 0.0546875 0.5961805541666667 0.056640625 0.5753472208333333 0.05859375 0.571875 0.052734375 0.5475694437499999 0.05078125 0.5197916666666667 0.0439453125 0.5076388875 0.0341796875 0.5076388875 0.0302734375 0.5111111104166667 0.021484375 0.5302083333333333 0.01953125 0.5684027770833333 0.0234375 0.5892361104166667 0.0322265625 0.6083333333333333 0.0345703140625 0.6104166666666667 0.043164057812500004 0.6104166666666667 0.044921875 0.6100694437499999 0.0546875 0.5961805541666667
1 0.3798828125 0.3086805541666667 0.3681640625 0.30520833333333336 0.3662109375 0.3017361104166667 0.3505859375 0.30520833333333336 0.3388671875 0.315625 0.326171875 0.33819444375 0.3203125 0.36944444375 0.3203125 0.39375 0.326171875 0.42152777708333333 0.334481534375 0.4395833333333333 0.3367187484375 0.4395833333333333 0.337890625 0.4388888875 0.341796875 0.4076388875 0.3544921875 0.378125 0.3623046875 0.36770833333333336 0.3759765625 0.3572916666666667 0.3837890625 0.3572916666666667 0.3857421875 0.35381944375 0.3916015625 0.35381944375 0.3935546875 0.3572916666666667 0.3984375 0.3555555541666667 0.3984375 0.3451388875 0.392578125 0.32777777708333333 0.3798828125 0.3086805541666667
1 0.340234375 0.1907986125 0.3265625 0.1907986125 0.31875 0.19774305625000002 0.3099609375 0.21336805625000002 0.3080078125 0.2203125 0.3080078125 0.2515625 0.3109375 0.26371527916666665 0.32265625 0.2671875 0.3345842625 0.27708333333333335 0.3402669296875 0.27708333333333335 0.344140625 0.27413194583333333 0.3548828125 0.2515625 0.35625 0.24670138958333335 0.35625 0.21560921875 0.34609375 0.19427083333333334 0.340234375 0.1907986125
1 0.4859375 0.12222222083333333 0.47421875 0.12916666666666668 0.4673828125 0.14131944375 0.4654296875 0.16215277708333334 0.4634765625 0.165625 0.4795006796875 0.20416666666666666 0.485546871875 0.20416666666666666 0.4869140625 0.20381944375 0.4849609375 0.19340277708333334 0.4849609375 0.165625 0.49375 0.14305555416666668 0.5015625 0.13958333333333334 0.503125 0.13680555625000002 0.503125 0.12888888958333333 0.49375 0.12222222083333333 0.4859375 0.12222222083333333
0 0.535546875 0.42916666666666664 0.531640625 0.42222222083333333 0.5296875 0.41180555416666664 0.5169921875 0.38923611041666667 0.5072265625 0.37534722083333333 0.4955078125 0.36840277708333335 0.4798828125 0.36493055416666664 0.4779296875 0.36840277708333335 0.4681640625 0.36840277708333335 0.4583984375 0.37534722083333333 0.437890625 0.40486111041666667 0.428125 0.4395833333333333 0.426171875 0.47430555416666664 0.428125 0.47777777708333335 0.430078125 0.5020833333333333 0.437890625 0.5298611104166667 0.4466796875 0.5454861104166666 0.4681640625 0.56631944375 0.4740234375 0.56631944375 0.4753906265625 0.56875 0.484765621875 0.56875 0.490625 0.56805555625 0.5111328125 0.5559027770833332 0.52578125 0.5333333333333333 0.535546875 0.5090277770833334 0.5390625 0.46215277708333335 0.5390625 0.45625 0.5375 0.45347222083333333 0.535546875 0.42916666666666664
0 0.416796875 0.371875 0.397265625 0.35451388749999996 0.385546875 0.35451388749999996 0.38359375 0.35798611041666667 0.366015625 0.36493055416666664 0.3474609375 0.39097222083333333 0.3396484375 0.41875 0.3376953125 0.45347222083333333 0.3455078125 0.49513888749999996 0.36015625 0.5246527770833334 0.37641601874999997 0.5375 0.3888671828125 0.5375 0.3962890625 0.53680555625 0.41484375 0.5246527770833334 0.4255859375 0.5055555541666666 0.4275390625 0.49861111041666667 0.4255859375 0.48819444375000004 0.4255859375 0.44652777708333335 0.4328125 0.41440972083333333 0.4328125 0.40920138749999996 0.4294921875 0.39444444375000004 0.416796875 0.371875
0 0.326953125 0.27152777708333337 0.32109375 0.26805555416666665 0.30546875 0.26805555416666665 0.29375 0.27847222083333334 0.2849609375 0.29409722083333334 0.2791015625 0.321875 0.2791015625 0.34965277708333337 0.2830078125 0.36701388749999997 0.29375 0.3861111104166667 0.3015625015625 0.39166666666666666 0.31523436718750003 0.39166666666666666 0.3181640625 0.39131944375 0.3201171875 0.38784722083333334 0.3201171875 0.36354166666666665 0.3220703125 0.353125 0.3298828125 0.32881944375 0.3421875 0.31006944375 0.3421875 0.29618055416666667 0.3416015625 0.29409722083333334 0.326953125 0.27152777708333337
0 0.2349609375 0.23194444583333332 0.222265625 0.25104166666666666 0.218359375 0.26840277916666666 0.218359375 0.2857638895833333 0.2203125 0.29618055625 0.2291015625 0.31180555625 0.2322265609375 0.3145833333333333 0.23808594374999997 0.3145833333333333 0.245703125 0.31354166666666666 0.259375 0.29270833333333335 0.2609375 0.284375 0.2609375 0.25369318333333335 0.2505859375 0.23194444583333332 0.2349609375 0.23194444583333332
0 0.39453125 0.19930555625000002 0.396484375 0.1923611125 0.396484375 0.17152777916666664 0.3896484375 0.15243055625000002 0.3818359375 0.1454861125 0.3701171875 0.1454861125 0.35546875 0.16458333541666667 0.353515625 0.17152777916666664 0.353515625 0.19930555625000002 0.35546875 0.20625000208333333 0.365494790625 0.22083333333333333 0.3750000109375 0.22083333333333333 0.380859375 0.22013888958333333 0.39453125 0.19930555625000002
0 0.4443359375 0.14236111041666666 0.4287109375 0.14583333333333334 0.416015625 0.16493055625 0.4125 0.18055555625 0.4125 0.18715277708333333 0.4140625 0.20659722291666668 0.4169921875 0.21180555625 0.41796875 0.21006944375 0.419921875 0.19618055625 0.42578125 0.18229166666666666 0.4326171875 0.17361111041666666 0.4423828125 0.16666666666666666 0.4619140625 0.17013888958333334 0.4625 0.16701388958333335 0.4625 0.16423611249999998 0.4541015625 0.14930555625 0.4443359375 0.14236111041666666
0 0.540234375 0.1107638875 0.534375 0.10729166666666666 0.520703125 0.1107638875 0.51484375 0.11770833333333333 0.5099609375 0.12986111041666668 0.512890625 0.13506944375 0.520703125 0.13506944375 0.528515625 0.14201388750000002 0.5373046875 0.16458333333333333 0.5373046875 0.18194444375 0.5392578125 0.18541666666666667 0.5431640625 0.18541666666666667 0.5546875 0.16151620208333334 0.5546875 0.13611111041666665 0.5529296875 0.12986111041666668 0.540234375 0.1107638875
0 0.630859375 0.16145833333333334 0.62890625 0.171875 0.62890625 0.19618055625 0.630859375 0.20659722291666668 0.6396484375 0.22569444375 0.648763021875 0.23541666666666666 0.655273434375 0.23541666666666666 0.6640625 0.234375 0.6728515625 0.22916666666666666 0.681640625 0.21006944375 0.68359375 0.19965277708333332 0.681640625 0.16840277708333332 0.6728515625 0.14930555625 0.6650390625 0.14236111041666666 0.6603515625 0.13958333333333334 0.6556640640625 0.13958333333333334 0.6416015625 0.14236111041666666 0.630859375 0.16145833333333334
0 0.7455078125 0.18229166666666666 0.7455078125 0.21006944375 0.7474609375 0.22048611041666666 0.758203125 0.24305555625 0.766015625 0.25 0.7767578125 0.24826388958333334 0.7875 0.23958333333333334 0.79375 0.22212301458333333 0.79375 0.19305555625 0.7923828125 0.18576388958333334 0.78359375 0.16666666666666666 0.773828125 0.15625 0.758203125 0.15625 0.7494140625 0.16840277708333332 0.7455078125 0.18229166666666666
0 0.8318359375 0.18576388958333334 0.823046875 0.17013888958333334 0.815234375 0.16319444375 0.80546875 0.16319444375 0.79765625 0.17013888958333334 0.7927734375 0.18229166666666666 0.7947265625 0.19270833333333334 0.7947265625 0.22743055625 0.803515625 0.24652777708333332 0.811328125 0.25347222291666666 0.8201171875 0.25173611041666666 0.825 0.25 0.8337890625 0.234375 0.8359375 0.22482638958333334 0.8359375 0.2013888875 0.8357421875 0.19965277708333332 0.8318359375 0.18576388958333334
0 1 0.30451388749999997 0.9873046875 0.27847222083333334 0.9775390625 0.27847222083333334 0.96875 0.29756944375 0.96875 0.32534722083333334 0.970703125 0.33576388749999997 0.9794921875 0.35833333333333334 0.9818359390625 0.36041666666666666 0.9919921828125 0.36041666666666666 0.994140625 0.36006944375 1 0.34965277708333337 1 0.30451388749999997