0 0.3994140625 0.8715277770833333 0.4169921875 0.8611111104166667 0.4306640625 0.8472222229166667 0.443359375 0.8246527770833333 0.44921875 0.8107638895833333 0.455078125 0.7864583333333334 0.455078125 0.7690972229166667 0.45703125 0.765625 0.455078125 0.7170138895833333 0.447265625 0.6857638895833333 0.4287109375 0.6493055562500001 0.4208984375 0.6388888895833333 0.4033203125 0.625 0.3955078125 0.625 0.3935546875 0.6215277770833333 0.3681640625 0.6215277770833333 0.3564453125 0.6284722229166667 0.3447265625 0.6388888895833333 0.330078125 0.6649305562500001 0.318359375 0.6996527770833333 0.31640625 0.7100694437499999 0.31640625 0.7621527770833333 0.318359375 0.765625 0.3203125 0.7899305562500001 0.3359375 0.8315972229166667 0.3466796875 0.8506944437499999 0.3583984375 0.8611111104166667 0.3759765625 0.8680555562500001 0.3779296875 0.8715277770833333 0.3994140625 0.8715277770833333
0 0.3076171875 0.9548611104166667 0.318359375 0.9357638895833333 0.328125 0.8940972229166667 0.328125 0.8802083333333334 0.330078125 0.8767361104166667 0.330078125 0.8315972229166667 0.3203125 0.7899305562500001 0.314453125 0.7795138895833333 0.310546875 0.765625 0.2998046875 0.75 0.2783203125 0.7256944437499999 0.2646484375 0.7222222229166667 0.2626953125 0.71875 0.2490234375 0.71875 0.2470703125 0.7222222229166667 0.2333984375 0.7256944437499999 0.2236328125 0.7361111104166667 0.208984375 0.7621527770833333 0.203125 0.7795138895833333 0.19921875 0.8003472229166667 0.19921875 0.8559027770833333 0.2109375 0.9045138895833333 0.2275390625 0.9375 0.2431640625 0.9548611104166667 0.2607421875 0.96875 0.2861328125 0.96875 0.2880859375 0.9652777770833333 0.2958984375 0.9652777770833333 0.3076171875 0.9548611104166667
0 0.2412109375 1 0.244140625 0.9947916666666666 0.23828125 0.9704861104166667 0.224609375 0.9322916666666666 0.2119140625 0.9097222229166667 0.2001953125 0.8958333333333334 0.1962890625 0.8958333333333334 0.1806640625 0.8819444437499999 0.1630859375 0.8784722229166667 0.1611328125 0.8819444437499999 0.1435546875 0.8854166666666666 0.126953125 0.9114583333333334 0.12109375 0.9288194437499999 0.119140625 0.9704861104166667 0.12109375 0.9739583333333334 0.12109375 0.9913194437499999 0.1240234375 1 0.2412109375 1
0 0.2265625 0.41493055624999997 0.224609375 0.45659722291666666 0.23046875 0.48090277708333334 0.2412109375 0.5 0.2490234375 0.50694444375 0.26953125 0.5052083333333334 0.2802734375 0.49652777708333334 0.287109375 0.484375 0.29296875 0.45659722291666666 0.29296875 0.42534722291666666 0.2890625 0.4079861104166667 0.2802734375 0.3888888895833333 0.2666015625 0.375 0.2529296875 0.375 0.2412109375 0.3854166666666667 0.2265625 0.41493055624999997
0 0.30078125 0.23090277708333332 0.302734375 0.2552083333333333 0.3115234375 0.2708333333333333 0.328125 0.26909722291666666 0.3310546875 0.2673611104166667 0.337890625 0.25173611041666666 0.337890625 0.24131944375 0.33984375 0.23784722291666668 0.337890625 0.22048611041666666 0.3291015625 0.19791666666666666 0.3251953125 0.19444444375 0.3134765625 0.19444444375 0.306640625 0.203125 0.30078125 0.23090277708333332
0 0.2802734375 0.27777777708333334 0.291015625 0.2760416666666667 0.2939453125 0.27430555624999997 0.302734375 0.2552083333333333 0.30078125 0.22395833333333334 0.2939453125 0.21527777708333332 0.2822265625 0.21527777708333332 0.2734375 0.22743055625 0.26953125 0.24479166666666666 0.26953125 0.2552083333333333 0.2763671875 0.27430555624999997 0.2802734375 0.27777777708333334
0 0.44140625 0.19965277708333332 0.4482421875 0.19791666666666666 0.455078125 0.18576388958333334 0.45703125 0.17881944375 0.45703125 0.15798611041666666 0.4482421875 0.14236111041666666 0.4384765625 0.13888888958333334 0.423828125 0.15798611041666666 0.423828125 0.18576388958333334 0.4345703125 0.20138888958333334 0.44140625 0.19965277708333332
0 0.45703125 0.16145833333333334 0.45703125 0.17881944375 0.4677734375 0.20138888958333334 0.4716796875 0.20486111041666666 0.4765625 0.203125 0.4833984375 0.20138888958333334 0.490234375 0.18923611041666666 0.490234375 0.17881944375 0.48828125 0.17534722291666668 0.490234375 0.15104166666666666 0.4853515625 0.14236111041666666 0.4716796875 0.13888888958333334 0.4658203125 0.14236111041666666 0.458984375 0.15451388958333334 0.45703125 0.16145833333333334
0 0.73828125 0.234375 0.7490234375 0.2604166666666667 0.7607421875 0.2673611104166667 0.76953125 0.265625 0.779296875 0.24826388958333334 0.783203125 0.234375 0.78125 0.21006944375 0.775390625 0.19270833333333334 0.7685546875 0.18402777708333332 0.7646484375 0.18055555625 0.7490234375 0.18055555625 0.740234375 0.19270833333333334 0.736328125 0.20659722291666668 0.73828125 0.234375
0 0.9501953125 0.44097222291666666 0.939453125 0.453125 0.927734375 0.484375 0.92578125 0.4947916666666667 0.92578125 0.546875 0.93359375 0.578125 0.9423828125 0.5972222229166667 0.9521484375 0.6041666666666666 0.958984375 0.6024305562500001 0.9736328125 0.59375 0.982421875 0.578125 0.990234375 0.546875 0.9921875 0.5121527770833334 0.990234375 0.50868055625 0.98828125 0.484375 0.982421875 0.4635416666666667 0.9736328125 0.4479166666666667 0.9638671875 0.44097222291666666 0.9501953125 0.44097222291666666
1 0.9052734375 0.36805555624999997 0.8984375 0.3802083333333333 0.892578125 0.4010416666666667 0.890625 0.4357638895833333 0.892578125 0.4392361104166667 0.89453125 0.46006944375000003 0.900390625 0.47743055624999997 0.9091796875 0.49305555624999997 0.9150390625 0.49652777708333334 0.921875 0.4947916666666667 0.927734375 0.48784722291666666 0.9296875 0.47743055624999997 0.939453125 0.453125 0.951171875 0.4392361104166667 0.951171875 0.41493055624999997 0.9453125 0.390625 0.9365234375 0.37152777708333334 0.9267578125 0.3611111104166667 0.9150390625 0.3611111104166667 0.9052734375 0.36805555624999997
1 0.8466796875 0.2673611104166667 0.8349609375 0.2673611104166667 0.8271484375 0.27430555624999997 0.818359375 0.29340277708333334 0.81640625 0.30381944375000003 0.81640625 0.33159722291666666 0.8203125 0.35243055624999997 0.8291015625 0.375 0.8408203125 0.3854166666666667 0.849609375 0.38368055624999997 0.8583984375 0.37847222291666666 0.869140625 0.359375 0.87109375 0.35243055624999997 0.87109375 0.33506944375000003 0.873046875 0.33159722291666666 0.87109375 0.328125 0.87109375 0.3107638895833333 0.865234375 0.28993055624999997 0.8583984375 0.27777777708333334 0.8466796875 0.2673611104166667
1 0.791015625 0.24826388958333334 0.794921875 0.265625 0.8056640625 0.28819444375000003 0.818359375 0.28993055624999997 0.8291015625 0.2708333333333333 0.8359375 0.265625 0.8359375 0.23784722291666668 0.83203125 0.22395833333333334 0.8232421875 0.20833333333333334 0.8134765625 0.20138888958333334 0.8076171875 0.20138888958333334 0.794921875 0.21701388958333334 0.791015625 0.23090277708333332 0.791015625 0.24826388958333334
1 0.546875 0.19618055625 0.5517578125 0.20833333333333334 0.5615234375 0.21875 0.576171875 0.21701388958333334 0.5810546875 0.21180555625 0.587890625 0.19618055625 0.587890625 0.171875 0.5771484375 0.14930555625 0.5732421875 0.14583333333333334 0.5595703125 0.14583333333333334 0.5556640625 0.14930555625 0.546875 0.16840277708333332 0.544921875 0.17881944375 0.546875 0.19618055625
1 0.5048828125 0.20486111041666666 0.513671875 0.203125 0.525390625 0.18576388958333334 0.52734375 0.17534722291666668 0.525390625 0.15451388958333334 0.5146484375 0.13888888958333334 0.5009765625 0.13888888958333334 0.490234375 0.15451388958333334 0.48828125 0.16493055625 0.490234375 0.18576388958333334 0.4990234375 0.20138888958333334 0.5048828125 0.20486111041666666
1 0.923828125 0.3489583333333333 0.927734375 0.36284722291666666 0.9345703125 0.36805555624999997 0.9423828125 0.38194444375000003 0.94921875 0.3802083333333333 0.9560546875 0.375 0.9609375 0.36631944375000003 0.962890625 0.35590277708333334 0.962890625 0.328125 0.95703125 0.30381944375000003 0.9482421875 0.28819444375000003 0.9365234375 0.28472222291666666 0.9326171875 0.28819444375000003 0.923828125 0.3072916666666667 0.923828125 0.3489583333333333
1 0.337890625 0.22395833333333334 0.3447265625 0.23611111041666666 0.3525390625 0.24305555625 0.3671875 0.24131944375 0.376953125 0.22395833333333334 0.376953125 0.19618055625 0.3662109375 0.18055555625 0.3583984375 0.18055555625 0.3564453125 0.17708333333333334 0.3447265625 0.17708333333333334 0.3408203125 0.18055555625 0.333984375 0.19618055625 0.333984375 0.21006944375 0.337890625 0.22395833333333334
0 0.4228515625 0.19097222291666668 0.42578125 0.18923611041666666 0.423828125 0.18576388958333334 0.423828125 0.15798611041666666 0.4306640625 0.14583333333333334 0.4375 0.140625 0.4345703125 0.13541666666666666 0.4228515625 0.13541666666666666 0.4140625 0.15451388958333334 0.4140625 0.17534722291666668 0.416015625 0.18229166666666666 0.4228515625 0.19097222291666668