1 0.6826171875 0.34027777708333334 0.6708984375 0.33680555624999997 0.6689453125 0.3333333333333333 0.6416015625 0.3333333333333333 0.6279296875 0.34375 0.611328125 0.3732638895833333 0.603515625 0.41493055624999997 0.60546875 0.4427083333333333 0.61328125 0.4739583333333333 0.6357421875 0.5104166666666666 0.6474609375 0.5173611104166667 0.6640625 0.515625 0.6748046875 0.5138888895833333 0.6865234375 0.5034722229166666 0.697265625 0.484375 0.703125 0.4635416666666667 0.70703125 0.4322916666666667 0.708984375 0.42881944375000003 0.70703125 0.421875 0.70703125 0.4045138895833333 0.701171875 0.3732638895833333 0.6826171875 0.34027777708333334
1 0.2412109375 0.78125 0.2353515625 0.78125 0.2333984375 0.7777777770833333 0.2041015625 0.7777777770833333 0.1904296875 0.7881944437499999 0.171875 0.8211805562500001 0.16796875 0.8350694437499999 0.166015625 0.8454861104166667 0.166015625 0.8975694437499999 0.16796875 0.9010416666666666 0.169921875 0.9253472229166667 0.1796875 0.9600694437499999 0.19140625 0.9878472229166667 0.1962890625 0.9965277770833333 0.2021484375 1 0.28515625 0.9982638895833333 0.2880859375 0.9965277770833333 0.294921875 0.9809027770833333 0.302734375 0.9427083333333334 0.30078125 0.8940972229166667 0.298828125 0.890625 0.296875 0.8697916666666666 0.2890625 0.8454861104166667 0.2666015625 0.8055555562500001 0.2587890625 0.7951388895833333 0.2412109375 0.78125
1 0.08203125 0.52256944375 0.083984375 0.5260416666666666 0.083984375 0.5364583333333334 0.0859375 0.5434027770833333 0.0927734375 0.5555555562500001 0.09375 0.5538194437499999 0.09375 0.5121527770833334 0.09765625 0.49131944375000003 0.1083984375 0.46875 0.123046875 0.46006944375000003 0.1181640625 0.4479166666666667 0.1083984375 0.44097222291666666 0.0966796875 0.4479166666666667 0.0859375 0.4670138895833333 0.08203125 0.484375 0.08203125 0.52256944375
1 0.1611328125 0.34375 0.1650390625 0.34722222291666666 0.171875 0.3454861104166667 0.1787109375 0.34027777708333334 0.18359375 0.33159722291666666 0.1875 0.296875 0.185546875 0.2864583333333333 0.1787109375 0.27430555624999997 0.1669921875 0.2708333333333333 0.15625 0.2864583333333333 0.15234375 0.30034722291666666 0.15234375 0.32465277708333334 0.1611328125 0.34375
0 0.7412109375 0.22222222291666668 0.7373046875 0.22569444375 0.72265625 0.2552083333333333 0.720703125 0.265625 0.720703125 0.29340277708333334 0.72265625 0.30381944375000003 0.7265625 0.3177083333333333 0.7412109375 0.34375 0.7451171875 0.34722222291666666 0.767578125 0.3454861104166667 0.7744140625 0.34027777708333334 0.787109375 0.3142361104166667 0.7890625 0.30381944375000003 0.7890625 0.27256944375000003 0.787109375 0.26215277708333334 0.78125 0.24479166666666666 0.7724609375 0.22916666666666666 0.7646484375 0.22222222291666668 0.7587890625 0.21875 0.7412109375 0.22222222291666668
0 0.4912109375 0.375 0.4697265625 0.37847222291666666 0.4521484375 0.3958333333333333 0.439453125 0.41840277708333334 0.4375 0.42881944375000003 0.43359375 0.4357638895833333 0.427734375 0.46006944375000003 0.427734375 0.4982638895833333 0.4296875 0.5017361104166667 0.4296875 0.515625 0.4375 0.5434027770833333 0.4501953125 0.5659722229166667 0.4599609375 0.5729166666666666 0.4638671875 0.5798611104166667 0.4697265625 0.5833333333333334 0.5 0.5815972229166667 0.5107421875 0.5763888895833333 0.5263671875 0.5555555562500001 0.5390625 0.52256944375 0.54296875 0.5017361104166667 0.54296875 0.44965277708333334 0.533203125 0.41840277708333334 0.5205078125 0.3958333333333333 0.5048828125 0.38194444375000003 0.4931640625 0.37847222291666666 0.4912109375 0.375
0 0.5185546875 0.2951388895833333 0.4990234375 0.2986111104166667 0.4833984375 0.31597222291666666 0.46875 0.3420138895833333 0.46484375 0.35590277708333334 0.4658203125 0.38194444375000003 0.4697265625 0.37847222291666666 0.4794921875 0.37847222291666666 0.4814453125 0.375 0.4912109375 0.375 0.5087890625 0.3854166666666667 0.5205078125 0.3958333333333333 0.53515625 0.421875 0.541015625 0.44618055624999997 0.544921875 0.44618055624999997 0.548828125 0.4427083333333333 0.55859375 0.41493055624999997 0.55859375 0.4045138895833333 0.5625 0.38715277708333334 0.5625 0.3697916666666667 0.552734375 0.33159722291666666 0.5419921875 0.3125 0.5283203125 0.2986111104166667 0.5205078125 0.2986111104166667 0.5185546875 0.2951388895833333
0 0.486328125 0.22048611041666666 0.482421875 0.23784722291666668 0.482421875 0.265625 0.48828125 0.2864583333333333 0.4970703125 0.2986111104166667 0.5205078125 0.2951388895833333 0.5302734375 0.3020833333333333 0.537109375 0.30034722291666666 0.546875 0.2864583333333333 0.552734375 0.265625 0.552734375 0.24131944375 0.546875 0.21701388958333334 0.5322265625 0.19444444375 0.5205078125 0.1875 0.5166015625 0.19097222291666668 0.5068359375 0.19097222291666668 0.4931640625 0.20486111041666666 0.486328125 0.22048611041666666
0 0.1162109375 0.46180555624999997 0.1083984375 0.46875 0.09765625 0.49131944375000003 0.09765625 0.4982638895833333 0.09375 0.50868055625 0.09375 0.5503472229166667 0.09765625 0.5607638895833333 0.09765625 0.5677083333333334 0.1123046875 0.59375 0.1162109375 0.5972222229166667 0.134765625 0.5954861104166667 0.1396484375 0.59375 0.150390625 0.5746527770833333 0.15234375 0.5538194437499999 0.154296875 0.5503472229166667 0.154296875 0.5190972229166666 0.15234375 0.515625 0.150390625 0.4947916666666667 0.1357421875 0.46527777708333334 0.1318359375 0.46180555624999997 0.1162109375 0.46180555624999997
0 0.01953125 0.6614583333333334 0.021484375 0.6510416666666666 0.021484375 0.6163194437499999 0.013671875 0.5850694437499999 0.0087890625 0.5763888895833333 0.0009765625 0.5729166666666666 0 0.6684027770833333 0.0029296875 0.6736111104166667 0.013671875 0.671875 0.01953125 0.6614583333333334
0 0.099609375 0.4114583333333333 0.109375 0.39756944375000003 0.11328125 0.3767361104166667 0.111328125 0.35590277708333334 0.1044921875 0.34027777708333334 0.0947265625 0.34027777708333334 0.0908203125 0.34375 0.08203125 0.3732638895833333 0.083984375 0.39756944375000003 0.0927734375 0.41319444375000003 0.099609375 0.4114583333333333
0 0.15234375 0.328125 0.15234375 0.30034722291666666 0.15625 0.2864583333333333 0.1640625 0.27256944375000003 0.1572265625 0.26388888958333334 0.1455078125 0.2708333333333333 0.138671875 0.28993055624999997 0.138671875 0.3142361104166667 0.140625 0.32118055624999997 0.1455078125 0.3298611104166667 0.15234375 0.328125
0 0.3916015625 0.13888888958333334 0.380859375 0.16145833333333334 0.380859375 0.18576388958333334 0.3828125 0.19270833333333334 0.3935546875 0.20833333333333334 0.41015625 0.20659722291666668 0.4169921875 0.20138888958333334 0.423828125 0.18229166666666666 0.423828125 0.171875 0.42578125 0.16840277708333332 0.423828125 0.16493055625 0.423828125 0.15451388958333334 0.419921875 0.14409722291666668 0.4130859375 0.13541666666666666 0.3974609375 0.13541666666666666 0.3916015625 0.13888888958333334
0 0.224609375 0.2552083333333333 0.220703125 0.24479166666666666 0.21875 0.22395833333333334 0.220703125 0.21354166666666666 0.23046875 0.19618055625 0.2255859375 0.19097222291666668 0.2197265625 0.19444444375 0.208984375 0.21701388958333334 0.2109375 0.24479166666666666 0.2197265625 0.25694444375 0.224609375 0.2552083333333333
1 0.5439453125 0.12152777708333334 0.5283203125 0.13194444375 0.51953125 0.15104166666666666 0.51953125 0.16493055625 0.521484375 0.16493055625 0.5458984375 0.13888888958333334 0.55078125 0.1267361104166667 0.5439453125 0.12152777708333334
1 0.5361328125 0.19791666666666666 0.5439453125 0.21180555625 0.552734375 0.21006944375 0.5615234375 0.20138888958333334 0.568359375 0.18229166666666666 0.5703125 0.16145833333333334 0.5673828125 0.15277777708333332 0.5634765625 0.15277777708333332 0.5400390625 0.17361111041666666 0.521484375 0.17881944375 0.521484375 0.18576388958333334 0.5244140625 0.19097222291666668 0.5361328125 0.19791666666666666