1 0.041015625 0.5572916666666666 0.0478515625 0.5729166666666666 0.060546875 0.5711805562500001 0.064453125 0.5677083333333334 0.068359375 0.5503472229166667 0.068359375 0.52256944375 0.06640625 0.5121527770833334 0.0576171875 0.49652777708333334 0.0498046875 0.49652777708333334 0.041015625 0.5121527770833334 0.041015625 0.52256944375 0.0390625 0.5260416666666666 0.041015625 0.5572916666666666
1 0.78125 0.3420138895833333 0.783203125 0.38368055624999997 0.787109375 0.39756944375000003 0.7998046875 0.4166666666666667 0.8076171875 0.4166666666666667 0.8095703125 0.4201388895833333 0.818359375 0.41840277708333334 0.8251953125 0.41319444375000003 0.833984375 0.39756944375000003 0.837890625 0.3802083333333333 0.837890625 0.3489583333333333 0.83203125 0.328125 0.8212890625 0.30902777708333334 0.8173828125 0.30555555624999997 0.7998046875 0.30555555624999997 0.78515625 0.328125 0.78125 0.3420138895833333
1 0.453125 0.20659722291666668 0.4638671875 0.22916666666666666 0.4677734375 0.23263888958333334 0.474609375 0.23090277708333332 0.4833984375 0.22569444375 0.48828125 0.21701388958333334 0.4921875 0.203125 0.4921875 0.18576388958333334 0.4833984375 0.16666666666666666 0.4794921875 0.16319444375 0.4677734375 0.16319444375 0.455078125 0.17881944375 0.453125 0.18576388958333334 0.453125 0.20659722291666668
1 0.341796875 0.20659722291666668 0.341796875 0.18576388958333334 0.33984375 0.17881944375 0.3349609375 0.17361111041666666 0.3251953125 0.17361111041666666 0.31640625 0.18576388958333334 0.314453125 0.203125 0.3232421875 0.22222222291666668 0.333984375 0.22048611041666666 0.341796875 0.20659722291666668
1 0.6201171875 0.22569444375 0.63671875 0.22395833333333334 0.646484375 0.20659722291666668 0.646484375 0.18229166666666666 0.642578125 0.16840277708333332 0.6298828125 0.15625 0.6201171875 0.15625 0.6103515625 0.16666666666666666 0.607421875 0.17534722291666668 0.607421875 0.19965277708333332 0.609375 0.20659722291666668 0.6201171875 0.22569444375
1 0.646484375 0.203125 0.6513671875 0.21180555625 0.6572265625 0.21527777708333332 0.662109375 0.21354166666666666 0.6689453125 0.20833333333333334 0.673828125 0.19965277708333332 0.67578125 0.19270833333333334 0.67578125 0.16840277708333332 0.6669921875 0.14930555625 0.6513671875 0.14583333333333334 0.640625 0.16145833333333334 0.642578125 0.171875 0.646484375 0.17881944375 0.646484375 0.203125
1 0.63671875 0.14409722291666668 0.638671875 0.13368055625 0.634765625 0.11631944375 0.6279296875 0.10763888958333333 0.6162109375 0.10763888958333333 0.607421875 0.1267361104166667 0.609375 0.14409722291666668 0.6162109375 0.15625 0.630859375 0.15451388958333334 0.63671875 0.14409722291666668
1 0.763671875 0.234375 0.7685546875 0.24305555625 0.77734375 0.24479166666666666 0.7890625 0.234375 0.79296875 0.21701388958333334 0.79296875 0.20659722291666668 0.7890625 0.18923611041666666 0.7841796875 0.18055555625 0.7724609375 0.17361111041666666 0.759765625 0.19270833333333334 0.759765625 0.203125 0.763671875 0.21701388958333334 0.763671875 0.234375
1 0.6826171875 0.17708333333333334 0.69140625 0.17534722291666668 0.6943359375 0.17361111041666666 0.701171875 0.15798611041666666 0.69921875 0.13368055625 0.6923828125 0.12152777708333334 0.6865234375 0.11805555625 0.6767578125 0.12152777708333334 0.669921875 0.13715277708333332 0.669921875 0.15451388958333334 0.6787109375 0.17361111041666666 0.6826171875 0.17708333333333334
1 0.7265625 0.16145833333333334 0.7314453125 0.16666666666666666 0.734375 0.16493055625 0.7392578125 0.15972222291666668 0.7421875 0.15104166666666666 0.744140625 0.140625 0.7421875 0.13020833333333334 0.7333984375 0.11458333333333333 0.7236328125 0.11458333333333333 0.7197265625 0.11805555625 0.71875 0.12326388958333333 0.7265625 0.140625 0.7265625 0.16145833333333334
1 0.0869140625 0.5173611104166667 0.091796875 0.515625 0.095703125 0.48784722291666666 0.10546875 0.4704861104166667 0.103515625 0.453125 0.0966796875 0.44097222291666666 0.0869140625 0.44097222291666666 0.078125 0.45659722291666666 0.07421875 0.47743055624999997 0.07421875 0.48784722291666666 0.078125 0.5052083333333334 0.0869140625 0.5173611104166667
1 0.1787109375 0.3611111104166667 0.185546875 0.359375 0.19140625 0.3489583333333333 0.1953125 0.33506944375000003 0.1953125 0.3177083333333333 0.1884765625 0.3020833333333333 0.1787109375 0.2986111104166667 0.16796875 0.3142361104166667 0.166015625 0.32118055624999997 0.166015625 0.3420138895833333 0.1728515625 0.3576388895833333 0.1787109375 0.3611111104166667
1 0.2666015625 0.2673611104166667 0.275390625 0.26909722291666666 0.2802734375 0.2673611104166667 0.287109375 0.2552083333333333 0.2890625 0.24479166666666666 0.287109375 0.22395833333333334 0.2822265625 0.21527777708333332 0.2763671875 0.21180555625 0.2666015625 0.21875 0.259765625 0.234375 0.259765625 0.2552083333333333 0.2666015625 0.2673611104166667
0 0.1787109375 0.3611111104166667 0.185546875 0.359375 0.19140625 0.3489583333333333 0.1953125 0.33506944375000003 0.1953125 0.3177083333333333 0.1884765625 0.3020833333333333 0.1787109375 0.2986111104166667 0.16796875 0.3142361104166667 0.166015625 0.32118055624999997 0.166015625 0.3420138895833333 0.1728515625 0.3576388895833333 0.1787109375 0.3611111104166667
0 0.0869140625 0.5173611104166667 0.091796875 0.515625 0.095703125 0.48784722291666666 0.10546875 0.4704861104166667 0.10546875 0.45659722291666666 0.0966796875 0.44097222291666666 0.0869140625 0.44097222291666666 0.078125 0.45659722291666666 0.07421875 0.47743055624999997 0.07421875 0.48784722291666666 0.078125 0.5052083333333334 0.0869140625 0.5173611104166667
0 0.5234375 0.14756944375 0.5234375 0.16840277708333332 0.5302734375 0.17708333333333334 0.533203125 0.17534722291666668 0.5380859375 0.17361111041666666 0.544921875 0.16145833333333334 0.546875 0.15451388958333334 0.546875 0.13715277708333332 0.5419921875 0.125 0.5341796875 0.11805555625 0.5283203125 0.11805555625 0.5224609375 0.12152777708333334 0.517578125 0.13368055625 0.5234375 0.14756944375
0 0.5673828125 0.19791666666666666 0.578125 0.19618055625 0.587890625 0.18229166666666666 0.58984375 0.171875 0.587890625 0.15104166666666666 0.5771484375 0.13541666666666666 0.5634765625 0.13541666666666666 0.5546875 0.14756944375 0.552734375 0.15451388958333334 0.552734375 0.171875 0.5634765625 0.19444444375 0.5673828125 0.19791666666666666
0 0.701171875 0.16145833333333334 0.703125 0.16840277708333332 0.7060546875 0.17361111041666666 0.720703125 0.171875 0.7265625 0.15798611041666666 0.7265625 0.140625 0.724609375 0.13368055625 0.7177734375 0.12152777708333334 0.7119140625 0.12152777708333334 0.7099609375 0.11805555625 0.7001953125 0.125 0.69921875 0.140625 0.701171875 0.14409722291666668 0.701171875 0.16145833333333334
0 0.7568359375 0.19444444375 0.759765625 0.19270833333333334 0.771484375 0.16840277708333332 0.767578125 0.15798611041666666 0.7607421875 0.14930555625 0.7490234375 0.14930555625 0.7451171875 0.15277777708333332 0.740234375 0.16145833333333334 0.73828125 0.17534722291666668 0.7412109375 0.18055555625 0.7509765625 0.18402777708333332 0.7568359375 0.19444444375
0 0.78125 0.14409722291666668 0.787109375 0.13368055625 0.78515625 0.1267361104166667 0.7783203125 0.11805555625 0.7705078125 0.11805555625 0.763671875 0.1267361104166667 0.76171875 0.14756944375 0.7724609375 0.16666666666666666 0.78125 0.16493055625 0.78125 0.14409722291666668
0 0.806640625 0.171875 0.806640625 0.15104166666666666 0.7978515625 0.13541666666666666 0.7861328125 0.13194444375 0.779296875 0.14756944375 0.78125 0.16493055625 0.7880859375 0.18055555625 0.7919921875 0.18402777708333332 0.80078125 0.18229166666666666 0.806640625 0.171875
0 0.73828125 0.296875 0.73828125 0.3072916666666667 0.736328125 0.3107638895833333 0.73828125 0.3177083333333333 0.73828125 0.33506944375000003 0.740234375 0.3454861104166667 0.7568359375 0.37152777708333334 0.7607421875 0.375 0.771484375 0.3732638895833333 0.78125 0.36631944375000003 0.78125 0.3420138895833333 0.783203125 0.33159722291666666 0.79296875 0.3072916666666667 0.787109375 0.2864583333333333 0.7802734375 0.27430555624999997 0.7724609375 0.2673611104166667 0.7568359375 0.2673611104166667 0.7490234375 0.27430555624999997 0.73828125 0.296875
0 0.818359375 0.29340277708333334 0.8232421875 0.3020833333333333 0.837890625 0.30034722291666666 0.84765625 0.2864583333333333 0.849609375 0.2760416666666667 0.84765625 0.24826388958333334 0.8369140625 0.22569444375 0.8212890625 0.22222222291666668 0.810546875 0.23784722291666668 0.80859375 0.25173611041666666 0.814453125 0.26215277708333334 0.818359375 0.2760416666666667 0.818359375 0.29340277708333334
0 0.853515625 0.29340277708333334 0.85546875 0.30381944375000003 0.8603515625 0.31597222291666666 0.86328125 0.3142361104166667 0.8701171875 0.30555555624999997 0.8837890625 0.30555555624999997 0.8896484375 0.30902777708333334 0.892578125 0.30034722291666666 0.890625 0.27256944375000003 0.8779296875 0.24652777708333332 0.8662109375 0.24652777708333332 0.8623046875 0.25 0.853515625 0.26909722291666666 0.853515625 0.29340277708333334
0 0.900390625 0.2795138895833333 0.90234375 0.30034722291666666 0.9091796875 0.3229166666666667 0.9150390625 0.3298611104166667 0.923828125 0.328125 0.9267578125 0.3263888895833333 0.93359375 0.3107638895833333 0.935546875 0.30034722291666666 0.93359375 0.2829861104166667 0.931640625 0.27256944375000003 0.9208984375 0.25347222291666666 0.9111328125 0.25347222291666666 0.9072265625 0.25694444375 0.90234375 0.26909722291666666 0.900390625 0.2795138895833333
0 0.9716796875 0.4375 0.978515625 0.4357638895833333 0.98828125 0.421875 0.9921875 0.4010416666666667 0.9921875 0.38715277708333334 0.986328125 0.359375 0.9755859375 0.34375 0.9677734375 0.34375 0.95703125 0.36631944375000003 0.955078125 0.390625 0.962890625 0.42534722291666666 0.9716796875 0.4375
1 0.1669921875 0.4548611104166667 0.16796875 0.453125 0.17578125 0.4322916666666667 0.17578125 0.39756944375000003 0.173828125 0.390625 0.1650390625 0.37847222291666666 0.1513671875 0.37847222291666666 0.140625 0.4010416666666667 0.138671875 0.4114583333333333 0.140625 0.4357638895833333 0.1533203125 0.4375 0.1669921875 0.4548611104166667
1 0.125 0.4947916666666667 0.130859375 0.5190972229166666 0.1376953125 0.53125 0.1435546875 0.5347222229166667 0.15625 0.5329861104166667 0.1591796875 0.53125 0.16796875 0.5121527770833334 0.169921875 0.5017361104166667 0.169921875 0.4704861104166667 0.16796875 0.46006944375000003 0.1552734375 0.4375 0.1416015625 0.4375 0.130859375 0.453125 0.125 0.47743055624999997 0.125 0.4947916666666667
0 0.2958984375 0.25 0.302734375 0.24826388958333334 0.3076171875 0.24652777708333332 0.310546875 0.24131944375 0.314453125 0.22743055625 0.314453125 0.20659722291666668 0.3095703125 0.19791666666666666 0.2978515625 0.19444444375 0.2939453125 0.19791666666666666 0.287109375 0.21354166666666666 0.287109375 0.23090277708333332 0.2958984375 0.25
0 0.2734375 0.20659722291666668 0.2744140625 0.21527777708333332 0.287109375 0.21701388958333334 0.29296875 0.19965277708333332 0.2919921875 0.19444444375 0.2802734375 0.19444444375 0.2734375 0.20659722291666668