1 0.2978515625 1 0.2998046875 0.9965277770833333 0.3056640625 1 0.4453125 0.9982638895833333 0.44921875 0.9913194437499999 0.44921875 0.9427083333333334 0.44140625 0.9010416666666666 0.431640625 0.8732638895833333 0.4150390625 0.84375 0.4072265625 0.8368055562500001 0.4013671875 0.8263888895833333 0.3857421875 0.8125 0.3798828125 0.8125 0.3720703125 0.8055555562500001 0.3349609375 0.8055555562500001 0.3173828125 0.8159722229166667 0.3017578125 0.8333333333333334 0.2890625 0.8559027770833333 0.27734375 0.8940972229166667 0.2734375 0.9461805562500001 0.275390625 0.9496527770833333 0.27734375 0.984375 0.2822265625 0.9965277770833333 0.2880859375 1 0.2978515625 1
1 0.2197265625 0.2986111104166667 0.2109375 0.3142361104166667 0.20703125 0.33506944375000003 0.208984375 0.36631944375000003 0.21484375 0.3802083333333333 0.2255859375 0.3958333333333333 0.244140625 0.39409722291666666 0.2509765625 0.3888888895833333 0.259765625 0.3697916666666667 0.26171875 0.359375 0.26171875 0.32118055624999997 0.2578125 0.3072916666666667 0.2490234375 0.2916666666666667 0.2314453125 0.28819444375000003 0.2197265625 0.2986111104166667
1 0.2431640625 0.28819444375000003 0.2529296875 0.2951388895833333 0.259765625 0.3107638895833333 0.26171875 0.33159722291666666 0.2646484375 0.33680555624999997 0.265625 0.33506944375000003 0.2734375 0.3072916666666667 0.271484375 0.2795138895833333 0.2568359375 0.25694444375 0.2431640625 0.25694444375 0.2353515625 0.26388888958333334 0.228515625 0.2760416666666667 0.224609375 0.28993055624999997 0.2431640625 0.28819444375000003
1 0.2001953125 0.2604166666666667 0.208984375 0.26215277708333334 0.208984375 0.24479166666666666 0.20703125 0.23784722291666668 0.2001953125 0.22916666666666666 0.1884765625 0.23263888958333334 0.1796875 0.24826388958333334 0.1806640625 0.25347222291666666 0.1943359375 0.25347222291666666 0.2001953125 0.2604166666666667
1 0.2822265625 0.18402777708333332 0.275390625 0.203125 0.275390625 0.22048611041666666 0.2783203125 0.22916666666666666 0.28125 0.22743055625 0.28515625 0.21354166666666666 0.2939453125 0.19791666666666666 0.2978515625 0.19444444375 0.3134765625 0.19444444375 0.310546875 0.18229166666666666 0.3037109375 0.17361111041666666 0.2919921875 0.17361111041666666 0.2822265625 0.18402777708333332
1 0.3076171875 0.21875 0.3134765625 0.22222222291666668 0.3173828125 0.22916666666666666 0.3203125 0.22743055625 0.32421875 0.22048611041666666 0.32421875 0.21354166666666666 0.322265625 0.20659722291666668 0.3134765625 0.19444444375 0.2978515625 0.19444444375 0.2939453125 0.19791666666666666 0.283203125 0.22048611041666666 0.3076171875 0.21875
1 0.234375 0.24131944375 0.236328125 0.24826388958333334 0.2431640625 0.25694444375 0.259765625 0.2552083333333333 0.267578125 0.23784722291666668 0.26953125 0.21354166666666666 0.2607421875 0.19444444375 0.2509765625 0.19097222291666668 0.2451171875 0.19444444375 0.236328125 0.21006944375 0.234375 0.21701388958333334 0.234375 0.24131944375
1 0.1357421875 0.30555555624999997 0.1318359375 0.30902777708333334 0.125 0.32465277708333334 0.123046875 0.33506944375000003 0.125 0.36631944375000003 0.1318359375 0.37847222291666666 0.140625 0.3802083333333333 0.1455078125 0.37847222291666666 0.154296875 0.36284722291666666 0.15625 0.3420138895833333 0.158203125 0.3385416666666667 0.15625 0.32118055624999997 0.15234375 0.3107638895833333 0.1474609375 0.30555555624999997 0.1357421875 0.30555555624999997
1 0.1318359375 0.28819444375000003 0.125 0.30381944375000003 0.123046875 0.3177083333333333 0.12890625 0.3177083333333333 0.1298828125 0.3125 0.1376953125 0.30555555624999997 0.1455078125 0.30555555624999997 0.1513671875 0.3125 0.15234375 0.296875 0.1455078125 0.28472222291666666 0.1357421875 0.28472222291666666 0.1318359375 0.28819444375000003
1 0.6142578125 0.22916666666666666 0.6083984375 0.22569444375 0.5888671875 0.22569444375 0.5869140625 0.22916666666666666 0.5810546875 0.22916666666666666 0.5625 0.25868055625 0.5625 0.265625 0.55859375 0.2760416666666667 0.55859375 0.28993055624999997 0.556640625 0.29340277708333334 0.55859375 0.3142361104166667 0.564453125 0.33506944375000003 0.5751953125 0.3541666666666667 0.5849609375 0.3576388895833333 0.5966796875 0.36805555624999997 0.607421875 0.36631944375000003 0.6240234375 0.3541666666666667 0.63671875 0.32465277708333334 0.63671875 0.3107638895833333 0.638671875 0.3072916666666667 0.63671875 0.2760416666666667 0.6328125 0.265625 0.6328125 0.25868055625 0.6142578125 0.22916666666666666
1 0.4482421875 0.14583333333333334 0.4306640625 0.15972222291666668 0.423828125 0.17534722291666668 0.42578125 0.18576388958333334 0.4345703125 0.20138888958333334 0.4404296875 0.20833333333333334 0.443359375 0.20659722291666668 0.4560546875 0.1875 0.4658203125 0.18402777708333332 0.46875 0.17881944375 0.46875 0.15104166666666666 0.466796875 0.14409722291666668 0.4580078125 0.13194444375 0.4541015625 0.13194444375 0.4482421875 0.14583333333333334
0 0.4560546875 0.1875 0.4453125 0.203125 0.439453125 0.22743055625 0.439453125 0.25173611041666666 0.44140625 0.2552083333333333 0.44140625 0.265625 0.4541015625 0.28819444375000003 0.4697265625 0.2986111104166667 0.474609375 0.296875 0.4892578125 0.28819444375000003 0.49609375 0.2760416666666667 0.50390625 0.25173611041666666 0.50390625 0.22743055625 0.49609375 0.19965277708333332 0.4833984375 0.18402777708333332 0.4619140625 0.18402777708333332 0.4560546875 0.1875
0 0.3388671875 0.19791666666666666 0.3203125 0.22743055625 0.318359375 0.234375 0.318359375 0.25868055625 0.32421875 0.2795138895833333 0.3330078125 0.2916666666666667 0.3388671875 0.2951388895833333 0.35546875 0.29340277708333334 0.3623046875 0.28819444375000003 0.369140625 0.27256944375000003 0.373046875 0.25868055625 0.373046875 0.23090277708333332 0.369140625 0.21701388958333334 0.3603515625 0.20138888958333334 0.3564453125 0.19791666666666666 0.3388671875 0.19791666666666666
0 0.271484375 0.25173611041666666 0.271484375 0.2864583333333333 0.2802734375 0.30902777708333334 0.2841796875 0.30902777708333334 0.2900390625 0.31597222291666666 0.30078125 0.3142361104166667 0.3095703125 0.30902777708333334 0.31640625 0.296875 0.3203125 0.2829861104166667 0.318359375 0.234375 0.3134765625 0.22222222291666668 0.2900390625 0.21875 0.2861328125 0.22222222291666668 0.271484375 0.25173611041666666
0 0.2802734375 0.49305555624999997 0.2666015625 0.4826388895833333 0.2431640625 0.4826388895833333 0.2333984375 0.4895833333333333 0.2255859375 0.5 0.21484375 0.52256944375 0.20703125 0.5607638895833333 0.20703125 0.6024305562500001 0.21875 0.640625 0.2314453125 0.6631944437499999 0.2353515625 0.6631944437499999 0.2451171875 0.6736111104166667 0.26953125 0.671875 0.2841796875 0.6631944437499999 0.294921875 0.6440972229166667 0.3046875 0.6197916666666666 0.3046875 0.609375 0.30859375 0.5954861104166667 0.306640625 0.5503472229166667 0.296875 0.515625 0.2802734375 0.49305555624999997
0 0.1552734375 0.49305555624999997 0.1396484375 0.4791666666666667 0.1298828125 0.4791666666666667 0.1201171875 0.4861111104166667 0.111328125 0.4982638895833333 0.103515625 0.5260416666666666 0.1015625 0.5677083333333334 0.109375 0.6024305562500001 0.1201171875 0.6215277770833333 0.1279296875 0.6284722229166667 0.142578125 0.6267361104166667 0.1494140625 0.625 0.1552734375 0.6180555562500001 0.162109375 0.6059027770833333 0.166015625 0.5920138895833333 0.16796875 0.5815972229166667 0.16796875 0.5329861104166667 0.1640625 0.5121527770833334 0.1552734375 0.49305555624999997
0 0.1376953125 0.40972222291666666 0.1318359375 0.40625 0.1201171875 0.40972222291666666 0.107421875 0.42881944375000003 0.1015625 0.45659722291666666 0.1015625 0.484375 0.103515625 0.4947916666666667 0.1083984375 0.5034722229166666 0.111328125 0.5017361104166667 0.1162109375 0.4895833333333333 0.1298828125 0.4791666666666667 0.1396484375 0.4791666666666667 0.1494140625 0.4861111104166667 0.15234375 0.484375 0.15234375 0.44618055624999997 0.150390625 0.4357638895833333 0.1376953125 0.40972222291666666
0 0.05078125 0.44965277708333334 0.0576171875 0.46527777708333334 0.0615234375 0.46875 0.068359375 0.4670138895833333 0.07421875 0.46006944375000003 0.078125 0.44618055624999997 0.078125 0.4114583333333333 0.0712890625 0.3958333333333333 0.0634765625 0.3923611104166667 0.0546875 0.4045138895833333 0.05078125 0.41840277708333334 0.05078125 0.44965277708333334
0 0.015625 0.5295138895833333 0.0224609375 0.5451388895833333 0.033203125 0.5434027770833333 0.0390625 0.5329861104166667 0.041015625 0.52256944375 0.041015625 0.48784722291666666 0.0341796875 0.46875 0.0224609375 0.46875 0.017578125 0.47743055624999997 0.013671875 0.4947916666666667 0.015625 0.5295138895833333
0 0.1064453125 0.38194444375000003 0.1103515625 0.3854166666666667 0.12109375 0.38368055624999997 0.126953125 0.3732638895833333 0.123046875 0.35590277708333334 0.125 0.32118055624999997 0.1220703125 0.31597222291666666 0.1123046875 0.31597222291666666 0.1015625 0.3385416666666667 0.099609375 0.36284722291666666 0.1064453125 0.38194444375000003
0 0.173828125 0.3142361104166667 0.169921875 0.33159722291666666 0.169921875 0.35590277708333334 0.173828125 0.3697916666666667 0.1806640625 0.38194444375000003 0.1845703125 0.3854166666666667 0.201171875 0.38368055624999997 0.2109375 0.3697916666666667 0.208984375 0.36631944375000003 0.208984375 0.3489583333333333 0.20703125 0.3454861104166667 0.2109375 0.3072916666666667 0.2021484375 0.2916666666666667 0.1884765625 0.2916666666666667 0.173828125 0.3142361104166667
1 0.1962890625 0.26388888958333334 0.1923828125 0.26388888958333334 0.1904296875 0.2673611104166667 0.1884765625 0.2673611104166667 0.1796875 0.2829861104166667 0.1796875 0.28993055624999997 0.1826171875 0.2951388895833333 0.1865234375 0.2951388895833333 0.1884765625 0.2916666666666667 0.2001953125 0.2916666666666667 0.2021484375 0.2951388895833333 0.2041015625 0.2951388895833333 0.2099609375 0.30555555624999997 0.2119140625 0.30555555624999997 0.212890625 0.30381944375000003 0.212890625 0.2795138895833333 0.2109375 0.2760416666666667 0.2109375 0.27256944375000003 0.2060546875 0.26388888958333334 0.2041015625 0.26388888958333334 0.2021484375 0.2604166666666667 0.1982421875 0.2604166666666667 0.1962890625 0.26388888958333334
0 0.1943359375 0.26388888958333334 0.1953125 0.26215277708333334 0.1953125 0.2552083333333333 0.1943359375 0.25347222291666666 0.1806640625 0.25347222291666666 0.1787109375 0.25694444375 0.1767578125 0.25694444375 0.171875 0.265625 0.171875 0.26909722291666666 0.169921875 0.27256944375000003 0.169921875 0.2760416666666667 0.16796875 0.2795138895833333 0.16796875 0.30381944375000003 0.169921875 0.3072916666666667 0.169921875 0.3107638895833333 0.1708984375 0.3125 0.1728515625 0.3125 0.173828125 0.3107638895833333 0.1796875 0.30034722291666666 0.1796875 0.2829861104166667 0.181640625 0.2795138895833333 0.181640625 0.2760416666666667 0.1845703125 0.2708333333333333 0.1865234375 0.2708333333333333 0.1904296875 0.26388888958333334 0.1943359375 0.26388888958333334