0 0.18671875 0.16944444583333332 0.175 0.17291666666666666 0.1681640625 0.18506944583333332 0.1642578125 0.20243055625 0.1662109375 0.21979166666666666 0.17265625 0.23125 0.17578125312499998 0.23125 0.1798828125 0.23020833333333332 0.18671875 0.225 0.196875 0.20694444583333332 0.196875 0.19965277916666666 0.1955078125 0.18506944583333332 0.18671875 0.16944444583333332
0 0.4591796875 0.34722222291666666 0.4435546875 0.3611111104166667 0.426953125 0.390625 0.4171875 0.4322916666666667 0.419140625 0.484375 0.42890625 0.5190972229166666 0.4474609375 0.5486111104166667 0.4630859375 0.5625 0.493359375 0.5607638895833333 0.5138671875 0.5486111104166667 0.53046875 0.52256944375 0.53828125 0.4947916666666667 0.53828125 0.484375 0.5421875 0.4704861104166667 0.5421875 0.42881944375000003 0.53046875 0.38715277708333334 0.5099609375 0.3541666666666667 0.4943359375 0.34375 0.4689453125 0.34375 0.4669921875 0.34722222291666666 0.4591796875 0.34722222291666666
0 0.437109375 0.23090277708333332 0.42734375 0.26215277708333334 0.42734375 0.2760416666666667 0.4458984375 0.28472222291666666 0.464453125 0.3142361104166667 0.468359375 0.33159722291666666 0.4728515625 0.33958333333333335 0.4767578109375 0.33958333333333335 0.48203125 0.3385416666666667 0.487890625 0.33159722291666666 0.503515625 0.27256944375000003 0.5125 0.2565972229166667 0.5125 0.23854166666666668 0.511328125 0.234375 0.4947265625 0.20833333333333334 0.4888671875 0.20833333333333334 0.4800781234375 0.20208333333333334 0.4662109390625 0.20208333333333334 0.4498046875 0.21180555625 0.437109375 0.23090277708333332
0 0.5072265625 0.13541666666666666 0.4876953125 0.13194444375 0.4759765625 0.13888888958333334 0.461328125 0.16145833333333334 0.457421875 0.17534722291666668 0.457421875 0.18576388958333334 0.4662109375 0.20138888958333334 0.4818359375 0.20138888958333334 0.4974609375 0.21180555625 0.50234375 0.21006944375 0.50625 0.18923611041666666 0.5234375 0.16207561666666667 0.5234375 0.16060956875 0.5150390625 0.14236111041666666 0.5072265625 0.13541666666666666
0 0.4615234375 0.12326388958333333 0.4576171875 0.14409722291666668 0.462109375 0.15208333333333332 0.4644531234375 0.15208333333333332 0.4673828125 0.15104166666666666 0.476171875 0.13888888958333334 0.487890625 0.13194444375 0.49765625 0.13194444375 0.499609375 0.13541666666666666 0.515234375 0.13888888958333334 0.5171875 0.13541666666666666 0.5171875 0.11979166666666667 0.5162109375 0.11631944375 0.50546875 0.10069444375 0.488281246875 0.09791666666666667 0.4830078140625 0.09791666666666667 0.47421875 0.10416666666666667 0.4615234375 0.12326388958333333
0 0.641015625 0.190625 0.6234375 0.17673611041666665 0.6078125 0.17673611041666665 0.5921875 0.18715277708333333 0.5814453125 0.20277777708333333 0.5755859375 0.22013888750000002 0.5736328125 0.24444444375 0.5912109375 0.27222222291666665 0.5970703125 0.29652777708333333 0.5970703125 0.32430555624999996 0.5990234375 0.33125 0.6044921875 0.33541666666666664 0.6169921921875 0.33541666666666664 0.6244140625 0.33472222291666665 0.646875 0.31909722291666665 0.6556640625 0.30347222291666665 0.6609375 0.28159722291666667 0.6609375 0.23854166458333334 0.6556640625 0.21666666666666667 0.641015625 0.190625
0 0.63330078125 0.15451388958333334 0.61865234375 0.13194444375 0.60693359375 0.12847222291666666 0.60498046875 0.125 0.58935546875 0.12847222291666666 0.58154296875 0.13541666666666666 0.56689453125 0.16493055625 0.58154296875 0.19791666666666666 0.58642578125 0.19618055625 0.60107421875 0.18055555625 0.60693359375 0.18055555625 0.60888671875 0.17708333333333334 0.62646484375 0.17708333333333334 0.63232421875 0.18402777708333332 0.6375 0.18402777708333332 0.6375 0.17065972291666667 0.63720703125 0.16493055625 0.63330078125 0.15451388958333334
0 0.3818359375 0.24027777708333334 0.3759765625 0.23680555416666668 0.3544921875 0.23680555416666668 0.3349609375 0.25416666666666665 0.326171875 0.27326388749999997 0.31875 0.3095486104166667 0.31875 0.33738425833333335 0.32421875 0.36006944375 0.3388671875 0.38263888749999997 0.3490234390625 0.39166666666666666 0.36386717968750004 0.39166666666666666 0.3671875 0.39131944375 0.3671875 0.36354166666666665 0.369140625 0.36006944375 0.369140625 0.34618055416666665 0.373046875 0.33576388749999997 0.373046875 0.32881944375 0.3935546875 0.28888888749999997 0.4 0.2839781729166667 0.4 0.2718749979166667 0.3984375 0.26631944375 0.3818359375 0.24027777708333334
0 0.3841796875 0.16979166874999999 0.3744140625 0.16631944583333333 0.3568359375 0.1767361125 0.34609375 0.1923611125 0.33828125 0.21666666874999999 0.33828125 0.23402777916666664 0.3425781234375 0.24166666666666667 0.34492187812499997 0.24166666666666667 0.3548828125 0.23576388958333333 0.3763671875 0.23576388958333333 0.3830078109375 0.24166666666666667 0.3859375015625 0.24166666666666667 0.387109375 0.24097222291666667 0.391015625 0.21666666874999999 0.4 0.19750000208333332 0.4 0.1875 0.3958984375 0.18020833541666667 0.3841796875 0.16979166874999999
1 0.3326171875 0.23194444583333332 0.3267578125 0.225 0.3130859375 0.22152777916666666 0.2974609375 0.23194444583333332 0.2828125 0.26145833333333335 0.27890625 0.27881944583333335 0.27890625 0.3170138895833333 0.2828125 0.334375 0.2935546875 0.35347222291666663 0.2982421859375 0.35625 0.307617196875 0.35625 0.319921875 0.35520833333333335 0.31796875 0.30659722291666663 0.323828125 0.27534722291666663 0.327734375 0.26493055625 0.340625 0.2452877 0.340625 0.23923611041666665 0.3365234375 0.23194444583333332 0.3326171875 0.23194444583333332
1 0.454296875 0.2954861125 0.43671875 0.278125 0.409375 0.278125 0.395703125 0.28854166666666664 0.3771484375 0.31805555625 0.3693359375 0.34930555625 0.3693359375 0.3944444458333333 0.3751953125 0.41875 0.391796875 0.4482638895833333 0.399609375 0.4552083333333333 0.407421875 0.4552083333333333 0.4091796875 0.4583333333333333 0.410742190625 0.4583333333333333 0.4162109375 0.4569444458333333 0.4181640625 0.42916666666666664 0.4240234375 0.4083333333333333 0.4240234375 0.4013888895833333 0.4357421875 0.3736111125 0.4484375 0.3545138895833333 0.46875 0.3424768541666667 0.46875 0.33133680625 0.4611328125 0.3076388895833333 0.454296875 0.2954861125
1 0.412890625 0.17708333333333334 0.4001953125 0.19270833333333334 0.3884765625 0.22743055625 0.3884765625 0.23784722291666668 0.3865234375 0.24131944375 0.3962890625 0.25868055625 0.40287642031250004 0.27708333333333335 0.4113281203125 0.27708333333333335 0.4236328125 0.2760416666666667 0.4275390625 0.26909722291666666 0.4275390625 0.25868055625 0.4373046875 0.23090277708333332 0.45 0.21180555625 0.4609375 0.20432692291666665 0.4609375 0.19305555625 0.455859375 0.18402777708333332 0.441015625 0.17083333333333334 0.426171875 0.17083333333333334 0.424609375 0.17361111041666666 0.412890625 0.17708333333333334
1 0.442578125 0.1282986125 0.42890625 0.1282986125 0.423046875 0.13177083333333334 0.409375 0.14565972291666668 0.4025390625 0.16128472291666668 0.4007672984375 0.18333333333333332 0.4082226578125 0.18333333333333332 0.41328125 0.17690972291666668 0.425 0.16996527916666665 0.440625 0.16996527916666665 0.454296875 0.1803819458333333 0.4609375 0.16183035833333334 0.4609375 0.15052083333333333 0.45234375 0.13524305625000002 0.442578125 0.1282986125
1 0.50390625 0.2760416666666667 0.496875 0.30416666666666664 0.496875 0.3370138875 0.5009765625 0.34722222291666666 0.5048828125 0.34722222291666666 0.5166015625 0.3576388895833333 0.533203125 0.38715277708333334 0.5417578125 0.4125 0.547070309375 0.4125 0.5546875 0.4114583333333333 0.5751953125 0.39930555624999997 0.58984375 0.3732638895833333 0.596875 0.3420138895833333 0.596875 0.30590277708333335 0.595703125 0.30381944375000003 0.59375 0.2829861104166667 0.58984375 0.2760416666666667 0.587890625 0.265625 0.5791015625 0.25 0.5595703125 0.23611111041666666 0.5455078109375 0.23333333333333334 0.5410546890625 0.23333333333333334 0.5185546875 0.25 0.50390625 0.2760416666666667
1 0.5560546875 0.15972222291666668 0.5501953125 0.15625 0.5267578125 0.15972222291666668 0.508203125 0.18576388958333334 0.50234375 0.20659722291666668 0.50234375 0.21354166666666666 0.51015625 0.22743055625 0.5140625 0.24131944375 0.5189453125 0.25 0.519921875 0.24826388958333334 0.5404296875 0.23263888958333334 0.5716796875 0.23958333333333334 0.5796875 0.20952932083333334 0.5796875 0.19457799166666667 0.5677734375 0.17013888958333334 0.5560546875 0.15972222291666668
1 0.5615234375 0.10763888958333333 0.5380859375 0.10416666666666667 0.5263671875 0.11458333333333333 0.515625 0.13715277708333332 0.5263671875 0.15972222291666668 0.5498046875 0.15625 0.5634765625 0.16666666666666666 0.56640625 0.16493055625 0.578125 0.140625 0.578125 0.13368055625 0.5693359375 0.11458333333333333 0.5615234375 0.10763888958333333
1 0.708984375 0.17534722291666668 0.6982421875 0.14930555625 0.6904296875 0.13888888958333334 0.6787109375 0.13194444375 0.6689453125 0.13194444375 0.6533203125 0.14236111041666666 0.640625 0.16840277708333332 0.6390625 0.18229166666666666 0.6390625 0.1863040125 0.6474609375 0.19791666666666666 0.65625 0.21701388958333334 0.662109375 0.23784722291666668 0.6640625 0.25868055625 0.6669921875 0.26388888958333334 0.681640625 0.26215277708333334 0.6904296875 0.2604166666666667 0.6982421875 0.25347222291666666 0.70703125 0.23784722291666668 0.7109375 0.22395833333333334 0.7125 0.20451388750000002 0.7125 0.19895833333333332 0.7109375 0.19618055625 0.708984375 0.17534722291666668