0 0.7841796875 0.1875 0.775390625 0.20659722291666668 0.775390625 0.24131944375 0.779296875 0.2552083333333333 0.7900390625 0.27430555624999997 0.7939453125 0.27777777708333334 0.806640625 0.2760416666666667 0.8154296875 0.2708333333333333 0.8203125 0.26215277708333334 0.82421875 0.24826388958333334 0.82421875 0.22048611041666666 0.81640625 0.19618055625 0.8076171875 0.18402777708333332 0.7939453125 0.18055555625 0.7841796875 0.1875
0 0.7314453125 0.17361111041666666 0.724609375 0.18576388958333334 0.72265625 0.19270833333333334 0.72265625 0.22395833333333334 0.7265625 0.23784722291666668 0.7392578125 0.2604166666666667 0.7431640625 0.26388888958333334 0.75390625 0.26215277708333334 0.7666015625 0.25347222291666666 0.7734375 0.23784722291666668 0.775390625 0.21006944375 0.76953125 0.18923611041666666 0.7607421875 0.17361111041666666 0.7529296875 0.16666666666666666 0.7392578125 0.16666666666666666 0.7314453125 0.17361111041666666
0 0.830078125 0.14756944375 0.828125 0.15451388958333334 0.828125 0.17534722291666668 0.8359375 0.19965277708333332 0.8427734375 0.20833333333333334 0.845703125 0.20659722291666668 0.8544921875 0.20486111041666666 0.861328125 0.19618055625 0.86328125 0.18923611041666666 0.86328125 0.16840277708333332 0.859375 0.15451388958333334 0.8525390625 0.14236111041666666 0.8427734375 0.13541666666666666 0.830078125 0.14756944375
0 0.8935546875 0.20486111041666666 0.8974609375 0.20833333333333334 0.90234375 0.20659722291666668 0.91015625 0.19618055625 0.912109375 0.18576388958333334 0.91015625 0.16840277708333332 0.9013671875 0.14930555625 0.8896484375 0.14583333333333334 0.884765625 0.15451388958333334 0.884765625 0.18576388958333334 0.8935546875 0.20486111041666666
0 0.63671875 0.09201388958333333 0.6455078125 0.11111111041666667 0.6494140625 0.11458333333333333 0.66015625 0.11284722291666666 0.66796875 0.10243055625 0.669921875 0.08159722291666666 0.6611328125 0.0625 0.6572265625 0.05902777708333333 0.6455078125 0.05902777708333333 0.6396484375 0.06597222291666667 0.63671875 0.07465277708333334 0.63671875 0.09201388958333333
0 0.79296875 0.14409722291666668 0.7958984375 0.14930555625 0.806640625 0.14756944375 0.8095703125 0.14583333333333334 0.814453125 0.13368055625 0.814453125 0.11284722291666666 0.8056640625 0.09375 0.7939453125 0.09027777708333334 0.787109375 0.09895833333333333 0.79296875 0.11284722291666666 0.79296875 0.14409722291666668
0 0.8603515625 0.15625 0.865234375 0.15451388958333334 0.865234375 0.13715277708333332 0.869140625 0.1267361104166667 0.869140625 0.11631944375 0.8603515625 0.10416666666666667 0.8544921875 0.10416666666666667 0.84765625 0.11284722291666666 0.84765625 0.13715277708333332 0.8603515625 0.15625
1 0.8125 0.14409722291666668 0.822265625 0.14409722291666668 0.828125 0.13368055625 0.830078125 0.12326388958333333 0.828125 0.109375 0.8173828125 0.09027777708333334 0.8095703125 0.09027777708333334 0.806640625 0.09548611041666667 0.814453125 0.11284722291666666 0.8125 0.14409722291666668
1 0.76171875 0.1267361104166667 0.7705078125 0.14930555625 0.7744140625 0.15277777708333332 0.783203125 0.15104166666666666 0.7900390625 0.14583333333333334 0.79296875 0.13715277708333332 0.79296875 0.11284722291666666 0.7841796875 0.09375 0.7802734375 0.09027777708333334 0.7705078125 0.09027777708333334 0.763671875 0.09895833333333333 0.76171875 0.1267361104166667
1 0.669921875 0.10243055625 0.671875 0.109375 0.6787109375 0.12152777708333334 0.6845703125 0.125 0.693359375 0.12326388958333333 0.701171875 0.109375 0.703125 0.08854166666666667 0.6962890625 0.07291666666666667 0.6884765625 0.06597222291666667 0.6787109375 0.06597222291666667 0.6748046875 0.06944444375 0.669921875 0.078125 0.669921875 0.10243055625
1 0.7119140625 0.11805555625 0.7158203125 0.12152777708333334 0.72265625 0.11979166666666667 0.72265625 0.09201388958333333 0.73046875 0.07465277708333334 0.7236328125 0.06597222291666667 0.7138671875 0.0625 0.705078125 0.07465277708333334 0.703125 0.09548611041666667 0.705078125 0.10590277708333334 0.7119140625 0.11805555625
1 0.328125 0.13368055625 0.326171875 0.14756944375 0.33203125 0.171875 0.3369140625 0.18055555625 0.345703125 0.17881944375 0.3505859375 0.17708333333333334 0.353515625 0.171875 0.359375 0.14756944375 0.357421875 0.13715277708333332 0.3505859375 0.125 0.3466796875 0.12152777708333334 0.3349609375 0.12152777708333334 0.328125 0.13368055625
1 0.3115234375 0.14236111041666666 0.298828125 0.16145833333333334 0.298828125 0.17534722291666668 0.3017578125 0.18055555625 0.3095703125 0.18402777708333332 0.3173828125 0.20138888958333334 0.3203125 0.19965277708333332 0.3232421875 0.19791666666666666 0.330078125 0.18229166666666666 0.33203125 0.171875 0.330078125 0.16840277708333332 0.330078125 0.15798611041666666 0.328125 0.15104166666666666 0.3212890625 0.14236111041666666 0.3115234375 0.14236111041666666
1 0.0537109375 0.5416666666666666 0.068359375 0.5399305562500001 0.072265625 0.5329861104166667 0.076171875 0.5121527770833334 0.07421875 0.48090277708333334 0.0673828125 0.46527777708333334 0.0556640625 0.46180555624999997 0.044921875 0.484375 0.044921875 0.5190972229166666 0.0537109375 0.5416666666666666
1 0.125 0.45659722291666666 0.125 0.4947916666666667 0.1337890625 0.52430555625 0.1455078125 0.53125 0.158203125 0.5295138895833333 0.16796875 0.5190972229166666 0.173828125 0.4982638895833333 0.173828125 0.453125 0.1650390625 0.43055555624999997 0.1474609375 0.4201388895833333 0.1357421875 0.4270833333333333 0.130859375 0.4357638895833333 0.125 0.45659722291666666
1 0.150390625 0.3767361104166667 0.1552734375 0.37847222291666666 0.1591796875 0.375 0.1708984375 0.3854166666666667 0.177734375 0.4010416666666667 0.1796875 0.41493055624999997 0.18359375 0.41493055624999997 0.19140625 0.38715277708333334 0.19140625 0.36284722291666666 0.189453125 0.35243055624999997 0.1767578125 0.3333333333333333 0.1669921875 0.3333333333333333 0.154296875 0.3489583333333333 0.150390625 0.36284722291666666 0.150390625 0.3767361104166667
1 0.181640625 0.2795138895833333 0.177734375 0.28993055624999997 0.17578125 0.3072916666666667 0.177734375 0.3107638895833333 0.177734375 0.32118055624999997 0.1826171875 0.3333333333333333 0.1865234375 0.33680555624999997 0.201171875 0.33506944375000003 0.20703125 0.328125 0.2109375 0.3142361104166667 0.212890625 0.28993055624999997 0.2109375 0.2795138895833333 0.2041015625 0.2673611104166667 0.1943359375 0.26388888958333334 0.1884765625 0.2673611104166667 0.181640625 0.2795138895833333
1 0.833984375 0.22743055625 0.833984375 0.23784722291666668 0.83203125 0.24131944375 0.833984375 0.26909722291666666 0.8447265625 0.2951388895833333 0.8525390625 0.3020833333333333 0.861328125 0.30034722291666666 0.8701171875 0.2951388895833333 0.876953125 0.2795138895833333 0.87890625 0.26909722291666666 0.876953125 0.24131944375 0.8681640625 0.21527777708333332 0.8544921875 0.20486111041666666 0.8427734375 0.20833333333333334 0.833984375 0.22743055625
0 0.1455078125 0.3854166666666667 0.13671875 0.4045138895833333 0.134765625 0.42534722291666666 0.1376953125 0.4270833333333333 0.1474609375 0.4201388895833333 0.1572265625 0.4236111104166667 0.1650390625 0.43055555624999997 0.169921875 0.4392361104166667 0.173828125 0.45659722291666666 0.17578125 0.45659722291666666 0.1796875 0.44618055624999997 0.1796875 0.4322916666666667 0.181640625 0.42881944375000003 0.177734375 0.4010416666666667 0.1708984375 0.3854166666666667 0.1591796875 0.375 0.1513671875 0.37847222291666666 0.1455078125 0.3854166666666667
0 0.205078125 0.23784722291666668 0.201171875 0.25173611041666666 0.201171875 0.265625 0.2109375 0.2795138895833333 0.2138671875 0.2916666666666667 0.22265625 0.28993055624999997 0.23046875 0.2795138895833333 0.234375 0.26215277708333334 0.234375 0.24826388958333334 0.232421875 0.23784722291666668 0.2275390625 0.22916666666666666 0.2158203125 0.22569444375 0.2099609375 0.22916666666666666 0.205078125 0.23784722291666668