0 0.779296875 0.3736111125 0.783203125 0.3423611125 0.79296875 0.325 0.79296875 0.31805555625 0.791015625 0.3076388895833333 0.7841796875 0.2920138895833333 0.7744140625 0.28159722291666667 0.7626953125 0.278125 0.7490234375 0.28854166666666664 0.7421875 0.3006944458333333 0.73828125 0.31805555625 0.73828125 0.33541666666666664 0.744140625 0.3631944458333333 0.7509765625 0.37534722291666667 0.7623046875 0.3854166666666667 0.7648437546875 0.3854166666666667 0.7734375 0.3840277791666667 0.779296875 0.3736111125
0 0.81484375 0.26215277708333334 0.81484375 0.27256944375000003 0.820703125 0.28993055624999997 0.82265625 0.3107638895833333 0.8314453125 0.3229166666666667 0.83828125 0.32118055624999997 0.8451171875 0.31597222291666666 0.851953125 0.30381944375000003 0.853125 0.2996527770833334 0.853125 0.27256944375000003 0.85 0.25868055625 0.8412109375 0.24305555625 0.8373046875 0.23958333333333334 0.8255859375 0.23958333333333334 0.81875 0.24826388958333334 0.81484375 0.26215277708333334
0 0.85703125 0.29340277708333334 0.85703125 0.3072916666666667 0.858984375 0.3107638895833333 0.858984375 0.32118055624999997 0.8634765625 0.32916666666666666 0.8646484375 0.32916666666666666 0.8755859375 0.31944444375000003 0.8853515625 0.3229166666666667 0.890625 0.32916666666666666 0.8923828125 0.32916666666666666 0.894140625 0.328125 0.8953125 0.32395833333333335 0.8953125 0.2940972229166666 0.8921875 0.2829861104166667 0.8833984375 0.2673611104166667 0.8740234359375 0.26458333333333334 0.8710658484374999 0.26458333333333334 0.8609375 0.2760416666666667 0.85703125 0.29340277708333334
0 0.9064453125 0.3142361104166667 0.9123046875 0.3385416666666667 0.9171875 0.34722222291666666 0.9203125 0.35 0.9238281234375 0.35 0.9279296875 0.3489583333333333 0.9376953125 0.33506944375000003 0.9390625 0.3302083333333333 0.9390625 0.3046875 0.9357421875 0.28993055624999997 0.92734375 0.275 0.91484375 0.275 0.9083984375 0.2864583333333333 0.9064453125 0.3142361104166667
1 0.98203125 0.36805555624999997 0.972265625 0.3645833333333333 0.9615234375 0.3802083333333333 0.9576171875 0.4079861104166667 0.9595703125 0.4114583333333333 0.9595703125 0.42534722291666666 0.9634765625 0.4357638895833333 0.9634765625 0.4427083333333333 0.972265625 0.4583333333333333 0.9810546875 0.45659722291666666 0.9908203125 0.4427083333333333 0.99375 0.4166666666666667 0.99375 0.40335648125 0.9888671875 0.3802083333333333 0.98203125 0.36805555624999997
1 0.8171875 0.31944444375000003 0.79765625 0.31944444375000003 0.7849609375 0.3385416666666667 0.7810546875 0.35243055624999997 0.7810546875 0.36284722291666666 0.7791015625 0.36631944375000003 0.7810546875 0.38715277708333334 0.7869140625 0.4114583333333333 0.79375 0.4236111104166667 0.8015625 0.43055555624999997 0.8181640625 0.42881944375000003 0.826953125 0.4201388895833333 0.8337890625 0.4010416666666667 0.834375 0.39791666666666664 0.834375 0.3545138895833333 0.8298828125 0.3385416666666667 0.8171875 0.31944444375000003
1 0.778515625 0.19062500208333333 0.77265625 0.19756944583333333 0.7658203125 0.21319444583333333 0.7697265625 0.22708333541666667 0.7697265625 0.24444444583333333 0.7716796875 0.25138888958333333 0.7755859375 0.25833333333333336 0.781445315625 0.25833333333333336 0.7970703125 0.24791666874999999 0.7984375 0.24305555625 0.7984375 0.21502976458333334 0.7921875 0.19756944583333333 0.778515625 0.19062500208333333
0 0.8076171875 0.15277777708333332 0.7958984375 0.15277777708333332 0.791015625 0.16493055625 0.791015625 0.18229166666666666 0.794921875 0.19270833333333334 0.8017578125 0.20138888958333334 0.8125 0.19965277708333332 0.818359375 0.18576388958333334 0.81640625 0.16840277708333332 0.8076171875 0.15277777708333332
0 0.71796875 0.13506944583333333 0.709375 0.14695216041666667 0.709375 0.14791666666666667 0.7111328125 0.15416666874999999 0.7111328125 0.17152777916666664 0.7194424703125 0.18958333333333333 0.72519531875 0.18958333333333333 0.7287109375 0.18888888958333333 0.7365234375 0.17847222291666667 0.7375 0.16805555625000002 0.7375 0.15551697708333334 0.7296875 0.13854166874999999 0.71796875 0.13506944583333333
0 0.74765625 0.17881944375 0.74765625 0.19270833333333334 0.7583984375 0.20138888958333334 0.7623046875 0.20833333333333334 0.7671875 0.20659722291666668 0.7720703125 0.19791666666666666 0.778125 0.19330357083333333 0.778125 0.18090277708333333 0.7701171875 0.16666666666666666 0.7564453125 0.16666666666666666 0.7525390625 0.17013888958333334 0.74765625 0.17881944375
0 0.7734375 0.16493055625 0.7802734375 0.18055555625 0.7849609375 0.18333333333333332 0.7880859359375 0.18333333333333332 0.791015625 0.18229166666666666 0.791015625 0.16493055625 0.796875 0.15104166666666666 0.7922712046875 0.13958333333333334 0.77996961875 0.13958333333333334 0.7734375 0.15451388958333334 0.7734375 0.16493055625
1 0.73359375 0.13194444375 0.7328125 0.14166666666666666 0.7328125 0.14456018541666668 0.7384765625 0.15798611041666666 0.7384765625 0.171875 0.7365234375 0.17534722291666668 0.739453125 0.18055555625 0.7482421875 0.17881944375 0.753125 0.1701388875 0.753125 0.14583333333333334 0.7453125 0.13194444375 0.73359375 0.13194444375
1 0.700390625 0.13506944583333333 0.690625 0.13506944583333333 0.6818359375 0.15069444583333333 0.6818359375 0.16805555625000002 0.690625 0.18715277916666664 0.6933593734375 0.18958333333333333 0.7009765703124999 0.18958333333333333 0.7052734375 0.18888888958333333 0.7109375 0.1788194458333333 0.7109375 0.15372023958333333 0.704296875 0.13854166874999999 0.700390625 0.13506944583333333
1 0.6517578125 0.18576388958333334 0.6556640625 0.19965277708333332 0.6556640625 0.21701388958333334 0.66015625 0.225 0.665624996875 0.225 0.6732421875 0.22395833333333334 0.676171875 0.22222222291666668 0.684375 0.20439814791666666 0.684375 0.17793803333333333 0.672727271875 0.16041666666666668 0.6600446437499999 0.16041666666666668 0.6517578125 0.171875 0.6517578125 0.18576388958333334
1 0.654296875 0.18888888958333333 0.65234375 0.18194444583333333 0.6435546875 0.16979166874999999 0.6279296875 0.16979166874999999 0.6171875 0.18541666874999999 0.6171875 0.20972222291666667 0.6259765625 0.23229166874999999 0.6318359359375 0.2375 0.6445312515625 0.2375 0.65625 0.21319444583333333 0.654296875 0.18888888958333333
1 0.6375 0.11770833333333333 0.627734375 0.12118055416666666 0.6208984375 0.13680555416666668 0.6208984375 0.15069444375 0.6287109375 0.16458333333333333 0.6443359375 0.16458333333333333 0.6484375 0.15486111041666667 0.6484375 0.13506944375 0.6482421875 0.13333333333333333 0.6375 0.11770833333333333
0 0.5369140625 0.15451388958333334 0.5369140625 0.17881944375 0.541145834375 0.18333333333333332 0.5445312484375 0.18333333333333332 0.5486328125 0.18229166666666666 0.559375 0.16637731458333332 0.559375 0.1453373 0.553515625 0.13194444375 0.550390625 0.12916666666666668 0.5393415187499999 0.12916666666666668 0.5310546875 0.140625 0.5369140625 0.15451388958333334
0 0.5646484375 0.17881944375 0.5734375 0.20138888958333334 0.579296875 0.20833333333333334 0.5880859375 0.20659722291666668 0.5998046875 0.18923611041666666 0.6015625 0.17986111041666666 0.6015625 0.17743055416666667 0.5998046875 0.16493055625 0.5978515625 0.15798611041666666 0.5890625 0.14583333333333334 0.575390625 0.14583333333333334 0.5666015625 0.15798611041666666 0.5646484375 0.17881944375
1 0.4671875 0.21047979791666668 0.477734375 0.23263888958333334 0.480859375 0.23541666666666666 0.4851562484375 0.23541666666666666 0.4904296875 0.234375 0.497265625 0.22916666666666666 0.503125 0.21577381041666666 0.503125 0.1857638875 0.5021484375 0.18229166666666666 0.49386160625000003 0.17083333333333334 0.479225853125 0.17083333333333334 0.4671875 0.18894230625 0.4671875 0.21047979791666668
1 0.3431640625 0.16944444583333332 0.334375 0.18159722291666666 0.332421875 0.20243055625 0.3392578125 0.21805555625 0.3423828109375 0.22083333333333333 0.3451171890625 0.22083333333333333 0.348046875 0.21979166666666666 0.3529296875 0.21805555625 0.359375 0.2033234125 0.359375 0.1840972229166667 0.3548828125 0.17291666666666666 0.3431640625 0.16944444583333332
1 0.182421875 0.36041666666666666 0.170703125 0.35694444583333335 0.166796875 0.36041666666666666 0.1560546875 0.38298611250000003 0.1560546875 0.4107638895833333 0.158984375 0.41597222291666663 0.1609375 0.4125 0.166796875 0.4125 0.17265625 0.41597222291666663 0.180078125 0.42916666666666664 0.1824218765625 0.42916666666666664 0.1853515625 0.428125 0.1921875 0.40381944583333335 0.1921875 0.38819444375 0.1912109375 0.37604166666666666 0.182421875 0.36041666666666666
1 0.17265625 0.4171875 0.158984375 0.41371527708333333 0.1462890625 0.42934027708333333 0.1404296875 0.45364583333333336 0.1404296875 0.4744791666666667 0.1423828125 0.48489583333333336 0.14921875 0.5005208333333333 0.155078125 0.5074652770833333 0.16142578125 0.5083333333333333 0.17021484375 0.5083333333333333 0.17265625 0.5074652770833333 0.1794921875 0.4953125 0.184375 0.47505787083333334 0.184375 0.44583333333333336 0.1814453125 0.4328125 0.17265625 0.4171875
1 0.0818359375 0.48472222291666667 0.073046875 0.46909722291666667 0.0671875 0.465625 0.061328125 0.46909722291666667 0.0544921875 0.4881944458333333 0.0544921875 0.5229166666666667 0.0631214484375 0.5416666666666666 0.0654296921875 0.5416666666666666 0.0740234375 0.5402777791666666 0.0818359375 0.5229166666666667 0.0828125 0.5125 0.0828125 0.5003472229166667 0.0818359375 0.4986111125 0.0818359375 0.48472222291666667
0 0.0890625 0.44965277708333334 0.0890625 0.46006944375000003 0.09296875 0.47743055624999997 0.1017578125 0.4895833333333333 0.106640625 0.48784722291666666 0.106640625 0.47743055624999997 0.110546875 0.46006944375000003 0.1203125 0.4427083333333333 0.1203125 0.4322916666666667 0.1115234375 0.4166666666666667 0.1017578125 0.4166666666666667 0.0978515625 0.4201388895833333 0.0890625 0.44965277708333334
0 0.205859375 0.2878472208333333 0.19609375 0.284375 0.1873046875 0.2930555541666667 0.1833984375 0.30694444375 0.1833984375 0.32777777708333333 0.1853515625 0.3347222208333333 0.1908203125 0.3416666666666667 0.2048828125 0.3416666666666667 0.2107421875 0.32777777708333333 0.2109375 0.32569444375 0.2109375 0.29756944375 0.2107421875 0.29652777708333333 0.205859375 0.2878472208333333
0 0.29765625 0.2079861125 0.287890625 0.2079861125 0.283984375 0.21145833541666667 0.2771484375 0.22708333541666667 0.2771484375 0.24791666874999999 0.28203125 0.2565972229166667 0.2886718734375 0.2625 0.2916015640625 0.2625 0.2927734375 0.26180555625 0.3025390625 0.25138888958333333 0.3046875 0.24184027916666664 0.3046875 0.22152777916666666 0.3044921875 0.22013888958333333 0.29765625 0.2079861125
0 0.3138671875 0.19027777916666666 0.305078125 0.209375 0.305078125 0.22326388958333335 0.3099609375 0.23888888958333335 0.3130859359375 0.24166666666666667 0.3173828171875 0.24166666666666667 0.32265625 0.240625 0.328515625 0.23368055625 0.33125 0.22395833333333334 0.33125 0.2029861125 0.3275390625 0.19375 0.3138671875 0.19027777916666666
0 0.29609375 0.19097222291666668 0.2912109375 0.20659722291666668 0.298046875 0.20833333333333334 0.30390625 0.21875 0.3068359375 0.21701388958333334 0.3068359375 0.20659722291666668 0.3125 0.19317129583333334 0.3125 0.1925 0.3078125 0.1875 0.29609375 0.19097222291666668