0 0.1050781421875 1 0.13125 0.9986706354166667 0.13125 0.9684722229166667 0.12265625 0.9256944458333333 0.108984375 0.8909722229166667 0.0904296875 0.8614583333333333 0.0748046875 0.8510416666666667 0.0630859375 0.8510416666666667 0.0552734375 0.8579861125 0.04453125 0.8770833333333333 0.042578125 0.9013888895833334 0.046484375 0.91180555625 0.098039215625 1 0.1050781421875 1
0 0.1421875 0.5954861104166667 0.140234375 0.6128472229166667 0.136328125 0.6232638895833333 0.136328125 0.6614583333333334 0.13828125 0.6649305562500001 0.140234375 0.6892361104166667 0.1529296875 0.7222222229166667 0.1626953125 0.7361111104166667 0.1724609375 0.7430555562500001 0.1783203125 0.7430555562500001 0.1798828125 0.7458333333333333 0.185351559375 0.7458333333333333 0.19296875 0.7447916666666666 0.2017578125 0.7430555562500001 0.218359375 0.7170138895833333 0.218359375 0.7100694437499999 0.222265625 0.703125 0.225 0.6885416666666667 0.225 0.6348958333333333 0.218359375 0.6024305562500001 0.2017578125 0.5694444437499999 0.1900390625 0.5590277770833333 0.1759765609375 0.55625 0.1715820328125 0.55625 0.1548828125 0.5694444437499999 0.1421875 0.5954861104166667
0 0.2958984375 0.5378472229166668 0.3046875 0.51875 0.3046875 0.51180555625 0.30859375 0.5013888895833333 0.30859375 0.48402777916666667 0.310546875 0.48055555624999996 0.30859375 0.44583333333333336 0.30078125 0.42152777916666667 0.2919921875 0.40590277916666667 0.2802734375 0.39548611250000004 0.2607421875 0.39548611250000004 0.2490234375 0.40590277916666667 0.234375 0.43194444583333336 0.228515625 0.45625 0.228515625 0.49444444583333336 0.23046875 0.4979166666666667 0.23046875 0.5083333333333333 0.234375 0.5152777791666667 0.236328125 0.5256944458333334 0.2509765625 0.5482638895833334 0.260937496875 0.5541666666666667 0.27382813906250003 0.5541666666666667 0.28125 0.5534722229166668 0.2958984375 0.5378472229166668
0 0.3763671875 0.3545138895833333 0.3587890625 0.340625 0.3451171875 0.340625 0.3255859375 0.3545138895833333 0.31484375 0.3736111125 0.308984375 0.39791666666666664 0.30703125 0.42916666666666664 0.308984375 0.4326388895833333 0.308984375 0.4465277791666667 0.312890625 0.4638888895833333 0.316796875 0.47430555625 0.3294921875 0.4934027791666667 0.3387695296875 0.5 0.3437500109375 0.5 0.36171875 0.4986111125 0.3705078125 0.4934027791666667 0.387109375 0.46041666666666664 0.3921875 0.4393518520833333 0.3921875 0.3951388895833333 0.38515625 0.3701388895833333 0.3763671875 0.3545138895833333
0 0.6119140625 0.15312499791666667 0.5982421875 0.14270833125000001 0.5845703125 0.14618055416666667 0.5767578125 0.15312499791666667 0.56796875 0.17569444374999998 0.56796875 0.20694444374999998 0.571875 0.22083333125000001 0.5787109375 0.23298611041666667 0.5861328140625 0.23958333333333334 0.5906249859375 0.23958333333333334 0.60703125 0.23819444374999998 0.61875 0.22083333125000001 0.621875 0.20972222083333333 0.621875 0.17847222083333333 0.620703125 0.17222222083333336 0.6119140625 0.15312499791666667
0 0.569140625 0.14079861041666666 0.5671875 0.1477430541666667 0.5671875 0.17083333333333334 0.5715287640625 0.17083333333333334 0.5779296875 0.1529513875 0.5935546875 0.14253472083333335 0.6111328125 0.1529513875 0.6125 0.1529513875 0.6125 0.1421875 0.612109375 0.14079861041666666 0.5994140625 0.1217013875 0.589453125 0.11875 0.586962890625 0.11875 0.5779296875 0.12517361041666666 0.569140625 0.14079861041666666
0 0.9033203125 0.4649305541666667 0.9140625 0.44583333333333336 0.919921875 0.42152777708333333 0.919921875 0.3798611104166667 0.912109375 0.35208333333333336 0.9013671875 0.3329861104166667 0.8837890625 0.32256944375 0.8720703125 0.3295138875 0.859375 0.3486111104166667 0.853515625 0.3729166666666667 0.853515625 0.4076388875 0.861328125 0.44583333333333336 0.8681640625 0.4579861104166667 0.8826171875 0.4708333333333333 0.8902343703125 0.4708333333333333 0.89453125 0.4701388875 0.9033203125 0.4649305541666667
1 0.979296875 0.40590277708333333 0.9724609375 0.42152777708333333 0.9685546875 0.4388888875 0.9685546875 0.45625 0.9666015625 0.4597222208333333 0.9685546875 0.46319444375 0.9685546875 0.4805555541666667 0.9705078125 0.48402777708333333 0.9705078125 0.5048611104166667 0.9724609375 0.5118055541666666 0.9840021312499999 0.5291666666666667 0.9958984375 0.5291666666666667 0.9984375 0.5223958333333333 0.9984375 0.40053240625 0.98515625 0.39895833333333336 0.979296875 0.40590277708333333
1 0.871875 0.2746527791666667 0.8640625 0.2677083333333333 0.8484375 0.2677083333333333 0.840625 0.2746527791666667 0.8337890625 0.28680555625 0.8279296875 0.3145833333333333 0.8318359375 0.35625 0.842578125 0.3788194458333333 0.84814453125 0.3854166666666667 0.8490234390625 0.3854166666666667 0.8513671875 0.3840277791666667 0.8572265625 0.35625 0.86796875 0.33368055625 0.8875 0.3221064833333333 0.8875 0.31689815 0.8826171875 0.29375 0.871875 0.2746527791666667
1 0.7712890625 0.21319444583333333 0.764453125 0.20104166874999999 0.756640625 0.19409722291666667 0.75078125 0.19062500208333333 0.73515625 0.19409722291666667 0.73125 0.19756944583333333 0.7205078125 0.22013888958333333 0.7185546875 0.24097222291666667 0.7205078125 0.24444444583333333 0.7224609375 0.26875 0.741015625 0.29826388958333333 0.7439453109375 0.3 0.7595703125 0.3 0.76640625 0.2947916666666667 0.7732421875 0.28263888958333333 0.7771484375 0.26875 0.7771484375 0.2548611125 0.778125 0.253125 0.778125 0.24097222291666667 0.7771484375 0.23055555625000002 0.7712890625 0.21319444583333333
1 0.5912109375 0.3489583333333333 0.582421875 0.33680555624999997 0.5609375 0.3229166666666667 0.539453125 0.3263888895833333 0.521875 0.34375 0.5091796875 0.3697916666666667 0.5072265625 0.390625 0.5052734375 0.39409722291666666 0.5052734375 0.42534722291666666 0.5072265625 0.42881944375000003 0.5072265625 0.4392361104166667 0.5169921875 0.4704861104166667 0.53359375 0.49305555624999997 0.547265625 0.49652777708333334 0.54921875 0.5 0.5677734375 0.4982638895833333 0.584375 0.4861111104166667 0.5990234375 0.46006944375000003 0.6046875 0.43993055416666665 0.6046875 0.39331597291666665 0.5970703125 0.36284722291666666 0.5912109375 0.3489583333333333
1 0.50390625 0.2236111125 0.4912109375 0.20451388958333333 0.4853515625 0.20104166874999999 0.4677734375 0.20104166874999999 0.44921875 0.2236111125 0.44375 0.24629629791666666 0.44375 0.25416666875 0.4453125 0.2791666666666667 0.4580078125 0.30520833333333336 0.4638671859375 0.3104166666666667 0.490234375 0.3104166666666667 0.50390625 0.28958333333333336 0.5078125 0.27569444583333336 0.5078125 0.26527777916666667 0.509375 0.2625 0.509375 0.25625 0.5078125 0.23402777916666664 0.50390625 0.2236111125
1 0.016015625 0.6788194437499999 0.016015625 0.7204861104166667 0.01796875 0.7239583333333334 0.01796875 0.734375 0.0296875 0.7725694437499999 0.0399522578125 0.7875 0.046289059375000004 0.7875 0.055078125 0.7864583333333334 0.062890625 0.7760416666666666 0.065625 0.7663194437499999 0.065625 0.7114583333333333 0.06484375 0.7100694437499999 0.062890625 0.6892361104166667 0.05703125 0.6684027770833333 0.0501953125 0.65625 0.0431640625 0.65 0.028164062499999996 0.65 0.021875 0.6579861104166667 0.016015625 0.6788194437499999