0 0.7037109375 0.19097222291666668 0.6861328125 0.1875 0.6763671875 0.19791666666666666 0.66953125 0.21701388958333334 0.671484375 0.24479166666666666 0.6734375 0.25173611041666666 0.6861328125 0.2708333333333333 0.702734375 0.26909722291666666 0.714453125 0.25173611041666666 0.715625 0.23298611041666667 0.715625 0.21770833333333334 0.7125 0.20659722291666668 0.7037109375 0.19097222291666668
0 0.6587890625 0.19166666666666668 0.6509765625 0.18472222083333334 0.6353515625 0.18819444375 0.6314453125 0.19166666666666668 0.62265625 0.21076388750000002 0.62265625 0.23854166666666668 0.6353515625 0.26458333333333334 0.6376953140625 0.26666666666666666 0.6509765546875 0.26666666666666666 0.65390625 0.26631944375 0.6607421875 0.2611111104166667 0.667578125 0.24895833333333334 0.66875 0.24479166666666666 0.66875 0.21493055625000002 0.665625 0.20381944375 0.6587890625 0.19166666666666668
0 0.7455078125 0.14305555416666668 0.7337890625 0.15 0.72890625 0.15868055416666668 0.72890625 0.18298611041666665 0.7328125 0.196875 0.7385546890625 0.20416666666666666 0.743554684375 0.20416666666666666 0.74453125 0.20381944375 0.746484375 0.18298611041666665 0.7552734375 0.17083333333333334 0.759375 0.16937499791666666 0.759375 0.1607638875 0.7513671875 0.14652777708333334 0.7455078125 0.14305555416666668
0 0.7609375 0.11111111041666667 0.7541015625 0.11979166666666667 0.7521484375 0.140625 0.7609375 0.15972222291666668 0.7697265625 0.15798611041666666 0.7697265625 0.140625 0.7734375 0.13072916666666667 0.7734375 0.11954365 0.766796875 0.11111111041666667 0.7609375 0.11111111041666667
0 0.76953125 0.15798611041666666 0.7802734375 0.17708333333333334 0.787109375 0.17534722291666668 0.78515625 0.16145833333333334 0.79296875 0.13715277708333332 0.7861328125 0.12847222291666666 0.7783203125 0.125 0.76953125 0.13715277708333332 0.76953125 0.15798611041666666
0 0.792578125 0.14270833125000001 0.7857421875 0.15833333125000001 0.7876953125 0.17916666458333333 0.79453125 0.19479166458333333 0.7980468765625 0.19791666666666666 0.80019530625 0.19791666666666666 0.8072265625 0.19652777708333333 0.8130859375 0.18958333125000001 0.8140625 0.17743055416666667 0.8140625 0.16322600833333334 0.804296875 0.14270833125000001 0.792578125 0.14270833125000001
0 0.9083984375 0.26927083333333335 0.899609375 0.25017361041666664 0.895703125 0.2467013875 0.883984375 0.2467013875 0.8751953125 0.25885416666666666 0.8734375 0.2869791666666667 0.8734375 0.2906116458333334 0.8859375 0.3230902770833334 0.8947265625 0.3248263875 0.899609375 0.3230902770833334 0.9064453125 0.3144097208333333 0.909375 0.30399305416666667 0.909375 0.2814236104166667 0.9083984375 0.2796875 0.9083984375 0.26927083333333335
0 0.6939453125 0.1142361125 0.6900390625 0.11770833541666666 0.687109375 0.12638888958333333 0.696875 0.15069444583333333 0.696875 0.16458333541666667 0.6992187484375 0.16875 0.702734378125 0.16875 0.7046875 0.16805555625000002 0.7125 0.15763888958333333 0.7140625 0.15208333541666666 0.7140625 0.13244047916666665 0.7076171875 0.11770833541666666 0.6939453125 0.1142361125
1 0.7326171875 0.13993055625 0.7306640625 0.12256944583333333 0.723828125 0.11041666666666666 0.71796875 0.10694444583333333 0.71015625 0.11041666666666666 0.7072265625 0.11909722291666666 0.7150390625 0.13645833333333332 0.7150390625 0.15034722291666666 0.7130859375 0.15381944583333332 0.715625 0.15833333333333333 0.7195312546875 0.15833333333333333 0.7248046875 0.15729166666666666 0.7326171875 0.13993055625
1 0.770703125 0.17326388958333333 0.766796875 0.16979166874999999 0.755078125 0.16979166874999999 0.74921875 0.1767361125 0.7443359375 0.18888888958333333 0.7443359375 0.21319444583333333 0.755078125 0.23576388958333333 0.7570312484375 0.2375 0.769726565625 0.2375 0.77265625 0.23576388958333333 0.7794921875 0.22013888958333333 0.7794921875 0.20972222291666667 0.78125 0.206597225 0.78125 0.2048611125 0.7794921875 0.1923611125 0.770703125 0.17326388958333333
1 0.6201171875 0.10069444375 0.609375 0.11631944375 0.609375 0.13368055625 0.6142578125 0.14930555625 0.625 0.14756944375 0.626953125 0.14409722291666668 0.626953125 0.1267361104166667 0.6328125 0.11631944375 0.6328125 0.109375 0.6240234375 0.10069444375 0.6201171875 0.10069444375
1 0.5673828125 0.14895833541666667 0.5556640625 0.14895833541666667 0.5517578125 0.15243055625000002 0.54375 0.16983024791666665 0.54375 0.17847222291666667 0.544921875 0.18888888958333333 0.546875 0.19583333541666667 0.556901040625 0.21041666666666667 0.565234384375 0.21041666666666667 0.5703125 0.20972222291666667 0.5732421875 0.2079861125 0.58125 0.19058642083333333 0.58125 0.1631944458333333 0.5712890625 0.1454861125 0.5673828125 0.14895833541666667
0 0.5767578125 0.10381944375 0.5669921875 0.10729166666666666 0.562109375 0.11597222083333333 0.562109375 0.12291666666666666 0.564453125 0.12708333333333333 0.566796875 0.12708333333333333 0.5767578125 0.12118055416666666 0.5890625 0.12622863125 0.5890625 0.11875 0.5826171875 0.10729166666666666 0.5767578125 0.10381944375
1 0.4603515625 0.15659722083333336 0.4486328125 0.16354166458333333 0.44375 0.17222222083333336 0.43984375 0.19652777708333333 0.441796875 0.20694444374999998 0.4505859375 0.22256944374999998 0.454687503125 0.225 0.46054686875 0.225 0.46328125 0.22430555416666667 0.4681640625 0.22256944374999998 0.476953125 0.20694444374999998 0.478125 0.19236111041666665 0.478125 0.18045634791666665 0.4720703125 0.16354166458333333 0.4603515625 0.15659722083333336
1 0.438671875 0.18871527708333333 0.442578125 0.17135416666666667 0.4484375 0.1609375 0.446484375 0.15399305625 0.4416015625 0.14878472291666667 0.4298828125 0.14878472291666667 0.4220703125 0.15572916666666667 0.4171875 0.16788194374999998 0.4171875 0.18871527708333333 0.419140625 0.19565972291666667 0.4240234375 0.20434027708333333 0.43225911562499997 0.20833333333333334 0.43681640625 0.20833333333333334 0.440625 0.20607638958333335 0.438671875 0.18871527708333333
1 0.3158203125 0.17430555416666668 0.3099609375 0.17777777708333334 0.303125 0.18993055416666668 0.301171875 0.20729166666666668 0.3093217328125 0.225 0.3185546828125 0.225 0.320703125 0.22465277708333334 0.328125 0.21145833125 0.328125 0.18576388958333334 0.3236328125 0.17777777708333334 0.3158203125 0.17430555416666668
1 0.153515625 0.38940972291666665 0.14375 0.3859375 0.137890625 0.38940972291666665 0.1291015625 0.40503472291666665 0.1271484375 0.41545138958333333 0.1271484375 0.4432291666666667 0.130078125 0.4484375 0.13984375 0.4484375 0.149609375 0.46232638958333333 0.1500976546875 0.4625 0.1571289078125 0.4625 0.157421875 0.46232638958333333 0.1603515625 0.45364583333333336 0.1640625 0.43385416666666665 0.1640625 0.4180555541666667 0.1603515625 0.4015625 0.153515625 0.38940972291666665
1 0.1400390625 0.44826388749999996 0.1302734375 0.44826388749999996 0.1205078125 0.45868055416666664 0.113671875 0.47777777708333335 0.113671875 0.5159722208333333 0.117578125 0.5298611104166667 0.1244140625 0.5420138895833334 0.132714846875 0.5479166666666667 0.1382812484375 0.5479166666666667 0.141015625 0.5472222229166667 0.1458984375 0.5454861104166666 0.152734375 0.5333333333333333 0.152734375 0.5263888875 0.15625 0.5170138875 0.15625 0.4800925916666667 0.1478515625 0.4552083333333333 0.1400390625 0.44826388749999996
1 0.047265625 0.5104166666666666 0.04140625 0.50694444375 0.0326171875 0.5190972229166666 0.0287109375 0.5329861104166667 0.0287109375 0.5607638895833333 0.035546875 0.5833333333333334 0.039453125 0.5868055562500001 0.0501953125 0.5850694437499999 0.0560546875 0.5746527770833333 0.0578125 0.5434027791666666 0.0578125 0.5390625 0.0541015625 0.52256944375 0.047265625 0.5104166666666666
0 0.0625 0.4947916666666667 0.06640625 0.515625 0.0728515625 0.5270833333333333 0.0759765609375 0.5270833333333333 0.080078125 0.5260416666666666 0.08203125 0.5052083333333334 0.09375 0.48090277708333334 0.09375 0.4704861104166667 0.0869140625 0.4548611104166667 0.0775390609375 0.45208333333333334 0.0748046875 0.45208333333333334 0.06640625 0.4670138895833333 0.0625 0.4947916666666667
0 0.17890625 0.29444444583333335 0.1681640625 0.303125 0.1625 0.3232638895833333 0.1625 0.33827160625 0.170774146875 0.35625 0.17617188125 0.35625 0.1837890625 0.35520833333333335 0.190625 0.34001736250000003 0.190625 0.3113095229166667 0.184765625 0.29791666666666666 0.17890625 0.29444444583333335
0 0.1439453125 0.3232638895833333 0.137109375 0.3319444458333333 0.133203125 0.3458333333333333 0.133203125 0.36666666666666664 0.14140625 0.38125 0.1472656265625 0.38125 0.15078125 0.38055555625 0.156640625 0.3736111125 0.159375 0.3638888895833333 0.159375 0.33621031875 0.1537109375 0.3232638895833333 0.1439453125 0.3232638895833333
0 0.256640625 0.21840277708333333 0.252734375 0.221875 0.2458984375 0.2375 0.2458984375 0.25833333333333336 0.2559244796875 0.27291666666666664 0.2607421890625 0.27291666666666664 0.2634765625 0.27222222291666665 0.2732421875 0.25833333333333336 0.2734375 0.25625 0.2734375 0.23258928541666668 0.268359375 0.21840277708333333 0.256640625 0.21840277708333333
0 0.290234375 0.19756944583333333 0.278515625 0.20104166874999999 0.271875 0.21622023958333333 0.271875 0.21840277916666664 0.2736328125 0.23402777916666664 0.2819424703125 0.2520833333333333 0.28769531875 0.2520833333333333 0.2912109375 0.25138888958333333 0.2970703125 0.24444444583333333 0.3 0.23402777916666664 0.3 0.2079861125 0.29609375 0.20104166874999999 0.290234375 0.19756944583333333
0 0.279296875 0.20295138750000002 0.2783203125 0.19774305416666668 0.2666015625 0.19774305416666668 0.259765625 0.20989583125 0.2607421875 0.21857638750000002 0.26201172968750003 0.21875 0.27373046875 0.21875 0.275390625 0.20989583125 0.279296875 0.20295138750000002
1 0.651171875 0.14236111041666666 0.6375 0.14236111041666666 0.6326171875 0.14756944375 0.6306640625 0.15451388958333334 0.6404296875 0.171875 0.6404296875 0.17881944375 0.643359375 0.18402777708333332 0.651171875 0.18402777708333332 0.65703125 0.19097222291666668 0.6619140625 0.18923611041666666 0.6625 0.18715277708333333 0.6625 0.16180555625 0.65703125 0.14930555625 0.651171875 0.14236111041666666
1 0.66484375 0.11857638958333333 0.6580078125 0.13072916666666667 0.6580078125 0.15 0.66220703125 0.15 0.6638671875 0.14114583333333333 0.670703125 0.12899305625 0.6765625 0.12899305625 0.6828125 0.12423115208333332 0.6828125 0.123040675 0.6765625 0.11510416666666666 0.66484375 0.11857638958333333
0 0.559765625 0.1359375 0.5578125 0.13246527708333333 0.54609375 0.13940972291666667 0.5392578125 0.15503472291666667 0.5392578125 0.16892361041666665 0.540966796875 0.175 0.54365234375 0.175 0.5451171875 0.17239583333333333 0.5431640625 0.16545138958333333 0.544140625 0.15329861041666665 0.548046875 0.15677083333333333 0.5490234375 0.1515625 0.55390625 0.14635416666666667 0.571875 0.14467288125 0.571875 0.14357638958333335 0.567578125 0.1359375 0.559765625 0.1359375