1 0.794921875 0.3767361104166667 0.8154296875 0.375 0.8173828125 0.37847222291666666 0.8291015625 0.38194444375000003 0.84375 0.4045138895833333 0.853515625 0.4322916666666667 0.853515625 0.4427083333333333 0.859375 0.4427083333333333 0.8671875 0.4114583333333333 0.8671875 0.38368055624999997 0.861328125 0.35243055624999997 0.8505859375 0.3298611104166667 0.8388671875 0.31944444375000003 0.8251953125 0.31597222291666666 0.8134765625 0.3229166666666667 0.798828125 0.3489583333333333 0.794921875 0.36284722291666666 0.794921875 0.3767361104166667
1 0.7841796875 0.3923611104166667 0.775390625 0.4114583333333333 0.767578125 0.44965277708333334 0.767578125 0.48090277708333334 0.775390625 0.515625 0.7861328125 0.5381944437499999 0.8017578125 0.5555555562500001 0.8076171875 0.5590277770833333 0.814453125 0.5572916666666666 0.8310546875 0.5486111104166667 0.8369140625 0.5416666666666666 0.8515625 0.5121527770833334 0.85546875 0.49131944375000003 0.85546875 0.44618055624999997 0.84765625 0.41493055624999997 0.8349609375 0.3888888895833333 0.8173828125 0.375 0.8037109375 0.375 0.7841796875 0.3923611104166667
0 0.7138671875 0.3645833333333333 0.6962890625 0.36805555624999997 0.677734375 0.390625 0.66796875 0.42534722291666666 0.666015625 0.4704861104166667 0.673828125 0.5052083333333334 0.6865234375 0.53125 0.7060546875 0.5486111104166667 0.7119140625 0.5486111104166667 0.7138671875 0.5520833333333334 0.720703125 0.5503472229166667 0.7412109375 0.5381944437499999 0.7470703125 0.53125 0.759765625 0.5052083333333334 0.765625 0.47743055624999997 0.765625 0.4322916666666667 0.7578125 0.4045138895833333 0.7431640625 0.37847222291666666 0.7314453125 0.36805555624999997 0.7158203125 0.3611111104166667 0.7138671875 0.3645833333333333
0 0.5048828125 0.3263888895833333 0.4912109375 0.3263888895833333 0.4755859375 0.33680555624999997 0.45703125 0.36631944375000003 0.451171875 0.390625 0.451171875 0.4322916666666667 0.455078125 0.44965277708333334 0.4609375 0.4635416666666667 0.4716796875 0.4791666666666667 0.4912109375 0.49305555624999997 0.50390625 0.49131944375000003 0.5224609375 0.4791666666666667 0.537109375 0.453125 0.544921875 0.421875 0.544921875 0.39409722291666666 0.54296875 0.390625 0.54296875 0.3802083333333333 0.5390625 0.3732638895833333 0.5390625 0.36631944375000003 0.5244140625 0.34027777708333334 0.5048828125 0.3263888895833333
0 0.333984375 0.3697916666666667 0.322265625 0.4045138895833333 0.322265625 0.4322916666666667 0.330078125 0.4635416666666667 0.3447265625 0.4861111104166667 0.3623046875 0.49652777708333334 0.376953125 0.4947916666666667 0.3876953125 0.4861111104166667 0.40234375 0.45659722291666666 0.408203125 0.4322916666666667 0.408203125 0.4079861104166667 0.40234375 0.3802083333333333 0.3916015625 0.3576388895833333 0.3740234375 0.34375 0.3603515625 0.34375 0.3408203125 0.3576388895833333 0.333984375 0.3697916666666667
0 0.2626953125 0.44444444375000003 0.2548828125 0.4548611104166667 0.24609375 0.4739583333333333 0.240234375 0.4982638895833333 0.240234375 0.5434027770833333 0.24609375 0.5642361104166667 0.2626953125 0.59375 0.2783203125 0.6041666666666666 0.2890625 0.6059027770833333 0.2978515625 0.6041666666666666 0.3056640625 0.5972222229166667 0.32421875 0.5677083333333334 0.330078125 0.5399305562500001 0.330078125 0.50868055625 0.326171875 0.48784722291666666 0.3095703125 0.4513888895833333 0.2939453125 0.4375 0.2744140625 0.4375 0.2626953125 0.44444444375000003
0 0.1494140625 0.5555555562500001 0.1376953125 0.5694444437499999 0.12890625 0.5885416666666666 0.12890625 0.5954861104166667 0.125 0.6059027770833333 0.125 0.6267361104166667 0.123046875 0.6302083333333334 0.125 0.6614583333333334 0.134765625 0.6996527770833333 0.1455078125 0.71875 0.1572265625 0.7291666666666666 0.177734375 0.7274305562500001 0.1884765625 0.71875 0.197265625 0.703125 0.203125 0.6822916666666666 0.203125 0.6614583333333334 0.205078125 0.6579861104166667 0.203125 0.6197916666666666 0.1953125 0.5885416666666666 0.1845703125 0.5694444437499999 0.1708984375 0.5555555562500001 0.1494140625 0.5555555562500001
0 0.248046875 0.4635416666666667 0.2373046875 0.44097222291666666 0.2255859375 0.43055555624999997 0.2119140625 0.4270833333333333 0.2021484375 0.43402777708333334 0.1943359375 0.44444444375000003 0.1875 0.46006944375000003 0.181640625 0.48090277708333334 0.181640625 0.52256944375 0.1875 0.5434027770833333 0.2001953125 0.5659722229166667 0.2158203125 0.5763888895833333 0.224609375 0.5746527770833333 0.2373046875 0.5659722229166667 0.2421875 0.5538194437499999 0.240234375 0.546875 0.240234375 0.5260416666666666 0.23828125 0.52256944375 0.240234375 0.5190972229166666 0.240234375 0.4982638895833333 0.244140625 0.47743055624999997 0.248046875 0.4704861104166667 0.248046875 0.4635416666666667
0 0.2822265625 0.34722222291666666 0.2744140625 0.34027777708333334 0.2587890625 0.34027777708333334 0.2529296875 0.34375 0.240234375 0.36284722291666666 0.234375 0.3802083333333333 0.234375 0.390625 0.232421875 0.39409722291666666 0.234375 0.4322916666666667 0.23828125 0.4427083333333333 0.2490234375 0.4583333333333333 0.25390625 0.45659722291666666 0.2666015625 0.44097222291666666 0.2802734375 0.4375 0.2822265625 0.43402777708333334 0.2919921875 0.43402777708333334 0.296875 0.41493055624999997 0.296875 0.4010416666666667 0.294921875 0.39756944375000003 0.294921875 0.38368055624999997 0.291015625 0.36284722291666666 0.2822265625 0.34722222291666666
0 0.513671875 0.22395833333333334 0.509765625 0.24131944375 0.509765625 0.265625 0.515625 0.2864583333333333 0.5263671875 0.3020833333333333 0.5361328125 0.30902777708333334 0.548828125 0.3072916666666667 0.5556640625 0.3020833333333333 0.56640625 0.2829861104166667 0.572265625 0.26215277708333334 0.572265625 0.24131944375 0.56640625 0.22048611041666666 0.5595703125 0.20833333333333334 0.5517578125 0.20138888958333334 0.5322265625 0.20138888958333334 0.5224609375 0.20833333333333334 0.513671875 0.22395833333333334
0 0.619140625 0.19965277708333332 0.619140625 0.21354166666666666 0.625 0.23090277708333332 0.6357421875 0.24652777708333332 0.6416015625 0.25 0.65234375 0.24826388958333334 0.6640625 0.24131944375 0.671875 0.21701388958333334 0.671875 0.19618055625 0.66796875 0.18229166666666666 0.6552734375 0.16319444375 0.6494140625 0.16319444375 0.6474609375 0.15972222291666668 0.6337890625 0.16319444375 0.625 0.17534722291666668 0.619140625 0.19965277708333332
0 0.1455078125 0.3611111104166667 0.138671875 0.3767361104166667 0.13671875 0.38715277708333334 0.13671875 0.41840277708333334 0.138671875 0.42881944375000003 0.1435546875 0.4375 0.1513671875 0.44444444375000003 0.16015625 0.4427083333333333 0.1650390625 0.44097222291666666 0.173828125 0.42881944375000003 0.177734375 0.4114583333333333 0.177734375 0.39756944375000003 0.17578125 0.39409722291666666 0.17578125 0.3732638895833333 0.171875 0.36284722291666666 0.1650390625 0.3541666666666667 0.1533203125 0.3541666666666667 0.1455078125 0.3611111104166667
0 0.0546875 0.5399305562500001 0.052734375 0.5052083333333334 0.0439453125 0.4861111104166667 0.0341796875 0.4861111104166667 0.025390625 0.5052083333333334 0.0234375 0.5329861104166667 0.0322265625 0.5625 0.0361328125 0.5659722229166667 0.046875 0.5642361104166667 0.0546875 0.5399305562500001
1 0.125 0.5017361104166667 0.13671875 0.484375 0.138671875 0.4427083333333333 0.1337890625 0.4236111104166667 0.1259765625 0.41319444375000003 0.1181640625 0.40972222291666666 0.103515625 0.421875 0.09765625 0.44618055624999997 0.09765625 0.47743055624999997 0.1103515625 0.5034722229166666 0.125 0.5017361104166667
1 0.087890625 0.50868055625 0.09765625 0.4947916666666667 0.09765625 0.4427083333333333 0.0888671875 0.4270833333333333 0.0771484375 0.4270833333333333 0.068359375 0.4427083333333333 0.06640625 0.453125 0.06640625 0.484375 0.0751953125 0.50694444375 0.0810546875 0.5104166666666666 0.087890625 0.50868055625
1 0.17578125 0.3732638895833333 0.1826171875 0.40625 0.1923828125 0.41319444375000003 0.205078125 0.4114583333333333 0.2119140625 0.40625 0.21875 0.390625 0.220703125 0.3802083333333333 0.220703125 0.3454861104166667 0.216796875 0.33506944375000003 0.2080078125 0.3229166666666667 0.1943359375 0.3229166666666667 0.181640625 0.3385416666666667 0.177734375 0.35243055624999997 0.17578125 0.3732638895833333
1 0.259765625 0.3177083333333333 0.26171875 0.32118055624999997 0.26171875 0.33159722291666666 0.2646484375 0.33680555624999997 0.2763671875 0.34027777708333334 0.2900390625 0.3576388895833333 0.294921875 0.35590277708333334 0.30078125 0.33506944375000003 0.298828125 0.30034722291666666 0.302734375 0.2864583333333333 0.302734375 0.2760416666666667 0.2978515625 0.2673611104166667 0.2822265625 0.26388888958333334 0.2763671875 0.2673611104166667 0.267578125 0.2795138895833333 0.26171875 0.296875 0.259765625 0.3177083333333333
1 0.4013671875 0.25 0.38671875 0.265625 0.380859375 0.2864583333333333 0.37890625 0.3072916666666667 0.380859375 0.3107638895833333 0.3828125 0.33159722291666666 0.3896484375 0.34722222291666666 0.4052734375 0.3611111104166667 0.419921875 0.359375 0.4267578125 0.3541666666666667 0.44140625 0.328125 0.443359375 0.3177083333333333 0.443359375 0.2864583333333333 0.439453125 0.27256944375000003 0.4287109375 0.25347222291666666 0.4169921875 0.24652777708333332 0.4091796875 0.24652777708333332 0.4072265625 0.25 0.4013671875 0.25
1 0.4462890625 0.21875 0.4375 0.234375 0.43359375 0.24826388958333334 0.43359375 0.25868055625 0.443359375 0.2829861104166667 0.443359375 0.29340277708333334 0.4462890625 0.30555555624999997 0.4560546875 0.3125 0.470703125 0.3107638895833333 0.4775390625 0.30555555624999997 0.490234375 0.2829861104166667 0.4921875 0.2760416666666667 0.4921875 0.25868055625 0.490234375 0.2552083333333333 0.48828125 0.234375 0.4833984375 0.22222222291666668 0.4775390625 0.21527777708333332 0.4619140625 0.20833333333333334 0.4462890625 0.21875
1 0.302734375 0.33506944375000003 0.294921875 0.36284722291666666 0.294921875 0.39409722291666666 0.296875 0.4045138895833333 0.3095703125 0.43055555624999997 0.3193359375 0.4375 0.322265625 0.4357638895833333 0.322265625 0.4045138895833333 0.33203125 0.3732638895833333 0.3466796875 0.35069444375000003 0.357421875 0.3454861104166667 0.357421875 0.3385416666666667 0.3525390625 0.3263888895833333 0.3369140625 0.3125 0.3232421875 0.3125 0.3134765625 0.31944444375000003 0.302734375 0.33506944375000003
1 0.333984375 0.2552083333333333 0.3466796875 0.26388888958333334 0.353515625 0.2760416666666667 0.359375 0.30381944375000003 0.357421875 0.32465277708333334 0.3671875 0.32465277708333334 0.375 0.3142361104166667 0.380859375 0.2829861104166667 0.384765625 0.27256944375000003 0.384765625 0.26215277708333334 0.380859375 0.24826388958333334 0.3720703125 0.23611111041666666 0.3603515625 0.22916666666666666 0.3525390625 0.22916666666666666 0.3427734375 0.23611111041666666 0.333984375 0.2552083333333333
1 0.3330078125 0.25694444375 0.3310546875 0.2604166666666667 0.3271484375 0.25694444375 0.3251953125 0.2604166666666667 0.3134765625 0.26388888958333334 0.302734375 0.2829861104166667 0.298828125 0.30381944375000003 0.30078125 0.32465277708333334 0.3037109375 0.3298611104166667 0.306640625 0.328125 0.3212890625 0.3125 0.3369140625 0.3125 0.3525390625 0.3263888895833333 0.3564453125 0.3263888895833333 0.359375 0.3142361104166667 0.359375 0.30381944375000003 0.357421875 0.30034722291666666 0.35546875 0.2795138895833333 0.3408203125 0.25694444375 0.3330078125 0.25694444375
1 0.59765625 0.33159722291666666 0.591796875 0.36284722291666666 0.591796875 0.38368055624999997 0.59765625 0.41493055624999997 0.6064453125 0.43402777708333334 0.6298828125 0.4548611104166667 0.6357421875 0.4548611104166667 0.6376953125 0.4583333333333333 0.642578125 0.45659722291666666 0.6494140625 0.4548611104166667 0.6640625 0.4357638895833333 0.6796875 0.38368055624999997 0.6796875 0.36284722291666666 0.671875 0.33159722291666666 0.6572265625 0.30555555624999997 0.6474609375 0.2986111104166667 0.6240234375 0.2986111104166667 0.6103515625 0.30902777708333334 0.59765625 0.33159722291666666
0 0.1142578125 0.41319444375000003 0.1259765625 0.41319444375000003 0.1337890625 0.4270833333333333 0.13671875 0.42534722291666666 0.13671875 0.4010416666666667 0.134765625 0.39409722291666666 0.1298828125 0.3854166666666667 0.1240234375 0.38194444375000003 0.1142578125 0.3888888895833333 0.10546875 0.4045138895833333 0.103515625 0.41493055624999997 0.1044921875 0.4201388895833333 0.1083984375 0.4201388895833333 0.1142578125 0.41319444375000003