1 0.5611328125 0.3017361104166667 0.5396484375 0.284375 0.5279296875 0.284375 0.5123046875 0.2947916666666667 0.499609375 0.3138888875 0.49375 0.33125 0.491796875 0.35902777708333333 0.48984375 0.3625 0.491796875 0.3659722208333333 0.495703125 0.3972222208333333 0.5083984375 0.4232638875 0.5254882828125 0.4354166666666667 0.53671875 0.4354166666666667 0.5533203125 0.43020833333333336 0.571875 0.40069444375 0.575 0.38680555624999996 0.575 0.34143518333333334 0.569921875 0.3173611104166667 0.5611328125 0.3017361104166667
1 0.8830078125 0.49756944583333335 0.8751953125 0.46631944583333335 0.8625 0.44375 0.8390625 0.42986111250000003 0.837109375 0.43333333333333335 0.82734375 0.43333333333333335 0.813671875 0.44375 0.7990234375 0.46979166666666666 0.7970703125 0.48368055625 0.7931640625 0.490625 0.7912109375 0.5010416666666667 0.7892578125 0.5427083333333333 0.7990234375 0.5913194458333333 0.81171875 0.6138888895833333 0.8234375 0.6243055562500001 0.83515625 0.6243055562500001 0.83671875 0.6270833333333333 0.8406250046875 0.6270833333333333 0.8458984375 0.6260416666666667 0.852734375 0.6243055562500001 0.8625 0.6138888895833333 0.8712890625 0.5947916666666667 0.8830078125 0.553125 0.884375 0.5288194458333334 0.884375 0.5173611125 0.8830078125 0.51493055625 0.8830078125 0.49756944583333335
1 0.4763671875 0.24479166666666666 0.4744140625 0.2760416666666667 0.4783203125 0.29340277708333334 0.4890625 0.31597222291666666 0.4921875 0.31875 0.4957031234375 0.31875 0.4998046875 0.3177083333333333 0.50859375 0.2986111104166667 0.526171875 0.28472222291666666 0.5359375 0.28472222291666666 0.5375 0.28009259375 0.5375 0.246875 0.5369140625 0.24479166666666666 0.52421875 0.21875 0.5171875 0.2125 0.49609375 0.2125 0.4890625 0.21875 0.4763671875 0.24479166666666666
1 0.426953125 0.28854166666666664 0.403515625 0.28854166666666664 0.395703125 0.2954861125 0.3830078125 0.31805555625 0.3771484375 0.3388888895833333 0.3751953125 0.36666666666666664 0.3869140625 0.3840277791666667 0.399475740625 0.4166666666666667 0.40058594062499997 0.4166666666666667 0.4044921875 0.4152777791666667 0.4044921875 0.3840277791666667 0.4103515625 0.35972222291666667 0.426953125 0.33368055625 0.446875 0.3218750020833333 0.446875 0.31354166666666666 0.438671875 0.2989583333333333 0.426953125 0.28854166666666664
0 0.3904296875 0.3944444458333333 0.3796875 0.37534722291666667 0.366015625 0.36493055625 0.350390625 0.3614583333333333 0.330859375 0.37534722291666667 0.3162109375 0.4013888895833333 0.3123046875 0.41875 0.3123046875 0.44305555625 0.3103515625 0.4465277791666667 0.3181640625 0.4881944458333333 0.32890625 0.5072916666666667 0.344140625 0.5208333333333334 0.348632821875 0.5208333333333334 0.3650390625 0.5194444458333334 0.3796875 0.5072916666666667 0.3904296875 0.4881944458333333 0.396875 0.4595486125 0.396875 0.42430555625 0.3962890625 0.41180555625 0.3904296875 0.3944444458333333
0 0.408203125 0.36631944375000003 0.4046875 0.38506944375 0.4046875 0.41655092708333336 0.41015625 0.4392361104166667 0.4248046875 0.46875 0.4404296875 0.4791666666666667 0.4609375 0.47743055624999997 0.4697265625 0.47222222291666666 0.48828125 0.4427083333333333 0.49375 0.4167824083333333 0.49375 0.38645833333333335 0.4921875 0.38368055624999997 0.4921875 0.3732638895833333 0.484375 0.3489583333333333 0.4716796875 0.3298611104166667 0.4599609375 0.3229166666666667 0.4423828125 0.3229166666666667 0.4228515625 0.33680555624999997 0.408203125 0.36631944375000003
0 0.6228515625 0.26875 0.616015625 0.26006944375 0.60234375 0.24965277708333333 0.588671875 0.24965277708333333 0.575 0.26006944375 0.5603515625 0.2861111104166667 0.5583984375 0.29652777708333333 0.5740234375 0.32777777708333333 0.5740234375 0.33819444375 0.5779296875 0.3555555541666667 0.5779296875 0.3729166666666667 0.584765625 0.38506944375 0.5888671875 0.3875 0.6005859296875 0.3875 0.6072265625 0.3868055541666667 0.61796875 0.378125 0.6326171875 0.3486111104166667 0.6326171875 0.33819444375 0.6328125 0.3378472208333333 0.6328125 0.2956597208333333 0.6306640625 0.2861111104166667 0.6228515625 0.26875
0 0.8431640625 0.4079861104166667 0.8392578125 0.42881944375000003 0.86171875 0.44444444375000003 0.8744140625 0.4635416666666667 0.8822265625 0.49131944375000003 0.8841796875 0.5329861104166667 0.88671875 0.5375 0.88828125 0.5375 0.8900390625 0.5364583333333334 0.9037109375 0.515625 0.9095703125 0.4947916666666667 0.9095703125 0.484375 0.9109375 0.48194444375 0.9109375 0.46631944375 0.9095703125 0.4322916666666667 0.9017578125 0.4079861104166667 0.891015625 0.3888888895833333 0.8782552078125001 0.37916666666666665 0.8664062515625 0.37916666666666665 0.855859375 0.3854166666666667 0.8431640625 0.4079861104166667
0 0.0990234375 0.7354166666666667 0.0873046875 0.725 0.0736328125 0.7215277791666667 0.0638671875 0.7284722229166667 0.055078125 0.7440972229166667 0.051171875 0.7579861124999999 0.04921875 0.7684027791666667 0.04921875 0.8135416666666667 0.0609375 0.8621527791666667 0.0775390625 0.8951388895833333 0.0923828109375 0.9083333333333333 0.0974609421875 0.9083333333333333 0.10390625 0.9072916666666667 0.1146484375 0.9020833333333333 0.125390625 0.8795138895833333 0.1265625 0.8732638895833333 0.1265625 0.8102083333333333 0.117578125 0.771875 0.0990234375 0.7354166666666667
0 0.98125 0.3614583333333333 0.9705078125 0.38055555625 0.9666015625 0.3944444458333333 0.9666015625 0.45 0.979296875 0.47604166666666664 0.9828125 0.4791666666666667 0.9837890640625 0.4791666666666667 0.9861328125 0.4777777791666667 0.9939453125 0.4465277791666667 0.9984375 0.43854166875 0.9984375 0.36878858124999997 0.991015625 0.3614583333333333 0.98125 0.3614583333333333
1 1 0.5069444458333333 0.9994140625 0.43715277916666667 0.990625 0.45625 0.988671875 0.4666666666666667 0.988671875 0.5326388895833333 0.992578125 0.5465277770833333 0.9968749984375 0.5541666666666667 0.9992187515625 0.5541666666666667 1 0.5537037041666667 1 0.5069444458333333