1 0.41328125 0.309375 0.387890625 0.309375 0.372265625 0.31979166666666664 0.3595703125 0.3423611125 0.3517578125 0.3736111125 0.3517578125 0.4013888895833333 0.3537109375 0.4048611125 0.3576171875 0.4361111125 0.3703125 0.45868055625 0.3835286453125 0.46875 0.38847657343750003 0.46875 0.4064453125 0.4673611125 0.419140625 0.45868055625 0.4259765625 0.4465277791666667 0.4259765625 0.4152777791666667 0.4279296875 0.41180555625 0.4279296875 0.4013888895833333 0.4376953125 0.3736111125 0.4390625 0.3638888895833333 0.4390625 0.3576388895833333 0.4357421875 0.3458333333333333 0.41328125 0.309375
1 0.4853515625 0.20763888958333335 0.4736328125 0.20069444583333332 0.4638671875 0.20069444583333332 0.4521484375 0.20763888958333335 0.439453125 0.22673611249999998 0.434375 0.25081018541666666 0.434375 0.27511574166666664 0.439453125 0.29618055625 0.4501953125 0.31527777916666666 0.45930989375 0.325 0.46503906875 0.325 0.47265625 0.32395833333333335 0.4833984375 0.31875 0.4951171875 0.3013888895833333 0.501953125 0.2857638895833333 0.503125 0.28159722291666667 0.503125 0.2413194458333333 0.5 0.23020833333333332 0.4853515625 0.20763888958333335
1 0.68671875 0.4517361125 0.6984375 0.4413194458333333 0.7091796875 0.42222222291666667 0.7169921875 0.3944444458333333 0.7169921875 0.35625 0.7150390625 0.3527777791666667 0.7150390625 0.3423611125 0.7091796875 0.3215277791666667 0.70234375 0.31284722291666667 0.6974609375 0.325 0.6955078125 0.3388888895833333 0.68671875 0.3545138895833333 0.6583984375 0.38055555625 0.6525390625 0.4083333333333333 0.6447265625 0.4256944458333333 0.6447265625 0.4361111125 0.65546875 0.4517361125 0.669140625 0.4517361125 0.6705078125 0.45416666666666666 0.6763671890625 0.45416666666666666 0.6798828125 0.45347222291666667 0.68671875 0.4517361125
1 1 0.42845179791666665 0.98359375 0.42673611250000004 0.9796875 0.43020833333333336 0.9669921875 0.45625 0.9630859375 0.47708333333333336 0.9630859375 0.5152777791666667 0.9708984375 0.55694444375 0.9796875 0.57256944375 0.985546875 0.57256944375 0.9869140625 0.575 0.990429690625 0.575 0.9923828125 0.57430555625 0.997265625 0.57256944375 1 0.5677083333333334 1 0.42845179791666665
0 0.9369140625 0.47604166666666664 0.9173828125 0.45868055625 0.8998046875 0.45868055625 0.8919921875 0.465625 0.88125 0.48472222291666667 0.879296875 0.4951388895833333 0.875390625 0.5020833333333333 0.875390625 0.5125 0.871484375 0.5263888895833333 0.86953125 0.5715277791666666 0.87734375 0.6131944458333333 0.8841796875 0.6322916666666667 0.8939453125 0.64618055625 0.90224609375 0.6520833333333333 0.912500003125 0.6520833333333333 0.918359375 0.6513888895833334 0.9291015625 0.6427083333333333 0.93984375 0.6236111125 0.9515625 0.5819444458333333 0.953515625 0.5506944458333333 0.9546875 0.5486111124999999 0.9546875 0.54305555625 0.945703125 0.4951388895833333 0.9369140625 0.47604166666666664
0 0.4380859375 0.3732638895833333 0.4283203125 0.4045138895833333 0.4263671875 0.4357638895833333 0.4283203125 0.4392361104166667 0.4302734375 0.4635416666666667 0.4361328125 0.484375 0.4546875 0.5138888895833333 0.4578125 0.5166666666666667 0.4613281234375 0.5166666666666667 0.4654296875 0.515625 0.4810546875 0.453125 0.4869140625 0.41840277708333334 0.4966796875 0.38715277708333334 0.4966796875 0.3732638895833333 0.5015625 0.3559027791666667 0.5015625 0.35 0.49765625 0.34027777708333334 0.491796875 0.34027777708333334 0.490234375 0.3375 0.47122395937499995 0.3375 0.456640625 0.34722222291666666 0.4380859375 0.3732638895833333
0 0.5015625 0.16545138958333333 0.4888671875 0.14635416666666667 0.4830078125 0.14635416666666667 0.4810546875 0.14288194375 0.4673828125 0.14635416666666667 0.4595703125 0.15329861041666665 0.45078125 0.17239583333333333 0.4517578125 0.17760416666666667 0.4634765625 0.1671875 0.4771484375 0.17065972291666667 0.4830078125 0.17760416666666667 0.4869140625 0.17760416666666667 0.49765625 0.20017361041666665 0.49765625 0.20625 0.5017578125 0.20625 0.5046875 0.19322916666666667 0.5046875 0.1828125 0.503515625 0.17239583333333333 0.5015625 0.16545138958333333
0 0.4716796875 0.16684027916666666 0.4638671875 0.16684027916666666 0.4541015625 0.17378472291666666 0.44140625 0.19635416875 0.4375 0.21024305625 0.4375 0.22708333333333333 0.44140625 0.22708333333333333 0.44140625 0.22413194583333332 0.4501953125 0.21197916875 0.4638671875 0.20156250208333332 0.4814453125 0.20503472291666666 0.4970703125 0.22586805625 0.5 0.22065972291666666 0.5 0.20329861249999998 0.4853515625 0.17725694583333332 0.4716796875 0.16684027916666666
0 0.7607421875 0.20868055625 0.763671875 0.19652777916666667 0.76171875 0.15138888958333335 0.7509765625 0.13576388958333335 0.7373046875 0.13229166666666667 0.728515625 0.14444444583333332 0.728515625 0.15486111249999998 0.736328125 0.16527777916666667 0.740234375 0.18611111249999998 0.73828125 0.18958333333333333 0.736328125 0.21388888958333335 0.740885415625 0.21875 0.7433593796875 0.21875 0.751953125 0.21736111249999998 0.7607421875 0.20868055625
0 0.8607421875 0.20451388958333333 0.8451171875 0.20104166874999999 0.840234375 0.20972222291666667 0.83828125 0.23750000208333333 0.83046875 0.26875 0.834375 0.28611111250000004 0.8392578125 0.2947916666666667 0.8451171859375 0.3 0.86171875 0.3 0.871484375 0.28958333333333336 0.8765625 0.26851851875 0.8765625 0.24722222291666668 0.8734375 0.23055555625000002 0.8607421875 0.20451388958333333
0 1 0.30451388749999997 0.9873046875 0.27847222083333334 0.9775390625 0.27847222083333334 0.96875 0.29756944375 0.96875 0.32534722083333334 0.970703125 0.33576388749999997 0.974609375 0.34965277708333337 0.9806640625 0.36041666666666666 0.99160155625 0.36041666666666666 0.994140625 0.36006944375 1 0.34965277708333337 1 0.30451388749999997
0 0.8544921875 0.17083333333333334 0.8447265625 0.16388888750000002 0.840625 0.1857638875 0.840625 0.20050154166666667 0.8486328125 0.20208333333333334 0.8498046875 0.20416666666666666 0.86074218125 0.20416666666666666 0.8625 0.20392628124999998 0.8625 0.18784722083333336 0.859375 0.17951388750000002 0.8544921875 0.17083333333333334