1 0.576953125 0.3996527791666667 0.55546875 0.38229166666666664 0.537890625 0.38229166666666664 0.51640625 0.39618055625 0.5037109375 0.41875 0.4958984375 0.44305555625 0.4939453125 0.4638888895833333 0.4919921875 0.4673611125 0.4919921875 0.48125 0.4939453125 0.48472222291666667 0.4978515625 0.5159722229166667 0.514453125 0.5489583333333333 0.526171875 0.5628472229166667 0.5393880203125 0.5729166666666666 0.5427734453124999 0.5729166666666666 0.5544921875 0.5715277791666666 0.57109375 0.5628472229166667 0.5896484375 0.5333333333333333 0.5974609375 0.5090277791666666 0.5984375 0.4829861125 0.5984375 0.4530381958333333 0.5916015625 0.4256944458333333 0.576953125 0.3996527791666667
1 0.3333984375 0.16979166874999999 0.3216796875 0.16631944583333333 0.3119140625 0.17326388958333333 0.303125 0.18888888958333333 0.301171875 0.19583333541666667 0.301171875 0.21666666874999999 0.3080078125 0.23576388958333333 0.3146484359375 0.24166666666666667 0.32343750937500004 0.24166666666666667 0.328515625 0.24097222291666667 0.340234375 0.2236111125 0.34375 0.2079861125 0.34375 0.19375000208333332 0.3421875 0.18541666874999999 0.3333984375 0.16979166874999999
1 0.315625 0.12204861041666668 0.3078125 0.12552083333333333 0.2990234375 0.14114583333333333 0.2990234375 0.16545138958333333 0.30390625 0.17413194375 0.30634765625 0.175 0.3102539078125 0.175 0.3234375 0.1671875 0.328125 0.15885416666666666 0.328125 0.14069940416666665 0.321484375 0.12552083333333333 0.315625 0.12204861041666668
1 0.36640625 0.10069444375 0.3537109375 0.11631944375 0.3517578125 0.13368055625 0.3537109375 0.14409722291666668 0.360546875 0.15625 0.364453125 0.15972222291666668 0.3712890625 0.15798611041666666 0.378125 0.15277777708333332 0.3830078125 0.140625 0.384375 0.12604166666666666 0.384375 0.11845238125 0.378125 0.10416666666666667 0.36640625 0.10069444375
1 0.4193359375 0.1045138875 0.4095703125 0.11145833125 0.4046875 0.1201388875 0.40078125 0.13055555416666667 0.40078125 0.14791666458333333 0.4115234375 0.17048611041666667 0.4142578140625 0.17291666666666666 0.42187498906250004 0.17291666666666666 0.426171875 0.17222222083333336 0.4390625 0.15257936458333335 0.4390625 0.12222222083333333 0.4310546875 0.10798611041666667 0.4193359375 0.1045138875
1 0.5521484375 0.05173611041666667 0.543359375 0.0638888875 0.54140625 0.08472222083333333 0.55165264375 0.10625 0.55976561875 0.10625 0.56484375 0.10555555416666666 0.56484375 0.08819444375 0.571875 0.06631944375 0.571875 0.06249999791666667 0.5658203125 0.05173611041666667 0.5521484375 0.05173611041666667
1 0.587109375 0.06215277708333333 0.5734375 0.065625 0.5666015625 0.07777777708333335 0.5646484375 0.10208333333333333 0.575390625 0.12465277708333335 0.578125 0.12708333333333333 0.5857421828125 0.12708333333333333 0.5900390625 0.1263888875 0.5998046875 0.1125 0.6015625 0.10624999791666667 0.6015625 0.08427579166666667 0.594921875 0.06909722083333333 0.587109375 0.06215277708333333
1 0.66171875 0.10590277708333334 0.6578125 0.09548611041666667 0.6509765625 0.08680555625 0.6333984375 0.08333333333333333 0.62265625 0.09895833333333333 0.620703125 0.109375 0.62265625 0.13020833333333334 0.6333984375 0.15277777708333332 0.6392578125 0.15625 0.65 0.15451388958333334 0.6529296875 0.15277777708333332 0.66171875 0.13368055625 0.66171875 0.12326388958333333 0.6625 0.121875 0.6625 0.11770833333333333 0.66171875 0.11631944375 0.66171875 0.10590277708333334
1 0.66484375 0.05243055625 0.655078125 0.05243055625 0.6482421875 0.0611111125 0.6462890625 0.08194444583333334 0.655078125 0.090625 0.6619140625 0.10277777916666667 0.6627734375000001 0.11041666666666666 0.6669921890625 0.11041666666666666 0.6697265625 0.10972222291666665 0.678125 0.09777777708333332 0.678125 0.07465277916666667 0.67265625 0.059375 0.66484375 0.05243055625
1 0.7375 0.0701388875 0.72578125 0.07361111041666667 0.7208984375 0.08229166666666667 0.7189453125 0.103125 0.731640625 0.12916666666666668 0.7339843765625 0.13125 0.739453121875 0.13125 0.7404296875 0.13090277708333334 0.747265625 0.12569444375 0.7515625 0.115 0.7515625 0.09409722083333333 0.7501953125 0.08923611041666667 0.7375 0.0701388875
1 0.8158203125 0.13229166666666667 0.8021484375 0.13229166666666667 0.7953125 0.14097222291666667 0.79140625 0.15486111249999998 0.793359375 0.17916666666666667 0.8060546875 0.20520833333333333 0.8095703125 0.20833333333333334 0.8117187546875 0.20833333333333334 0.81875 0.20694444583333332 0.8296875 0.19074074166666666 0.8296875 0.15763888958333333 0.828515625 0.15138888958333335 0.8158203125 0.13229166666666667
0 0.92265625 0.19809027708333332 0.908984375 0.1946180541666667 0.9021484375 0.2102430541666667 0.9001953125 0.2414930541666667 0.9041015625 0.25538194375 0.912890625 0.27100694375 0.9177734375 0.27274305416666667 0.9236328125 0.24496527708333332 0.93046875 0.23628472083333335 0.9328125 0.22934027708333332 0.9328125 0.225 0.9294921875 0.2102430541666667 0.92265625 0.19809027708333332
0 0.840234375 0.096875 0.83046875 0.10034722083333333 0.8255859375 0.1125 0.8255859375 0.12986111041666668 0.8275390625 0.13680555416666668 0.832421875 0.14895833333333333 0.83828125 0.15416666666666667 0.8490234375 0.15416666666666667 0.8529296875 0.14722222083333333 0.8546875 0.13784722083333334 0.8546875 0.13472222083333335 0.8529296875 0.11597222083333333 0.840234375 0.096875
0 0.7150390625 0.11753472291666665 0.7013671875 0.1140625 0.6916015625 0.12100694375000001 0.68671875 0.1296875 0.6828125 0.14357638958333335 0.6828125 0.1609375 0.68671875 0.17829861041666667 0.6974609375 0.19739583333333333 0.70888671875 0.20208333333333334 0.71162109375 0.20208333333333334 0.7150390625 0.20086805625 0.72578125 0.18871527708333333 0.7296875 0.17482638958333335 0.7296875 0.14704861041666667 0.72578125 0.13315972291666667 0.7150390625 0.11753472291666665
0 0.5109375 0.05520833541666667 0.5021484375 0.0673611125 0.5001953125 0.07430555624999999 0.5001953125 0.09166666666666666 0.5021484375 0.0986111125 0.511697046875 0.1125 0.5197265625 0.1125 0.528515625 0.10729166666666666 0.5328125 0.09659722291666667 0.5328125 0.06998106041666667 0.52265625 0.05520833541666667 0.5109375 0.05520833541666667
0 0.507421875 0.28541666666666665 0.49375 0.27152777708333337 0.478125 0.26805555416666665 0.476171875 0.27152777708333337 0.468359375 0.27152777708333337 0.45859375 0.27847222083333334 0.4439453125 0.30451388749999997 0.4400390625 0.321875 0.4400390625 0.353125 0.4458984375 0.38090277708333337 0.4546875 0.4 0.4705078140625 0.4125 0.48242186875000004 0.4125 0.4849609375 0.41215277708333337 0.491796875 0.41041666666666665 0.503515625 0.4 0.5064453125 0.39131944375 0.5123046875 0.384375 0.51875 0.36145833125 0.51875 0.31354166666666666 0.5142578125 0.29756944375 0.507421875 0.28541666666666665
0 0.3927734375 0.4357638895833333 0.3830078125 0.47743055624999997 0.3830078125 0.4947916666666667 0.3849609375 0.4982638895833333 0.3869140625 0.52256944375 0.395703125 0.5486111104166667 0.415234375 0.5729166666666666 0.426953125 0.5763888895833333 0.428515625 0.5791666666666667 0.433984371875 0.5791666666666667 0.4416015625 0.578125 0.462109375 0.5659722229166667 0.4806640625 0.5364583333333334 0.4859375 0.5114583333333333 0.4859375 0.4713541666666667 0.4787109375 0.4392361104166667 0.4640625 0.40972222291666666 0.449479165625 0.4 0.4218750015625 0.4 0.411328125 0.40625 0.3927734375 0.4357638895833333
0 0.3357421875 0.29774305624999997 0.326953125 0.2786458333333333 0.32109375 0.2717013895833333 0.303515625 0.2682291666666667 0.29375 0.2751736125 0.2771484375 0.30815972291666666 0.2771484375 0.3463541666666667 0.2810546875 0.36024305624999997 0.28984375 0.3723958333333333 0.2993652328125 0.37916666666666665 0.319266184375 0.37916666666666665 0.3279296875 0.3671875 0.3359375 0.33871527916666666 0.3359375 0.3085069458333333 0.3357421875 0.30815972291666666 0.3357421875 0.29774305624999997
0 0.2486328125 0.28819444375000003 0.2359375 0.3072916666666667 0.23203125 0.32118055624999997 0.230078125 0.3420138895833333 0.23203125 0.3454861104166667 0.23203125 0.36284722291666666 0.233984375 0.3697916666666667 0.2427734375 0.3854166666666667 0.2498046875 0.39166666666666666 0.256445309375 0.39166666666666666 0.265234375 0.390625 0.2720703125 0.3854166666666667 0.2796875 0.36585648125 0.2796875 0.3576388895833333 0.276953125 0.3454861104166667 0.276953125 0.3072916666666667 0.27890625 0.30381944375000003 0.2740234375 0.2916666666666667 0.2669921875 0.28541666666666665 0.2560546875 0.28541666666666665 0.2544921875 0.28819444375000003 0.2486328125 0.28819444375000003
0 0.2490234375 0.28767361041666667 0.2529296875 0.28767361041666667 0.255859375 0.27899305625 0.251953125 0.25815972291666667 0.2451171875 0.24600694374999998 0.2392578125 0.24253472291666667 0.2255859375 0.24600694374999998 0.216796875 0.25815972291666667 0.212890625 0.27204861041666667 0.212890625 0.2998263895833333 0.21484375 0.3067708333333333 0.2236328125 0.3223958333333333 0.22568359531249998 0.3229166666666667 0.2309244796875 0.3229166666666667 0.23828125 0.30329861041666667 0.2490234375 0.28767361041666667
0 0.2169921875 0.25868055625 0.2248046875 0.24826388958333334 0.2248046875 0.24131944375 0.212109375 0.22569444375 0.21015625 0.22916666666666666 0.204296875 0.22916666666666666 0.1935546875 0.24826388958333334 0.1916015625 0.26909722291666666 0.1955078125 0.2864583333333333 0.20234375 0.2951388895833333 0.2130859375 0.29340277708333334 0.2130859375 0.27256944375000003 0.2169921875 0.25868055625
0 0.115625 0.3458333333333333 0.115625 0.34940476249999997 0.122265625 0.3645833333333333 0.1349609375 0.36284722291666666 0.137890625 0.3611111104166667 0.1427734375 0.3489583333333333 0.14375 0.33506944375000003 0.14375 0.31845238125 0.137890625 0.3020833333333333 0.126171875 0.3020833333333333 0.1173828125 0.3177083333333333 0.115625 0.3458333333333333
0 0.2552734375 0.15590277916666664 0.2435546875 0.16284722291666667 0.238671875 0.17500000208333333 0.238671875 0.19583333541666667 0.240625 0.20277777916666664 0.2449218734375 0.21041666666666667 0.2496093796875 0.21041666666666667 0.25234375 0.20972222291666667 0.262109375 0.19930555625000002 0.265625 0.18368055625000002 0.265625 0.17916666875 0.2640625 0.16805555625000002 0.2552734375 0.15590277916666664
0 0.2396484375 0.16388888750000002 0.2298828125 0.16736111041666665 0.223046875 0.17951388750000002 0.225 0.20381944375 0.2298828125 0.2125 0.2322265640625 0.21458333333333332 0.2361328109375 0.21458333333333332 0.23671875 0.21423611041666665 0.2421875 0.21099536875 0.2421875 0.20937499791666667 0.238671875 0.196875 0.2396484375 0.16388888750000002
0 0.292578125 0.13819444583333332 0.2828125 0.13819444583333332 0.2720703125 0.15381944583333332 0.2701171875 0.17118055625 0.278586646875 0.18958333333333333 0.28398438125 0.18958333333333333 0.2916015625 0.18854166666666666 0.2984375 0.17638888958333335 0.2984375 0.146875 0.2974609375 0.14340277916666666 0.292578125 0.13819444583333332