1 0.9189453125 0.4166666666666667 0.9130859375 0.40972222291666666 0.8935546875 0.40972222291666666 0.8857421875 0.4166666666666667 0.873046875 0.4392361104166667 0.869140625 0.453125 0.8671875 0.47743055624999997 0.865234375 0.48090277708333334 0.8671875 0.48784722291666666 0.8671875 0.5121527770833334 0.873046875 0.5399305562500001 0.8857421875 0.5659722229166667 0.8896484375 0.5694444437499999 0.91015625 0.5677083333333334 0.9248046875 0.5555555562500001 0.93359375 0.5364583333333334 0.9375 0.5190972229166666 0.939453125 0.48784722291666666 0.9375 0.484375 0.935546875 0.46006944375000003 0.927734375 0.4322916666666667 0.9189453125 0.4166666666666667
1 0.8017578125 0.2673611104166667 0.8076171875 0.2673611104166667 0.8095703125 0.26388888958333334 0.8251953125 0.2673611104166667 0.8408203125 0.2916666666666667 0.84375 0.28993055624999997 0.845703125 0.2864583333333333 0.845703125 0.26909722291666666 0.84375 0.26215277708333334 0.8388671875 0.25 0.8291015625 0.23958333333333334 0.8134765625 0.23958333333333334 0.80078125 0.2552083333333333 0.8017578125 0.2673611104166667
1 0.748046875 0.24826388958333334 0.748046875 0.265625 0.7548828125 0.2708333333333333 0.765625 0.29340277708333334 0.771484375 0.3177083333333333 0.771484375 0.33159722291666666 0.78515625 0.33159722291666666 0.7890625 0.29340277708333334 0.798828125 0.265625 0.79296875 0.24826388958333334 0.7841796875 0.23263888958333334 0.7705078125 0.22916666666666666 0.7685546875 0.22569444375 0.7607421875 0.22916666666666666 0.748046875 0.24826388958333334
1 0.7255859375 0.2604166666666667 0.7197265625 0.26388888958333334 0.708984375 0.2829861104166667 0.708984375 0.296875 0.720703125 0.32465277708333334 0.720703125 0.33506944375000003 0.72265625 0.3385416666666667 0.72265625 0.3697916666666667 0.720703125 0.3767361104166667 0.7255859375 0.3854166666666667 0.7333984375 0.3854166666666667 0.7353515625 0.3888888895833333 0.744140625 0.38715277708333334 0.7587890625 0.375 0.765625 0.359375 0.76953125 0.3420138895833333 0.76953125 0.3107638895833333 0.76171875 0.2829861104166667 0.7509765625 0.2673611104166667 0.7392578125 0.2604166666666667 0.7255859375 0.2604166666666667
1 0.6689453125 0.28125 0.6572265625 0.2916666666666667 0.646484375 0.3177083333333333 0.646484375 0.328125 0.64453125 0.33159722291666666 0.646484375 0.36631944375000003 0.65234375 0.38715277708333334 0.6689453125 0.4166666666666667 0.6728515625 0.4201388895833333 0.693359375 0.41840277708333334 0.7099609375 0.40277777708333334 0.71875 0.38715277708333334 0.72265625 0.3697916666666667 0.72265625 0.3385416666666667 0.71875 0.3177083333333333 0.7060546875 0.2916666666666667 0.6884765625 0.27777777708333334 0.6689453125 0.28125
1 0.6357421875 0.17361111041666666 0.62890625 0.18923611041666666 0.642578125 0.21006944375 0.6455078125 0.22222222291666668 0.650390625 0.22048611041666666 0.6591796875 0.20138888958333334 0.6689453125 0.19791666666666666 0.669921875 0.19270833333333334 0.6611328125 0.17708333333333334 0.6572265625 0.17708333333333334 0.6513671875 0.17013888958333334 0.6396484375 0.17013888958333334 0.6357421875 0.17361111041666666
1 0.5673828125 0.22916666666666666 0.5595703125 0.22916666666666666 0.5517578125 0.23611111041666666 0.54296875 0.25173611041666666 0.5390625 0.265625 0.537109375 0.2760416666666667 0.5390625 0.3072916666666667 0.54296875 0.32118055624999997 0.5517578125 0.33680555624999997 0.5634765625 0.34722222291666666 0.58203125 0.3454861104166667 0.6015625 0.3142361104166667 0.603515625 0.30381944375000003 0.603515625 0.2760416666666667 0.5888671875 0.23611111041666666 0.5791015625 0.22916666666666666 0.5712890625 0.22916666666666666 0.5693359375 0.22569444375 0.5673828125 0.22916666666666666
1 0.388671875 0.21354166666666666 0.384765625 0.23090277708333332 0.384765625 0.25173611041666666 0.3916015625 0.2673611104166667 0.4013671875 0.27777777708333334 0.4140625 0.2760416666666667 0.4208984375 0.2708333333333333 0.4296875 0.25173611041666666 0.431640625 0.22743055625 0.4248046875 0.20486111041666666 0.4111328125 0.19444444375 0.4052734375 0.19444444375 0.3994140625 0.19791666666666666 0.388671875 0.21354166666666666
1 0.3046875 0.28993055624999997 0.3076171875 0.2986111104166667 0.3095703125 0.2951388895833333 0.3251953125 0.2951388895833333 0.3310546875 0.2986111104166667 0.3466796875 0.3263888895833333 0.34765625 0.32465277708333334 0.35546875 0.30034722291666666 0.35546875 0.2795138895833333 0.353515625 0.26909722291666666 0.3447265625 0.25347222291666666 0.3369140625 0.24652777708333332 0.3271484375 0.24652777708333332 0.310546875 0.265625 0.3046875 0.28993055624999997
1 0.3154296875 0.23611111041666666 0.3056640625 0.23958333333333334 0.29296875 0.25868055625 0.2890625 0.27256944375000003 0.2890625 0.28993055624999997 0.291015625 0.30034722291666666 0.2958984375 0.30902777708333334 0.298828125 0.3072916666666667 0.306640625 0.296875 0.306640625 0.2795138895833333 0.30859375 0.27256944375000003 0.3193359375 0.25347222291666666 0.3232421875 0.25347222291666666 0.326171875 0.24826388958333334 0.3212890625 0.23958333333333334 0.3154296875 0.23611111041666666
1 0.2255859375 0.39930555624999997 0.2314453125 0.3923611104166667 0.2470703125 0.3923611104166667 0.2607421875 0.40625 0.2685546875 0.4201388895833333 0.26953125 0.41840277708333334 0.275390625 0.4010416666666667 0.275390625 0.36284722291666666 0.26953125 0.3454861104166667 0.2529296875 0.3298611104166667 0.2353515625 0.33680555624999997 0.22265625 0.36284722291666666 0.220703125 0.39756944375000003 0.2255859375 0.39930555624999997
0 0 0.9635416666666666 0.0009765625 1 0.02734375 0.9982638895833333 0.0234375 0.9878472229166667 0.0107421875 0.96875 0 0.9635416666666666
0 0.1376953125 0.5347222229166667 0.1298828125 0.5277777770833334 0.1162109375 0.5277777770833334 0.1064453125 0.5381944437499999 0.099609375 0.5503472229166667 0.095703125 0.5642361104166667 0.09375 0.5746527770833333 0.09375 0.6197916666666666 0.099609375 0.6440972229166667 0.1103515625 0.6666666666666666 0.1201171875 0.6736111104166667 0.134765625 0.671875 0.1416015625 0.6666666666666666 0.15234375 0.6475694437499999 0.15625 0.6336805562500001 0.15625 0.6197916666666666 0.158203125 0.6163194437499999 0.15625 0.5815972229166667 0.150390625 0.5572916666666666 0.1376953125 0.5347222229166667
0 0.1640625 0.421875 0.1640625 0.45659722291666666 0.169921875 0.47743055624999997 0.1787109375 0.4895833333333333 0.1826171875 0.49305555624999997 0.19921875 0.49131944375000003 0.205078125 0.484375 0.205078125 0.4427083333333333 0.21484375 0.4079861104166667 0.2060546875 0.3888888895833333 0.1982421875 0.38194444375000003 0.1845703125 0.38194444375000003 0.171875 0.39756944375000003 0.1640625 0.421875
0 0.2314453125 0.3923611104166667 0.2236328125 0.39930555624999997 0.208984375 0.42534722291666666 0.205078125 0.4427083333333333 0.205078125 0.4635416666666667 0.203125 0.4670138895833333 0.205078125 0.4704861104166667 0.20703125 0.49131944375000003 0.2177734375 0.5173611104166667 0.2353515625 0.53125 0.2421875 0.5295138895833333 0.2529296875 0.52430555625 0.267578125 0.4947916666666667 0.271484375 0.47743055624999997 0.271484375 0.4392361104166667 0.267578125 0.421875 0.2548828125 0.39930555624999997 0.2451171875 0.3923611104166667 0.2314453125 0.3923611104166667
0 0.5986328125 0.14236111041666666 0.5927734375 0.14583333333333334 0.583984375 0.16145833333333334 0.58203125 0.16840277708333332 0.58203125 0.18923611041666666 0.5859375 0.203125 0.5908203125 0.21180555625 0.59375 0.21006944375 0.595703125 0.20659722291666668 0.595703125 0.18229166666666666 0.59765625 0.17534722291666668 0.6083984375 0.15972222291666668 0.6162109375 0.15972222291666668 0.6162109375 0.14930555625 0.6083984375 0.14236111041666666 0.5986328125 0.14236111041666666
0 0.685546875 0.19618055625 0.685546875 0.203125 0.6884765625 0.20486111041666666 0.6982421875 0.22569444375 0.701171875 0.22395833333333334 0.7099609375 0.20833333333333334 0.7255859375 0.20138888958333334 0.724609375 0.19270833333333334 0.7138671875 0.18055555625 0.7080078125 0.18055555625 0.7060546875 0.17708333333333334 0.6943359375 0.18055555625 0.685546875 0.19618055625
0 0.79296875 0.24826388958333334 0.794921875 0.25868055625 0.7978515625 0.26388888958333334 0.798828125 0.26215277708333334 0.80859375 0.23784722291666668 0.7958984375 0.21180555625 0.7802734375 0.20833333333333334 0.767578125 0.22048611041666666 0.7705078125 0.22916666666666666 0.7783203125 0.22916666666666666 0.7861328125 0.23611111041666666 0.79296875 0.24826388958333334
0 0.68359375 0.24826388958333334 0.6748046875 0.23263888958333334 0.6630859375 0.22222222291666668 0.6513671875 0.22222222291666668 0.6416015625 0.22916666666666666 0.6328125 0.24131944375 0.626953125 0.25868055625 0.626953125 0.29340277708333334 0.6328125 0.3142361104166667 0.6396484375 0.3263888895833333 0.64453125 0.328125 0.6484375 0.3107638895833333 0.6572265625 0.2916666666666667 0.6767578125 0.27777777708333334 0.6826171875 0.27777777708333334 0.6845703125 0.28125 0.689453125 0.2795138895833333 0.689453125 0.265625 0.68359375 0.24826388958333334
0 0.84375 0.26215277708333334 0.84765625 0.2795138895833333 0.849609375 0.2795138895833333 0.8671875 0.26909722291666666 0.86328125 0.25173611041666666 0.8525390625 0.23263888958333334 0.8466796875 0.22916666666666666 0.8369140625 0.22916666666666666 0.8330078125 0.23263888958333334 0.830078125 0.24131944375 0.84375 0.26215277708333334
0 0.8544921875 0.27430555624999997 0.8505859375 0.27777777708333334 0.841796875 0.296875 0.845703125 0.3107638895833333 0.845703125 0.3454861104166667 0.8515625 0.3454861104166667 0.8603515625 0.33680555624999997 0.8759765625 0.33680555624999997 0.8837890625 0.34375 0.89453125 0.32118055624999997 0.89453125 0.3142361104166667 0.8759765625 0.27777777708333334 0.8681640625 0.2708333333333333 0.8544921875 0.27430555624999997
0 0.9111328125 0.31597222291666666 0.92578125 0.328125 0.923828125 0.3072916666666667 0.9130859375 0.28472222291666666 0.9091796875 0.28125 0.8955078125 0.28125 0.88671875 0.29340277708333334 0.8974609375 0.31944444375000003 0.9013671875 0.31597222291666666 0.9111328125 0.31597222291666666
0 0.935546875 0.359375 0.935546875 0.3732638895833333 0.939453125 0.3732638895833333 0.9501953125 0.3611111104166667 0.966796875 0.36284722291666666 0.962890625 0.3385416666666667 0.9482421875 0.31597222291666666 0.9365234375 0.31597222291666666 0.927734375 0.328125 0.927734375 0.3385416666666667 0.935546875 0.359375
0 0.9423828125 0.36805555624999997 0.9375 0.3802083333333333 0.9482421875 0.3958333333333333 0.95703125 0.41493055624999997 0.9609375 0.4357638895833333 0.9609375 0.44965277708333334 0.962890625 0.453125 0.9609375 0.48784722291666666 0.966796875 0.48784722291666666 0.9765625 0.4739583333333333 0.982421875 0.453125 0.982421875 0.4079861104166667 0.9765625 0.38368055624999997 0.9658203125 0.3645833333333333 0.9619140625 0.3611111104166667 0.9501953125 0.3611111104166667 0.9423828125 0.36805555624999997
0 0.9521484375 0.40277777708333334 0.9384765625 0.3854166666666667 0.9326171875 0.38194444375000003 0.9189453125 0.3854166666666667 0.908203125 0.4045138895833333 0.9111328125 0.40972222291666666 0.9150390625 0.40972222291666666 0.931640625 0.4427083333333333 0.939453125 0.484375 0.9375 0.52256944375 0.9453125 0.52256944375 0.95703125 0.5017361104166667 0.95703125 0.4947916666666667 0.9609375 0.484375 0.9609375 0.4704861104166667 0.962890625 0.4670138895833333 0.9609375 0.4357638895833333 0.95703125 0.41493055624999997 0.9521484375 0.40277777708333334
0 0.9111328125 0.31597222291666666 0.9013671875 0.31597222291666666 0.8935546875 0.3229166666666667 0.88671875 0.3385416666666667 0.88671875 0.3489583333333333 0.89453125 0.36284722291666666 0.900390625 0.3802083333333333 0.90234375 0.4045138895833333 0.90625 0.4045138895833333 0.9189453125 0.3854166666666667 0.9228515625 0.38194444375000003 0.9326171875 0.38194444375000003 0.935546875 0.3767361104166667 0.935546875 0.36284722291666666 0.931640625 0.3454861104166667 0.9189453125 0.3229166666666667 0.9111328125 0.31597222291666666
0 0.8603515625 0.33680555624999997 0.8525390625 0.34375 0.841796875 0.36284722291666666 0.837890625 0.3802083333333333 0.837890625 0.421875 0.845703125 0.453125 0.8564453125 0.47222222291666666 0.8603515625 0.47569444375000003 0.865234375 0.4739583333333333 0.873046875 0.4392361104166667 0.8857421875 0.4166666666666667 0.90234375 0.4045138895833333 0.90234375 0.39409722291666666 0.896484375 0.36631944375000003 0.8837890625 0.34375 0.8740234375 0.33680555624999997 0.8603515625 0.33680555624999997