1 0.429296875 0.86944444375 0.4166015625 0.846875 0.4009765625 0.8260416666666667 0.3892578125 0.815625 0.3716796875 0.8086805541666667 0.3697265625 0.8052083333333333 0.3365234375 0.8052083333333333 0.3345703125 0.8086805541666667 0.3228515625 0.8121527770833333 0.3169921875 0.8190972208333334 0.3130859375 0.8190972208333334 0.2974609375 0.8399305541666667 0.288671875 0.8555555541666667 0.280859375 0.8763888875 0.280859375 0.8833333333333333 0.276953125 0.8902777770833333 0.275 0.925 0.273046875 0.9284722208333334 0.273046875 0.9493055541666667 0.275 0.9527777770833333 0.276953125 0.9840277770833333 0.27890625 0.9909722208333334 0.284375 0.9979166666666667 0.444921875 0.9979166666666667 0.4484375 0.9916666645833333 0.4484375 0.9402777770833333 0.441015625 0.90069444375 0.429296875 0.86944444375
1 0.259765625 0.3659722208333333 0.259765625 0.3555555541666667 0.26171875 0.35208333333333336 0.26171875 0.3173611104166667 0.2578125 0.3034722208333333 0.2509765625 0.29131944375 0.2314453125 0.284375 0.2216796875 0.29131944375 0.2109375 0.3104166666666667 0.20703125 0.33125 0.20703125 0.3555555541666667 0.212890625 0.3798611104166667 0.2216796875 0.3920138875 0.2236328140625 0.39375 0.244140625 0.39375 0.2529296875 0.38506944375 0.259765625 0.3659722208333333
1 0.2734375 0.3078125 0.271484375 0.28003472291666665 0.2568359375 0.25746527708333333 0.2431640625 0.25746527708333333 0.2353515625 0.2644097229166667 0.228515625 0.2765625 0.2265625 0.2869791666666667 0.2431640625 0.28871527708333333 0.2529296875 0.29565972291666665 0.259765625 0.31475694375 0.26162109375 0.33125 0.26611328125 0.33125 0.26953125 0.3251736104166667 0.2734375 0.3078125
1 0.1234375 0.3339533708333333 0.1234375 0.34149305416666664 0.125 0.36649305416666667 0.1318359375 0.37864583333333335 0.1344726578125 0.37916666666666665 0.14404296875 0.37916666666666665 0.1455078125 0.37864583333333335 0.154296875 0.36302083333333335 0.1578125 0.34427083333333336 0.1578125 0.3380208333333333 0.15625 0.32135416666666666 0.14775390625 0.30625 0.135302734375 0.30625 0.1298828125 0.3126736104166667 0.1234375 0.3339533708333333
1 0.12294921875 0.3142361104166667 0.1237955734375 0.31875 0.12587890468750002 0.31875 0.12880859375 0.3177083333333333 0.13759765625 0.30555555624999997 0.14541015625 0.30555555624999997 0.1515625 0.31102430625 0.1515625 0.29565972291666665 0.14580078125 0.28541666666666665 0.13509765625 0.28541666666666665 0.12880859375 0.29340277708333334 0.12294921875 0.3142361104166667
1 0.251953125 0.22743055625 0.251953125 0.25173611041666666 0.2666015625 0.2708333333333333 0.26953125 0.26909722291666666 0.275390625 0.23784722291666668 0.2822265625 0.22916666666666666 0.287109375 0.21701388958333334 0.287109375 0.20659722291666668 0.2783203125 0.19791666666666666 0.2666015625 0.19791666666666666 0.255859375 0.21354166666666666 0.251953125 0.22743055625
1 0.32421875 0.21423611041666665 0.3154296875 0.19861111041666665 0.3076171875 0.19861111041666665 0.3056640625 0.19513888750000002 0.2978515625 0.19861111041666665 0.2939453125 0.20208333333333334 0.28515625 0.22118055416666668 0.3056640625 0.21944444375 0.3134765625 0.22638888750000002 0.31686197968749996 0.23541666666666666 0.3181640625 0.23541666666666666 0.318359375 0.23506944375 0.32421875 0.21423611041666665
1 0.3126953125 0.18229166666666666 0.3126953125 0.19618055625 0.324928978125 0.21458333333333332 0.32578125 0.21458333333333332 0.3263671875 0.21354166666666666 0.3390625 0.19791666666666666 0.35078125 0.19791666666666666 0.353125 0.19375 0.353125 0.18958333333333333 0.3517578125 0.18229166666666666 0.344921875 0.16666666666666666 0.337890625 0.16041666666666668 0.3343750015625 0.16041666666666668 0.3234375 0.16319444375 0.3126953125 0.18229166666666666
1 0.3046875 0.17552083541666666 0.3046875 0.19166666666666668 0.3125 0.19166666666666668 0.3125 0.18246527916666666 0.3173828125 0.17031250208333332 0.3359375 0.15815972291666666 0.325839840625 0.15 0.324511721875 0.15 0.3115234375 0.15989583541666666 0.3046875 0.17552083541666666
1 0.378515625 0.14756944375 0.374609375 0.16840277708333332 0.3765625 0.18229166666666666 0.3833984375 0.19791666666666666 0.3921875015625 0.20416666666666666 0.3951171859375 0.20416666666666666 0.398046875 0.203125 0.4068359375 0.19791666666666666 0.4171875 0.17616792916666668 0.4171875 0.14965277708333333 0.415625 0.14409722291666668 0.4034939234375 0.12916666666666668 0.3941406265625 0.12916666666666668 0.3853515625 0.13541666666666666 0.378515625 0.14756944375
1 0.493359375 0.11458333333333333 0.4875 0.11111111041666667 0.47578125 0.11458333333333333 0.4650390625 0.13020833333333334 0.4611328125 0.14409722291666668 0.4630859375 0.16840277708333332 0.46796875 0.18055555625 0.48359375 0.18402777708333332 0.489453125 0.19097222291666668 0.4943359375 0.18923611041666666 0.5015625 0.17317708333333334 0.5015625 0.14097222291666667 0.4982421875 0.12326388958333333 0.493359375 0.11458333333333333
1 0.556640625 0.2831597208333333 0.55859375 0.31788194375 0.5625 0.3248263875 0.564453125 0.33524305416666667 0.5751953125 0.3543402770833334 0.5908203125 0.36475694375 0.603515625 0.36649305416666667 0.6162109375 0.3612847208333333 0.6240234375 0.3543402770833334 0.630859375 0.3421875 0.63671875 0.32135416666666666 0.638671875 0.29010416666666666 0.630859375 0.25538194375 0.6201171875 0.23628472083333335 0.6064453125 0.2258680541666667 0.5869140625 0.2258680541666667 0.5771484375 0.2328125 0.5625 0.25885416666666666 0.556640625 0.2831597208333333
0 0.1677734375 0.5010416666666667 0.151171875 0.475 0.1453125 0.47152777916666666 0.131640625 0.47152777916666666 0.119921875 0.48194444583333335 0.1130859375 0.49409722291666663 0.1091796875 0.5079861125 0.1072265625 0.5357638895833333 0.1052734375 0.5392361124999999 0.1072265625 0.5704861124999999 0.1169921875 0.6017361124999999 0.12578125 0.6138888895833333 0.1289062484375 0.6166666666666667 0.1386718859375 0.6166666666666667 0.1521484375 0.615625 0.1609375 0.6069444458333333 0.1697265625 0.584375 0.1716796875 0.553125 0.171875 0.5527777770833333 0.171875 0.5215277791666667 0.1716796875 0.5184027791666667 0.1677734375 0.5010416666666667
0 0.291796875 0.4857638875 0.276171875 0.471875 0.256640625 0.46840277708333333 0.237109375 0.4822916666666667 0.2224609375 0.5083333333333333 0.2224609375 0.5152777770833333 0.2146484375 0.5465277770833333 0.2146484375 0.58819444375 0.2224609375 0.61944444375 0.24296875 0.6524305541666667 0.249609375 0.6583333333333333 0.26660154999999996 0.6583333333333333 0.2771484375 0.6576388875 0.28984375 0.6489583333333333 0.29765625 0.6385416666666667 0.3083984375 0.6159722208333334 0.3125 0.5965277770833333 0.3125 0.5390277770833334 0.3044921875 0.5048611104166667 0.291796875 0.4857638875
0 0.148046875 0.42916666666666664 0.1373046875 0.4100694458333333 0.1314453125 0.4100694458333333 0.1294921875 0.40659722291666667 0.1197265625 0.4100694458333333 0.10703125 0.42916666666666664 0.101171875 0.45347222291666667 0.101171875 0.48472222291666667 0.105078125 0.5020833333333333 0.107421875 0.50625 0.10859375 0.50625 0.108984375 0.5055555562499999 0.112890625 0.4951388895833333 0.1255859375 0.47604166666666664 0.1314453125 0.4725694458333333 0.1515625 0.4742724875 0.1515625 0.44548611250000003 0.148046875 0.4361111125 0.148046875 0.42916666666666664
0 0.0638671875 0.3927083333333333 0.053125 0.4083333333333333 0.051171875 0.41875 0.051171875 0.45 0.0580078125 0.465625 0.0615234375 0.46875 0.063281253125 0.46875 0.06875 0.4673611125 0.074609375 0.46041666666666664 0.078125 0.44791666874999997 0.078125 0.4109567916666667 0.0697265625 0.3927083333333333 0.0638671875 0.3927083333333333
0 0.0224609375 0.46840277916666667 0.017578125 0.47708333333333336 0.0140625 0.49270833541666664 0.0140625 0.5204861104166667 0.017578125 0.5361111104166666 0.0218749984375 0.54375 0.028906257812500002 0.54375 0.033203125 0.54305555625 0.040625 0.5265625020833333 0.040625 0.48640873125 0.0341796875 0.46840277916666667 0.0224609375 0.46840277916666667
0 0.125 0.32083333333333336 0.1220703125 0.315625 0.1123046875 0.315625 0.1015625 0.33819444375 0.1 0.3576388895833333 0.1 0.36359126875 0.1064453125 0.3815972208333333 0.10839843906249999 0.38333333333333336 0.12109375 0.38333333333333336 0.1265625 0.37361111041666667 0.1265625 0.37118055624999996 0.123046875 0.3555555541666667 0.125 0.32083333333333336
0 0.180078125 0.25312500208333333 0.1712890625 0.26527777916666667 0.1673828125 0.2791666666666667 0.1673828125 0.30347222291666665 0.1693359375 0.3104166666666667 0.17686941875 0.32083333333333336 0.1888671875 0.32083333333333336 0.191796875 0.31909722291666665 0.2 0.30127314791666665 0.2 0.2642361125 0.19375 0.25312500208333333 0.180078125 0.25312500208333333
0 0.2046875 0.265625 0.20078125 0.2864583333333333 0.20078125 0.30034722291666666 0.2046875 0.3142361104166667 0.2072265625 0.31875 0.2087890625 0.31875 0.210546875 0.3177083333333333 0.214453125 0.30381944375000003 0.222265625 0.29340277708333334 0.22421875 0.2829861104166667 0.2390625 0.2598958333333333 0.2390625 0.2567361125 0.2349609375 0.24652777708333332 0.2318359375 0.24375 0.2283203140625 0.24375 0.2173828125 0.24652777708333332 0.2046875 0.265625
0 0.3099609375 0.221875 0.2923828125 0.21840277708333333 0.2865234375 0.221875 0.273828125 0.24444444375 0.269921875 0.2722222208333333 0.273828125 0.2930555541666667 0.2787109375 0.30520833333333336 0.2892578125 0.3145833333333333 0.29804686875 0.3145833333333333 0.303125 0.3138888875 0.3119140625 0.30520833333333336 0.31875 0.28958333333333336 0.31875 0.2791666666666667 0.3203125 0.27638888749999996 0.3203125 0.26875 0.31875 0.24097222083333333 0.3099609375 0.221875
0 0.3599609375 0.20104166666666667 0.3560546875 0.19756944375 0.3384765625 0.19756944375 0.3267578125 0.21145833333333333 0.321875 0.22361111041666665 0.31796875 0.2375 0.31796875 0.25833333333333336 0.32578125 0.28263888958333333 0.3326171875 0.29131944375 0.33671875 0.29375 0.3484375046875 0.29375 0.355078125 0.29305555624999996 0.3599609375 0.29131944375 0.36875 0.27222222291666665 0.371875 0.2611111104166667 0.371875 0.22638888750000002 0.370703125 0.22013888750000002 0.3599609375 0.20104166666666667
0 0.48984375 0.19166666666666668 0.48203125 0.18472222083333334 0.464453125 0.18472222083333334 0.4546875 0.19166666666666668 0.4458984375 0.20729166666666668 0.4400390625 0.228125 0.4400390625 0.2559027770833333 0.4419921875 0.26631944375 0.460546875 0.29583333333333334 0.468359375 0.29583333333333334 0.46953125 0.29791666666666666 0.475781246875 0.29791666666666666 0.4771484375 0.29756944375 0.487890625 0.2923611104166667 0.4986328125 0.27326388749999997 0.5025390625 0.259375 0.503125 0.25104166666666666 0.503125 0.22511573958333334 0.4986328125 0.20381944375 0.48984375 0.19166666666666668