1 0.351171875 0.9045138895833333 0.335546875 0.8628472229166667 0.3228515625 0.8402777770833333 0.3072265625 0.8194444437499999 0.3033203125 0.8194444437499999 0.2994140625 0.8125 0.2876953125 0.8055555562500001 0.2779296875 0.8055555562500001 0.2759765625 0.8020833333333334 0.2447265625 0.8055555562500001 0.2251953125 0.8229166666666666 0.2154296875 0.8368055562500001 0.210546875 0.8489583333333334 0.202734375 0.8802083333333334 0.202734375 0.9045138895833333 0.20078125 0.9114583333333334 0.202734375 0.9149305562500001 0.202734375 0.9461805562500001 0.210546875 0.9774305562500001 0.210546875 0.984375 0.2154296875 0.9965277770833333 0.2212890625 0.9965277770833333 0.2232421875 1 0.34921875 0.9982638895833333 0.353125 0.9947916666666666 0.355078125 0.9739583333333334 0.35625 0.971875 0.35625 0.9378472229166667 0.355078125 0.9357638895833333 0.351171875 0.9045138895833333
1 0.463671875 0.19513888750000002 0.45 0.20555555416666668 0.4373046875 0.228125 0.4333984375 0.24895833333333334 0.4353515625 0.28368055416666665 0.43828125 0.28888888749999997 0.444140625 0.28888888749999997 0.459765625 0.30277777708333337 0.46875 0.31875 0.474999996875 0.31875 0.4763671875 0.31840277708333337 0.4763671875 0.28368055416666665 0.4783203125 0.27326388749999997 0.4841796875 0.2559027770833333 0.5 0.23402777708333333 0.5 0.221895425 0.48515625 0.19861111041666665 0.463671875 0.19513888750000002
1 0.5357421875 0.23645833333333333 0.5220703125 0.23298611249999998 0.5201171875 0.22951388958333335 0.5044921875 0.23298611249999998 0.4888671875 0.246875 0.480078125 0.26597222291666667 0.476171875 0.28680555625 0.476171875 0.31805555625 0.478125 0.32847222291666667 0.4825892859375 0.33958333333333335 0.4859375015625 0.33958333333333335 0.487890625 0.3388888895833333 0.4927734375 0.3302083333333333 0.5162109375 0.31284722291666667 0.5357421875 0.31284722291666667 0.5494140625 0.3232638895833333 0.5552734375 0.3232638895833333 0.5578125 0.31574074166666666 0.5578125 0.28159722291666667 0.554296875 0.26597222291666667 0.5357421875 0.23645833333333333
1 0.4232421875 0.20486111041666666 0.4173828125 0.19791666666666666 0.3958984375 0.20138888958333334 0.383203125 0.22048611041666666 0.379296875 0.23090277708333332 0.379296875 0.23784722291666668 0.3900390625 0.24652777708333332 0.402734375 0.26909722291666666 0.4076171875 0.2916666666666667 0.41640625 0.28993055624999997 0.433984375 0.2829861104166667 0.433984375 0.24479166666666666 0.4375 0.22916666666666666 0.4375 0.22660985 0.4271484375 0.20486111041666666 0.4232421875 0.20486111041666666
1 0.6322265625 0.14965277708333333 0.6244140625 0.14270833125000001 0.6068359375 0.14270833125000001 0.59609375 0.15486111041666667 0.5970703125 0.16354166458333333 0.6126953125 0.1670138875 0.6205078125 0.17395833125000001 0.6339843765625 0.19791666666666666 0.634375 0.19791666666666666 0.63515625 0.19652777708333333 0.6390625 0.1826388875 0.6421875 0.17986110833333332 0.6421875 0.16597222083333335 0.641015625 0.16180555416666667 0.6322265625 0.14965277708333333
1 0.708984375 0.1814236125 0.705078125 0.16406250208333334 0.6923828125 0.14149305625 0.6865234375 0.13802083541666665 0.6708984375 0.13802083541666665 0.6630859375 0.14496527916666666 0.658203125 0.15711805625 0.6748046875 0.16232638958333334 0.6884765625 0.17621527916666666 0.697265625 0.19878472291666668 0.6992047984374999 0.22291666666666668 0.7012369796875 0.22291666666666668 0.708984375 0.2022569458333333 0.708984375 0.1814236125
1 0.74375 0.1454861125 0.73203125 0.13506944583333333 0.72421875 0.13506944583333333 0.714453125 0.14201388958333333 0.7056640625 0.15763888958333333 0.7056640625 0.16805555625000002 0.7095703125 0.17847222291666667 0.7095703125 0.20972222291666667 0.718359375 0.22534722291666667 0.7249999984375 0.23125 0.7302734421875 0.23125 0.7330078125 0.23055555625000002 0.7369140625 0.20972222291666667 0.74765625 0.19062500208333333 0.753125 0.18645833541666665 0.753125 0.16666666875 0.7505859375 0.15763888958333333 0.74375 0.1454861125
1 0.81796875 0.18732638958333334 0.808203125 0.17690972291666668 0.800390625 0.17690972291666668 0.790625 0.18385416666666668 0.7837890625 0.19947916666666668 0.7916015625 0.21336805625000002 0.7955078125 0.2272569458333333 0.7955078125 0.24461805625000002 0.806747159375 0.28125 0.81572265625 0.28125 0.821875 0.27760416666666665 0.8306640625 0.26197916666666665 0.83125 0.25885416666666666 0.83125 0.21545138958333335 0.8287109375 0.2064236125 0.81796875 0.18732638958333334
1 0.8474609375 0.34131944583333335 0.840625 0.32569444583333335 0.8171875 0.30486111250000003 0.80546875 0.30486111250000003 0.795703125 0.31180555625 0.7810546875 0.334375 0.7751953125 0.35868055625 0.778125 0.3638888895833333 0.795703125 0.3638888895833333 0.809375 0.37430555625 0.8259765625 0.40381944583333335 0.8318359375 0.42465277916666666 0.8337890625 0.44548611250000003 0.8363281234375 0.45 0.8378906265625 0.45 0.8396484375 0.44895833333333335 0.842578125 0.44722222291666663 0.8494140625 0.43159722291666663 0.8546875 0.40659722291666667 0.8546875 0.3923611125 0.8533203125 0.365625 0.8474609375 0.34131944583333335
1 0.9263671875 0.4263888895833333 0.9185546875 0.41944444583333335 0.8990234375 0.41944444583333335 0.8853515625 0.43333333333333335 0.8765625 0.45243055625 0.86875 0.48020833333333335 0.866796875 0.521875 0.88046875 0.5774305562500001 0.8873046875 0.5895833333333333 0.8943359359375 0.5958333333333333 0.9048828234374999 0.5958333333333333 0.91953125 0.5947916666666667 0.9322265625 0.5826388895833333 0.9390625 0.5670138895833333 0.946875 0.5322916666666667 0.946875 0.51493055625 0.9484375 0.5121527770833334 0.9484375 0.5107638895833333 0.946875 0.5079861125 0.946875 0.49409722291666663 0.9484375 0.49131944375000003 0.9484375 0.48871527708333334 0.941015625 0.45243055625 0.9263671875 0.4263888895833333
1 0.9734375 0.4375 0.9626953125 0.4670138895833333 0.9587890625 0.48784722291666666 0.9587890625 0.52256944375 0.9666015625 0.5642361104166667 0.975390625 0.5798611104166667 0.98125 0.5833333333333334 0.9919921875 0.5815972229166667 0.9984375 0.5758680541666668 0.9984375 0.4349537041666667 0.98515625 0.4270833333333333 0.9734375 0.4375
0 0.7439453125 0.4045138895833333 0.7361328125 0.4357638895833333 0.7341796875 0.4670138895833333 0.7361328125 0.4704861104166667 0.7361328125 0.484375 0.7380859375 0.48784722291666666 0.7400390625 0.50868055625 0.756640625 0.5416666666666666 0.77421875 0.5590277770833333 0.780078125 0.5625 0.7888671875 0.5607638895833333 0.807421875 0.5520833333333334 0.815234375 0.5416666666666666 0.8259765625 0.5190972229166666 0.8328125 0.48871527708333334 0.8328125 0.4357638875 0.8279296875 0.41840277708333334 0.8279296875 0.4114583333333333 0.811328125 0.37847222291666666 0.79375 0.3645833333333333 0.77421875 0.3645833333333333 0.760546875 0.375 0.7439453125 0.4045138895833333
0 0.7263671875 0.4076388875 0.7185546875 0.3798611104166667 0.705859375 0.3572916666666667 0.698046875 0.346875 0.694140625 0.346875 0.68828125 0.3399305541666667 0.666796875 0.33645833333333336 0.66484375 0.3399305541666667 0.65703125 0.3399305541666667 0.6453125 0.3503472208333333 0.6326171875 0.36944444375 0.6208984375 0.4111111104166667 0.6208984375 0.44583333333333336 0.6287109375 0.48402777708333333 0.64140625 0.5100694437500001 0.65703125 0.5274305541666666 0.662890625 0.5274305541666666 0.6638671875 0.5291666666666667 0.6794921875 0.5291666666666667 0.69609375 0.5239583333333333 0.7126953125 0.5048611104166667 0.7244140625 0.4736111104166667 0.7265625 0.4487847208333333 0.7265625 0.42534722291666666 0.7263671875 0.425 0.7263671875 0.4076388875
0 0.6275390625 0.25381944375 0.6158203125 0.24687499791666667 0.5962890625 0.24687499791666667 0.5767578125 0.26423611041666667 0.569921875 0.27986111041666667 0.5640625 0.30069444375000004 0.562109375 0.33194444375000004 0.566015625 0.3458333333333333 0.571875 0.35625 0.577734375 0.38055555416666664 0.5943359375 0.403125 0.5978515640625 0.40625 0.6023437359375 0.40625 0.61875 0.40486111041666667 0.62265625 0.40138888749999996 0.63046875 0.37361111041666667 0.6412109375 0.35451388749999996 0.6470703125 0.35104166666666664 0.6515625 0.34305555416666667 0.6515625 0.3060185166666667 0.64609375 0.2833333333333333 0.6275390625 0.25381944375
0 0.5703125 0.3527777791666667 0.5556640625 0.3267361125 0.5361328125 0.31284722291666667 0.5166015625 0.31284722291666667 0.4970703125 0.3267361125 0.48828125 0.3388888895833333 0.4765625 0.3770833333333333 0.4765625 0.3875 0.475 0.39027777916666667 0.475 0.42384259375 0.48046875 0.4465277791666667 0.490234375 0.4708333333333333 0.5029296875 0.4864583333333333 0.5134765625 0.49583333333333335 0.52929688125 0.49583333333333335 0.5390625 0.4951388895833333 0.5537109375 0.4829861125 0.5703125 0.4569444458333333 0.578125 0.42916666666666664 0.578125 0.4152777791666667 0.5796875 0.4125 0.5796875 0.40555555625 0.578125 0.38055555625 0.5703125 0.3527777791666667
0 0.3595703125 0.29131944375 0.3400390625 0.29131944375 0.3263671875 0.3017361104166667 0.315625 0.32083333333333336 0.3078125 0.3555555541666667 0.3078125 0.38333333333333336 0.315625 0.41458333333333336 0.3283203125 0.4336805541666667 0.33662109375 0.4395833333333333 0.34921874062499997 0.4395833333333333 0.356640625 0.4388888875 0.3712890625 0.43020833333333336 0.380078125 0.41458333333333336 0.3859375 0.39375 0.3859375 0.3798611104166667 0.383984375 0.3763888875 0.383984375 0.3659722208333333 0.3859375 0.3625 0.3859375 0.32777777708333333 0.3771484375 0.3086805541666667 0.3595703125 0.29131944375
0 0.2404296875 0.33159722291666666 0.2345703125 0.35243055624999997 0.2328125 0.37743055625 0.2328125 0.38125 0.2384765625 0.4114583333333333 0.24921875 0.43055555624999997 0.25390625 0.43333333333333335 0.2624999953125 0.43333333333333335 0.2736328125 0.4322916666666667 0.28046875 0.43055555624999997 0.2931640625 0.41493055624999997 0.2951171875 0.4010416666666667 0.3 0.386574075 0.3 0.3454861104166667 0.2951171875 0.328125 0.284375 0.30902777708333334 0.2796875 0.30625 0.26015625 0.30625 0.24921875 0.31597222291666666 0.2404296875 0.33159722291666666
0 0.385546875 0.24322916666666666 0.3796875 0.24322916666666666 0.377734375 0.23975694374999998 0.358203125 0.24322916666666666 0.350390625 0.25017361041666664 0.3337890625 0.28663194375 0.334765625 0.2953125 0.340625 0.2953125 0.342578125 0.2918402770833334 0.36015625 0.2918402770833334 0.366015625 0.2953125 0.377734375 0.3092013875 0.3845703125 0.32135416666666666 0.38642578125 0.33125 0.3886962890625 0.33125 0.4046875 0.2933449083333333 0.4046875 0.2828125 0.4021484375 0.26927083333333335 0.385546875 0.24322916666666666
0 0.343359375 0.19444444375 0.3326171875 0.21701388958333334 0.33359375 0.22222222291666668 0.343359375 0.21527777708333332 0.362890625 0.21875 0.3765625 0.23958333333333334 0.3775390625 0.23784722291666668 0.384375 0.21657986041666666 0.384375 0.21141975208333333 0.3765625 0.19444444375 0.36875 0.1875 0.353125 0.1875 0.347265625 0.19097222291666668 0.343359375 0.19444444375
0 0.451953125 0.16388888750000002 0.440234375 0.16736111041666665 0.432421875 0.17430555416666668 0.4216796875 0.19340277708333334 0.4216796875 0.20034722083333334 0.43046875 0.20902777708333334 0.4333984375 0.21770833333333334 0.4375 0.225 0.4390625 0.225 0.4392578125 0.22465277708333334 0.4412109375 0.21770833333333334 0.451953125 0.20208333333333334 0.463671875 0.19513888750000002 0.4734375 0.19513888750000002 0.4734375 0.18472222291666668 0.467578125 0.17430555416666668 0.451953125 0.16388888750000002
0 0.57734375 0.12534722083333333 0.567578125 0.12534722083333333 0.555859375 0.1357638875 0.5470703125 0.15486111041666667 0.5529296875 0.16874999791666667 0.5548828125 0.1826388875 0.5669921890625 0.20416666666666666 0.5681640609375 0.20416666666666666 0.5685546875 0.20347222083333336 0.5724609375 0.18958333125000001 0.579296875 0.17743055416666667 0.591015625 0.1670138875 0.5953125 0.15937499791666668 0.5953125 0.14340277708333332 0.591015625 0.1357638875 0.57734375 0.12534722083333333
0 0.8642578125 0.2916666666666667 0.8798828125 0.30555555624999997 0.8896484375 0.3263888895833333 0.892578125 0.32465277708333334 0.896484375 0.30381944375000003 0.89453125 0.296875 0.89453125 0.2795138895833333 0.8818359375 0.24652777708333332 0.8701171875 0.23611111041666666 0.8583984375 0.23611111041666666 0.8486328125 0.24305555625 0.841796875 0.2552083333333333 0.837890625 0.2760416666666667 0.8388671875 0.2986111104166667 0.8505859375 0.2916666666666667 0.8642578125 0.2916666666666667
0 0.8939453125 0.22899305625000002 0.8841796875 0.22899305625000002 0.8802734375 0.23246527916666665 0.87734375 0.24114583333333334 0.887109375 0.2550347229166667 0.894921875 0.2793402791666667 0.894921875 0.32100694583333333 0.89296875 0.32447916666666665 0.89296875 0.3333333333333333 0.90283203125 0.3333333333333333 0.9076171875 0.3296875 0.915625 0.31228781041666664 0.915625 0.2667771479166667 0.9056640625 0.23940972291666668 0.8939453125 0.22899305625000002
0 0.9345703125 0.36822916666666666 0.9287109375 0.36475694375 0.9130859375 0.36475694375 0.9052734375 0.3717013875 0.89453125 0.3907986104166667 0.8890625 0.41348379583333333 0.8890625 0.42565972291666665 0.8935546875 0.42725694375 0.8994140625 0.4203125 0.9189453125 0.4203125 0.9306640625 0.43072916666666666 0.943359375 0.45677083333333335 0.943359375 0.4637152770833334 0.947265625 0.47413194375 0.947265625 0.4875 0.9512890625000001 0.4875 0.9546875 0.47239583125 0.9546875 0.41718749791666665 0.947265625 0.3907986104166667 0.9345703125 0.36822916666666666
0 0.7958984375 0.15243055625000002 0.7900390625 0.14895833541666667 0.7802734375 0.14895833541666667 0.7705078125 0.15590277916666664 0.7640625 0.17718253958333333 0.7640625 0.18055555625 0.7646484375 0.18368055625000002 0.7724609375 0.18715277916666664 0.778971353125 0.19583333333333333 0.7851562515625 0.19583333333333333 0.7900390625 0.18368055625000002 0.8017578125 0.1767361125 0.80625 0.17833333333333332 0.80625 0.17569444583333332 0.8046875 0.16458333541666667 0.7958984375 0.15243055625000002