1 0.2978515625 1 0.2998046875 0.9965277770833333 0.3056640625 1 0.4453125 0.9982638895833333 0.44921875 0.984375 0.44921875 0.9496527770833333 0.447265625 0.9461805562500001 0.447265625 0.9322916666666666 0.443359375 0.9114583333333334 0.435546875 0.8836805562500001 0.4169921875 0.8472222229166667 0.3896484375 0.8159722229166667 0.3720703125 0.8090277770833333 0.3701171875 0.8055555562500001 0.3369140625 0.8055555562500001 0.3349609375 0.8090277770833333 0.3232421875 0.8125 0.3173828125 0.8194444437499999 0.3134765625 0.8194444437499999 0.2998046875 0.8368055562500001 0.283203125 0.8697916666666666 0.28125 0.8836805562500001 0.27734375 0.890625 0.275390625 0.9184027770833333 0.2734375 0.921875 0.2734375 0.9565972229166667 0.275390625 0.9600694437499999 0.27734375 0.9878472229166667 0.2822265625 0.9965277770833333 0.2880859375 1 0.2978515625 1
1 0.5625 0.25868055625 0.5625 0.265625 0.55859375 0.2760416666666667 0.55859375 0.3142361104166667 0.56640625 0.3385416666666667 0.5751953125 0.3541666666666667 0.5927734375 0.3645833333333333 0.611328125 0.36284722291666666 0.6240234375 0.3541666666666667 0.63671875 0.32465277708333334 0.638671875 0.2864583333333333 0.634765625 0.265625 0.626953125 0.24479166666666666 0.6142578125 0.22916666666666666 0.6083984375 0.22569444375 0.5869140625 0.22569444375 0.5810546875 0.22916666666666666 0.5625 0.25868055625
1 0.5478515625 0.13888888958333334 0.5419921875 0.13888888958333334 0.53125 0.15798611041666666 0.529296875 0.16493055625 0.529296875 0.19618055625 0.5380859375 0.21875 0.5458984375 0.22916666666666666 0.5546875 0.23090277708333332 0.5673828125 0.22916666666666666 0.576171875 0.21701388958333334 0.58203125 0.19965277708333332 0.583984375 0.17534722291666668 0.580078125 0.15798611041666666 0.5732421875 0.14583333333333334 0.5654296875 0.13888888958333334 0.5517578125 0.13888888958333334 0.5498046875 0.13541666666666666 0.5478515625 0.13888888958333334
1 0.5439453125 0.10763888958333333 0.5400390625 0.11111111041666667 0.529296875 0.13368055625 0.529296875 0.14409722291666668 0.52734375 0.14756944375 0.529296875 0.15798611041666666 0.53125 0.15798611041666666 0.5380859375 0.14236111041666666 0.5478515625 0.13541666666666666 0.5615234375 0.13541666666666666 0.5712890625 0.14583333333333334 0.5751953125 0.14583333333333334 0.576171875 0.140625 0.57421875 0.13020833333333334 0.5634765625 0.11111111041666667 0.5595703125 0.10763888958333333 0.5439453125 0.10763888958333333
1 0.48046875 0.16493055625 0.484375 0.17881944375 0.4951171875 0.19444444375 0.4990234375 0.19791666666666666 0.509765625 0.19618055625 0.5166015625 0.19444444375 0.52734375 0.171875 0.52734375 0.140625 0.5205078125 0.125 0.5126953125 0.11805555625 0.4970703125 0.11805555625 0.4912109375 0.12152777708333334 0.484375 0.13368055625 0.48046875 0.14756944375 0.48046875 0.16493055625
1 0.37890625 0.18229166666666666 0.380859375 0.18923611041666666 0.3896484375 0.20486111041666666 0.3974609375 0.21180555625 0.400390625 0.21006944375 0.4130859375 0.20486111041666666 0.421875 0.18229166666666666 0.421875 0.15451388958333334 0.419921875 0.14756944375 0.4111328125 0.13541666666666666 0.3935546875 0.13541666666666666 0.3896484375 0.13888888958333334 0.3828125 0.15104166666666666 0.37890625 0.16493055625 0.37890625 0.18229166666666666
1 0.330078125 0.20659722291666668 0.3251953125 0.19791666666666666 0.3134765625 0.19444444375 0.3115234375 0.19097222291666668 0.294921875 0.20659722291666668 0.2958984375 0.21875 0.3095703125 0.22222222291666668 0.3173828125 0.23611111041666666 0.318359375 0.234375 0.330078125 0.20659722291666668
1 0.29296875 0.21701388958333334 0.2978515625 0.20138888958333334 0.3056640625 0.19444444375 0.322265625 0.19270833333333334 0.3134765625 0.18055555625 0.3017578125 0.18055555625 0.287109375 0.203125 0.28515625 0.22048611041666666 0.2890625 0.22048611041666666 0.29296875 0.21701388958333334
1 0.2509765625 0.2951388895833333 0.2578125 0.3072916666666667 0.26171875 0.32118055624999997 0.26171875 0.33506944375000003 0.265625 0.33506944375000003 0.2734375 0.3072916666666667 0.2734375 0.28993055624999997 0.26953125 0.27256944375000003 0.2568359375 0.25694444375 0.2431640625 0.25694444375 0.2353515625 0.26388888958333334 0.2265625 0.2795138895833333 0.224609375 0.28993055624999997 0.2431640625 0.28819444375000003 0.2509765625 0.2951388895833333
1 0.208984375 0.36631944375000003 0.21484375 0.38368055624999997 0.2255859375 0.3958333333333333 0.244140625 0.39409722291666666 0.2578125 0.3767361104166667 0.26171875 0.35590277708333334 0.26171875 0.32465277708333334 0.2578125 0.3072916666666667 0.2509765625 0.2951388895833333 0.2431640625 0.28819444375000003 0.2275390625 0.28819444375000003 0.212890625 0.3107638895833333 0.20703125 0.33159722291666666 0.208984375 0.36631944375000003
1 0.125 0.36631944375000003 0.1318359375 0.37847222291666666 0.140625 0.3802083333333333 0.1455078125 0.37847222291666666 0.154296875 0.36284722291666666 0.158203125 0.3420138895833333 0.15625 0.32118055624999997 0.1474609375 0.30555555624999997 0.1357421875 0.30555555624999997 0.1318359375 0.30902777708333334 0.125 0.32465277708333334 0.123046875 0.33506944375000003 0.125 0.36631944375000003
1 0.125 0.30381944375000003 0.123046875 0.3177083333333333 0.12890625 0.3177083333333333 0.1298828125 0.3125 0.1376953125 0.30555555624999997 0.1455078125 0.30555555624999997 0.1513671875 0.3125 0.154296875 0.3072916666666667 0.15234375 0.296875 0.1455078125 0.28472222291666666 0.1357421875 0.28472222291666666 0.1318359375 0.28819444375000003 0.125 0.30381944375000003
0 0.1015625 0.453125 0.1015625 0.48784722291666666 0.109375 0.5121527770833334 0.1123046875 0.5173611104166667 0.12109375 0.52256944375 0.126953125 0.48784722291666666 0.134765625 0.4704861104166667 0.1416015625 0.46180555624999997 0.15234375 0.45659722291666666 0.146484375 0.42534722291666666 0.1396484375 0.41319444375000003 0.1298828125 0.40625 0.1162109375 0.41319444375000003 0.107421875 0.42881944375000003 0.1015625 0.453125
0 0.1474609375 0.4583333333333333 0.1396484375 0.46527777708333334 0.12890625 0.484375 0.123046875 0.5017361104166667 0.123046875 0.515625 0.12109375 0.5190972229166666 0.123046875 0.5572916666666666 0.1328125 0.5885416666666666 0.1416015625 0.6006944437499999 0.1494140625 0.6076388895833333 0.16796875 0.6059027770833333 0.1748046875 0.6006944437499999 0.1875 0.578125 0.19140625 0.5572916666666666 0.19140625 0.5399305562500001 0.193359375 0.5364583333333334 0.19140625 0.50868055625 0.185546875 0.48784722291666666 0.1728515625 0.46527777708333334 0.1650390625 0.4583333333333333 0.1474609375 0.4583333333333333
0 0.2666015625 0.46527777708333334 0.2646484375 0.46875 0.2587890625 0.46875 0.2451171875 0.4826388895833333 0.23046875 0.515625 0.224609375 0.546875 0.224609375 0.5850694437499999 0.236328125 0.6232638895833333 0.2490234375 0.6458333333333334 0.2666015625 0.6597222229166667 0.2890625 0.6579861104166667 0.3037109375 0.6493055562500001 0.3203125 0.6163194437499999 0.326171875 0.5920138895833333 0.326171875 0.5746527770833333 0.328125 0.5711805562500001 0.326171875 0.5364583333333334 0.318359375 0.50868055625 0.3037109375 0.4826388895833333 0.2822265625 0.46527777708333334 0.2666015625 0.46527777708333334
0 0.2734375 0.29340277708333334 0.2822265625 0.30902777708333334 0.2900390625 0.31597222291666666 0.30078125 0.3142361104166667 0.3115234375 0.30555555624999997 0.318359375 0.2864583333333333 0.318359375 0.23784722291666668 0.3095703125 0.22222222291666668 0.3037109375 0.21875 0.2900390625 0.21875 0.275390625 0.23784722291666668 0.26953125 0.26215277708333334 0.26953125 0.27256944375000003 0.2734375 0.29340277708333334
0 0.318359375 0.234375 0.318359375 0.26215277708333334 0.3310546875 0.28819444375000003 0.3388671875 0.2951388895833333 0.35546875 0.29340277708333334 0.3623046875 0.28819444375000003 0.369140625 0.27256944375000003 0.373046875 0.2552083333333333 0.373046875 0.23090277708333332 0.369140625 0.21701388958333334 0.3603515625 0.20138888958333334 0.3564453125 0.19791666666666666 0.3388671875 0.19791666666666666 0.322265625 0.22048611041666666 0.318359375 0.234375
0 0.4501953125 0.19444444375 0.44140625 0.21354166666666666 0.439453125 0.2552083333333333 0.44140625 0.265625 0.4541015625 0.28819444375000003 0.4619140625 0.2951388895833333 0.47265625 0.296875 0.4814453125 0.2951388895833333 0.4892578125 0.28819444375000003 0.49609375 0.2760416666666667 0.50390625 0.24826388958333334 0.50390625 0.22743055625 0.498046875 0.203125 0.4912109375 0.19097222291666668 0.4814453125 0.18402777708333332 0.4619140625 0.18402777708333332 0.4501953125 0.19444444375
0 0.1787109375 0.3229166666666667 0.189453125 0.32118055624999997 0.201171875 0.30381944375000003 0.203125 0.27256944375000003 0.1943359375 0.25347222291666666 0.1865234375 0.25 0.1767578125 0.25694444375 0.169921875 0.27256944375000003 0.16796875 0.2795138895833333 0.16796875 0.30381944375000003 0.169921875 0.3107638895833333 0.1787109375 0.3229166666666667
0 0.2509765625 0.25694444375 0.2568359375 0.25694444375 0.2646484375 0.2673611104166667 0.26953125 0.26909722291666666 0.275390625 0.23784722291666668 0.28515625 0.22395833333333334 0.28515625 0.22048611041666666 0.2783203125 0.21180555625 0.2666015625 0.21180555625 0.2587890625 0.21875 0.25 0.23784722291666668 0.25 0.24826388958333334 0.248046875 0.25173611041666666 0.2509765625 0.25694444375
0 0.12109375 0.38368055624999997 0.126953125 0.3697916666666667 0.123046875 0.35590277708333334 0.125 0.32118055624999997 0.1220703125 0.31597222291666666 0.1123046875 0.31597222291666666 0.1015625 0.3385416666666667 0.099609375 0.36284722291666666 0.1064453125 0.38194444375000003 0.1103515625 0.3854166666666667 0.12109375 0.38368055624999997
0 0.068359375 0.4670138895833333 0.078125 0.44618055624999997 0.078125 0.4114583333333333 0.0712890625 0.3958333333333333 0.0634765625 0.3923611104166667 0.0546875 0.4045138895833333 0.05078125 0.41840277708333334 0.05078125 0.44965277708333334 0.0576171875 0.46527777708333334 0.0615234375 0.46875 0.068359375 0.4670138895833333
0 0.0224609375 0.5451388895833333 0.033203125 0.5434027770833333 0.0390625 0.5329861104166667 0.041015625 0.52256944375 0.041015625 0.48784722291666666 0.0341796875 0.46875 0.0224609375 0.46875 0.017578125 0.47743055624999997 0.013671875 0.4947916666666667 0.013671875 0.5190972229166666 0.017578125 0.5364583333333334 0.0224609375 0.5451388895833333