1 0.9296875 0.3697916666666667 0.9345703125 0.37847222291666666 0.9384765625 0.38194444375000003 0.94921875 0.3802083333333333 0.9560546875 0.375 0.9609375 0.36284722291666666 0.962890625 0.33159722291666666 0.955078125 0.30034722291666666 0.9443359375 0.28472222291666666 0.9365234375 0.28472222291666666 0.92578125 0.30034722291666666 0.921875 0.32118055624999997 0.921875 0.33506944375000003 0.9296875 0.3697916666666667
1 0.8232421875 0.2951388895833333 0.8173828125 0.2986111104166667 0.806640625 0.3177083333333333 0.802734375 0.33159722291666666 0.80078125 0.3420138895833333 0.802734375 0.3767361104166667 0.80859375 0.39409722291666666 0.8212890625 0.4166666666666667 0.8291015625 0.4236111104166667 0.841796875 0.421875 0.8505859375 0.4166666666666667 0.859375 0.4010416666666667 0.86328125 0.38715277708333334 0.86328125 0.3767361104166667 0.865234375 0.3732638895833333 0.86328125 0.3385416666666667 0.85546875 0.3142361104166667 0.8447265625 0.2986111104166667 0.8388671875 0.2951388895833333 0.8232421875 0.2951388895833333
1 0.810546875 0.23784722291666668 0.806640625 0.2864583333333333 0.8115234375 0.2916666666666667 0.82421875 0.28993055624999997 0.8291015625 0.28472222291666666 0.8359375 0.26909722291666666 0.837890625 0.26215277708333334 0.837890625 0.24479166666666666 0.83203125 0.22048611041666666 0.8232421875 0.20833333333333334 0.8173828125 0.20486111041666666 0.814453125 0.21701388958333334 0.814453125 0.22743055625 0.810546875 0.23784722291666668
1 0.5400390625 0.21875 0.5361328125 0.21875 0.5283203125 0.22916666666666666 0.5234375 0.24131944375 0.521484375 0.24826388958333334 0.521484375 0.2795138895833333 0.525390625 0.296875 0.5341796875 0.3125 0.5517578125 0.3229166666666667 0.5625 0.32118055624999997 0.5693359375 0.31597222291666666 0.58203125 0.28993055624999997 0.58203125 0.2795138895833333 0.583984375 0.2760416666666667 0.58203125 0.25173611041666666 0.578125 0.234375 0.5673828125 0.21875 0.5576171875 0.21180555625 0.5458984375 0.21180555625 0.5400390625 0.21875
1 0.474609375 0.21701388958333334 0.474609375 0.22395833333333334 0.4833984375 0.22916666666666666 0.494140625 0.24826388958333334 0.498046875 0.26215277708333334 0.498046875 0.2864583333333333 0.509765625 0.2864583333333333 0.5166015625 0.28125 0.51953125 0.27256944375000003 0.521484375 0.24479166666666666 0.525390625 0.23784722291666668 0.525390625 0.22048611041666666 0.5166015625 0.20138888958333334 0.5087890625 0.19444444375 0.5029296875 0.19097222291666668 0.4892578125 0.19444444375 0.474609375 0.21701388958333334
1 0.5234375 0.21354166666666666 0.5263671875 0.22569444375 0.53125 0.22395833333333334 0.53515625 0.21701388958333334 0.53515625 0.19965277708333332 0.5263671875 0.17708333333333334 0.5185546875 0.17013888958333334 0.5048828125 0.17013888958333334 0.4921875 0.18576388958333334 0.4931640625 0.19097222291666668 0.5029296875 0.19097222291666668 0.5146484375 0.19791666666666666 0.5234375 0.21354166666666666
1 0.439453125 0.234375 0.4423828125 0.23958333333333334 0.4453125 0.23784722291666668 0.4619140625 0.22222222291666668 0.4736328125 0.22222222291666668 0.482421875 0.203125 0.482421875 0.19618055625 0.4736328125 0.18402777708333332 0.4619140625 0.18402777708333332 0.4482421875 0.19444444375 0.443359375 0.203125 0.439453125 0.22048611041666666 0.439453125 0.234375
1 0.3974609375 0.19097222291666668 0.390625 0.21354166666666666 0.396484375 0.22743055625 0.396484375 0.234375 0.4072265625 0.24652777708333332 0.4169921875 0.26388888958333334 0.41796875 0.26215277708333334 0.4228515625 0.2604166666666667 0.431640625 0.24131944375 0.43359375 0.234375 0.43359375 0.21701388958333334 0.431640625 0.21354166666666666 0.431640625 0.203125 0.4248046875 0.19097222291666668 0.4169921875 0.18402777708333332 0.4072265625 0.18402777708333332 0.3974609375 0.19097222291666668
1 0.380859375 0.20659722291666668 0.3857421875 0.21180555625 0.392578125 0.21006944375 0.392578125 0.203125 0.3974609375 0.19097222291666668 0.4140625 0.18229166666666666 0.4140625 0.17534722291666668 0.4091796875 0.16666666666666666 0.4052734375 0.16319444375 0.3935546875 0.16319444375 0.3828125 0.17881944375 0.380859375 0.18576388958333334 0.380859375 0.20659722291666668
1 0.3515625 0.234375 0.353515625 0.22743055625 0.365234375 0.21006944375 0.365234375 0.19618055625 0.3564453125 0.17708333333333334 0.3427734375 0.17708333333333334 0.333984375 0.18923611041666666 0.33203125 0.203125 0.3408203125 0.23263888958333334 0.3447265625 0.23611111041666666 0.3515625 0.234375
0 0.365234375 0.265625 0.361328125 0.296875 0.365234375 0.3177083333333333 0.3740234375 0.3333333333333333 0.3896484375 0.34375 0.39453125 0.3420138895833333 0.4052734375 0.33680555624999997 0.412109375 0.32465277708333334 0.41796875 0.3072916666666667 0.419921875 0.2795138895833333 0.416015625 0.26215277708333334 0.4072265625 0.24652777708333332 0.3994140625 0.23958333333333334 0.3837890625 0.23958333333333334 0.3720703125 0.25 0.365234375 0.265625
0 0.439453125 0.25173611041666666 0.435546875 0.2829861104166667 0.44140625 0.3072916666666667 0.4521484375 0.3229166666666667 0.4599609375 0.3298611104166667 0.478515625 0.328125 0.4833984375 0.3263888895833333 0.4921875 0.3107638895833333 0.498046875 0.28993055624999997 0.498046875 0.265625 0.494140625 0.24826388958333334 0.4833984375 0.22916666666666666 0.4736328125 0.22222222291666668 0.4619140625 0.22222222291666668 0.4521484375 0.22916666666666666 0.439453125 0.25173611041666666
0 0.544921875 0.18576388958333334 0.541015625 0.19965277708333332 0.541015625 0.21354166666666666 0.5576171875 0.21180555625 0.5634765625 0.21527777708333332 0.5732421875 0.22569444375 0.576171875 0.234375 0.5810546875 0.24305555625 0.58203125 0.24131944375 0.5849609375 0.23958333333333334 0.58984375 0.22743055625 0.58984375 0.21701388958333334 0.591796875 0.21354166666666666 0.591796875 0.203125 0.5859375 0.18229166666666666 0.5712890625 0.16666666666666666 0.5595703125 0.16666666666666666 0.5517578125 0.17361111041666666 0.544921875 0.18576388958333334
0 0.76953125 0.265625 0.779296875 0.21354166666666666 0.779296875 0.203125 0.7646484375 0.18055555625 0.7490234375 0.18055555625 0.740234375 0.19270833333333334 0.736328125 0.20659722291666668 0.73828125 0.234375 0.7490234375 0.2604166666666667 0.7587890625 0.2673611104166667 0.76953125 0.265625
0 0.2890625 0.3385416666666667 0.2890625 0.3489583333333333 0.296875 0.36631944375000003 0.30078125 0.3802083333333333 0.30078125 0.390625 0.3095703125 0.40625 0.3154296875 0.40972222291666666 0.322265625 0.4079861104166667 0.3349609375 0.40277777708333334 0.3408203125 0.3958333333333333 0.349609375 0.36631944375000003 0.349609375 0.33506944375000003 0.345703125 0.3177083333333333 0.3369140625 0.3020833333333333 0.3291015625 0.2951388895833333 0.3154296875 0.2951388895833333 0.3017578125 0.30555555624999997 0.2890625 0.3385416666666667
0 0.2626953125 0.3125 0.248046875 0.33506944375000003 0.244140625 0.3489583333333333 0.244140625 0.36284722291666666 0.24609375 0.36284722291666666 0.24609375 0.359375 0.2529296875 0.35069444375000003 0.2626953125 0.34375 0.2802734375 0.34375 0.2880859375 0.35069444375000003 0.291015625 0.3385416666666667 0.291015625 0.328125 0.2880859375 0.31944444375000003 0.2802734375 0.3125 0.2626953125 0.3125
0 0.2421875 0.3697916666666667 0.23828125 0.390625 0.23828125 0.421875 0.2421875 0.4392361104166667 0.2529296875 0.4583333333333333 0.2646484375 0.46527777708333334 0.275390625 0.4635416666666667 0.2841796875 0.4583333333333333 0.296875 0.4357638895833333 0.30078125 0.41493055624999997 0.30078125 0.38368055624999997 0.296875 0.36631944375000003 0.2861328125 0.34722222291666666 0.2802734375 0.34375 0.2626953125 0.34375 0.2490234375 0.3541666666666667 0.2421875 0.3697916666666667
0 0.3515625 0.26215277708333334 0.3603515625 0.28125 0.36328125 0.2795138895833333 0.365234375 0.265625 0.3779296875 0.24305555625 0.396484375 0.23784722291666668 0.39453125 0.22395833333333334 0.3876953125 0.21180555625 0.3837890625 0.20833333333333334 0.3662109375 0.20833333333333334 0.35546875 0.22395833333333334 0.3515625 0.23784722291666668 0.3515625 0.26215277708333334
0 0.30078125 0.25173611041666666 0.3115234375 0.2708333333333333 0.3154296875 0.27430555624999997 0.322265625 0.27256944375000003 0.3310546875 0.2673611104166667 0.3359375 0.25868055625 0.33984375 0.24131944375 0.33984375 0.23090277708333332 0.3291015625 0.19791666666666666 0.3251953125 0.19444444375 0.3134765625 0.19444444375 0.3095703125 0.19791666666666666 0.302734375 0.21354166666666666 0.30078125 0.25173611041666666
0 0.29296875 0.2760416666666667 0.302734375 0.2552083333333333 0.30078125 0.24826388958333334 0.30078125 0.22395833333333334 0.2939453125 0.21527777708333332 0.2822265625 0.21527777708333332 0.2734375 0.22743055625 0.26953125 0.24131944375 0.26953125 0.2552083333333333 0.2802734375 0.27777777708333334 0.29296875 0.2760416666666667
0 0.49609375 0.17534722291666668 0.4873046875 0.15625 0.4833984375 0.15277777708333332 0.4697265625 0.15277777708333332 0.4609375 0.16145833333333334 0.4619140625 0.17013888958333334 0.4814453125 0.19444444375 0.4853515625 0.19791666666666666 0.48828125 0.19618055625 0.49609375 0.17534722291666668
0 0.427734375 0.17881944375 0.4326171875 0.1875 0.43359375 0.18576388958333334 0.4404296875 0.17361111041666666 0.4580078125 0.16666666666666666 0.4609375 0.16145833333333334 0.4560546875 0.14236111041666666 0.4482421875 0.13541666666666666 0.4404296875 0.13541666666666666 0.4345703125 0.13888888958333334 0.4296875 0.14756944375 0.427734375 0.15451388958333334 0.427734375 0.17881944375