0 0.16796875 0.359375 0.166015625 0.38715277708333334 0.169921875 0.4079861104166667 0.1748046875 0.4166666666666667 0.1826171875 0.4236111104166667 0.1953125 0.421875 0.1982421875 0.4201388895833333 0.2109375 0.39409722291666666 0.212890625 0.38368055624999997 0.212890625 0.359375 0.2109375 0.3489583333333333 0.2041015625 0.3333333333333333 0.1904296875 0.3263888895833333 0.1787109375 0.3333333333333333 0.171875 0.3454861104166667 0.16796875 0.359375
1 0.234375 0.29340277708333334 0.228515625 0.3177083333333333 0.228515625 0.33506944375000003 0.232421875 0.3489583333333333 0.2392578125 0.3611111104166667 0.2490234375 0.36805555624999997 0.2578125 0.36631944375000003 0.2646484375 0.3611111104166667 0.271484375 0.3489583333333333 0.27734375 0.3177083333333333 0.275390625 0.3142361104166667 0.2734375 0.29340277708333334 0.2646484375 0.27777777708333334 0.2607421875 0.27430555624999997 0.2509765625 0.27430555624999997 0.2392578125 0.28472222291666666 0.234375 0.29340277708333334
0 0.3173828125 0.2708333333333333 0.3212890625 0.27430555624999997 0.3359375 0.27256944375000003 0.3408203125 0.2673611104166667 0.34765625 0.25173611041666666 0.349609375 0.22395833333333334 0.3427734375 0.20486111041666666 0.3349609375 0.19791666666666666 0.3232421875 0.19791666666666666 0.30859375 0.22048611041666666 0.306640625 0.24479166666666666 0.30859375 0.2552083333333333 0.3173828125 0.2708333333333333
1 0.630859375 0.24131944375 0.634765625 0.2552083333333333 0.6494140625 0.27430555624999997 0.6552734375 0.27777777708333334 0.66796875 0.2760416666666667 0.681640625 0.25868055625 0.685546875 0.24479166666666666 0.685546875 0.21354166666666666 0.6748046875 0.1875 0.6611328125 0.17708333333333334 0.6533203125 0.17708333333333334 0.6376953125 0.19097222291666668 0.6328125 0.203125 0.630859375 0.21006944375 0.630859375 0.24131944375
0 0.6875 0.21701388958333334 0.6875 0.22743055625 0.69140625 0.24826388958333334 0.6982421875 0.26388888958333334 0.7138671875 0.27777777708333334 0.72265625 0.2760416666666667 0.7275390625 0.27430555624999997 0.740234375 0.25173611041666666 0.7421875 0.22395833333333334 0.736328125 0.19965277708333332 0.7294921875 0.1875 0.7216796875 0.18055555625 0.7099609375 0.17708333333333334 0.7001953125 0.18402777708333332 0.69140625 0.19965277708333332 0.6875 0.21701388958333334
0 0.771484375 0.39409722291666666 0.76171875 0.4322916666666667 0.76171875 0.4635416666666667 0.7734375 0.5121527770833334 0.7822265625 0.53125 0.7998046875 0.5416666666666666 0.8203125 0.5399305562500001 0.8369140625 0.5208333333333334 0.845703125 0.5017361104166667 0.8515625 0.47743055624999997 0.8515625 0.4357638895833333 0.84375 0.4045138895833333 0.8310546875 0.37847222291666666 0.8154296875 0.3645833333333333 0.7939453125 0.3645833333333333 0.7822265625 0.375 0.771484375 0.39409722291666666
0 0.83203125 0.3177083333333333 0.8427734375 0.35069444375000003 0.8564453125 0.3611111104166667 0.8671875 0.359375 0.8701171875 0.3576388895833333 0.8828125 0.33159722291666666 0.884765625 0.32118055624999997 0.8828125 0.28993055624999997 0.876953125 0.26909722291666666 0.8642578125 0.25 0.8486328125 0.25 0.83203125 0.2760416666666667 0.830078125 0.2864583333333333 0.83203125 0.3177083333333333
0 0.90234375 0.3072916666666667 0.90234375 0.3385416666666667 0.91015625 0.359375 0.9208984375 0.37847222291666666 0.931640625 0.3767361104166667 0.9345703125 0.375 0.9453125 0.35243055624999997 0.947265625 0.32118055624999997 0.943359375 0.30034722291666666 0.9326171875 0.27777777708333334 0.9287109375 0.27430555624999997 0.9189453125 0.27430555624999997 0.904296875 0.29340277708333334 0.904296875 0.30381944375000003 0.90234375 0.3072916666666667
0 0.865234375 0.25173611041666666 0.8701171875 0.25694444375 0.880859375 0.2795138895833333 0.884765625 0.30034722291666666 0.884765625 0.32465277708333334 0.8828125 0.328125 0.8896484375 0.33680555624999997 0.892578125 0.33506944375000003 0.8984375 0.32465277708333334 0.90234375 0.3107638895833333 0.904296875 0.30034722291666666 0.904296875 0.27256944375000003 0.900390625 0.25868055625 0.8916015625 0.24305555625 0.8837890625 0.23611111041666666 0.8759765625 0.23611111041666666 0.8681640625 0.24305555625 0.865234375 0.25173611041666666
0 0.6142578125 0.19444444375 0.62890625 0.19270833333333334 0.638671875 0.171875 0.638671875 0.14409722291666668 0.63671875 0.13715277708333332 0.6259765625 0.12152777708333334 0.6103515625 0.12152777708333334 0.6044921875 0.125 0.59765625 0.14409722291666668 0.599609375 0.171875 0.6064453125 0.1875 0.6142578125 0.19444444375
0 0.544921875 0.19618055625 0.5546875 0.17534722291666668 0.5546875 0.15104166666666666 0.5478515625 0.13194444375 0.5361328125 0.125 0.5263671875 0.125 0.513671875 0.14409722291666668 0.51171875 0.171875 0.513671875 0.17881944375 0.5263671875 0.19791666666666666 0.544921875 0.19618055625
0 0.4794921875 0.19791666666666666 0.4853515625 0.20138888958333334 0.49609375 0.19965277708333332 0.5078125 0.18229166666666666 0.51171875 0.16493055625 0.5078125 0.14756944375 0.5029296875 0.13888888958333334 0.4951171875 0.13194444375 0.4833984375 0.13194444375 0.47265625 0.14409722291666668 0.46875 0.15798611041666666 0.46875 0.17534722291666668 0.4794921875 0.19791666666666666
1 0.5712890625 0.19791666666666666 0.5859375 0.19618055625 0.5888671875 0.19444444375 0.59765625 0.17534722291666668 0.59765625 0.14409722291666668 0.5888671875 0.12847222291666666 0.5830078125 0.125 0.5693359375 0.125 0.55859375 0.140625 0.5546875 0.15451388958333334 0.556640625 0.17534722291666668 0.5712890625 0.19791666666666666
1 0.599609375 0.140625 0.599609375 0.13715277708333332 0.6064453125 0.125 0.6123046875 0.12152777708333334 0.61328125 0.11631944375 0.6064453125 0.10416666666666667 0.5908203125 0.10416666666666667 0.5869140625 0.10763888958333333 0.58203125 0.12326388958333333 0.5966796875 0.14236111041666666 0.599609375 0.140625
1 0.51171875 0.14756944375 0.513671875 0.14756944375 0.5244140625 0.12847222291666666 0.5400390625 0.12847222291666666 0.5458984375 0.13541666666666666 0.548828125 0.13368055625 0.546875 0.1267361104166667 0.5400390625 0.11805555625 0.5263671875 0.11458333333333333 0.513671875 0.13368055625 0.51171875 0.140625 0.51171875 0.14756944375