0 0.5458984375 0.2986111104166667 0.5341796875 0.2986111104166667 0.5322265625 0.3020833333333333 0.5185546875 0.30555555624999997 0.5087890625 0.31597222291666666 0.498046875 0.33506944375000003 0.4921875 0.359375 0.4921875 0.3732638895833333 0.4951171875 0.37847222291666666 0.5068359375 0.38194444375000003 0.5224609375 0.3958333333333333 0.537109375 0.42534722291666666 0.54296875 0.44618055624999997 0.544921875 0.4670138895833333 0.5478515625 0.47222222291666666 0.55078125 0.4704861104166667 0.5576171875 0.46875 0.5712890625 0.4548611104166667 0.587890625 0.41840277708333334 0.58984375 0.4079861104166667 0.58984375 0.3697916666666667 0.5859375 0.3489583333333333 0.5771484375 0.3263888895833333 0.5595703125 0.30555555624999997 0.5478515625 0.3020833333333333 0.5458984375 0.2986111104166667
0 0.4814453125 0.375 0.4580078125 0.3888888895833333 0.439453125 0.41840277708333334 0.4296875 0.45659722291666666 0.4296875 0.5052083333333334 0.435546875 0.5329861104166667 0.4521484375 0.5659722229166667 0.4658203125 0.5798611104166667 0.4716796875 0.5798611104166667 0.4736328125 0.5833333333333334 0.49609375 0.5815972229166667 0.5166015625 0.5694444437499999 0.53125 0.546875 0.54296875 0.50868055625 0.54296875 0.4982638895833333 0.544921875 0.4947916666666667 0.544921875 0.4635416666666667 0.537109375 0.42534722291666666 0.5224609375 0.3958333333333333 0.5009765625 0.37847222291666666 0.4814453125 0.375
0 0.2451171875 0.2986111104166667 0.234375 0.3107638895833333 0.2265625 0.33506944375000003 0.224609375 0.3454861104166667 0.224609375 0.3732638895833333 0.2265625 0.38368055624999997 0.23046875 0.39756944375000003 0.2373046875 0.40972222291666666 0.2451171875 0.4166666666666667 0.267578125 0.41493055624999997 0.2744140625 0.40972222291666666 0.28125 0.39756944375000003 0.28125 0.390625 0.287109375 0.3732638895833333 0.287109375 0.3385416666666667 0.28515625 0.328125 0.28125 0.3142361104166667 0.2685546875 0.2986111104166667 0.2626953125 0.2951388895833333 0.2451171875 0.2986111104166667
0 0.185546875 0.32118055624999997 0.1875 0.35243055624999997 0.1982421875 0.37152777708333334 0.2109375 0.3732638895833333 0.2177734375 0.37152777708333334 0.224609375 0.36284722291666666 0.22265625 0.3177083333333333 0.224609375 0.3142361104166667 0.2265625 0.28993055624999997 0.2158203125 0.27777777708333334 0.2080078125 0.27777777708333334 0.1962890625 0.28819444375000003 0.189453125 0.30381944375000003 0.185546875 0.32118055624999997
0 0.033203125 0.5954861104166667 0.037109375 0.6163194437499999 0.0478515625 0.6388888895833333 0.0517578125 0.6423611104166667 0.064453125 0.640625 0.0732421875 0.6319444437499999 0.078125 0.6163194437499999 0.078125 0.5642361104166667 0.072265625 0.5434027770833333 0.0615234375 0.52430555625 0.0478515625 0.52430555625 0.041015625 0.5329861104166667 0.03515625 0.5503472229166667 0.033203125 0.5607638895833333 0.033203125 0.5954861104166667
0 0.2744140625 0.22916666666666666 0.2802734375 0.23611111041666666 0.2861328125 0.25 0.2890625 0.24826388958333334 0.30078125 0.23090277708333332 0.302734375 0.19965277708333332 0.30078125 0.19270833333333334 0.2919921875 0.18055555625 0.2783203125 0.18055555625 0.267578125 0.19618055625 0.263671875 0.21006944375 0.263671875 0.22395833333333334 0.2685546875 0.22916666666666666 0.2744140625 0.22916666666666666
0 0.396484375 0.17534722291666668 0.392578125 0.19270833333333334 0.392578125 0.21006944375 0.396484375 0.22743055625 0.4033203125 0.23958333333333334 0.4150390625 0.25 0.41796875 0.24826388958333334 0.416015625 0.23784722291666668 0.416015625 0.20659722291666668 0.419921875 0.19270833333333334 0.4306640625 0.17361111041666666 0.4375 0.16840277708333332 0.4326171875 0.15972222291666668 0.4208984375 0.15277777708333332 0.4189453125 0.15625 0.4052734375 0.15972222291666668 0.396484375 0.17534722291666668
0 0.37890625 0.17534722291666668 0.380859375 0.17881944375 0.380859375 0.18923611041666666 0.3896484375 0.20486111041666666 0.392578125 0.203125 0.392578125 0.18923611041666666 0.396484375 0.17534722291666668 0.4052734375 0.15972222291666668 0.4189453125 0.15625 0.421875 0.15104166666666666 0.4169921875 0.13888888958333334 0.4130859375 0.13541666666666666 0.3955078125 0.13541666666666666 0.3828125 0.15451388958333334 0.37890625 0.17534722291666668
0 0.4970703125 0.20138888958333334 0.486328125 0.22395833333333334 0.486328125 0.23784722291666668 0.494140625 0.25173611041666666 0.5 0.27256944375000003 0.5 0.30034722291666666 0.5068359375 0.3125 0.51171875 0.3107638895833333 0.5224609375 0.3020833333333333 0.5400390625 0.2986111104166667 0.548828125 0.2829861104166667 0.5546875 0.2552083333333333 0.552734375 0.23090277708333332 0.546875 0.21354166666666666 0.5341796875 0.19444444375 0.5224609375 0.1875 0.5029296875 0.19444444375 0.4970703125 0.20138888958333334
0 0.55859375 0.17534722291666668 0.5673828125 0.1875 0.5859375 0.18576388958333334 0.595703125 0.171875 0.599609375 0.15798611041666666 0.599609375 0.13715277708333332 0.5869140625 0.11111111041666667 0.5830078125 0.10763888958333333 0.5693359375 0.10763888958333333 0.556640625 0.12326388958333333 0.552734375 0.13715277708333332 0.552734375 0.15798611041666666 0.55859375 0.17534722291666668
0 0.724609375 0.24826388958333334 0.720703125 0.26215277708333334 0.720703125 0.296875 0.7265625 0.3177083333333333 0.7412109375 0.34375 0.7451171875 0.34722222291666666 0.765625 0.3454861104166667 0.7744140625 0.34027777708333334 0.783203125 0.32465277708333334 0.7890625 0.30381944375000003 0.7890625 0.27256944375000003 0.78515625 0.2552083333333333 0.7744140625 0.23263888958333334 0.7607421875 0.21875 0.7470703125 0.21875 0.7373046875 0.22569444375 0.724609375 0.24826388958333334
1 0.69921875 0.3732638895833333 0.6953125 0.36284722291666666 0.6826171875 0.34375 0.6689453125 0.3333333333333333 0.6416015625 0.3333333333333333 0.6279296875 0.34375 0.611328125 0.3732638895833333 0.603515625 0.4114583333333333 0.603515625 0.4357638895833333 0.61328125 0.47743055624999997 0.6376953125 0.5138888895833333 0.6474609375 0.5138888895833333 0.6494140625 0.5173611104166667 0.66796875 0.515625 0.6748046875 0.5138888895833333 0.6865234375 0.5034722229166666 0.6953125 0.48784722291666666 0.69921875 0.47743055624999997 0.69921875 0.4704861104166667 0.703125 0.4635416666666667 0.703125 0.453125 0.70703125 0.4392361104166667 0.70703125 0.4114583333333333 0.69921875 0.3732638895833333
1 0.427734375 0.25868055625 0.423828125 0.30034722291666666 0.43359375 0.33506944375000003 0.4404296875 0.34375 0.4541015625 0.3541666666666667 0.470703125 0.35243055624999997 0.4833984375 0.34375 0.4921875 0.328125 0.5 0.296875 0.5 0.2760416666666667 0.494140625 0.25173611041666666 0.4833984375 0.23263888958333334 0.4697265625 0.22222222291666668 0.4560546875 0.22222222291666668 0.4423828125 0.23263888958333334 0.427734375 0.25868055625
1 0.2392578125 0.26388888958333334 0.23046875 0.2795138895833333 0.224609375 0.30381944375000003 0.22265625 0.33506944375000003 0.2265625 0.33506944375000003 0.23046875 0.32118055624999997 0.2412109375 0.3020833333333333 0.2607421875 0.2951388895833333 0.2763671875 0.30555555624999997 0.27734375 0.296875 0.2734375 0.2760416666666667 0.2666015625 0.26388888958333334 0.2568359375 0.25694444375 0.2470703125 0.25694444375 0.2392578125 0.26388888958333334
1 0.1513671875 0.6145833333333334 0.142578125 0.6336805562500001 0.142578125 0.640625 0.13671875 0.6579861104166667 0.13671875 0.7065972229166667 0.1484375 0.7586805562500001 0.1572265625 0.7777777770833333 0.1748046875 0.7951388895833333 0.1806640625 0.7951388895833333 0.1826171875 0.7986111104166667 0.1953125 0.796875 0.2080078125 0.7916666666666666 0.228515625 0.765625 0.234375 0.734375 0.234375 0.6822916666666666 0.224609375 0.640625 0.2080078125 0.6111111104166667 0.1884765625 0.59375 0.1708984375 0.59375 0.1611328125 0.6006944437499999 0.1513671875 0.6145833333333334
1 0.474609375 0.16145833333333334 0.4814453125 0.17361111041666666 0.484375 0.171875 0.4951171875 0.16319444375 0.5166015625 0.16666666666666666 0.51953125 0.15798611041666666 0.51953125 0.140625 0.515625 0.1267361104166667 0.4990234375 0.11111111041666667 0.4931640625 0.11111111041666667 0.4833984375 0.11805555625 0.474609375 0.140625 0.474609375 0.16145833333333334