0 0.0517578125 0.8229166666666666 0.0478515625 0.8263888895833333 0.041015625 0.8350694437499999 0.033203125 0.8628472229166667 0.033203125 0.890625 0.03515625 0.8975694437499999 0.0634765625 0.9513888895833333 0.0732421875 0.9618055562500001 0.083984375 0.9809027770833333 0.0908203125 1 0.107421875 0.9982638895833333 0.1103515625 0.9965277770833333 0.115234375 0.984375 0.115234375 0.9392361104166667 0.11328125 0.9357638895833333 0.109375 0.9045138895833333 0.103515625 0.8836805562500001 0.091796875 0.8559027770833333 0.0771484375 0.8333333333333334 0.0634765625 0.8229166666666666 0.0517578125 0.8229166666666666
1 0.1376953125 0.6666666666666666 0.1220703125 0.6840277770833333 0.11328125 0.7065972229166667 0.109375 0.7274305562500001 0.109375 0.7795138895833333 0.115234375 0.8003472229166667 0.115234375 0.8072916666666666 0.1357421875 0.8506944437499999 0.1513671875 0.8645833333333334 0.173828125 0.8628472229166667 0.1826171875 0.8611111104166667 0.1884765625 0.8541666666666666 0.201171875 0.8177083333333334 0.203125 0.8072916666666666 0.203125 0.7552083333333334 0.1953125 0.7239583333333334 0.1875 0.703125 0.1728515625 0.6770833333333334 0.1611328125 0.6666666666666666 0.1376953125 0.6666666666666666
1 0.513671875 0.21354166666666666 0.51171875 0.22395833333333334 0.51171875 0.22743055625 0.5234375 0.24479166666666666 0.52734375 0.25868055625 0.529296875 0.2864583333333333 0.5322265625 0.2916666666666667 0.537109375 0.28993055624999997 0.533203125 0.26909722291666666 0.537109375 0.23784722291666668 0.5478515625 0.21875 0.5556640625 0.21180555625 0.5615234375 0.21180555625 0.564453125 0.20659722291666668 0.5595703125 0.19444444375 0.5439453125 0.18402777708333332 0.5263671875 0.19097222291666668 0.513671875 0.21354166666666666
1 0.599609375 0.23784722291666668 0.599609375 0.26215277708333334 0.60546875 0.2864583333333333 0.6142578125 0.3020833333333333 0.6240234375 0.30902777708333334 0.640625 0.3072916666666667 0.66015625 0.2795138895833333 0.662109375 0.26909722291666666 0.662109375 0.24131944375 0.66015625 0.23090277708333332 0.6416015625 0.20138888958333334 0.6357421875 0.19791666666666666 0.6220703125 0.19791666666666666 0.6142578125 0.20486111041666666 0.6015625 0.22743055625 0.599609375 0.23784722291666668
1 0.58984375 0.203125 0.5986328125 0.22569444375 0.603515625 0.22395833333333334 0.6083984375 0.21180555625 0.6220703125 0.19791666666666666 0.640625 0.19965277708333332 0.638671875 0.17881944375 0.6318359375 0.16319444375 0.6201171875 0.15277777708333332 0.6064453125 0.15277777708333332 0.59765625 0.16145833333333334 0.591796875 0.17534722291666668 0.58984375 0.203125
1 0.8193359375 0.3263888895833333 0.80859375 0.3454861104166667 0.802734375 0.3697916666666667 0.802734375 0.4045138895833333 0.80859375 0.42534722291666666 0.810546875 0.44618055624999997 0.8154296875 0.4548611104166667 0.8369140625 0.46875 0.845703125 0.4670138895833333 0.8583984375 0.4548611104166667 0.87109375 0.42881944375000003 0.873046875 0.4079861104166667 0.875 0.4045138895833333 0.875 0.3802083333333333 0.8671875 0.3489583333333333 0.8544921875 0.3263888895833333 0.8427734375 0.31944444375000003 0.8291015625 0.31944444375000003 0.8193359375 0.3263888895833333
0 0.6572265625 0.20138888958333334 0.65234375 0.21354166666666666 0.662109375 0.23784722291666668 0.662109375 0.2760416666666667 0.6748046875 0.2916666666666667 0.689453125 0.28993055624999997 0.6962890625 0.28472222291666666 0.703125 0.27256944375000003 0.70703125 0.25868055625 0.70703125 0.22395833333333334 0.703125 0.21006944375 0.6962890625 0.19791666666666666 0.6845703125 0.1875 0.6708984375 0.1875 0.6650390625 0.19097222291666668 0.6572265625 0.20138888958333334
0 0.53515625 0.25868055625 0.533203125 0.26215277708333334 0.53515625 0.265625 0.53515625 0.2829861104166667 0.5478515625 0.3125 0.5615234375 0.3229166666666667 0.572265625 0.32118055624999997 0.5849609375 0.3125 0.595703125 0.296875 0.599609375 0.2829861104166667 0.599609375 0.24826388958333334 0.5869140625 0.21875 0.5751953125 0.20833333333333334 0.5634765625 0.20833333333333334 0.5439453125 0.22222222291666668 0.53515625 0.24479166666666666 0.53515625 0.25868055625
0 0.46875 0.24131944375 0.462890625 0.25868055625 0.4609375 0.2829861104166667 0.46484375 0.30381944375000003 0.4736328125 0.3229166666666667 0.4853515625 0.3333333333333333 0.498046875 0.33506944375000003 0.5087890625 0.3298611104166667 0.5234375 0.3072916666666667 0.52734375 0.28993055624999997 0.52734375 0.25868055625 0.521484375 0.24131944375 0.5107421875 0.22569444375 0.4990234375 0.21875 0.4912109375 0.21875 0.4755859375 0.22916666666666666 0.46875 0.24131944375
0 0.21484375 0.4392361104166667 0.212890625 0.46006944375000003 0.2109375 0.4635416666666667 0.212890625 0.5017361104166667 0.21875 0.52256944375 0.2275390625 0.5381944437499999 0.2412109375 0.5486111104166667 0.26171875 0.546875 0.2685546875 0.5416666666666666 0.28125 0.515625 0.287109375 0.48784722291666666 0.287109375 0.4635416666666667 0.28125 0.4322916666666667 0.2685546875 0.40972222291666666 0.2548828125 0.39930555624999997 0.2431640625 0.39930555624999997 0.2275390625 0.41319444375000003 0.21484375 0.4392361104166667
0 0.85546875 0.328125 0.8671875 0.3489583333333333 0.873046875 0.3732638895833333 0.873046875 0.390625 0.875 0.39756944375000003 0.873046875 0.4010416666666667 0.87109375 0.4322916666666667 0.8759765625 0.4375 0.884765625 0.4357638895833333 0.8955078125 0.4270833333333333 0.904296875 0.4079861104166667 0.908203125 0.38715277708333334 0.908203125 0.35590277708333334 0.90234375 0.33506944375000003 0.8876953125 0.30902777708333334 0.8837890625 0.30555555624999997 0.8701171875 0.30555555624999997 0.8642578125 0.30902777708333334 0.85546875 0.328125
0 0.982421875 0.4322916666666667 0.986328125 0.4322916666666667 0.990234375 0.4079861104166667 0.99609375 0.38715277708333334 1 0.38368055624999997 0.9990234375 0.34375 0.9912109375 0.34375 0.9853515625 0.35069444375000003 0.98046875 0.359375 0.978515625 0.3697916666666667 0.9765625 0.4010416666666667 0.982421875 0.4322916666666667
0 1 0.38715277708333334 0.9970703125 0.3854166666666667 0.986328125 0.421875 0.986328125 0.45659722291666666 0.98828125 0.46006944375000003 0.98828125 0.48090277708333334 0.990234375 0.48784722291666666 0.9990234375 0.5034722229166666 1 0.5017361104166667 1 0.38715277708333334