0 0.5767578125 0.3263888895833333 0.5591796875 0.30555555624999997 0.5474609375 0.3020833333333333 0.5455078125 0.2986111104166667 0.5337890625 0.2986111104166667 0.5318359375 0.3020833333333333 0.5181640625 0.30555555624999997 0.5083984375 0.31597222291666666 0.49765625 0.33506944375000003 0.491796875 0.359375 0.491796875 0.3732638895833333 0.4947265625 0.37847222291666666 0.5064453125 0.38194444375000003 0.5220703125 0.3958333333333333 0.53671875 0.42534722291666666 0.542578125 0.44618055624999997 0.54453125 0.4670138895833333 0.5474609375 0.47222222291666666 0.550390625 0.4704861104166667 0.5572265625 0.46875 0.5708984375 0.4548611104166667 0.5875 0.41840277708333334 0.5890625 0.41006944375000004 0.5890625 0.36770833333333336 0.585546875 0.3489583333333333 0.5767578125 0.3263888895833333
0 0.522265625 0.3958333333333333 0.50078125 0.37847222291666666 0.48125 0.375 0.4578125 0.3888888895833333 0.4392578125 0.41840277708333334 0.4294921875 0.45659722291666666 0.4294921875 0.5052083333333334 0.4353515625 0.5329861104166667 0.451953125 0.5659722229166667 0.465625 0.5798611104166667 0.471484375 0.5798611104166667 0.4734375 0.5833333333333334 0.4958984375 0.5815972229166667 0.51640625 0.5694444437499999 0.5310546875 0.546875 0.5427734375 0.50868055625 0.5427734375 0.4982638895833333 0.54375 0.49652777708333334 0.54375 0.4587673604166667 0.5369140625 0.42534722291666666 0.522265625 0.3958333333333333
0 0.280859375 0.3138888875 0.2681640625 0.2982638875 0.2623046875 0.2947916666666667 0.2447265625 0.2982638875 0.233984375 0.3104166666666667 0.226171875 0.3347222208333333 0.22421875 0.3451388875 0.22421875 0.3729166666666667 0.226171875 0.38333333333333336 0.230078125 0.3972222208333333 0.2369140625 0.409375 0.2427734375 0.41458333333333336 0.2671875 0.41458333333333336 0.2740234375 0.409375 0.280859375 0.3972222208333333 0.280859375 0.39027777708333333 0.2859375 0.37523148125 0.2859375 0.33402777708333337 0.284765625 0.32777777708333333 0.280859375 0.3138888875
0 0.2078125 0.2782986104166667 0.19609375 0.28871527708333333 0.1892578125 0.30434027708333333 0.1853515625 0.32170138958333333 0.1873046875 0.35295138958333333 0.198046875 0.3720486104166667 0.20439453125 0.3729166666666667 0.21416015625 0.3729166666666667 0.217578125 0.3720486104166667 0.2244140625 0.36336805624999996 0.2224609375 0.3182291666666667 0.2244140625 0.31475694375 0.225 0.3074652770833334 0.225 0.28890467291666666 0.215625 0.2782986104166667 0.2078125 0.2782986104166667
0 0.0353515625 0.5503472229166667 0.0333984375 0.5607638895833333 0.0333984375 0.5954861104166667 0.0373046875 0.6163194437499999 0.048046875 0.6388888895833333 0.051171875 0.6416666666666667 0.057031246875 0.6416666666666667 0.0646484375 0.640625 0.0734375 0.6319444437499999 0.078125 0.61694444375 0.078125 0.5635416666666667 0.0724609375 0.5434027770833333 0.062109375 0.525 0.0475 0.525 0.0412109375 0.5329861104166667 0.0353515625 0.5503472229166667
0 0.2916015625 0.18020833541666667 0.2779296875 0.18020833541666667 0.2671875 0.19583333541666667 0.26328125 0.20972222291666667 0.26328125 0.2236111125 0.2681640625 0.22881944583333333 0.2740234375 0.22881944583333333 0.2798828125 0.23576388958333333 0.285009765625 0.24791666666666667 0.2886718765625 0.24791666666666667 0.300390625 0.23055555625000002 0.3015625 0.21180555625 0.3015625 0.19652777916666667 0.300390625 0.1923611125 0.2916015625 0.18020833541666667
0 0.42109375 0.15312499791666667 0.419140625 0.15659722083333336 0.40546875 0.16006944374999998 0.3966796875 0.17569444374999998 0.3927734375 0.19305555416666667 0.3927734375 0.21041666458333333 0.3966796875 0.22777777708333333 0.403515625 0.23993055416666667 0.4148437515625 0.25 0.4158203109375 0.25 0.4181640625 0.24861111041666667 0.4162109375 0.23819444374999998 0.4162109375 0.20694444374999998 0.4201171875 0.19305555416666667 0.430859375 0.17395833125000001 0.4375 0.16889880833333332 0.4375 0.168402775 0.4328125 0.16006944374999998 0.42109375 0.15312499791666667
0 0.4134765625 0.1357638875 0.3958984375 0.1357638875 0.383203125 0.15486111041666667 0.379296875 0.17569444374999998 0.38125 0.17916666458333333 0.38125 0.18958333125000001 0.3894531265625 0.20416666666666666 0.391796871875 0.20416666666666666 0.39296875 0.20347222083333336 0.39296875 0.18958333125000001 0.396875 0.17569444374999998 0.4056640625 0.16006944374999998 0.4193359375 0.15659722083333336 0.421875 0.15208333125 0.421875 0.15041666458333333 0.4173828125 0.13923611041666667 0.4134765625 0.1357638875
0 0.5470703125 0.21354166666666666 0.534375 0.19444444375 0.52265625 0.1875 0.503125 0.19444444375 0.497265625 0.20138888958333334 0.4865234375 0.22395833333333334 0.4865234375 0.23784722291666668 0.4943359375 0.25173611041666666 0.5001953125 0.27256944375000003 0.5001953125 0.30034722291666666 0.50703125 0.3125 0.5119140625 0.3107638895833333 0.52265625 0.3020833333333333 0.540234375 0.2986111104166667 0.5490234375 0.2829861104166667 0.5546875 0.25613425833333336 0.5546875 0.2527777770833333 0.5529296875 0.23090277708333332 0.5470703125 0.21354166666666666
0 0.5826171875 0.10729166666666666 0.5689453125 0.10729166666666666 0.55625 0.12291666666666666 0.55234375 0.13680555416666668 0.55234375 0.15763888750000002 0.558203125 0.175 0.5657366078125 0.18541666666666667 0.585546875 0.18541666666666667 0.5953125 0.17152777708333333 0.5984375 0.16041666458333334 0.5984375 0.13520298958333335 0.5865234375 0.1107638875 0.5826171875 0.10729166666666666
0 0.774609375 0.23229166666666667 0.7609375 0.21840277708333333 0.747265625 0.21840277708333333 0.7375 0.22534722083333333 0.7248046875 0.24791666666666667 0.7208984375 0.2618055541666667 0.7208984375 0.29652777708333333 0.7267578125 0.3173611104166667 0.74140625 0.34340277708333333 0.744140625 0.3458333333333333 0.7576171781250001 0.3458333333333333 0.7658203125 0.3451388875 0.774609375 0.3399305541666667 0.7833984375 0.3243055541666667 0.7890625 0.30416666458333336 0.7890625 0.27135416458333333 0.7853515625 0.25486111041666665 0.774609375 0.23229166666666667
1 0.6958984375 0.3631944458333333 0.683203125 0.34409722291666667 0.66953125 0.33368055625 0.6421875 0.33368055625 0.628515625 0.34409722291666667 0.6119140625 0.3736111125 0.6041015625 0.41180555625 0.6041015625 0.4361111125 0.6138671875 0.4777777791666667 0.63828125 0.5142361125 0.648046875 0.5142361125 0.6494140625 0.5166666666666667 0.6611328171874999 0.5166666666666667 0.6685546875 0.5159722229166667 0.675390625 0.5142361125 0.687109375 0.5038194458333334 0.6958984375 0.4881944458333333 0.6998046875 0.4777777791666667 0.6998046875 0.4708333333333333 0.7037109375 0.4638888895833333 0.7037109375 0.45347222291666667 0.70625 0.44444444375000003 0.70625 0.40512152916666666 0.6998046875 0.3736111125 0.6958984375 0.3631944458333333
1 0.48359375 0.23229166874999999 0.469921875 0.22187500208333333 0.45625 0.22187500208333333 0.442578125 0.23229166874999999 0.4279296875 0.25833333541666664 0.4240234375 0.3 0.4337890625 0.33472222291666665 0.440625 0.34340277916666667 0.4520182265625 0.35208333333333336 0.4708984375 0.35208333333333336 0.48359375 0.34340277916666667 0.4923828125 0.32777777916666667 0.5 0.2973090291666667 0.5 0.2748842604166667 0.4943359375 0.25138888958333333 0.48359375 0.23229166874999999
1 0.2265625 0.33524305416666667 0.23046875 0.32135416666666666 0.2412109375 0.30225694375 0.2607421875 0.2953125 0.2763671875 0.30572916666666666 0.27734375 0.2970486104166667 0.2734375 0.2762152770833334 0.2666015625 0.2640625 0.2568359375 0.25711805416666667 0.2470703125 0.25711805416666667 0.2392578125 0.2640625 0.23046875 0.2796875 0.224609375 0.30399305416666667 0.22265625 0.33524305416666667 0.2265625 0.33524305416666667
1 0.2076171875 0.6114583333333333 0.1880859375 0.5940972229166667 0.1705078125 0.5940972229166667 0.1607421875 0.6010416666666667 0.1509765625 0.61493055625 0.1421875 0.6340277791666666 0.1421875 0.6409722229166667 0.136328125 0.6583333333333333 0.136328125 0.7069444458333333 0.148046875 0.7590277791666666 0.1568359375 0.778125 0.1744140625 0.7954861125 0.1802734375 0.7954861125 0.181640625 0.7979166666666667 0.189843753125 0.7979166666666667 0.194921875 0.7972222229166667 0.2076171875 0.7920138895833334 0.228125 0.7659722229166667 0.2328125 0.7409722229166668 0.2328125 0.6776388895833333 0.22421875 0.6409722229166667 0.2076171875 0.6114583333333333
1 0.49921875 0.11180555416666667 0.493359375 0.11180555416666667 0.48359375 0.11875 0.475 0.1408179 0.475 0.1625 0.480859375 0.17291666666666666 0.4839843734375 0.17291666666666666 0.4845703125 0.17256944375 0.4953125 0.16388888750000002 0.516796875 0.16736111041666665 0.51875 0.16157407291666667 0.51875 0.13784722083333334 0.5158203125 0.12743055416666665 0.49921875 0.11180555416666667