1 0.48535165156250004 1 0.6330078125 0.9986111125 0.634375 0.9913194458333333 0.634375 0.9868923625 0.6271484375 0.9708333333333333 0.62421875 0.9517361125 0.6203125 0.9552083333333333 0.606640625 0.9309027791666666 0.587109375 0.9100694458333333 0.56171875 0.89618055625 0.54609375 0.89618055625 0.544140625 0.8927083333333333 0.51484375 0.89618055625 0.49140625 0.9100694458333333 0.473828125 0.9309027791666666 0.4611328125 0.9534722229166667 0.4455078125 0.9951388895833334 0.4482421875 1 0.48535165156250004 1
1 0.2736328125 0.35972222291666667 0.262890625 0.3371527791666667 0.25703125 0.3302083333333333 0.24140625 0.3302083333333333 0.23359375 0.3371527791666667 0.2248046875 0.3527777791666667 0.2208984375 0.36666666666666664 0.2189453125 0.4013888895833333 0.2228515625 0.4152777791666667 0.23359375 0.434375 0.2388671859375 0.4375 0.24277344531249997 0.4375 0.2560546875 0.4361111125 0.2697265625 0.4152777791666667 0.2736328125 0.4013888895833333 0.275 0.38194444583333337 0.275 0.37256944583333335 0.2736328125 0.3701388895833333 0.2736328125 0.35972222291666667
1 0.323046875 0.23645833125000001 0.311328125 0.23645833125000001 0.2986328125 0.25208333125 0.2927734375 0.27291666666666664 0.2927734375 0.2833333333333333 0.295703125 0.29201388749999996 0.3015625 0.28854166666666664 0.3171875 0.28854166666666664 0.3286132828125 0.3020833333333333 0.3294921859375 0.3020833333333333 0.3318359375 0.30069444375000004 0.3359375 0.2909722208333333 0.3359375 0.2568749979166667 0.3328125 0.24687499791666667 0.323046875 0.23645833125000001
1 0.488671875 0.14618055416666667 0.484765625 0.14270833125000001 0.47109375 0.14270833125000001 0.4603515625 0.15833333125000001 0.4583984375 0.17569444374999998 0.4623046875 0.19305555416666667 0.4671875 0.20173611041666667 0.4746093765625 0.20833333333333334 0.4763671828125 0.20833333333333334 0.4818359375 0.20694444374999998 0.48671875 0.20520833125000001 0.4935546875 0.18958333125000001 0.4953125 0.18333333125 0.4953125 0.16423611041666666 0.4935546875 0.15486111041666667 0.488671875 0.14618055416666667
1 0.5779296875 0.21475694374999998 0.5720703125 0.21128472291666667 0.5544921875 0.21475694374999998 0.53984375 0.23732638958333335 0.5359375 0.2512152770833333 0.5359375 0.27899305625 0.537890625 0.28940972291666667 0.5466796875 0.30850694375000004 0.5519205734375 0.3125 0.55419921875 0.3125 0.557421875 0.3067708333333333 0.559375 0.29288194375000004 0.5720703125 0.2703125 0.5818359375 0.26336805625 0.5955078125 0.26336805625 0.596875 0.2609375 0.596875 0.25167824166666664 0.592578125 0.23385416666666667 0.5779296875 0.21475694374999998
1 0.5814453125 0.18784722083333336 0.5658203125 0.18784722083333336 0.5580078125 0.19479166458333333 0.551171875 0.21041666458333333 0.5521484375 0.21909722083333336 0.5619140625 0.21215277708333333 0.5716796875 0.21215277708333333 0.5853515625 0.22256944374999998 0.5921875 0.23472222083333336 0.59609375 0.25208333125 0.5984375015625 0.25625 0.5996093734375 0.25625 0.6 0.2555555541666667 0.6015625 0.25 0.6015625 0.21988636250000002 0.5912109375 0.19479166458333333 0.5814453125 0.18784722083333336
1 0.7544921875 0.25642361041666667 0.7427734375 0.25642361041666667 0.7408203125 0.25295138958333335 0.7388671875 0.25642361041666667 0.7310546875 0.25642361041666667 0.7203125 0.27204861041666667 0.718359375 0.28246527708333335 0.7310546875 0.29461805625 0.737890625 0.3067708333333333 0.74375 0.32760416666666664 0.74375 0.37274305625 0.748828125 0.375 0.7536132796875 0.375 0.7603515625 0.37100694375000004 0.7765625 0.3354064541666667 0.7765625 0.30190972083333334 0.77109375 0.28246527708333335 0.7544921875 0.25642361041666667
1 0.733203125 0.2986111104166667 0.72734375 0.2951388895833333 0.713671875 0.27777777708333334 0.69609375 0.27777777708333334 0.686328125 0.28472222291666666 0.6755859375 0.30381944375000003 0.6697265625 0.32118055624999997 0.6677734375 0.3385416666666667 0.6697265625 0.3420138895833333 0.6736328125 0.3732638895833333 0.68046875 0.3854166666666667 0.68828125 0.37847222291666666 0.709765625 0.375 0.71171875 0.37847222291666666 0.725390625 0.38194444375000003 0.73125 0.3888888895833333 0.7380859375 0.38715277708333334 0.7421875 0.3701388895833333 0.7421875 0.32430555624999996 0.7380859375 0.3072916666666667 0.733203125 0.2986111104166667
1 0.7466796875 0.21857638958333334 0.7408203125 0.20815972291666668 0.7330078125 0.20121527916666665 0.7154296875 0.2046875 0.7095703125 0.2116319458333333 0.70859375 0.21684027916666665 0.7203125 0.2376736125 0.7237955734375 0.25625 0.7338867203125 0.25625 0.7388671875 0.25329861249999996 0.7504882796875 0.25625 0.75283203125 0.25625 0.7546875 0.25295138958333335 0.7546875 0.22841435208333336 0.7525390625 0.2220486125 0.7466796875 0.21857638958333334
1 0.9556640625 0.25034722083333333 0.9478515625 0.24687499791666667 0.9400390625 0.25381944375 0.933203125 0.26944444375000004 0.93515625 0.30069444375000004 0.9390625 0.3145833333333333 0.9478515625 0.3302083333333333 0.9513671890625 0.3333333333333333 0.95351561875 0.3333333333333333 0.960546875 0.33194444375000004 0.96640625 0.32152777708333335 0.96640625 0.31111111041666667 0.9671875 0.30972222083333334 0.9671875 0.28888888749999997 0.96640625 0.27638888749999996 0.9556640625 0.25034722083333333
1 0.73515625 0.3923611104166667 0.717578125 0.37847222291666666 0.7 0.375 0.698046875 0.37847222291666666 0.690234375 0.37847222291666666 0.68046875 0.3854166666666667 0.6658203125 0.4114583333333333 0.6560546875 0.44965277708333334 0.6560546875 0.48784722291666666 0.6638671875 0.5190972229166666 0.682421875 0.5520833333333334 0.694140625 0.5625 0.7146484375 0.5607638895833333 0.73125 0.5486111104166667 0.7390625 0.5381944437499999 0.7498046875 0.515625 0.7498046875 0.50868055625 0.7546875 0.49131944583333337 0.7546875 0.4518229166666667 0.7478515625 0.41840277708333334 0.73515625 0.3923611104166667
0 0.1455078125 0.6628472208333334 0.154296875 0.6472222208333334 0.16015625 0.6229166666666667 0.162109375 0.5951388875 0.16015625 0.5916666666666667 0.158203125 0.5673611104166666 0.146484375 0.5361111104166666 0.1357421875 0.5239583333333333 0.1259765625 0.5204861104166667 0.1240234375 0.5239583333333333 0.1181640625 0.5239583333333333 0.1083984375 0.534375 0.1015625 0.55 0.095703125 0.5777777770833333 0.095703125 0.6020833333333333 0.09765625 0.6055555541666667 0.09765625 0.61944444375 0.103515625 0.6402777770833333 0.1123046875 0.659375 0.124609375 0.66875 0.13124999531249998 0.66875 0.134765625 0.6680555541666667 0.1455078125 0.6628472208333334
0 0.20390625 0.378125 0.18828125 0.378125 0.18046875 0.38506944375 0.1697265625 0.4076388875 0.1677734375 0.4180555541666667 0.1677734375 0.45277777708333333 0.1755859375 0.47708333333333336 0.182421875 0.4857638875 0.1853515640625 0.4875 0.2009765625 0.4875 0.2078125 0.4822916666666667 0.2185546875 0.45625 0.21875 0.4552083333333333 0.21875 0.40486111041666667 0.2166015625 0.3972222208333333 0.20390625 0.378125
0 0.32109375 0.2920138895833333 0.3171875 0.28854166666666664 0.3015625 0.28854166666666664 0.287890625 0.30243055625 0.2830078125 0.3145833333333333 0.2791015625 0.3319444458333333 0.2791015625 0.3527777791666667 0.2810546875 0.35625 0.2810546875 0.36666666666666664 0.287890625 0.38229166666666664 0.301220703125 0.3958333333333333 0.3037109421875 0.3958333333333333 0.3123046875 0.3944444458333333 0.325 0.38229166666666664 0.3337890625 0.3631944458333333 0.334375 0.36006944583333333 0.334375 0.31892361041666667 0.3318359375 0.3076388895833333 0.32109375 0.2920138895833333
0 0.4958984375 0.171875 0.4958984375 0.18923611041666666 0.506640625 0.21180555625 0.514453125 0.21875 0.5232421875 0.21701388958333334 0.5251953125 0.21354166666666666 0.5251953125 0.17881944375 0.53125 0.16267361041666667 0.53125 0.155997475 0.522265625 0.14583333333333334 0.510546875 0.14583333333333334 0.4978515625 0.16493055625 0.4958984375 0.171875
0 0.6236328125 0.15659722083333336 0.6197265625 0.15312499791666667 0.6041015625 0.15312499791666667 0.593359375 0.16874999791666667 0.5943359375 0.17395833125000001 0.5982421875 0.17048611041666667 0.6119140625 0.17048611041666667 0.6158203125 0.17395833125000001 0.6216796875 0.18090277708333333 0.628515625 0.19305555416666667 0.63046875 0.20347222083333336 0.633203125 0.20833333333333334 0.63359375 0.20833333333333334 0.634375 0.20694444374999998 0.6359375 0.2013888875 0.6359375 0.19513888750000002 0.634375 0.17569444374999998 0.6236328125 0.15659722083333336
0 0.6126953125 0.27361111250000003 0.5990234375 0.26319444583333335 0.5794921875 0.26319444583333335 0.5716796875 0.2701388895833333 0.558984375 0.29270833333333335 0.555078125 0.30659722291666663 0.555078125 0.3482638895833333 0.558984375 0.36215277916666666 0.5775390625 0.39166666666666666 0.5863281234375 0.39791666666666664 0.5916015671875 0.39791666666666664 0.598046875 0.396875 0.6087890625 0.39166666666666666 0.625390625 0.365625 0.628125 0.3559027791666667 0.628125 0.3059027791666667 0.625390625 0.29618055625 0.6126953125 0.27361111250000003
0 0.669140625 0.23993055416666667 0.6515625 0.22604166458333333 0.641796875 0.22604166458333333 0.63203125 0.23298611041666667 0.6232421875 0.2451388875 0.6173828125 0.26597222083333333 0.6173828125 0.27986111041666667 0.6271484375 0.30069444375000004 0.6310546875 0.32847222083333333 0.6396484375 0.34375 0.6439452984375 0.34375 0.6603515625 0.34236111041666667 0.6681640625 0.33194444375000004 0.6701171875 0.31805555416666664 0.68125 0.2916666666666667 0.68125 0.28194444375 0.6798828125 0.26249999791666667 0.669140625 0.23993055416666667
0 0.701953125 0.17743055416666667 0.68828125 0.17743055416666667 0.6775390625 0.19305555416666667 0.6775390625 0.20347222083333336 0.684375 0.21215277708333333 0.698046875 0.21215277708333333 0.6994140640625 0.21458333333333332 0.7052734296875001 0.21458333333333332 0.7087890625 0.2138888875 0.7171875 0.20559413333333335 0.7171875 0.19594907291666666 0.715625 0.19131944374999998 0.701953125 0.17743055416666667
0 0.76875 0.20138888958333334 0.75703125 0.20486111041666666 0.747265625 0.19791666666666666 0.74140625 0.1875 0.7375 0.19097222291666668 0.7345703125 0.19965277708333332 0.7541015625 0.22743055625 0.7560546875 0.234375 0.7560546875 0.24826388958333334 0.7541015625 0.25173611041666666 0.758984375 0.2604166666666667 0.7599609375 0.25868055625 0.775 0.23528645833333334 0.775 0.21145833333333333 0.7736328125 0.20659722291666668 0.76875 0.20138888958333334
0 0.804296875 0.19409722291666667 0.790625 0.18715277916666664 0.7798828125 0.19583333541666667 0.7759765625 0.20972222291666667 0.776953125 0.23229166874999999 0.79453125 0.23576388958333333 0.8011718734375 0.24166666666666667 0.805273440625 0.24166666666666667 0.8072265625 0.24097222291666667 0.812109375 0.2392361125 0.815625 0.23298611249999998 0.815625 0.21875000208333334 0.8130859375 0.20972222291666667 0.804296875 0.19409722291666667
0 0.79765625 0.23993055416666667 0.79375 0.23645833125000001 0.776171875 0.23645833125000001 0.76640625 0.24687499791666667 0.7615234375 0.26249999791666667 0.7634765625 0.26944444375000004 0.7693359375 0.27638888749999996 0.7771484375 0.30416666666666664 0.7771484375 0.33888888749999996 0.78170573125 0.34375 0.783007809375 0.34375 0.7869140625 0.34236111041666667 0.7986328125 0.32152777708333335 0.8064453125 0.29375 0.8125 0.28567708333333336 0.8125 0.2677083333333333 0.8083984375 0.2555555541666667 0.79765625 0.23993055416666667
0 0.8333984375 0.31979166666666664 0.8236328125 0.31284722291666667 0.8041015625 0.3163194458333333 0.7982421875 0.3232638895833333 0.7875 0.3458333333333333 0.785546875 0.36666666666666664 0.78359375 0.3701388895833333 0.785546875 0.4048611125 0.793359375 0.42916666666666664 0.8060546875 0.4517361125 0.8087890625 0.45416666666666666 0.8222656296874999 0.45416666666666666 0.83046875 0.45347222291666667 0.844140625 0.4395833333333333 0.853125 0.41083333333333333 0.853125 0.36435185208333337 0.8421875 0.3319444458333333 0.8333984375 0.31979166666666664
0 0.906640625 0.490625 0.898828125 0.46979166666666666 0.8880859375 0.45069444583333335 0.8763671875 0.44027777916666666 0.8626953125 0.44027777916666666 0.8607421875 0.44375 0.8490234375 0.44722222291666663 0.8431640625 0.45416666666666666 0.828515625 0.48368055625 0.82265625 0.51493055625 0.82265625 0.5600694458333333 0.828515625 0.5878472229166667 0.8431640625 0.6173611124999999 0.8577473937500001 0.6270833333333333 0.86386719375 0.6270833333333333 0.871484375 0.6260416666666667 0.8822265625 0.6208333333333333 0.8880859375 0.6138888895833333 0.902734375 0.584375 0.9078125 0.5603009270833332 0.9078125 0.503125 0.906640625 0.5010416666666667 0.906640625 0.490625
0 0.925 0.35833333333333334 0.9171875 0.35138888749999997 0.899609375 0.35138888749999997 0.8849609375 0.38090277708333337 0.8849609375 0.39131944375 0.88125 0.4078124979166667 0.88125 0.41215277708333337 0.8830078125 0.44340277708333337 0.8966796875 0.4642361104166667 0.904927884375 0.48541666666666666 0.9171874921875001 0.48541666666666666 0.9201171875 0.48506944375 0.92890625 0.4798611104166667 0.9396484375 0.45381944375 0.940625 0.4486111104166667 0.940625 0.4005787041666667 0.9357421875 0.37743055416666665 0.925 0.35833333333333334
0 0.9248046875 0.31979166666666664 0.9130859375 0.31979166666666664 0.9052734375 0.3267361125 0.900390625 0.33541666666666664 0.8984375 0.34930555625 0.9169921875 0.35104166666666664 0.9248046875 0.3579861125 0.935546875 0.3770833333333333 0.939453125 0.4013888895833333 0.9421875 0.40625 0.942578125 0.40625 0.943359375 0.4048611125 0.9453125 0.39791666666666664 0.9453125 0.36666666666666664 0.939453125 0.3423611125 0.9248046875 0.31979166666666664
0 0.8892578125 0.28125 0.8853515625 0.28472222291666666 0.874609375 0.3072916666666667 0.874609375 0.3454861104166667 0.878515625 0.36284722291666666 0.8853515625 0.375 0.886328125 0.3732638895833333 0.88828125 0.36631944375000003 0.89609375 0.35590277708333334 0.9 0.33506944375000003 0.9068359375 0.3229166666666667 0.9171875 0.31789772708333336 0.9171875 0.3064709604166667 0.9068359375 0.28472222291666666 0.8892578125 0.28125