1 0.5966796875 0.49305555624999997 0.5791015625 0.4826388895833333 0.5576171875 0.4826388895833333 0.5556640625 0.4861111104166667 0.5478515625 0.4861111104166667 0.5341796875 0.5 0.515625 0.5329861104166667 0.505859375 0.5711805562500001 0.505859375 0.5885416666666666 0.50390625 0.5920138895833333 0.505859375 0.6336805562500001 0.513671875 0.6649305562500001 0.5234375 0.6857638895833333 0.5322265625 0.6979166666666666 0.5576171875 0.7152777770833333 0.587890625 0.7135416666666666 0.6181640625 0.6840277770833333 0.62890625 0.6614583333333334 0.63671875 0.6232638895833333 0.63671875 0.5920138895833333 0.6328125 0.5815972229166667 0.6328125 0.5677083333333334 0.625 0.5399305562500001 0.625 0.5329861104166667 0.6123046875 0.5104166666666666 0.5966796875 0.49305555624999997
1 0.7939453125 0.14583333333333334 0.80078125 0.14409722291666668 0.80859375 0.13368055625 0.810546875 0.1267361104166667 0.810546875 0.109375 0.8017578125 0.08680555625 0.7978515625 0.08333333333333333 0.7880859375 0.08333333333333333 0.77734375 0.09895833333333333 0.775390625 0.11631944375 0.7880859375 0.14236111041666666 0.7939453125 0.14583333333333334
1 0.7919921875 0.08333333333333333 0.794921875 0.078125 0.7900390625 0.06944444375 0.7763671875 0.06944444375 0.771484375 0.07465277708333334 0.7734375 0.10590277708333334 0.775390625 0.10590277708333334 0.7841796875 0.08680555625 0.7919921875 0.08333333333333333
1 0.7548828125 0.125 0.765625 0.12326388958333333 0.7734375 0.109375 0.771484375 0.078125 0.7646484375 0.06597222291666667 0.7509765625 0.0625 0.744140625 0.07118055625 0.744140625 0.08159722291666666 0.748046875 0.08854166666666667 0.75 0.09895833333333333 0.75 0.11979166666666667 0.7548828125 0.125
1 0.7197265625 0.06944444375 0.7255859375 0.06944444375 0.732421875 0.06423611041666667 0.7255859375 0.05555555625 0.7119140625 0.05902777708333333 0.70703125 0.06770833333333333 0.70703125 0.08159722291666666 0.708984375 0.08854166666666667 0.7109375 0.08854166666666667 0.7197265625 0.06944444375
1 0.6953125 0.11284722291666666 0.708984375 0.08854166666666667 0.705078125 0.06423611041666667 0.6943359375 0.052083333333333336 0.6826171875 0.052083333333333336 0.677734375 0.057291666666666664 0.677734375 0.06770833333333333 0.68359375 0.08159722291666666 0.68359375 0.10590277708333334 0.6904296875 0.11458333333333333 0.6953125 0.11284722291666666
1 0.5888671875 0.11458333333333333 0.603515625 0.11284722291666666 0.611328125 0.09895833333333333 0.61328125 0.08854166666666667 0.611328125 0.06770833333333333 0.6025390625 0.052083333333333336 0.5966796875 0.052083333333333336 0.5947265625 0.048611110416666665 0.5849609375 0.052083333333333336 0.576171875 0.06770833333333333 0.576171875 0.09201388958333333 0.5888671875 0.11458333333333333
1 0.4912109375 0.13194444375 0.505859375 0.13020833333333334 0.515625 0.11284722291666666 0.517578125 0.10243055625 0.515625 0.08159722291666666 0.5048828125 0.06597222291666667 0.4912109375 0.06597222291666667 0.4833984375 0.07291666666666667 0.478515625 0.08506944375 0.478515625 0.109375 0.48046875 0.11631944375 0.4912109375 0.13194444375
1 0.294921875 0.18229166666666666 0.3076171875 0.19791666666666666 0.3125 0.19618055625 0.3173828125 0.19444444375 0.32421875 0.18229166666666666 0.328125 0.16840277708333332 0.328125 0.15104166666666666 0.3193359375 0.13194444375 0.3056640625 0.13194444375 0.3017578125 0.13541666666666666 0.29296875 0.15451388958333334 0.29296875 0.17534722291666668 0.294921875 0.18229166666666666
1 0.16796875 0.32465277708333334 0.169921875 0.296875 0.1611328125 0.27430555624999997 0.1474609375 0.27430555624999997 0.13671875 0.296875 0.134765625 0.32465277708333334 0.1435546875 0.34375 0.1494140625 0.34722222291666666 0.158203125 0.3454861104166667 0.16796875 0.32465277708333334
1 0.041015625 0.5329861104166667 0.0498046875 0.5486111104166667 0.0556640625 0.5520833333333334 0.060546875 0.5503472229166667 0.0634765625 0.5486111104166667 0.072265625 0.5295138895833333 0.072265625 0.484375 0.0634765625 0.46180555624999997 0.0517578125 0.4583333333333333 0.04296875 0.4670138895833333 0.04296875 0.47743055624999997 0.0390625 0.48784722291666666 0.0390625 0.52256944375 0.041015625 0.5329861104166667
1 0.017578125 0.5920138895833333 0.0263671875 0.6041666666666666 0.033203125 0.6024305562500001 0.0361328125 0.6006944437499999 0.04296875 0.5850694437499999 0.044921875 0.5503472229166667 0.037109375 0.5190972229166666 0.0302734375 0.5104166666666666 0.0244140625 0.5104166666666666 0.0205078125 0.5138888895833333 0.013671875 0.5295138895833333 0.01171875 0.5607638895833333 0.017578125 0.5920138895833333
0 0.0263827125 0.5085213666666667 0.029735981249999998 0.5088632104166667 0.0366681640625 0.5081080124999999 0.0380720625 0.48612176458333334 0.042102265625 0.47533967708333336 0.041470460937499995 0.4683859125 0.0474156953125 0.46092635416666666 0.0396839484375 0.46312742083333336 0.035162234375000004 0.46376750833333336 0.028688207812499998 0.47815292708333335 0.027065531250000004 0.48939371458333336 0.0263827125 0.5085213666666667
0 0.107421875 0.35590277708333334 0.109375 0.36284722291666666 0.1181640625 0.375 0.12890625 0.3732638895833333 0.134765625 0.36284722291666666 0.138671875 0.3489583333333333 0.138671875 0.33506944375000003 0.134765625 0.32465277708333334 0.134765625 0.3107638895833333 0.1279296875 0.3020833333333333 0.1220703125 0.3020833333333333 0.1181640625 0.30555555624999997 0.107421875 0.328125 0.107421875 0.35590277708333334
0 0.1943359375 0.2708333333333333 0.203125 0.26909722291666666 0.2109375 0.25868055625 0.21484375 0.24479166666666666 0.21484375 0.22048611041666666 0.2080078125 0.20833333333333334 0.1982421875 0.20486111041666666 0.1923828125 0.20833333333333334 0.1875 0.21701388958333334 0.18359375 0.23090277708333332 0.18359375 0.2552083333333333 0.1943359375 0.2708333333333333
0 0.3671875 0.14756944375 0.369140625 0.15451388958333334 0.3798828125 0.17013888958333334 0.392578125 0.16840277708333332 0.3974609375 0.16666666666666666 0.40234375 0.15798611041666666 0.40625 0.14409722291666668 0.40625 0.12326388958333333 0.404296875 0.11631944375 0.3955078125 0.10416666666666667 0.3798828125 0.10416666666666667 0.369140625 0.11979166666666667 0.3671875 0.1267361104166667 0.3671875 0.14756944375
0 0.6494140625 0.08333333333333333 0.6572265625 0.09722222291666666 0.6796875 0.09895833333333333 0.6796875 0.09201388958333333 0.6630859375 0.06597222291666667 0.6552734375 0.06597222291666667 0.65625 0.07465277708333334 0.6533203125 0.07986111041666667 0.6513671875 0.06597222291666667 0.6474609375 0.06597222291666667 0.642578125 0.07465277708333334 0.6435546875 0.07986111041666667 0.6494140625 0.08333333333333333
0 0.7119140625 0.19791666666666666 0.7197265625 0.20486111041666666 0.7265625 0.203125 0.7265625 0.171875 0.732421875 0.15451388958333334 0.7412109375 0.14583333333333334 0.744140625 0.13715277708333332 0.7353515625 0.12152777708333334 0.7275390625 0.11458333333333333 0.7138671875 0.11458333333333333 0.69921875 0.13715277708333332 0.69921875 0.16840277708333332 0.7119140625 0.19791666666666666
0 0.822265625 0.140625 0.830078125 0.12326388958333333 0.830078125 0.10243055625 0.8193359375 0.08333333333333333 0.8076171875 0.07986111041666667 0.802734375 0.08854166666666667 0.810546875 0.109375 0.810546875 0.13020833333333334 0.80859375 0.13368055625 0.8154296875 0.14236111041666666 0.822265625 0.140625
0 0.8330078125 0.13888888958333334 0.84375 0.13715277708333332 0.84375 0.12326388958333333 0.849609375 0.109375 0.849609375 0.10243055625 0.8408203125 0.08680555625 0.8310546875 0.08333333333333333 0.826171875 0.08854166666666667 0.826171875 0.09548611041666667 0.830078125 0.10590277708333334 0.830078125 0.13368055625 0.8330078125 0.13888888958333334
0 0.6328125 0.171875 0.626953125 0.19618055625 0.626953125 0.21701388958333334 0.630859375 0.234375 0.6396484375 0.25347222291666666 0.6494140625 0.26388888958333334 0.6572265625 0.26388888958333334 0.6591796875 0.2673611104166667 0.666015625 0.265625 0.6787109375 0.25694444375 0.685546875 0.24479166666666666 0.689453125 0.23090277708333332 0.689453125 0.19270833333333334 0.685546875 0.17881944375 0.6728515625 0.15972222291666668 0.6630859375 0.15277777708333332 0.6513671875 0.15277777708333332 0.6376953125 0.16319444375 0.6328125 0.171875
0 0.8095703125 0.30902777708333334 0.7978515625 0.31597222291666666 0.783203125 0.3420138895833333 0.783203125 0.3489583333333333 0.779296875 0.359375 0.779296875 0.3732638895833333 0.77734375 0.3767361104166667 0.78125 0.41840277708333334 0.79296875 0.44965277708333334 0.8017578125 0.46180555624999997 0.8095703125 0.46875 0.83203125 0.4670138895833333 0.8388671875 0.46180555624999997 0.849609375 0.4427083333333333 0.85546875 0.421875 0.85546875 0.4114583333333333 0.857421875 0.4079861104166667 0.85546875 0.3697916666666667 0.849609375 0.3454861104166667 0.8408203125 0.3263888895833333 0.8291015625 0.3125 0.8095703125 0.30902777708333334
0 0.857421875 0.18229166666666666 0.86328125 0.203125 0.8662109375 0.20833333333333334 0.869140625 0.20659722291666668 0.873046875 0.19270833333333334 0.8798828125 0.18055555625 0.8837890625 0.17708333333333334 0.8896484375 0.18055555625 0.892578125 0.17534722291666668 0.888671875 0.15798611041666666 0.8759765625 0.14236111041666666 0.8662109375 0.14236111041666666 0.857421875 0.16145833333333334 0.857421875 0.18229166666666666
0 0.873046875 0.23784722291666668 0.8818359375 0.2604166666666667 0.8876953125 0.26388888958333334 0.900390625 0.26215277708333334 0.908203125 0.24826388958333334 0.91015625 0.23784722291666668 0.91015625 0.21354166666666666 0.90625 0.19965277708333332 0.8974609375 0.18402777708333332 0.8935546875 0.18055555625 0.8779296875 0.18055555625 0.87109375 0.19618055625 0.869140625 0.20659722291666668 0.873046875 0.23784722291666668
0 0.91015625 0.18923611041666666 0.908203125 0.15798611041666666 0.8994140625 0.14236111041666666 0.8876953125 0.13888888958333334 0.8828125 0.15104166666666666 0.888671875 0.15798611041666666 0.890625 0.17534722291666668 0.9033203125 0.19444444375 0.908203125 0.19270833333333334 0.91015625 0.18923611041666666
0 0.6748046875 0.4375 0.6689453125 0.4375 0.6533203125 0.4513888895833333 0.64453125 0.4635416666666667 0.63671875 0.48090277708333334 0.62890625 0.515625 0.62890625 0.5434027770833333 0.63671875 0.5746527770833333 0.638671875 0.6059027770833333 0.6552734375 0.6388888895833333 0.6591796875 0.6388888895833333 0.6650390625 0.6458333333333334 0.6748046875 0.6458333333333334 0.6767578125 0.6493055562500001 0.703125 0.6475694437499999 0.7197265625 0.6354166666666666 0.736328125 0.609375 0.74609375 0.5711805562500001 0.748046875 0.5190972229166666 0.7421875 0.4982638895833333 0.7421875 0.49131944375000003 0.7216796875 0.4513888895833333 0.6982421875 0.43402777708333334 0.6767578125 0.43402777708333334 0.6748046875 0.4375
0 0.4091796875 0.31597222291666666 0.4072265625 0.3125 0.3896484375 0.3125 0.3779296875 0.31944444375000003 0.3701171875 0.3298611104166667 0.359375 0.35243055624999997 0.353515625 0.38368055624999997 0.353515625 0.41493055624999997 0.361328125 0.44618055624999997 0.3720703125 0.46527777708333334 0.3935546875 0.4791666666666667 0.40234375 0.47743055624999997 0.4169921875 0.47222222291666666 0.4248046875 0.46527777708333334 0.43359375 0.44965277708333334 0.44140625 0.42534722291666666 0.4453125 0.390625 0.443359375 0.38715277708333334 0.44140625 0.36284722291666666 0.4306640625 0.3333333333333333 0.4150390625 0.31597222291666666 0.4091796875 0.31597222291666666
0 0.2900390625 0.6180555562500001 0.2802734375 0.6180555562500001 0.2783203125 0.6145833333333334 0.2666015625 0.6180555562500001 0.2626953125 0.6145833333333334 0.2392578125 0.6319444437499999 0.22265625 0.6649305562500001 0.22265625 0.671875 0.21875 0.6822916666666666 0.216796875 0.7135416666666666 0.21484375 0.7170138895833333 0.216796875 0.7413194437499999 0.21875 0.7447916666666666 0.220703125 0.765625 0.228515625 0.7934027770833333 0.2373046875 0.8125 0.2646484375 0.8402777770833333 0.2705078125 0.8402777770833333 0.2724609375 0.84375 0.2890625 0.8420138895833333 0.2978515625 0.8402777770833333 0.3017578125 0.8333333333333334 0.3173828125 0.8194444437499999 0.326171875 0.796875 0.3359375 0.7517361104166667 0.333984375 0.6996527770833333 0.328125 0.671875 0.3203125 0.6545138895833333 0.3037109375 0.6284722229166667 0.2900390625 0.6180555562500001