1 0.3896484375 0.28472222291666666 0.3779296875 0.27777777708333334 0.3603515625 0.27777777708333334 0.3505859375 0.28472222291666666 0.3359375 0.3072916666666667 0.330078125 0.33159722291666666 0.330078125 0.35243055624999997 0.328125 0.35590277708333334 0.333984375 0.38715277708333334 0.3447265625 0.40625 0.3583984375 0.4201388895833333 0.375 0.41840277708333334 0.3857421875 0.4166666666666667 0.39453125 0.4079861104166667 0.3984375 0.38715277708333334 0.408203125 0.35590277708333334 0.408203125 0.328125 0.40625 0.3177083333333333 0.396484375 0.29340277708333334 0.3896484375 0.28472222291666666
1 0.6435546875 0.21180555625 0.6279296875 0.22222222291666668 0.6171875 0.24131944375 0.611328125 0.26909722291666666 0.611328125 0.28993055624999997 0.61328125 0.29340277708333334 0.61328125 0.30381944375000003 0.6181640625 0.31597222291666666 0.6318359375 0.3263888895833333 0.6474609375 0.35069444375000003 0.6513671875 0.3541666666666667 0.654296875 0.35243055624999997 0.6650390625 0.34722222291666666 0.6796875 0.328125 0.6875 0.30381944375000003 0.689453125 0.27256944375000003 0.685546875 0.25173611041666666 0.6748046875 0.22916666666666666 0.6611328125 0.21527777708333332 0.6435546875 0.21180555625
1 0.6123046875 0.19791666666666666 0.6025390625 0.1875 0.5810546875 0.18402777708333332 0.5693359375 0.19444444375 0.55859375 0.21354166666666666 0.5546875 0.23090277708333332 0.5546875 0.25868055625 0.5654296875 0.2708333333333333 0.5791015625 0.27777777708333334 0.5966796875 0.3125 0.6015625 0.3107638895833333 0.611328125 0.30034722291666666 0.611328125 0.26909722291666666 0.61328125 0.265625 0.61328125 0.2552083333333333 0.6171875 0.24131944375 0.623046875 0.23090277708333332 0.623046875 0.22048611041666666 0.6123046875 0.19791666666666666
1 0.5380859375 0.14583333333333334 0.53125 0.15798611041666666 0.52734375 0.171875 0.533203125 0.19618055625 0.533203125 0.20659722291666668 0.53515625 0.21006944375 0.533203125 0.21701388958333334 0.53515625 0.22395833333333334 0.5439453125 0.23958333333333334 0.552734375 0.23784722291666668 0.55859375 0.21354166666666666 0.5693359375 0.19444444375 0.58203125 0.18229166666666666 0.580078125 0.16145833333333334 0.5732421875 0.14930555625 0.5576171875 0.13541666666666666 0.5458984375 0.13888888958333334 0.5380859375 0.14583333333333334
1 0.5458984375 0.10416666666666667 0.5302734375 0.10416666666666667 0.51953125 0.11631944375 0.515625 0.13020833333333334 0.515625 0.13715277708333332 0.517578125 0.13715277708333332 0.5244140625 0.125 0.5322265625 0.11805555625 0.5419921875 0.11805555625 0.5576171875 0.13194444375 0.5595703125 0.13194444375 0.560546875 0.1267361104166667 0.5517578125 0.10763888958333333 0.5458984375 0.10416666666666667
1 0.5048828125 0.13888888958333334 0.5107421875 0.14930555625 0.51171875 0.14756944375 0.513671875 0.14409722291666668 0.51171875 0.1267361104166667 0.4990234375 0.11111111041666667 0.4853515625 0.11111111041666667 0.474609375 0.12326388958333333 0.4794921875 0.13888888958333334 0.4990234375 0.13541666666666666 0.5048828125 0.13888888958333334
1 0.369140625 0.24826388958333334 0.365234375 0.26215277708333334 0.365234375 0.27256944375000003 0.3857421875 0.28125 0.3955078125 0.2916666666666667 0.404296875 0.3107638895833333 0.408203125 0.33159722291666666 0.41015625 0.33159722291666666 0.41015625 0.3072916666666667 0.40234375 0.27256944375000003 0.400390625 0.25173611041666666 0.39453125 0.24131944375 0.392578125 0.22743055625 0.3896484375 0.22569444375 0.3759765625 0.23611111041666666 0.369140625 0.24826388958333334
1 0.33203125 0.19618055625 0.3349609375 0.20138888958333334 0.34765625 0.19965277708333332 0.349609375 0.18229166666666666 0.3583984375 0.16666666666666666 0.37109375 0.15798611041666666 0.363489790625 0.1497733875 0.3520329578125 0.15048837708333332 0.34117913906249997 0.15620826666666668 0.333984375 0.17534722291666668 0.33203125 0.19618055625
0 0.30859375 0.23784722291666668 0.3095703125 0.25 0.3251953125 0.22916666666666666 0.3486328125 0.22916666666666666 0.3623046875 0.25347222291666666 0.36328125 0.25173611041666666 0.36328125 0.23090277708333332 0.361328125 0.22395833333333334 0.3525390625 0.20833333333333334 0.3447265625 0.20138888958333334 0.3310546875 0.20138888958333334 0.3251953125 0.20486111041666666 0.3125 0.22395833333333334 0.30859375 0.23784722291666668
0 0.3056640625 0.27430555624999997 0.3095703125 0.2708333333333333 0.3291015625 0.2708333333333333 0.3369140625 0.27777777708333334 0.3447265625 0.2916666666666667 0.345703125 0.28993055624999997 0.36328125 0.27256944375000003 0.361328125 0.25173611041666666 0.3466796875 0.22916666666666666 0.3271484375 0.22916666666666666 0.3212890625 0.23263888958333334 0.3134765625 0.24305555625 0.3046875 0.26215277708333334 0.3056640625 0.27430555624999997
0 0.3232421875 0.2708333333333333 0.3212890625 0.2673611104166667 0.3193359375 0.2708333333333333 0.3095703125 0.2708333333333333 0.3017578125 0.27777777708333334 0.291015625 0.296875 0.2890625 0.3072916666666667 0.29296875 0.36284722291666666 0.294921875 0.36631944375000003 0.296875 0.38715277708333334 0.3115234375 0.40277777708333334 0.318359375 0.4010416666666667 0.3291015625 0.39930555624999997 0.333984375 0.390625 0.330078125 0.3767361104166667 0.328125 0.3454861104166667 0.3359375 0.30381944375000003 0.34375 0.29340277708333334 0.3349609375 0.27430555624999997 0.3232421875 0.2708333333333333
0 0.37109375 0.23090277708333332 0.37109375 0.24131944375 0.373046875 0.24131944375 0.3837890625 0.22916666666666666 0.3896484375 0.22569444375 0.3916015625 0.22916666666666666 0.39453125 0.22395833333333334 0.392578125 0.21006944375 0.3857421875 0.19791666666666666 0.375 0.21354166666666666 0.37109375 0.23090277708333332
0 0.4169921875 0.19097222291666668 0.4248046875 0.20486111041666666 0.427734375 0.203125 0.4365234375 0.19097222291666668 0.4423828125 0.1875 0.443359375 0.18229166666666666 0.4287109375 0.15972222291666668 0.4228515625 0.15972222291666668 0.412109375 0.17534722291666668 0.412109375 0.18923611041666666 0.4169921875 0.19097222291666668
0 0.560546875 0.13368055625 0.5654296875 0.14236111041666666 0.5712890625 0.14583333333333334 0.580078125 0.16145833333333334 0.5849609375 0.17708333333333334 0.595703125 0.17534722291666668 0.5986328125 0.17361111041666666 0.607421875 0.15451388958333334 0.607421875 0.1267361104166667 0.603515625 0.11284722291666666 0.5947265625 0.10069444375 0.5771484375 0.09722222291666666 0.5625 0.11979166666666667 0.560546875 0.13368055625
0 0.5439453125 0.11805555625 0.5322265625 0.11805555625 0.5244140625 0.125 0.513671875 0.14409722291666668 0.513671875 0.15798611041666666 0.5244140625 0.17361111041666666 0.529296875 0.171875 0.53125 0.15798611041666666 0.5361328125 0.14930555625 0.5478515625 0.13888888958333334 0.5556640625 0.13888888958333334 0.55859375 0.13368055625 0.5537109375 0.125 0.5498046875 0.125 0.5439453125 0.11805555625
0 0.4892578125 0.16319444375 0.4921875 0.16145833333333334 0.5009765625 0.15625 0.5107421875 0.15972222291666668 0.51171875 0.15104166666666666 0.5009765625 0.13541666666666666 0.4873046875 0.13541666666666666 0.482421875 0.140625 0.482421875 0.15104166666666666 0.4892578125 0.16319444375
0 0.4755859375 0.34375 0.4521484375 0.3576388895833333 0.439453125 0.3767361104166667 0.427734375 0.4114583333333333 0.427734375 0.421875 0.42578125 0.42534722291666666 0.42578125 0.46006944375000003 0.4326171875 0.4826388895833333 0.4462890625 0.46527777708333334 0.4658203125 0.4513888895833333 0.4892578125 0.4513888895833333 0.4912109375 0.4548611104166667 0.5068359375 0.4583333333333333 0.5185546875 0.46875 0.5283203125 0.4826388895833333 0.53125 0.48090277708333334 0.537109375 0.45659722291666666 0.537109375 0.4322916666666667 0.53515625 0.42881944375000003 0.53515625 0.41493055624999997 0.53125 0.39756944375000003 0.5146484375 0.3645833333333333 0.4912109375 0.34375 0.4755859375 0.34375
0 0.5205078125 0.47222222291666666 0.5048828125 0.4583333333333333 0.4970703125 0.4583333333333333 0.4853515625 0.4513888895833333 0.4619140625 0.4548611104166667 0.4482421875 0.46527777708333334 0.4345703125 0.4826388895833333 0.423828125 0.50868055625 0.41796875 0.5295138895833333 0.41796875 0.5434027770833333 0.416015625 0.546875 0.416015625 0.5885416666666666 0.41796875 0.5954861104166667 0.4228515625 0.6006944437499999 0.4287109375 0.6006944437499999 0.4404296875 0.6111111104166667 0.4443359375 0.6111111104166667 0.4736328125 0.6527777770833333 0.4912109375 0.65625 0.4931640625 0.6597222229166667 0.49609375 0.6579861104166667 0.4990234375 0.65625 0.5166015625 0.6215277770833333 0.544921875 0.5920138895833333 0.546875 0.5642361104166667 0.544921875 0.5607638895833333 0.54296875 0.5295138895833333 0.533203125 0.4947916666666667 0.5205078125 0.47222222291666666
0 0.6181640625 0.6145833333333334 0.6103515625 0.6041666666666666 0.6064453125 0.6041666666666666 0.5966796875 0.59375 0.5849609375 0.5902777770833333 0.5830078125 0.5868055562500001 0.5654296875 0.5868055562500001 0.5634765625 0.5902777770833333 0.5478515625 0.59375 0.5419921875 0.6006944437499999 0.5380859375 0.6006944437499999 0.5205078125 0.6180555562500001 0.50390625 0.6475694437499999 0.49609375 0.671875 0.48828125 0.7135416666666666 0.48828125 0.7378472229166667 0.490234375 0.7413194437499999 0.4921875 0.7725694437499999 0.50390625 0.8072916666666666 0.5224609375 0.8402777770833333 0.5302734375 0.8472222229166667 0.5380859375 0.8472222229166667 0.5400390625 0.84375 0.5732421875 0.84375 0.5751953125 0.8472222229166667 0.5888671875 0.8472222229166667 0.5908203125 0.8506944437499999 0.6015625 0.8489583333333334 0.6162109375 0.8402777770833333 0.626953125 0.8211805562500001 0.638671875 0.7795138895833333 0.6484375 0.7552083333333334 0.6484375 0.703125 0.640625 0.6614583333333334 0.6328125 0.640625 0.6181640625 0.6145833333333334
0 0.771484375 0.52256944375 0.763671875 0.4982638895833333 0.7431640625 0.46527777708333334 0.7197265625 0.4513888895833333 0.6982421875 0.4548611104166667 0.6884765625 0.46527777708333334 0.6845703125 0.46527777708333334 0.6689453125 0.4861111104166667 0.66015625 0.5052083333333334 0.6484375 0.5538194437499999 0.6484375 0.6059027770833333 0.658203125 0.6440972229166667 0.6640625 0.6579861104166667 0.6884765625 0.6875 0.7001953125 0.6909722229166667 0.7021484375 0.6944444437499999 0.7109375 0.6927083333333334 0.7294921875 0.6875 0.7548828125 0.6597222229166667 0.767578125 0.6302083333333334 0.7734375 0.609375 0.7734375 0.5954861104166667 0.775390625 0.5920138895833333 0.775390625 0.5434027770833333 0.771484375 0.52256944375
0 0.48046875 0.6857638895833333 0.47265625 0.6579861104166667 0.4599609375 0.6319444437499999 0.4326171875 0.6041666666666666 0.4267578125 0.6041666666666666 0.4248046875 0.6006944437499999 0.4052734375 0.6006944437499999 0.4033203125 0.6041666666666666 0.3896484375 0.6041666666666666 0.3876953125 0.6076388895833333 0.3759765625 0.6111111104166667 0.353515625 0.640625 0.345703125 0.6579861104166667 0.337890625 0.6857638895833333 0.3359375 0.7170138895833333 0.333984375 0.7204861104166667 0.337890625 0.7760416666666666 0.34375 0.796875 0.349609375 0.8107638895833333 0.3544921875 0.8159722229166667 0.3798828125 0.8194444437499999 0.3916015625 0.8263888895833333 0.4267578125 0.8611111104166667 0.439453125 0.859375 0.4541015625 0.8472222229166667 0.4638671875 0.8333333333333334 0.4765625 0.8038194437499999 0.4765625 0.796875 0.482421875 0.7760416666666666 0.482421875 0.7309027770833333 0.484375 0.7274305562500001 0.48046875 0.6857638895833333
1 0.5751953125 0.8472222229166667 0.5419921875 0.8472222229166667 0.5400390625 0.8506944437499999 0.5224609375 0.8576388895833333 0.5009765625 0.875 0.4853515625 0.8958333333333334 0.47265625 0.921875 0.458984375 0.9670138895833333 0.458984375 0.9774305562500001 0.45703125 0.9809027770833333 0.45703125 0.9947916666666666 0.4599609375 1 0.650390625 0.9982638895833333 0.65234375 0.9947916666666666 0.65234375 0.9704861104166667 0.640625 0.921875 0.6328125 0.9045138895833333 0.6103515625 0.8715277770833333 0.5908203125 0.8541666666666666 0.5849609375 0.8541666666666666 0.5751953125 0.8472222229166667
1 0.171875 0.41840277708333334 0.17578125 0.41840277708333334 0.1865234375 0.40625 0.193359375 0.4045138895833333 0.1865234375 0.34722222291666666 0.1826171875 0.34722222291666666 0.171875 0.3732638895833333 0.169921875 0.4045138895833333 0.171875 0.4079861104166667 0.171875 0.41840277708333334
0 0.7685546875 0.7291666666666666 0.7490234375 0.7083333333333334 0.7431640625 0.7083333333333334 0.7373046875 0.7013888895833333 0.7255859375 0.7013888895833333 0.7216796875 0.6979166666666666 0.7197265625 0.7013888895833333 0.7041015625 0.7013888895833333 0.6806640625 0.7152777770833333 0.6630859375 0.7361111104166667 0.658203125 0.7482638895833333 0.646484375 0.765625 0.62890625 0.828125 0.62890625 0.8385416666666666 0.626953125 0.8420138895833333 0.626953125 0.8836805562500001 0.62890625 0.8940972229166667 0.64453125 0.9253472229166667 0.654296875 0.9600694437499999 0.6708984375 0.9861111104166667 0.6865234375 0.9965277770833333 0.728515625 0.9947916666666666 0.7490234375 0.9826388895833333 0.7607421875 0.9618055562500001 0.7666015625 0.9583333333333334 0.787109375 0.9114583333333334 0.794921875 0.8697916666666666 0.794921875 0.8072916666666666 0.787109375 0.765625 0.7685546875 0.7291666666666666
0 0.3935546875 0.8333333333333334 0.3818359375 0.8229166666666666 0.3525390625 0.8194444437499999 0.3505859375 0.8229166666666666 0.3427734375 0.8229166666666666 0.3408203125 0.8263888895833333 0.3291015625 0.8298611104166667 0.3134765625 0.84375 0.3076171875 0.8506944437499999 0.29296875 0.8802083333333334 0.28515625 0.9079861104166667 0.283203125 0.9288194437499999 0.28125 0.9322916666666666 0.283203125 0.9913194437499999 0.2880859375 1 0.44921875 0.9982638895833333 0.45703125 0.9704861104166667 0.45703125 0.9565972229166667 0.453125 0.9357638895833333 0.44140625 0.8975694437499999 0.431640625 0.8767361104166667 0.4150390625 0.8506944437499999 0.3974609375 0.8333333333333334 0.3935546875 0.8333333333333334
1 0.5029296875 0.2708333333333333 0.4873046875 0.23958333333333334 0.4814453125 0.23611111041666666 0.47265625 0.25868055625 0.47265625 0.27256944375000003 0.470703125 0.2760416666666667 0.470703125 0.29340277708333334 0.4765625 0.3177083333333333 0.4931640625 0.34375 0.5009765625 0.35069444375000003 0.5068359375 0.3541666666666667 0.5234375 0.35243055624999997 0.533203125 0.3420138895833333 0.53515625 0.32465277708333334 0.5302734375 0.31944444375000003 0.5224609375 0.3020833333333333 0.5166015625 0.2986111104166667 0.5078125 0.2829861104166667 0.505859375 0.27256944375000003 0.5029296875 0.2708333333333333