1 0.2267578125 0.6989583333333333 0.2189453125 0.6677083333333333 0.1984375 0.6277777791666667 0.18671875 0.6173611124999999 0.169140625 0.6173611124999999 0.1515625 0.63125 0.1369140625 0.6642361124999999 0.1349609375 0.6885416666666667 0.1330078125 0.6920138895833333 0.1330078125 0.7267361124999999 0.1408203125 0.7614583333333333 0.157421875 0.7979166666666667 0.1671875 0.8083333333333333 0.173046875 0.8083333333333333 0.1818359359375 0.8145833333333333 0.18554687812499998 0.8145833333333333 0.1896484375 0.8135416666666667 0.20625 0.8083333333333333 0.2189453125 0.7857638895833333 0.2267578125 0.7614583333333333 0.228125 0.7298611125 0.228125 0.7152777791666666 0.2267578125 0.7128472229166667 0.2267578125 0.6989583333333333
1 0.6962890625 0.31319444375 0.70703125 0.29409722083333334 0.708984375 0.27326388749999997 0.7109375 0.26979166666666665 0.708984375 0.24548611041666665 0.703125 0.228125 0.6884765625 0.20902777708333334 0.6806640625 0.20902777708333334 0.6787109375 0.20555555416666668 0.6669921875 0.20902777708333334 0.6572265625 0.21944444375 0.650390625 0.23506944375 0.6484375 0.24548611041666665 0.6484375 0.27326388749999997 0.65234375 0.290625 0.6650390625 0.31319444375 0.6728515640625 0.31875 0.68496093125 0.31875 0.6875 0.31840277708333337 0.6962890625 0.31319444375
1 0.8916015625 0.496875 0.8974609375 0.48993055625 0.908203125 0.4673611125 0.912109375 0.45347222291666667 0.9140625 0.41875 0.90625 0.38055555625 0.8955078125 0.3614583333333333 0.8837890625 0.35104166666666664 0.8681640625 0.35104166666666664 0.8603515625 0.3579861125 0.849609375 0.3770833333333333 0.84375 0.39791666666666664 0.84375 0.44305555625 0.849609375 0.4673611125 0.8642578125 0.4934027791666667 0.8753906234375 0.5 0.8777343796875 0.5 0.884765625 0.4986111125 0.8916015625 0.496875
1 0.6771484375 0.1625 0.6712890625 0.15902777916666666 0.6576171875 0.15902777916666666 0.64296875 0.18159722291666666 0.64296875 0.19548611249999998 0.641015625 0.19895833333333332 0.64296875 0.21631944583333332 0.6495008671875 0.23125 0.6509765640625 0.23125 0.652734375 0.23020833333333332 0.6576171875 0.21805555625 0.6673828125 0.20763888958333335 0.6751953125 0.20763888958333335 0.6771484375 0.20416666666666666 0.6791015625 0.20763888958333335 0.690625 0.20606303541666668 0.690625 0.19340277916666665 0.68984375 0.18506944583333332 0.6771484375 0.1625
1 0.59453125 0.18437499791666667 0.58671875 0.18437499791666667 0.573046875 0.19479166458333333 0.5642578125 0.21041666458333333 0.5623046875 0.22083333125000001 0.5740234375 0.24861111041666667 0.5759765625 0.27291666666666664 0.5806640625 0.28125 0.5810546875 0.28125 0.5818359375 0.27986111041666667 0.5818359375 0.2555555541666667 0.5857421875 0.23819444374999998 0.59453125 0.22256944374999998 0.6140625 0.21099536875 0.6140625 0.20818452083333333 0.608203125 0.19479166458333333 0.59453125 0.18437499791666667
1 0.98828125 0.9289930541666667 0.974609375 0.9671875 0.96884765625 0.9979166666666667 0.9999944718749999 0.9979166666666667 0.9990234375 0.9064236104166666 0.98828125 0.9289930541666667
0 0.930859375 0.34791666666666665 0.926953125 0.34791666666666665 0.92109375 0.34097222083333334 0.91328125 0.34097222083333334 0.903515625 0.34791666666666665 0.8986328125 0.35659722083333334 0.8986328125 0.36701388749999997 0.9044921875 0.37743055416666665 0.9123046875 0.41215277708333337 0.9123046875 0.446875 0.9083984375 0.46076388749999997 0.9083984375 0.47118055416666665 0.91197916875 0.475 0.9218749953125001 0.475 0.9240234375 0.47465277708333337 0.9328125 0.46944444375 0.9455078125 0.43993055416666665 0.946875 0.4107638875 0.946875 0.3954861104166667 0.9416015625 0.3704861104166667 0.930859375 0.34791666666666665
0 0.7390625 0.20416666666666666 0.733203125 0.20069444583333332 0.717578125 0.20069444583333332 0.709765625 0.20763888958333335 0.7029296875 0.21979166666666666 0.7029296875 0.23020833333333332 0.7087890625 0.24409722291666666 0.7087890625 0.2857638895833333 0.7210227265625 0.30416666666666664 0.7281250078125 0.30416666666666664 0.7380859375 0.303125 0.744921875 0.29791666666666666 0.7517578125 0.2857638895833333 0.7546875 0.27534722291666663 0.7546875 0.23758680625 0.7478515625 0.21631944583333332 0.7390625 0.20416666666666666
0 0.6400390625 0.22881944583333333 0.6322265625 0.21840277916666664 0.6224609375 0.21145833541666667 0.6087890625 0.21145833541666667 0.5970703125 0.21840277916666664 0.586328125 0.23750000208333333 0.582421875 0.25138888958333333 0.582421875 0.27569444583333336 0.58828125 0.29652777916666667 0.6029296875 0.31909722291666665 0.6058593734375 0.32083333333333336 0.62734375 0.32083333333333336 0.6400390625 0.30868055624999996 0.646875 0.29305555624999996 0.6484375 0.28472222291666666 0.6484375 0.275 0.646875 0.24444444583333333 0.6400390625 0.22881944583333333
0 0.5576171875 0.32708333333333334 0.5703125 0.3079861104166667 0.576171875 0.28020833333333334 0.576171875 0.259375 0.5703125 0.23854166666666668 0.5595703125 0.22291666666666668 0.5556640625 0.22291666666666668 0.5498046875 0.21597222083333334 0.5361328125 0.21597222083333334 0.5224609375 0.22638888750000002 0.515625 0.23854166666666668 0.509765625 0.259375 0.509765625 0.28368055416666665 0.515625 0.3079861104166667 0.5224609375 0.32013888749999997 0.5360026062500001 0.32916666666666666 0.5498046796875 0.32916666666666666 0.552734375 0.32881944375 0.5576171875 0.32708333333333334
0 0.3037109375 0.5145833333333333 0.3095703125 0.5076388875 0.322265625 0.48159722083333334 0.328125 0.45034722083333334 0.326171875 0.41909722083333334 0.31640625 0.39131944375 0.3076171875 0.37916666666666665 0.2998046875 0.37222222083333334 0.2783203125 0.37222222083333334 0.2646484375 0.3861111104166667 0.2578125 0.39826388749999997 0.251953125 0.41909722083333334 0.251953125 0.43645833333333334 0.25 0.43993055416666665 0.251953125 0.47118055416666665 0.25390625 0.48159722083333334 0.2685546875 0.5076388875 0.2763671875 0.5145833333333333 0.2861328125 0.5145833333333333 0.2873046875 0.5166666666666667 0.2951171828125 0.5166666666666667 0.296875 0.51631944375 0.3037109375 0.5145833333333333
0 0.1251953125 0.8423611125 0.1134765625 0.8041666666666667 0.094921875 0.77118055625 0.08125 0.7607638895833334 0.06953125 0.7607638895833334 0.0548828125 0.7763888895833334 0.0470703125 0.8041666666666667 0.0470703125 0.825 0.0453125 0.8312500020833333 0.0453125 0.83229166875 0.0470703125 0.8354166666666667 0.0470703125 0.8527777791666666 0.0509765625 0.8736111125 0.0548828125 0.8840277791666666 0.0548828125 0.8909722229166667 0.0666015625 0.9222222229166667 0.08515625 0.9517361125 0.0892578125 0.9541666666666667 0.10214844218750001 0.9541666666666667 0.1095703125 0.9534722229166667 0.11640625 0.9482638895833334 0.1212890625 0.9395833333333333 0.128125 0.9122395833333333 0.128125 0.8684027770833332 0.1271484375 0.8666666666666667 0.1251953125 0.8423611125