1 0.220703125 0.6336805562500001 0.2060546875 0.6076388895833333 0.1845703125 0.5902777770833333 0.1689453125 0.5902777770833333 0.1630859375 0.5972222229166667 0.1591796875 0.5972222229166667 0.1513671875 0.6076388895833333 0.142578125 0.6267361104166667 0.13671875 0.6475694437499999 0.13671875 0.6579861104166667 0.134765625 0.6614583333333334 0.13671875 0.7170138895833333 0.1484375 0.7586805562500001 0.1650390625 0.7847222229166667 0.1767578125 0.7916666666666666 0.19140625 0.7899305562500001 0.2060546875 0.7847222229166667 0.228515625 0.7447916666666666 0.23046875 0.7170138895833333 0.232421875 0.7135416666666666 0.23046875 0.671875 0.228515625 0.6684027770833333 0.228515625 0.6579861104166667 0.220703125 0.6336805562500001
1 0.2490234375 0.25694444375 0.2392578125 0.26388888958333334 0.23046875 0.2795138895833333 0.224609375 0.30381944375000003 0.224609375 0.32465277708333334 0.228515625 0.3385416666666667 0.2314453125 0.34375 0.234375 0.3420138895833333 0.23828125 0.32118055624999997 0.2470703125 0.3020833333333333 0.2587890625 0.2916666666666667 0.275390625 0.28993055624999997 0.2734375 0.2760416666666667 0.2666015625 0.26388888958333334 0.2568359375 0.25694444375 0.2490234375 0.25694444375
1 0.4560546875 0.22222222291666668 0.4423828125 0.23263888958333334 0.427734375 0.25868055625 0.423828125 0.30034722291666666 0.42578125 0.30381944375000003 0.42578125 0.3142361104166667 0.4296875 0.32118055624999997 0.431640625 0.33159722291666666 0.4404296875 0.34375 0.4541015625 0.3541666666666667 0.47265625 0.35243055624999997 0.4833984375 0.34375 0.4921875 0.328125 0.5 0.30381944375000003 0.5 0.2795138895833333 0.49609375 0.25868055625 0.4853515625 0.23611111041666666 0.4697265625 0.22222222291666668 0.4560546875 0.22222222291666668
1 0.6806640625 0.34027777708333334 0.6689453125 0.3333333333333333 0.6435546875 0.3333333333333333 0.6416015625 0.33680555624999997 0.6357421875 0.33680555624999997 0.6279296875 0.34375 0.609375 0.3802083333333333 0.60546875 0.4010416666666667 0.60546875 0.41493055624999997 0.603515625 0.41840277708333334 0.60546875 0.44618055624999997 0.6171875 0.484375 0.6357421875 0.5104166666666666 0.6474609375 0.5138888895833333 0.6494140625 0.5173611104166667 0.666015625 0.515625 0.6865234375 0.5034722229166666 0.697265625 0.484375 0.70703125 0.4392361104166667 0.70703125 0.4079861104166667 0.705078125 0.4045138895833333 0.705078125 0.39409722291666666 0.697265625 0.36631944375000003 0.6806640625 0.34027777708333334
1 0.4931640625 0.11111111041666667 0.4833984375 0.11805555625 0.474609375 0.13715277708333332 0.474609375 0.16145833333333334 0.4814453125 0.17361111041666666 0.484375 0.171875 0.4951171875 0.16319444375 0.5166015625 0.16666666666666666 0.51953125 0.15798611041666666 0.51953125 0.13715277708333332 0.517578125 0.13020833333333334 0.5068359375 0.11458333333333333 0.5009765625 0.11111111041666667 0.4931640625 0.11111111041666667
0 0.5224609375 0.3958333333333333 0.4951171875 0.375 0.4794921875 0.375 0.4580078125 0.3888888895833333 0.439453125 0.41840277708333334 0.4296875 0.453125 0.4296875 0.50868055625 0.439453125 0.5434027770833333 0.4521484375 0.5659722229166667 0.4658203125 0.5798611104166667 0.4736328125 0.5798611104166667 0.4755859375 0.5833333333333334 0.49609375 0.5815972229166667 0.5048828125 0.5798611104166667 0.5126953125 0.5694444437499999 0.5224609375 0.5625 0.53515625 0.5364583333333334 0.544921875 0.49131944375000003 0.544921875 0.4635416666666667 0.537109375 0.42534722291666666 0.5224609375 0.3958333333333333
0 0.5244140625 0.3020833333333333 0.5068359375 0.31944444375000003 0.5 0.33159722291666666 0.49609375 0.3420138895833333 0.4921875 0.3732638895833333 0.4970703125 0.37847222291666666 0.5087890625 0.38194444375000003 0.5205078125 0.3923611104166667 0.53515625 0.41840277708333334 0.54296875 0.44618055624999997 0.544921875 0.4670138895833333 0.5478515625 0.47222222291666666 0.552734375 0.4704861104166667 0.5712890625 0.4548611104166667 0.5859375 0.42534722291666666 0.58984375 0.4079861104166667 0.58984375 0.36631944375000003 0.580078125 0.33159722291666666 0.5673828125 0.3125 0.5478515625 0.2986111104166667 0.5244140625 0.3020833333333333
0 0.5244140625 0.1875 0.5166015625 0.1875 0.5146484375 0.19097222291666668 0.5029296875 0.19444444375 0.4970703125 0.20138888958333334 0.486328125 0.22395833333333334 0.486328125 0.23784722291666668 0.494140625 0.25173611041666666 0.5 0.2760416666666667 0.5 0.30034722291666666 0.5068359375 0.3125 0.51171875 0.3107638895833333 0.5302734375 0.2986111104166667 0.5400390625 0.2986111104166667 0.548828125 0.2829861104166667 0.5546875 0.25173611041666666 0.55078125 0.22395833333333334 0.546875 0.21354166666666666 0.5341796875 0.19444444375 0.5244140625 0.1875
0 0.552734375 0.13715277708333332 0.552734375 0.15798611041666666 0.55859375 0.17534722291666668 0.5673828125 0.1875 0.5859375 0.18576388958333334 0.595703125 0.171875 0.599609375 0.15798611041666666 0.599609375 0.13715277708333332 0.595703125 0.12326388958333333 0.5849609375 0.10763888958333333 0.5693359375 0.10763888958333333 0.556640625 0.12326388958333333 0.552734375 0.13715277708333332
0 0.7490234375 0.21875 0.7353515625 0.22916666666666666 0.7265625 0.24479166666666666 0.720703125 0.26909722291666666 0.720703125 0.28993055624999997 0.73046875 0.32465277708333334 0.7333984375 0.3263888895833333 0.7412109375 0.34375 0.7451171875 0.34722222291666666 0.765625 0.3454861104166667 0.7724609375 0.34375 0.78515625 0.32118055624999997 0.7890625 0.3072916666666667 0.7890625 0.26909722291666666 0.78125 0.24479166666666666 0.7724609375 0.22916666666666666 0.7607421875 0.21875 0.7490234375 0.21875
0 0.4189453125 0.15625 0.4091796875 0.15625 0.4052734375 0.15972222291666668 0.396484375 0.17534722291666668 0.392578125 0.19270833333333334 0.392578125 0.20659722291666668 0.396484375 0.22743055625 0.4033203125 0.23958333333333334 0.4111328125 0.24652777708333332 0.4140625 0.24479166666666666 0.412109375 0.24131944375 0.412109375 0.21701388958333334 0.416015625 0.19965277708333332 0.4228515625 0.18402777708333332 0.4375 0.171875 0.4326171875 0.15972222291666668 0.4208984375 0.15277777708333332 0.4189453125 0.15625
0 0.3955078125 0.13541666666666666 0.3828125 0.15451388958333334 0.37890625 0.17534722291666668 0.380859375 0.18923611041666666 0.3896484375 0.20486111041666666 0.392578125 0.203125 0.392578125 0.18923611041666666 0.396484375 0.17534722291666668 0.4052734375 0.15972222291666668 0.4189453125 0.15625 0.421875 0.15104166666666666 0.4169921875 0.13888888958333334 0.4130859375 0.13541666666666666 0.3955078125 0.13541666666666666
0 0.2587890625 0.2916666666666667 0.2509765625 0.2986111104166667 0.23828125 0.32118055624999997 0.234375 0.33506944375000003 0.234375 0.3732638895833333 0.23828125 0.390625 0.2470703125 0.40625 0.2587890625 0.4166666666666667 0.26953125 0.41493055624999997 0.2822265625 0.40625 0.291015625 0.390625 0.296875 0.36631944375000003 0.296875 0.328125 0.29296875 0.3142361104166667 0.2822265625 0.2986111104166667 0.2744140625 0.2916666666666667 0.2587890625 0.2916666666666667
0 0.1962890625 0.28819444375000003 0.189453125 0.30381944375000003 0.185546875 0.32465277708333334 0.185546875 0.3385416666666667 0.1875 0.3420138895833333 0.1875 0.35243055624999997 0.1982421875 0.37152777708333334 0.2021484375 0.375 0.212890625 0.3732638895833333 0.2177734375 0.37152777708333334 0.228515625 0.35243055624999997 0.228515625 0.33506944375000003 0.224609375 0.32465277708333334 0.2265625 0.28993055624999997 0.2216796875 0.28125 0.2080078125 0.27777777708333334 0.1962890625 0.28819444375000003
0 0.263671875 0.21354166666666666 0.263671875 0.22395833333333334 0.2685546875 0.22916666666666666 0.2744140625 0.22916666666666666 0.2802734375 0.23611111041666666 0.2861328125 0.25 0.2890625 0.24826388958333334 0.2939453125 0.24652777708333332 0.30078125 0.23090277708333332 0.302734375 0.19965277708333332 0.2939453125 0.18055555625 0.2841796875 0.17708333333333334 0.2744140625 0.18402777708333332 0.267578125 0.19618055625 0.263671875 0.21354166666666666
0 0.0390625 0.5399305562500001 0.033203125 0.5607638895833333 0.033203125 0.5954861104166667 0.03515625 0.5989583333333334 0.03515625 0.609375 0.0458984375 0.6388888895833333 0.0498046875 0.6423611104166667 0.06640625 0.640625 0.0693359375 0.6388888895833333 0.078125 0.6197916666666666 0.078125 0.5677083333333334 0.072265625 0.5434027770833333 0.0634765625 0.5277777770833334 0.0517578125 0.52430555625 0.0458984375 0.5277777770833334 0.0390625 0.5399305562500001