0 0.92578125 0.4357638895833333 0.923828125 0.42534722291666666 0.9091796875 0.39930555624999997 0.9052734375 0.3958333333333333 0.8955078125 0.3958333333333333 0.8935546875 0.3923611104166667 0.8759765625 0.40277777708333334 0.8671875 0.41840277708333334 0.859375 0.4427083333333333 0.85546875 0.47743055624999997 0.857421875 0.48090277708333334 0.859375 0.50868055625 0.87109375 0.546875 0.8896484375 0.5659722229166667 0.90234375 0.5642361104166667 0.9208984375 0.5451388895833333 0.9296875 0.52256944375 0.931640625 0.5017361104166667 0.93359375 0.4982638895833333 0.93359375 0.4670138895833333 0.931640625 0.4635416666666667 0.9296875 0.4427083333333333 0.92578125 0.4357638895833333
0 0.33203125 0.24131944375 0.330078125 0.26909722291666666 0.333984375 0.2829861104166667 0.3408203125 0.2951388895833333 0.3466796875 0.2986111104166667 0.361328125 0.296875 0.3642578125 0.2951388895833333 0.376953125 0.26909722291666666 0.376953125 0.23784722291666668 0.375 0.23090277708333332 0.3642578125 0.21527777708333332 0.3486328125 0.21527777708333332 0.3427734375 0.21875 0.33203125 0.24131944375
0 0.478515625 0.16840277708333332 0.4765625 0.171875 0.478515625 0.18576388958333334 0.4931640625 0.20833333333333334 0.505859375 0.20659722291666668 0.515625 0.19270833333333334 0.51953125 0.17881944375 0.51953125 0.16493055625 0.5126953125 0.14583333333333334 0.5048828125 0.13888888958333334 0.4912109375 0.13888888958333334 0.478515625 0.15798611041666666 0.478515625 0.16840277708333332
0 0.9560546875 0.3229166666666667 0.9521484375 0.3263888895833333 0.94140625 0.3489583333333333 0.94140625 0.390625 0.947265625 0.41493055624999997 0.9541015625 0.4270833333333333 0.9619140625 0.43402777708333334 0.970703125 0.4322916666666667 0.98046875 0.41840277708333334 0.984375 0.4045138895833333 0.986328125 0.39409722291666666 0.984375 0.38368055624999997 0.984375 0.359375 0.9736328125 0.3298611104166667 0.9658203125 0.3229166666666667 0.9560546875 0.3229166666666667
0 1 0.33159722291666666 0.9912109375 0.3229166666666667 0.9794921875 0.3229166666666667 0.974609375 0.33506944375000003 0.98046875 0.3454861104166667 0.984375 0.36284722291666666 0.984375 0.4045138895833333 0.982421875 0.4079861104166667 0.982421875 0.41840277708333334 0.9892578125 0.4236111104166667 1 0.421875 1 0.33159722291666666
0 0.8369140625 0.22222222291666668 0.826171875 0.24479166666666666 0.82421875 0.2552083333333333 0.826171875 0.2795138895833333 0.830078125 0.29340277708333334 0.8388671875 0.30902777708333334 0.8466796875 0.31597222291666666 0.857421875 0.3142361104166667 0.8671875 0.30034722291666666 0.87109375 0.2864583333333333 0.87109375 0.26215277708333334 0.865234375 0.23784722291666668 0.8603515625 0.22916666666666666 0.8544921875 0.22222222291666668 0.8427734375 0.21875 0.8369140625 0.22222222291666668
0 0.7666015625 0.21527777708333332 0.779296875 0.21354166666666666 0.7841796875 0.20833333333333334 0.791015625 0.19270833333333334 0.7890625 0.16493055625 0.7763671875 0.14583333333333334 0.7626953125 0.14583333333333334 0.75390625 0.16145833333333334 0.75390625 0.18923611041666666 0.7666015625 0.21527777708333332
0 0.67578125 0.14409722291666668 0.67578125 0.171875 0.6865234375 0.19444444375 0.6923828125 0.19444444375 0.6943359375 0.19791666666666666 0.701171875 0.19618055625 0.7060546875 0.19444444375 0.712890625 0.17881944375 0.712890625 0.14756944375 0.7109375 0.140625 0.7021484375 0.12847222291666666 0.6884765625 0.125 0.6787109375 0.13541666666666666 0.67578125 0.14409722291666668
0 0.634765625 0.14409722291666668 0.634765625 0.15798611041666666 0.638671875 0.171875 0.6494140625 0.1875 0.662109375 0.18576388958333334 0.6650390625 0.18402777708333332 0.673828125 0.16493055625 0.673828125 0.14756944375 0.671875 0.140625 0.6611328125 0.12152777708333334 0.6455078125 0.12152777708333334 0.6416015625 0.125 0.634765625 0.14409722291666668
1 0.71484375 0.15798611041666666 0.71484375 0.17881944375 0.7255859375 0.20486111041666666 0.7314453125 0.20833333333333334 0.7421875 0.20659722291666668 0.75 0.19618055625 0.75390625 0.18229166666666666 0.75390625 0.16145833333333334 0.7412109375 0.13888888958333334 0.7353515625 0.13888888958333334 0.7333984375 0.13541666666666666 0.7236328125 0.13888888958333334 0.71484375 0.15798611041666666
1 0.779296875 0.21354166666666666 0.7734375 0.23090277708333332 0.7734375 0.26215277708333334 0.77734375 0.2760416666666667 0.7861328125 0.2916666666666667 0.7939453125 0.2986111104166667 0.8046875 0.30034722291666666 0.8115234375 0.2951388895833333 0.8203125 0.2760416666666667 0.822265625 0.265625 0.8203125 0.234375 0.818359375 0.22743055625 0.8037109375 0.20486111041666666 0.7861328125 0.20486111041666666 0.779296875 0.21354166666666666
1 0.7529296875 0.15972222291666668 0.755859375 0.15798611041666666 0.7626953125 0.14583333333333334 0.7685546875 0.14583333333333334 0.771484375 0.140625 0.7626953125 0.125 0.7568359375 0.12152777708333334 0.7451171875 0.12847222291666666 0.7421875 0.13715277708333332 0.7529296875 0.15972222291666668
1 0.3984375 0.21006944375 0.396484375 0.21701388958333334 0.396484375 0.23784722291666668 0.400390625 0.25173611041666666 0.4091796875 0.26388888958333334 0.4150390625 0.2673611104166667 0.4296875 0.265625 0.439453125 0.25173611041666666 0.443359375 0.23784722291666668 0.443359375 0.21354166666666666 0.439453125 0.19965277708333332 0.4267578125 0.18402777708333332 0.4130859375 0.1875 0.4052734375 0.19444444375 0.3984375 0.21006944375
1 0.7041015625 0.13194444375 0.7080078125 0.13888888958333334 0.7109375 0.13715277708333332 0.708984375 0.13020833333333334 0.7001953125 0.11805555625 0.6865234375 0.11805555625 0.677734375 0.13020833333333334 0.6787109375 0.13888888958333334 0.6865234375 0.12847222291666666 0.6982421875 0.12847222291666666 0.7041015625 0.13194444375