0 0.5068359375 0.5791666666666667 0.52734375 0.553125 0.533203125 0.5392361124999999 0.541015625 0.5045138895833333 0.54296875 0.46284722291666663 0.541015625 0.459375 0.541015625 0.44895833333333335 0.53125 0.41770833333333335 0.5146484375 0.39166666666666666 0.4931640625 0.37777777916666666 0.4697265625 0.37777777916666666 0.4521484375 0.3951388895833333 0.4423828125 0.40902777916666666 0.435546875 0.42465277916666666 0.42578125 0.46284722291666663 0.42578125 0.49409722291666663 0.427734375 0.49756944583333335 0.4296875 0.521875 0.435546875 0.5427083333333333 0.4482421875 0.5652777791666667 0.4658203125 0.5826388895833333 0.4716796875 0.5826388895833333 0.4732421875 0.5854166666666667 0.47949219374999996 0.5854166666666667 0.48828125 0.584375 0.5068359375 0.5791666666666667
0 0.5583984375 0.3489583333333333 0.5583984375 0.3420138895833333 0.54375 0.3125 0.528125 0.2986111104166667 0.502734375 0.2986111104166667 0.49296875 0.30555555624999997 0.4724609375 0.3385416666666667 0.4666015625 0.35590277708333334 0.4646484375 0.3802083333333333 0.494921875 0.37847222291666666 0.506640625 0.3854166666666667 0.518359375 0.3958333333333333 0.5310546875 0.41840277708333334 0.541796875 0.4513888895833333 0.5466796875 0.44965277708333334 0.5544921875 0.4357638895833333 0.5603515625 0.41493055624999997 0.5623046875 0.390625 0.5625 0.39027777708333333 0.5625 0.3621527770833334 0.5623046875 0.359375 0.5583984375 0.3489583333333333
0 0.5357421875 0.19774305625000002 0.5259765625 0.1907986125 0.5083984375 0.1907986125 0.4986328125 0.19774305625000002 0.487890625 0.21684027916666665 0.483984375 0.23072916666666668 0.48203125 0.26197916666666665 0.4859375 0.2793402791666667 0.49638671875 0.29791666666666666 0.538305665625 0.29791666666666666 0.546484375 0.2862847229166666 0.5515625 0.2682291666666667 0.5515625 0.23697916666666666 0.5484375 0.2203125 0.5357421875 0.19774305625000002
1 0.6955078125 0.3701388895833333 0.684765625 0.35104166666666664 0.6671875 0.33368055625 0.645703125 0.33368055625 0.64375 0.3371527791666667 0.630078125 0.340625 0.6134765625 0.3631944458333333 0.6056640625 0.3875 0.6056640625 0.3944444458333333 0.6017578125 0.4048611125 0.6017578125 0.4465277791666667 0.6134765625 0.48472222291666667 0.630078125 0.5072916666666667 0.6458984375 0.5166666666666667 0.6599609421875 0.5166666666666667 0.6681640625 0.5159722229166667 0.680859375 0.5072916666666667 0.6955078125 0.48472222291666667 0.7013671875 0.4638888895833333 0.7033203125 0.4395833333333333 0.7046875 0.43715277916666667 0.7046875 0.42465277916666666 0.7033203125 0.39791666666666664 0.6955078125 0.3701388895833333
1 0.5685546875 0.15451388958333334 0.5666015625 0.14756944375 0.551953125 0.125 0.54609375 0.125 0.544140625 0.12152777708333334 0.534375 0.125 0.5216796875 0.14409722291666668 0.5177734375 0.15798611041666666 0.5177734375 0.17534722291666668 0.524609375 0.19097222291666668 0.536328125 0.19791666666666666 0.54609375 0.21180555625 0.5509765625 0.21006944375 0.5578125 0.20486111041666666 0.5666015625 0.18923611041666666 0.5703125 0.16944444374999998 0.5703125 0.16805555416666668 0.5685546875 0.16493055625 0.5685546875 0.15451388958333334
1 0.1783203125 0.27395833333333336 0.1666015625 0.2704861104166667 0.15390625 0.28958333333333336 0.151953125 0.3 0.151953125 0.3243055541666667 0.1607421875 0.34340277708333333 0.1634765625 0.3458333333333333 0.168749996875 0.3458333333333333 0.171484375 0.3451388875 0.18125 0.3347222208333333 0.1859375 0.3152777770833334 0.1859375 0.29027777708333335 0.18515625 0.2861111104166667 0.1783203125 0.27395833333333336
1 0.0939453125 0.5114583333333333 0.0978515625 0.490625 0.10859375 0.46805555625 0.1232421875 0.459375 0.118359375 0.44722222291666663 0.10859375 0.44027777916666666 0.098828125 0.44375 0.0861328125 0.46631944583333335 0.0822265625 0.48368055625 0.0822265625 0.521875 0.0880859375 0.5461805562500001 0.092578125 0.5541666666666667 0.093359375 0.5541666666666667 0.0939453125 0.553125 0.0939453125 0.5114583333333333
0 0.1521484375 0.5045138895833333 0.1462890625 0.48368055625 0.135546875 0.46458333333333335 0.131640625 0.46111111250000003 0.116015625 0.46111111250000003 0.108203125 0.46805555625 0.0974609375 0.490625 0.0974609375 0.49756944583333335 0.0935546875 0.5079861125 0.0935546875 0.5496527791666667 0.0974609375 0.5600694458333333 0.0974609375 0.5670138895833333 0.112109375 0.5930555562500001 0.11523437343750001 0.5958333333333333 0.124218759375 0.5958333333333333 0.1365234375 0.5947916666666667 0.1482421875 0.5774305562500001 0.1521484375 0.5635416666666667 0.1521484375 0.553125 0.153125 0.5513888895833333 0.153125 0.5166666666666667 0.1521484375 0.51493055625 0.1521484375 0.5045138895833333
0 0 0.6690972229166667 0.0021484375 0.6729166666666667 0.009179690625 0.6729166666666667 0.0134765625 0.6722222229166667 0.0193359375 0.66180555625 0.0203125 0.6565972229166667 0.0203125 0.6127604166666667 0.0134765625 0.5854166666666667 0.00859375 0.5767361125 0.00078125 0.5732638895833334 0 0.6496527770833332 0 0.6690972229166667
0 0.1052734375 0.34097222083333334 0.0955078125 0.34097222083333334 0.0916015625 0.34444444375 0.0828125 0.37395833333333334 0.084765625 0.39826388749999997 0.09277343906249999 0.4125 0.099023434375 0.4125 0.100390625 0.41215277708333337 0.11015625 0.39826388749999997 0.1125 0.38576388749999996 0.1125 0.35798611041666667 0.112109375 0.353125 0.1052734375 0.34097222083333334
0 0.1384765625 0.28993055624999997 0.1384765625 0.3177083333333333 0.144921875 0.32916666666666666 0.1480468734375 0.32916666666666666 0.1521484375 0.328125 0.1521484375 0.296875 0.1625 0.27540509166666666 0.1625 0.2708333333333333 0.15757812499999999 0.26458333333333334 0.15585937656249998 0.26458333333333334 0.1453125 0.2708333333333333 0.1384765625 0.28993055624999997
0 0.210546875 0.21006944375 0.20859375 0.22048611041666666 0.210546875 0.24131944375 0.2189453125 0.25625 0.2212890609375 0.25625 0.22421875 0.2552083333333333 0.2203125 0.24131944375 0.2203125 0.21701388958333334 0.222265625 0.21006944375 0.23125 0.19729166666666667 0.23125 0.19534722291666667 0.22779947812499998 0.19166666666666668 0.22617187656249998 0.19166666666666668 0.2173828125 0.19791666666666666 0.210546875 0.21006944375
0 0.41328125 0.13506944583333333 0.39765625 0.13506944583333333 0.38984375 0.14201388958333333 0.38125 0.16408179166666667 0.38125 0.18611111249999998 0.3830078125 0.1923611125 0.38984375 0.20451388958333333 0.3964843734375 0.21041666666666667 0.40058594062499997 0.21041666666666667 0.4025390625 0.20972222291666667 0.4171875 0.20104166874999999 0.425 0.17480710000000002 0.425 0.16545138958333333 0.4220703125 0.14722222291666667 0.41328125 0.13506944583333333
0 0.599609375 0.13697916666666668 0.5869140625 0.1109375 0.5830078125 0.10746527916666666 0.5693359375 0.10746527916666666 0.556640625 0.12309027916666666 0.556640625 0.13003472291666665 0.5634765625 0.13871527916666665 0.568359375 0.15086805625000002 0.568359375 0.16128472291666668 0.5703125 0.1647569458333333 0.5685709640625001 0.18333333333333332 0.5874609390625001 0.18333333333333332 0.59765625 0.16822916666666668 0.599609375 0.13697916666666668
0 0.770703125 0.22881944375 0.762890625 0.221875 0.75703125 0.21840277708333333 0.74140625 0.221875 0.731640625 0.23229166666666667 0.7228515625 0.2513888875 0.7208984375 0.2618055541666667 0.7208984375 0.3 0.7287109375 0.3243055541666667 0.74140625 0.34340277708333333 0.7455078125 0.3458333333333333 0.758398428125 0.3458333333333333 0.7658203125 0.3451388875 0.774609375 0.3399305541666667 0.7833984375 0.3243055541666667 0.7873046875 0.3104166666666667 0.7890625 0.28229166666666666 0.7890625 0.278125 0.7853515625 0.25833333333333336 0.770703125 0.22881944375