1 0.22265625 0.24479166666666666 0.22265625 0.265625 0.224609375 0.27256944375000003 0.2348741328125 0.2875 0.240429684375 0.2875 0.248046875 0.2864583333333333 0.2578125 0.27256944375000003 0.26171875 0.25868055625 0.26171875 0.23090277708333332 0.2568359375 0.21875 0.2498046875 0.2125 0.24232700937499999 0.2125 0.228515625 0.22395833333333334 0.22265625 0.24479166666666666
1 0.40390625 0.121875 0.390234375 0.12534722291666667 0.3873046875 0.13402777916666667 0.3814453125 0.14097222291666667 0.3814453125 0.15138888958333335 0.3794921875 0.15486111249999998 0.3814453125 0.17569444583333332 0.3880859375 0.1875 0.3884765625 0.1875 0.3892578125 0.18611111249999998 0.401953125 0.16701388958333335 0.4126953125 0.16180555625 0.4126953125 0.15486111249999998 0.415625 0.14704861249999998 0.415625 0.13923611249999998 0.413671875 0.12881944583333332 0.40390625 0.121875
1 0.380859375 0.16510416875 0.37890625 0.16163194583333332 0.380859375 0.13732638958333335 0.3740234375 0.12864583541666666 0.3681640625 0.12864583541666666 0.3662109375 0.1251736125 0.3603515625 0.12864583541666666 0.353515625 0.14079861249999998 0.3564453125 0.14600694583333332 0.3662109375 0.14947916875 0.373046875 0.16163194583333332 0.374958146875 0.18541666666666667 0.3791992203125 0.18541666666666667 0.380859375 0.18246527916666666 0.380859375 0.16510416875
1 0.459765625 0.14201388958333333 0.45390625 0.14201388958333333 0.451953125 0.13854166874999999 0.4421875 0.14201388958333333 0.432421875 0.15243055625000002 0.4275390625 0.16458333541666667 0.434375 0.18020833541666667 0.4421875 0.17326388958333333 0.4578125 0.17326388958333333 0.463671875 0.18020833541666667 0.467578125 0.18020833541666667 0.46904296875 0.18541666666666667 0.4744140640625 0.18541666666666667 0.475 0.18437500208333332 0.475 0.16508487708333333 0.467578125 0.14895833541666667 0.459765625 0.14201388958333333
1 0.458203125 0.17361111041666666 0.442578125 0.17361111041666666 0.434765625 0.18055555625 0.4240234375 0.19965277708333332 0.4203125 0.21944444375 0.4203125 0.23871527916666666 0.4240234375 0.2552083333333333 0.42890625 0.26388888958333334 0.4318359375 0.26215277708333334 0.4337890625 0.234375 0.446484375 0.20833333333333334 0.46015625 0.19791666666666666 0.471875 0.19631410416666667 0.471875 0.1875 0.46796875 0.18055555625 0.458203125 0.17361111041666666
1 0.6232421875 0.16145833333333334 0.6193359375 0.15104166666666666 0.610546875 0.13888888958333334 0.60078125 0.13194444375 0.59296875 0.13194444375 0.5822265625 0.14409722291666668 0.583203125 0.15972222291666668 0.59296875 0.15625 0.60859375 0.16666666666666666 0.61640625 0.18055555625 0.6193359375 0.17881944375 0.6232421875 0.16145833333333334
1 0.6767578125 0.21180555625 0.6845703125 0.20486111041666666 0.7021484375 0.20486111041666666 0.7177734375 0.21875 0.7216796875 0.22916666666666666 0.7265625 0.22743055625 0.73046875 0.21701388958333334 0.7265625 0.203125 0.7158203125 0.18402777708333332 0.7060546875 0.17708333333333334 0.6904296875 0.17708333333333334 0.67578125 0.19965277708333332 0.6767578125 0.21180555625
1 0.7787109375 0.38715277708333334 0.7767578125 0.41493055624999997 0.7796875 0.4201388895833333 0.78359375 0.4201388895833333 0.7953125 0.43055555624999997 0.8119140625 0.46006944375000003 0.8197265625 0.5017361104166667 0.822265625 0.50625 0.8261718734375 0.50625 0.8314453125 0.5052083333333334 0.834375 0.5034722229166666 0.8529296875 0.4670138895833333 0.8548828125 0.44618055624999997 0.85625 0.44375 0.85625 0.4322916666666667 0.8548828125 0.4079861104166667 0.8470703125 0.3767361104166667 0.836328125 0.3576388895833333 0.825390625 0.34791666666666665 0.8025540875000001 0.34791666666666665 0.7845703125 0.3697916666666667 0.7787109375 0.38715277708333334
1 0.7603515625 0.3295138875 0.7427734375 0.31215277708333333 0.7212890625 0.31215277708333333 0.7115234375 0.3190972208333333 0.702734375 0.33125 0.694921875 0.3555555541666667 0.694921875 0.36944444375 0.70078125 0.3972222208333333 0.70078125 0.425 0.714453125 0.4666666666666667 0.716796875 0.4708333333333333 0.7203124984375 0.4708333333333333 0.722265625 0.4701388875 0.726171875 0.45625 0.7369140625 0.43715277708333333 0.7564453125 0.4197916666666667 0.7740234375 0.41631944375 0.7765625 0.4057870375 0.7765625 0.38148148125 0.77109375 0.3555555541666667 0.7603515625 0.3295138875
1 0.6357421875 0.4170138895833333 0.6474609375 0.41354166666666664 0.6494140625 0.4100694458333333 0.6572265625 0.4100694458333333 0.6591796875 0.40659722291666667 0.6787109375 0.4100694458333333 0.6982421875 0.42743055625 0.701171875 0.42222222291666667 0.701171875 0.4083333333333333 0.69921875 0.4048611125 0.697265625 0.3770833333333333 0.693359375 0.3631944458333333 0.6845703125 0.34409722291666667 0.6650390625 0.3232638895833333 0.6416015625 0.31979166666666664 0.6279296875 0.3302083333333333 0.609375 0.35972222291666667 0.609375 0.36666666666666664 0.603515625 0.3875 0.603515625 0.4256944458333333 0.609375 0.44305555625 0.612109375 0.4479166666666667 0.6128906265625 0.4479166666666667 0.615234375 0.4465277791666667 0.6357421875 0.4170138895833333
0 0.3734375 0.15833333125000001 0.3705078125 0.15312499791666667 0.3646484375 0.14618055416666667 0.3568359375 0.14618055416666667 0.3548828125 0.14270833125000001 0.3431640625 0.14965277708333333 0.336328125 0.16180555416666667 0.332421875 0.17569444374999998 0.332421875 0.18958333125000001 0.334375 0.19999999791666667 0.3412109375 0.21215277708333333 0.3486328140625 0.21875 0.35078124375 0.21875 0.3578125 0.21736111041666667 0.3626953125 0.21562499791666667 0.36953125 0.20694444374999998 0.375 0.18425925833333334 0.375 0.17152777708333333 0.3734375 0.16874999791666667 0.3734375 0.15833333125000001
0 0.409375 0.10694444583333333 0.39765625 0.11041666666666666 0.3908203125 0.11909722291666666 0.391796875 0.12430555624999999 0.409375 0.12430555624999999 0.416796875 0.1375 0.417578125 0.1375 0.4181640625 0.13645833333333332 0.423046875 0.13125 0.4234375 0.12916666666666668 0.4234375 0.125 0.4171875 0.11388888958333333 0.409375 0.10694444583333333
0 0.415625 0.140625 0.41171875 0.16145833333333334 0.4205078125 0.16319444375 0.4224609375 0.16666666666666666 0.42734375 0.16493055625 0.4341796875 0.14930555625 0.45 0.13772467291666668 0.45 0.13607253125 0.4419921875 0.125 0.4283203125 0.125 0.4244140625 0.12847222291666666 0.415625 0.140625
0 0.446484375 0.11111111041666667 0.43671875 0.11111111041666667 0.4259765625 0.12326388958333333 0.426953125 0.12847222291666666 0.442578125 0.125 0.45234375 0.13888888958333334 0.4572265625 0.13715277708333332 0.4591796875 0.13368055625 0.4591796875 0.12326388958333333 0.446484375 0.11111111041666667
0 0.6083984375 0.1670138875 0.5947265625 0.15659722083333336 0.5869140625 0.15659722083333336 0.5732421875 0.1670138875 0.564453125 0.1826388875 0.5609375 0.19513888750000002 0.5609375 0.2180555541666667 0.5648437515625 0.225 0.5718749890625 0.225 0.576171875 0.22430555416666667 0.5830078125 0.21215277708333333 0.5966796875 0.20173611041666667 0.6162109375 0.20173611041666667 0.61875 0.19722222083333335 0.61875 0.19375 0.6171875 0.1826388875 0.6083984375 0.1670138875
0 0.6615234375 0.18090277708333333 0.6498046875 0.17395833125000001 0.6400390625 0.17395833125000001 0.6263671875 0.18437499791666667 0.617578125 0.20347222083333336 0.629296875 0.22083333125000001 0.637109375 0.24166666458333333 0.6390625 0.25208333125 0.637109375 0.27638888749999996 0.64166666875 0.28125 0.6453124875 0.28125 0.65859375 0.27986111041666667 0.664453125 0.27291666666666664 0.664453125 0.2451388875 0.668359375 0.22777777708333333 0.675 0.21302083125000001 0.675 0.20624999791666668 0.67421875 0.20347222083333336 0.6615234375 0.18090277708333333
0 0.7115234375 0.21180555625 0.7017578125 0.20486111041666666 0.6841796875 0.20486111041666666 0.6763671875 0.21180555625 0.66953125 0.22395833333333334 0.663671875 0.24479166666666666 0.663671875 0.2760416666666667 0.66953125 0.296875 0.6841796875 0.31944444375000003 0.6939453125 0.3263888895833333 0.7046875 0.32465277708333334 0.722265625 0.3072916666666667 0.7296875 0.27760416666666665 0.7296875 0.25729166666666664 0.7203125 0.22395833333333334 0.7115234375 0.21180555625
0 0.7666015625 0.21527777708333332 0.7587890625 0.20833333333333334 0.7470703125 0.20486111041666666 0.7353515625 0.21180555625 0.725 0.23355429375 0.725 0.23599537083333333 0.73046875 0.25868055625 0.73046875 0.2829861104166667 0.728515625 0.28993055624999997 0.732421875 0.30381944375000003 0.7451171875 0.31597222291666666 0.751953125 0.3142361104166667 0.7646484375 0.28819444375000003 0.7744140625 0.28125 0.7802734375 0.28125 0.7828125 0.2767361104166667 0.7828125 0.2570601854166667 0.77734375 0.234375 0.7666015625 0.21527777708333332
0 0.805859375 0.2953125 0.790234375 0.2814236104166667 0.76875 0.28489583333333335 0.76484375 0.28836805416666667 0.7521484375 0.3144097208333333 0.7521484375 0.31788194375 0.758984375 0.3265625 0.7697265625 0.34913194375 0.7755859375 0.3699652770833334 0.7755859375 0.3769097208333333 0.777392578125 0.38333333333333336 0.7797506890625 0.38333333333333336 0.794140625 0.3543402770833334 0.798046875 0.3543402770833334 0.80390625 0.34739583333333335 0.8203125 0.342248775 0.8203125 0.3310763895833333 0.8146484375 0.3109375 0.805859375 0.2953125
0 0.81640625 0.3142361104166667 0.8203125 0.33159722291666666 0.8203125 0.3420138895833333 0.8232421875 0.34722222291666666 0.830078125 0.3454861104166667 0.8388671875 0.3298611104166667 0.8466796875 0.3229166666666667 0.8544921875 0.3229166666666667 0.85546875 0.3107638895833333 0.8515625 0.296875 0.8408203125 0.27777777708333334 0.8291015625 0.2673611104166667 0.8154296875 0.2673611104166667 0.8095703125 0.2708333333333333 0.80078125 0.2829861104166667 0.80078125 0.28993055624999997 0.81640625 0.3142361104166667
0 0.8775390625 0.2675347208333333 0.8619140625 0.2675347208333333 0.84921875 0.28663194375 0.855078125 0.31788194375 0.8580078125 0.3230902770833334 0.866796875 0.3248263875 0.8736328125 0.3126736104166667 0.8814453125 0.30572916666666666 0.8953125 0.3040856458333333 0.8953125 0.29982638749999996 0.894140625 0.2935763875 0.8775390625 0.2675347208333333
0 0.8689453125 0.32118055624999997 0.8689453125 0.328125 0.8845703125 0.35243055624999997 0.8884765625 0.36631944375000003 0.8904296875 0.38715277708333334 0.89296875 0.39166666666666666 0.89375 0.39166666666666666 0.8943359375 0.390625 0.903125 0.37152777708333334 0.91484375 0.3645833333333333 0.9171875 0.36041666666666666 0.9171875 0.34340277708333333 0.9138671875 0.33159722291666666 0.903125 0.3125 0.89609375 0.30625 0.880859375 0.30625 0.873828125 0.3125 0.8689453125 0.32118055624999997
0 0.9365234375 0.371875 0.9228515625 0.3614583333333333 0.9150390625 0.3614583333333333 0.9072265625 0.3684027791666667 0.896484375 0.3875 0.892578125 0.4013888895833333 0.892578125 0.41180555625 0.890625 0.4152777791666667 0.890625 0.4569444458333333 0.8994140625 0.4934027791666667 0.9147265625 0.5104166666666666 0.9179687578125 0.5104166666666666 0.9296875 0.5090277791666666 0.9365234375 0.5038194458333334 0.947265625 0.48472222291666667 0.951171875 0.4708333333333333 0.953125 0.46041666666666664 0.953125 0.42222222291666667 0.947265625 0.3944444458333333 0.9365234375 0.371875
0 0.6025390625 0.2920138895833333 0.5830078125 0.278125 0.5634765625 0.278125 0.5458984375 0.2920138895833333 0.53515625 0.3111111125 0.5296875 0.3370370375 0.5296875 0.37523148333333334 0.53515625 0.39791666666666664 0.5458984375 0.4204861125 0.5650390609375 0.4375 0.5683593828125 0.4375 0.580078125 0.4361111125 0.5869140625 0.434375 0.599609375 0.42222222291666667 0.603515625 0.4013888895833333 0.603515625 0.3840277791666667 0.607421875 0.3736111125 0.607421875 0.36666666666666664 0.61875 0.33981481458333335 0.61875 0.33732638958333333 0.611328125 0.3076388895833333 0.6025390625 0.2920138895833333
0 0.58828125 0.23611111041666666 0.574609375 0.22569444375 0.5609375 0.22569444375 0.5453125 0.23611111041666666 0.5375 0.24652777708333332 0.5306640625 0.26215277708333334 0.5267578125 0.30034722291666666 0.5287109375 0.3107638895833333 0.531640625 0.31597222291666666 0.5326171875 0.3142361104166667 0.543359375 0.2951388895833333 0.562890625 0.27777777708333334 0.584375 0.27777777708333334 0.60390625 0.2951388895833333 0.60625 0.29375 0.60625 0.28055555416666667 0.6009765625 0.25868055625 0.58828125 0.23611111041666666
0 0.48359375 0.20451388750000002 0.473828125 0.19756944375 0.46015625 0.19756944375 0.446484375 0.20798611041666665 0.4376953125 0.22361111041666665 0.4318359375 0.24444444375 0.4318359375 0.26527777708333333 0.4337890625 0.26875 0.4337890625 0.2791666666666667 0.446484375 0.30520833333333336 0.45703125 0.3145833333333333 0.46699219062499997 0.3145833333333333 0.4728515625 0.31388888958333333 0.477734375 0.31215277708333333 0.4923828125 0.29305555624999996 0.5 0.26597222083333333 0.5 0.246875 0.4962890625 0.22708333333333333 0.48359375 0.20451388750000002
1 0.6396484375 0.17291666666666666 0.6572265625 0.17638888958333335 0.6650390625 0.18680555625 0.669921875 0.18854166666666666 0.669921875 0.17465277916666666 0.6591796875 0.15555555625 0.6513671875 0.14861111249999998 0.6337890625 0.14861111249999998 0.6279296875 0.15555555625 0.619140625 0.17465277916666666 0.619140625 0.18506944583333332 0.6216796875 0.18958333333333333 0.6224609375 0.18958333333333333 0.6259765625 0.18333333333333332 0.6396484375 0.17291666666666666