1 0.1021484375 0.4864583333333333 0.0923828125 0.4795138895833333 0.0865234375 0.4795138895833333 0.0826171875 0.4829861125 0.069921875 0.5090277791666666 0.06796875 0.5194444458333334 0.06796875 0.5506944458333333 0.071875 0.5611111125 0.071875 0.56805555625 0.0806640625 0.5871527791666666 0.0833984375 0.5895833333333333 0.0945312546875 0.5895833333333333 0.101171875 0.5888888895833334 0.108984375 0.5784722229166667 0.112890625 0.5645833333333333 0.112890625 0.5402777791666666 0.1140625 0.5381944458333333 0.1140625 0.5270833333333333 0.112890625 0.5125 0.1021484375 0.4864583333333333
1 0.048828125 0.5541666645833333 0.048828125 0.5263888875 0.052734375 0.5125 0.052734375 0.49861111041666667 0.0439453125 0.47951388749999996 0.0361328125 0.47951388749999996 0.0322265625 0.48298611041666667 0.02734375 0.49513888749999996 0.025390625 0.5055555541666666 0.025390625 0.5333333333333333 0.029296875 0.5472222229166667 0.0355468765625 0.5583333333333333 0.042578121875 0.5583333333333333 0.046875 0.5576388895833334 0.048828125 0.5541666645833333
1 0.137890625 0.36770833333333336 0.126171875 0.36770833333333336 0.1134765625 0.3868055541666667 0.1115234375 0.41458333333333336 0.1095703125 0.4180555541666667 0.1115234375 0.425 0.11640625 0.4267361104166667 0.1311631953125 0.45625 0.1388671875 0.45625 0.1447265625 0.4493055541666667 0.15 0.43055555416666663 0.15 0.3922453708333334 0.141796875 0.3711805541666667 0.137890625 0.36770833333333336
1 0.36328125 0.109375 0.36328125 0.1267361104166667 0.3671875 0.13715277708333332 0.3849175359375 0.15208333333333332 0.390820309375 0.15208333333333332 0.3984375 0.15104166666666666 0.40234375 0.14756944375 0.40234375 0.140625 0.3984375 0.13020833333333334 0.3984375 0.11284722291666666 0.40234375 0.10243055625 0.40234375 0.09548611041666667 0.3974609375 0.09027777708333334 0.3857421875 0.09027777708333334 0.3841796875 0.0875 0.3814453140625 0.0875 0.3720703125 0.09027777708333334 0.36328125 0.109375
1 0.1689453125 0.278125 0.158203125 0.29375 0.1546875 0.30625 0.1546875 0.33645833333333336 0.158203125 0.3458333333333333 0.164765625 0.3541666666666667 0.16718750468750002 0.3541666666666667 0.17578125 0.3527777791666667 0.1826171875 0.3475694458333333 0.1875 0.33541666666666664 0.1890625 0.32708333333333334 0.1890625 0.299603175 0.1826171875 0.28159722291666667 0.1689453125 0.278125
1 0.9330078125 0.29583333333333334 0.9212890625 0.28888888749999997 0.9193359375 0.2923611104166667 0.9134765625 0.2923611104166667 0.902734375 0.3079861104166667 0.896875 0.33229166666666665 0.894921875 0.353125 0.896875 0.35659722083333334 0.898828125 0.384375 0.9046875 0.4017361104166667 0.9173828125 0.42083333333333334 0.9232421875 0.42083333333333334 0.9244140625 0.42291666666666666 0.929101559375 0.42291666666666666 0.930078125 0.42256944375 0.9408203125 0.4173611104166667 0.94765625 0.40520833333333334 0.953125 0.38252314791666664 0.953125 0.34791666666666665 0.945703125 0.31493055416666665 0.9330078125 0.29583333333333334
1 0.7318359375 0.06527777916666667 0.7220703125 0.06875 0.71328125 0.08784722291666666 0.71328125 0.10520833333333333 0.7171875 0.11909722291666666 0.7259765625 0.13472222291666666 0.7318359375 0.13472222291666666 0.7333984375 0.1375 0.736523440625 0.1375 0.740625 0.13645833333333332 0.7435546875 0.13472222291666666 0.7515625 0.11732253125 0.7515625 0.09011574166666667 0.7376953125 0.06875 0.7318359375 0.06527777916666667
1 0.7642578125 0.06979166666666667 0.7603515625 0.07326388958333332 0.75546875 0.08541666666666667 0.75546875 0.11319444583333334 0.7660456734375 0.13541666666666666 0.767578128125 0.13541666666666666 0.773046875 0.13402777916666667 0.773046875 0.10972222291666665 0.775 0.10277777916666667 0.7859375 0.086574075 0.7859375 0.08445512916666667 0.7740234375 0.06979166666666667 0.7642578125 0.06979166666666667
1 0.87578125 0.11493055416666667 0.8728515625 0.12361111041666667 0.8806640625 0.14097222083333336 0.8806640625 0.16874999791666667 0.8787109375 0.17916666458333333 0.8826171890625 0.18333333333333332 0.885351559375 0.18333333333333332 0.8865234375 0.1826388875 0.893359375 0.17743055416666667 0.896875 0.1711805541666667 0.896875 0.14113005 0.8875 0.11840277708333334 0.87578125 0.11493055416666667
1 0.842578125 0.11180555416666667 0.82890625 0.11180555416666667 0.8201171875 0.13090277708333334 0.8201171875 0.15173611041666665 0.8240234375 0.165625 0.8279296875 0.17604166666666668 0.8336718765625 0.18333333333333332 0.8464843671875 0.18333333333333332 0.8494140625 0.18298611041666665 0.854296875 0.17777777708333334 0.85625 0.17199073958333333 0.85625 0.13784722083333334 0.8533203125 0.12743055416666665 0.842578125 0.11180555416666667
1 0.1814453125 0.24166666458333333 0.1794921875 0.2555555541666667 0.1822265625 0.2604166666666667 0.183398434375 0.2604166666666667 0.1873046875 0.2590277770833333 0.1892578125 0.2451388875 0.198046875 0.23298611041666667 0.2 0.2295138875 0.2 0.22604166458333333 0.190234375 0.22604166458333333 0.1814453125 0.24166666458333333
0 0.101171875 0.4267361104166667 0.0884765625 0.45277777708333333 0.0884765625 0.4736111104166667 0.09140625 0.47881944375 0.103125 0.4857638875 0.1119140625 0.5048611104166667 0.1138671875 0.51875 0.1162109375 0.5229166666666667 0.1185546859375 0.5229166666666667 0.1197265625 0.5222222208333334 0.1275390625 0.5083333333333333 0.1275390625 0.4979166666666667 0.128125 0.496875 0.128125 0.4499732895833333 0.116796875 0.4267361104166667 0.101171875 0.4267361104166667
0 0.1982421875 0.22951388958333335 0.189453125 0.24166666666666667 0.189453125 0.24861111249999998 0.1859375 0.2579861125 0.1859375 0.2777777791666667 0.1875 0.2833333333333333 0.1975260421875 0.29791666666666666 0.2035156265625 0.29791666666666666 0.20703125 0.29722222291666667 0.2138671875 0.2920138895833333 0.2203125 0.2740079375 0.2203125 0.24444444583333333 0.2119140625 0.22951388958333335 0.1982421875 0.22951388958333335
0 0.2953125 0.16006944374999998 0.2953125 0.17966820833333333 0.3037109375 0.19791666666666666 0.318359375 0.19618055625 0.326171875 0.18576388958333334 0.3296875 0.17326388958333333 0.3296875 0.15362103333333332 0.3232421875 0.13888888958333334 0.3193359375 0.13541666666666666 0.3095703125 0.13541666666666666 0.296875 0.15451388958333334 0.2953125 0.16006944374999998
0 0.3470703125 0.10798611041666667 0.3353515625 0.1045138875 0.32265625 0.12361111041666667 0.32265625 0.13749999791666667 0.328515625 0.14791666458333333 0.33046875 0.16180555416666667 0.3353515625 0.17048611041666667 0.3380859390625 0.17291666666666666 0.3457031140625 0.17291666666666666 0.35 0.17222222083333336 0.3529296875 0.17048611041666667 0.3609375 0.15308641875 0.3609375 0.12569444166666666 0.3548828125 0.11493055416666667 0.3470703125 0.10798611041666667
0 0.0724609375 0.4199652791666667 0.06171875 0.4355902791666667 0.0578125 0.44947916666666665 0.0578125 0.475 0.06171875 0.475 0.06171875 0.46336805625 0.0685546875 0.4512152791666667 0.0763671875 0.44427083333333334 0.0822265625 0.44427083333333334 0.0841796875 0.44774305625 0.0890625 0.44600694583333333 0.0890625 0.4390625 0.0802734375 0.4234375 0.0724609375 0.4199652791666667
0 0.878515625 0.27326388749999997 0.8677734375 0.25416666666666665 0.8599609375 0.24722222083333334 0.8423828125 0.24722222083333334 0.8345703125 0.25416666666666665 0.82578125 0.26979166666666665 0.821875 0.28715277708333337 0.819921875 0.31493055416666665 0.827734375 0.353125 0.8365234375 0.36875 0.8523437515625 0.38125 0.859570309375 0.38125 0.8609375 0.38090277708333337 0.8736328125 0.37222222083333334 0.884375 0.34618055416666665 0.884375 0.33576388749999997 0.8859375 0.3329861104166667 0.8859375 0.32465277708333334 0.884375 0.29409722083333334 0.878515625 0.27326388749999997
0 0.8078125 0.23333333333333334 0.794140625 0.21944444375 0.78046875 0.21597222083333334 0.76875 0.22291666666666668 0.7580078125 0.23854166666666668 0.7521484375 0.259375 0.7501953125 0.28368055416666665 0.7580078125 0.31840277708333337 0.77265625 0.34791666666666665 0.778515625 0.34791666666666665 0.7796875 0.35 0.7906249937500001 0.35 0.7931640625 0.34965277708333337 0.805859375 0.34444444375 0.8185546875 0.321875 0.821875 0.30416666666666664 0.821875 0.28118055416666665 0.8126953125 0.24201388750000002 0.8078125 0.23333333333333334
0 0.9224609375 0.1875 0.9185546875 0.18402777708333332 0.9048828125 0.18402777708333332 0.89609375 0.203125 0.89609375 0.234375 0.9068359375 0.2673611104166667 0.9166015625 0.27430555624999997 0.91953125 0.27256944375000003 0.9283203125 0.2673611104166667 0.933203125 0.25868055625 0.934375 0.2545138895833333 0.934375 0.21770833333333334 0.929296875 0.19965277708333332 0.9224609375 0.1875
0 0.97421875 0.20069444583333332 0.964453125 0.20069444583333332 0.9595703125 0.209375 0.9576171875 0.21979166666666666 0.9595703125 0.24756944583333332 0.9634765625 0.26145833333333335 0.969921875 0.27291666666666664 0.9746093796874999 0.27291666666666664 0.9810546875 0.271875 0.9859375 0.26030092708333336 0.9859375 0.22673611041666666 0.9830078125 0.21631944583333332 0.97421875 0.20069444583333332
0 0.9458984375 0.1670138875 0.9419921875 0.17048611041666667 0.937109375 0.1826388875 0.937109375 0.20347222083333336 0.94296875 0.22430555416666667 0.9492187515625 0.23541666666666666 0.95390624375 0.23541666666666666 0.956640625 0.23472222083333336 0.956640625 0.22083333125000001 0.95859375 0.21041666458333333 0.9640625 0.20069444166666667 0.9640625 0.19223484791666667 0.9537109375 0.17048611041666667 0.9458984375 0.1670138875
0 0.92421875 0.13819444583333332 0.9173828125 0.15381944583333332 0.9193359375 0.18159722291666666 0.9296875 0.2 0.932812503125 0.2 0.9369140625 0.19895833333333332 0.9369140625 0.18506944583333332 0.9388671875 0.17465277916666666 0.9421875 0.16875 0.9421875 0.15949074166666666 0.933984375 0.14166666666666666 0.92421875 0.13819444583333332
0 0.6763671875 0.078125 0.6783203125 0.10243055625 0.690553978125 0.12083333333333333 0.696874996875 0.12083333333333333 0.7056640625 0.11979166666666667 0.70859375 0.11805555625 0.7125 0.10833333333333334 0.7125 0.07291666666666667 0.706640625 0.0625 0.699609375 0.05625 0.68828125 0.05625 0.68515625 0.05902777708333333 0.6763671875 0.078125