1 0.267578125 0.41458333333333336 0.271484375 0.39375 0.271484375 0.3729166666666667 0.267578125 0.3555555541666667 0.2626953125 0.346875 0.2529296875 0.33645833333333336 0.2470703125 0.33645833333333336 0.2451171875 0.3399305541666667 0.2333984375 0.34340277708333333 0.224609375 0.35902777708333333 0.220703125 0.3763888875 0.220703125 0.4041666666666667 0.224609375 0.42152777708333333 0.2294921875 0.43020833333333336 0.2382812515625 0.4354166666666667 0.25390625 0.4354166666666667 0.2587890625 0.4336805541666667 0.267578125 0.41458333333333336
1 0.15546875 0.43784722291666667 0.1603515625 0.4256944458333333 0.1623046875 0.4152777791666667 0.1623046875 0.3875 0.153515625 0.3684027791666667 0.14375 0.36493055625 0.13984375 0.3684027791666667 0.1291015625 0.39097222291666667 0.1291015625 0.4256944458333333 0.133984375 0.43784722291666667 0.1439453125 0.44375 0.1474609375 0.44375 0.1486328125 0.44305555625 0.15546875 0.43784722291666667
1 0.2763671875 0.2677083333333333 0.2587890625 0.27118055625 0.251953125 0.2833333333333333 0.2484375 0.29895833541666667 0.2484375 0.3007478645833333 0.2607421875 0.30243055625 0.2685546875 0.309375 0.275390625 0.325 0.27734375 0.3388888895833333 0.280078125 0.34375 0.28046875 0.34375 0.28125 0.3423611125 0.287109375 0.32847222291666667 0.290625 0.3097222229166666 0.290625 0.30520833333333336 0.287109375 0.2833333333333333 0.2763671875 0.2677083333333333
1 0.3015625 0.21562499791666667 0.2859375 0.21562499791666667 0.2791015625 0.22430555416666667 0.2732421875 0.24166666458333333 0.2732421875 0.26249999791666667 0.2857066765625 0.28125 0.2880859296875 0.28125 0.2966796875 0.27986111041666667 0.3064453125 0.26597222083333333 0.309375 0.2529513875 0.309375 0.23298611041666667 0.3083984375 0.22777777708333333 0.3015625 0.21562499791666667
1 0.2875 0.19131944583333332 0.2875 0.19949845625 0.2953962046875 0.21041666666666667 0.2978515640625 0.21041666666666667 0.30078125 0.209375 0.30078125 0.19895833333333332 0.30625 0.18923611041666666 0.30625 0.18154380416666666 0.2939453125 0.17986111249999998 0.2875 0.19131944583333332
1 0.45546875 0.10590277708333334 0.457421875 0.1267361104166667 0.4642578125 0.13888888958333334 0.4673828125 0.14166666666666666 0.4693359375 0.14166666666666666 0.47109375 0.140625 0.473046875 0.13715277708333332 0.473046875 0.109375 0.478125 0.0973379625 0.478125 0.09409722083333333 0.4744140625 0.0875 0.4673828125 0.0875 0.4603515625 0.09375 0.45546875 0.10590277708333334
1 0.49609375 0.1375 0.494140625 0.12708333333333333 0.494140625 0.10625 0.49609375 0.09930555625 0.4853515625 0.090625 0.4794921875 0.09409722291666665 0.474609375 0.10277777916666667 0.47265625 0.10972222291666665 0.47265625 0.13402777916666667 0.479296875 0.14583333333333334 0.48203125625 0.14583333333333334 0.4921875 0.14444444583333332 0.49609375 0.1375
1 0.75234375 0.13368055625 0.75625 0.14409722291666668 0.7625390624999999 0.15208333333333332 0.768164059375 0.15208333333333332 0.77578125 0.15104166666666666 0.7828125 0.13541666666666666 0.7828125 0.1267361104166667 0.781640625 0.11631944375 0.769406959375 0.09791666666666667 0.7587890625 0.09791666666666667 0.75234375 0.109375 0.75234375 0.13368055625
1 0.7904296875 0.1013888875 0.78359375 0.1170138875 0.78359375 0.13090277708333334 0.7884765625 0.15 0.7908203140625 0.15208333333333332 0.797851559375 0.15208333333333332 0.79921875 0.15173611041666665 0.79921875 0.134375 0.80625 0.11874999791666667 0.80625 0.10907737916666667 0.8001953125 0.1013888875 0.7904296875 0.1013888875
1 0.854296875 0.13541666666666666 0.84453125 0.13194444375 0.840625 0.13541666666666666 0.8357421875 0.14756944375 0.8357421875 0.16840277708333332 0.842578125 0.1875 0.846484375 0.19097222291666668 0.8572265625 0.18923611041666666 0.8630859375 0.17881944375 0.8640625 0.1701388875 0.8640625 0.15798611041666666 0.8611328125 0.14756944375 0.854296875 0.13541666666666666
1 0.8822265625 0.13506944583333333 0.879296875 0.14375000208333333 0.88515625 0.1611111125 0.88515625 0.17152777916666664 0.88125 0.18541666874999999 0.8835937484375 0.18958333333333333 0.88945313125 0.18958333333333333 0.89296875 0.18888888958333333 0.8984375 0.17916666666666667 0.8984375 0.156790125 0.8900390625 0.13854166874999999 0.8822265625 0.13506944583333333
1 0.914453125 0.24618055625000002 0.910546875 0.24270833541666667 0.898828125 0.24270833541666667 0.894921875 0.24618055625000002 0.8880859375 0.26180555625 0.8861328125 0.29305555624999996 0.8900390625 0.3104166666666667 0.898828125 0.32951388958333333 0.9007812484375 0.33125 0.9134765625 0.33125 0.918359375 0.32951388958333333 0.9265625 0.308449075 0.9265625 0.2954861125 0.9251953125 0.26875 0.914453125 0.24618055625000002
0 0.86796875 0.21875 0.850390625 0.21527777708333332 0.846484375 0.21875 0.8376953125 0.23784722291666668 0.8376953125 0.25173611041666666 0.8357421875 0.2552083333333333 0.8376953125 0.27256944375000003 0.8416015625 0.2864583333333333 0.850390625 0.3020833333333333 0.854296875 0.30555555624999997 0.8689453125 0.30381944375000003 0.871875 0.3020833333333333 0.8796875 0.28510802500000004 0.8796875 0.2482638875 0.8748046875 0.23090277708333332 0.86796875 0.21875
0 0.8234375 0.20121527708333334 0.815625 0.19427083125 0.80390625 0.19427083125 0.7931640625 0.20989583125 0.7892578125 0.22378472083333334 0.7892578125 0.24461805416666668 0.7951171875 0.2654513875 0.805859375 0.2845486104166667 0.811230475 0.28541666666666665 0.8183919234375001 0.28541666666666665 0.82734375 0.28107638749999997 0.8361328125 0.2654513875 0.8361328125 0.24809027708333334 0.8375 0.24565972083333334 0.8375 0.24184027708333333 0.8322265625 0.21684027708333334 0.8234375 0.20121527708333334
0 0.9115234375 0.18472222083333334 0.9017578125 0.18472222083333334 0.8978515625 0.18819444375 0.89296875 0.20034722083333334 0.89296875 0.21770833333333334 0.896875 0.23506944375 0.9017578125 0.24375 0.9056640625 0.24027777708333334 0.9134765640625 0.24583333333333332 0.919335934375 0.24583333333333332 0.9203125 0.24548611041666665 0.9234375 0.23715277708333332 0.9234375 0.20798611041666665 0.9203125 0.196875 0.9115234375 0.18472222083333334
0 0.96015625 0.20138888958333334 0.95234375 0.19791666666666666 0.9455078125 0.21006944375 0.9455078125 0.234375 0.95234375 0.25694444375 0.95625 0.2604166666666667 0.9650390625 0.25868055625 0.9703125 0.24618055625000002 0.9703125 0.23645833333333333 0.9689453125 0.21701388958333334 0.96015625 0.20138888958333334
0 0.9453125 0.21319444583333333 0.953125 0.19583333541666667 0.9443359375 0.1767361125 0.9365234375 0.1767361125 0.931640625 0.18541666874999999 0.931640625 0.19583333541666667 0.9296875 0.19930555625000002 0.935546875 0.2236111125 0.9415624984375001 0.23125 0.9441406265625 0.23125 0.9453125 0.23055555625000002 0.9453125 0.21319444583333333
0 0.91875 0.15659722083333336 0.9138671875 0.16874999791666667 0.9138671875 0.18611111041666667 0.922176846875 0.20416666666666666 0.9279296796875001 0.20416666666666666 0.9314453125 0.20347222083333336 0.9314453125 0.18958333125000001 0.934375 0.18177083125000001 0.934375 0.16631944166666665 0.93046875 0.15659722083333336 0.91875 0.15659722083333336
0 0.86640625 0.1328125 0.8595703125 0.14496527916666666 0.8654296875 0.16232638958333334 0.8634765625 0.1866319458333333 0.86630859375 0.19166666666666668 0.8765380859375 0.19166666666666668 0.884375 0.18052083333333335 0.884375 0.15404266041666667 0.878125 0.1397569458333333 0.86640625 0.1328125
0 0.73984375 0.0859375 0.730078125 0.0859375 0.7232421875 0.09809027708333334 0.7232421875 0.12239583333333333 0.73203125 0.13802083333333334 0.741699221875 0.13958333333333334 0.7429036453125 0.13958333333333334 0.7505859375 0.12934027708333334 0.7515625 0.1171875 0.7515625 0.10260416458333334 0.74765625 0.09288194375 0.73984375 0.0859375
0 0.438671875 0.10381944583333333 0.428125 0.12597853541666665 0.428125 0.1267361125 0.4298828125 0.12986111250000001 0.4318359375 0.15069444583333333 0.4378515625 0.15833333333333333 0.4416015609375 0.15833333333333333 0.4435546875 0.15763888750000002 0.4513671875 0.15416666666666667 0.45625 0.13969907291666667 0.45625 0.12048611041666667 0.45234375 0.11076388958333333 0.438671875 0.10381944583333333
0 0.3984375 0.13715277708333332 0.3994140625 0.14930555625 0.4072265625 0.14236111041666666 0.4169921875 0.14236111041666666 0.42610677187499996 0.15208333333333332 0.4279296875 0.15208333333333332 0.4296875 0.15104166666666666 0.4296875 0.13368055625 0.41942274218750003 0.11875 0.4121093765625 0.11875 0.4033203125 0.125 0.3984375 0.13715277708333332
0 0.423046875 0.1 0.4162109375 0.115625 0.426339284375 0.12708333333333333 0.4281250015625 0.12708333333333333 0.4298828125 0.12604166666666666 0.4375 0.10911458333333333 0.4375 0.10164141458333333 0.426953125 0.09652777916666667 0.423046875 0.1
0 0.330078125 0.22673611249999998 0.333984375 0.20590277916666666 0.33203125 0.20243055625 0.33203125 0.19201388958333335 0.3271484375 0.18333333333333332 0.3232421875 0.17986111249999998 0.3134765625 0.17986111249999998 0.306640625 0.18506944583333332 0.298828125 0.209375 0.30859375 0.22673611249999998 0.311393228125 0.24166666666666667 0.31503906718749997 0.24166666666666667 0.3203125 0.240625 0.330078125 0.22673611249999998
0 0.2919921875 0.21510416458333334 0.294921875 0.20989583125 0.2841796875 0.19774305416666668 0.2802734375 0.19774305416666668 0.2744140625 0.20121527708333334 0.267578125 0.21336805416666668 0.2724609375 0.21857638750000002 0.27333985156249996 0.21875 0.2827148421875 0.21875 0.2861328125 0.21510416458333334 0.2919921875 0.21510416458333334
0 0.2359375 0.32118055624999997 0.23203125 0.33506944375000003 0.2330078125 0.34375 0.2447265625 0.34027777708333334 0.2466796875 0.33680555624999997 0.2564453125 0.34027777708333334 0.2671875 0.35590277708333334 0.269140625 0.3697916666666667 0.2720703125 0.375 0.273046875 0.3732638895833333 0.276953125 0.36284722291666666 0.276953125 0.3489583333333333 0.278125 0.346875 0.278125 0.34178240625 0.273046875 0.3177083333333333 0.2681640625 0.30902777708333334 0.2603515625 0.3020833333333333 0.2505859375 0.3020833333333333 0.2427734375 0.30902777708333334 0.2359375 0.32118055624999997
0 0.2173828125 0.3230902770833334 0.2056640625 0.3265625 0.202734375 0.3387152770833334 0.202734375 0.35260416666666666 0.2212890625 0.3625 0.2225 0.3625 0.2296875 0.3465277770833334 0.2296875 0.3380208333333333 0.2232421875 0.3265625 0.2173828125 0.3230902770833334
0 0.184765625 0.31875 0.1779296875 0.33090277916666666 0.1720703125 0.35520833333333335 0.1759765625 0.3795138895833333 0.18046875 0.3875 0.1828125015625 0.3875 0.1857421875 0.38645833333333335 0.1935546875 0.36215277916666666 0.1935546875 0.35173611250000003 0.1974609375 0.34131944583333335 0.2046875 0.33168402916666667 0.2046875 0.32662037083333334 0.196484375 0.31527777916666666 0.184765625 0.31875