0 0.75234375 0.29340277708333334 0.7416015625 0.26388888958333334 0.7279296875 0.25 0.7142578125 0.24652777708333332 0.6966796875 0.25694444375 0.683984375 0.2795138895833333 0.683984375 0.2864583333333333 0.680078125 0.296875 0.680078125 0.3177083333333333 0.6830078125 0.3229166666666667 0.6927734375 0.3125 0.7025390625 0.3125 0.7044921875 0.30902777708333334 0.7083984375 0.3125 0.7181640625 0.3125 0.7337890625 0.3298611104166667 0.742578125 0.3454861104166667 0.7455078125 0.3576388895833333 0.7484375 0.35590277708333334 0.75234375 0.3454861104166667 0.753125 0.334375 0.753125 0.315625 0.75234375 0.3142361104166667 0.75234375 0.29340277708333334
0 0.7458984375 0.35625 0.73515625 0.33368055625 0.715625 0.31284722291666667 0.6921875 0.31284722291666667 0.686328125 0.31979166666666664 0.682421875 0.31979166666666664 0.6677734375 0.3458333333333333 0.6619140625 0.36666666666666664 0.6619140625 0.4083333333333333 0.6658203125 0.4256944458333333 0.6701171875 0.43333333333333335 0.6724609375 0.43333333333333335 0.6736328125 0.4326388895833333 0.682421875 0.4204861125 0.686328125 0.4204861125 0.698046875 0.4100694458333333 0.721484375 0.4100694458333333 0.74296875 0.42743055625 0.7458984375 0.42222222291666667 0.7478515625 0.4013888895833333 0.7484375 0.40034722291666663 0.7484375 0.37569444583333333 0.7458984375 0.36666666666666664 0.7458984375 0.35625
0 0.813671875 0.3645833333333333 0.798046875 0.35069444375000003 0.78828125 0.35069444375000003 0.786328125 0.3541666666666667 0.77265625 0.3576388895833333 0.7580078125 0.3767361104166667 0.7501953125 0.39756944375000003 0.7484375 0.43506944375 0.7484375 0.43978174583333335 0.7619140625 0.47743055624999997 0.7638671875 0.5017361104166667 0.76875 0.5138888895833333 0.786328125 0.52430555625 0.7970703125 0.52256944375 0.801953125 0.5208333333333334 0.8166015625 0.5052083333333334 0.8185546875 0.48784722291666666 0.8244140625 0.4670138895833333 0.83125 0.4548611104166667 0.83125 0.41059027708333334 0.8283203125 0.39756944375000003 0.813671875 0.3645833333333333
0 0.6677734375 0.44965277708333334 0.6580078125 0.484375 0.6560546875 0.5190972229166666 0.6619140625 0.5503472229166667 0.6716796875 0.578125 0.678515625 0.5902777770833333 0.7030598968749999 0.6104166666666667 0.7105468703125 0.6104166666666667 0.7205078125 0.609375 0.729296875 0.6041666666666666 0.741015625 0.5902777770833333 0.7537109375 0.5642361104166667 0.7615234375 0.5364583333333334 0.7625 0.5173611104166667 0.7625 0.4934895833333333 0.7556640625 0.46006944375000003 0.73515625 0.4201388895833333 0.7223958328125 0.41041666666666665 0.6991406265625 0.41041666666666665 0.678515625 0.4270833333333333 0.6677734375 0.44965277708333334
0 0.88203125 0.6069444458333333 0.8947265625 0.584375 0.9025390625 0.5565972229166667 0.9044921875 0.5114583333333333 0.9025390625 0.5079861125 0.9025390625 0.490625 0.8986328125 0.48020833333333335 0.8986328125 0.4732638895833333 0.88203125 0.44027777916666666 0.86640625 0.42986111250000003 0.856640625 0.42986111250000003 0.837109375 0.44375 0.8263671875 0.46284722291666663 0.8224609375 0.4732638895833333 0.8185546875 0.5045138895833333 0.8166015625 0.5079861125 0.8166015625 0.5357638895833333 0.8244140625 0.5774305562500001 0.8390625 0.6069444458333333 0.856640625 0.6138888895833333 0.858203125 0.6166666666666667 0.8605468765625 0.6166666666666667 0.8634765625 0.615625 0.88203125 0.6069444458333333
0 0.93671875 0.434375 0.925 0.4239583333333333 0.909375 0.4239583333333333 0.89765625 0.43784722291666667 0.8927734375 0.4465277791666667 0.8908203125 0.4569444458333333 0.8966796875 0.4673611125 0.8966796875 0.47430555625 0.9025390625 0.49166666666666664 0.9025390625 0.5020833333333333 0.9044921875 0.5055555562499999 0.9044921875 0.54375 0.9025390625 0.5472222229166667 0.9025390625 0.5611111125 0.8986328125 0.5715277791666666 0.8986328125 0.5819444458333333 0.90546875 0.590625 0.911328125 0.590625 0.9130859375 0.59375 0.914257815625 0.59375 0.9181640625 0.5923611125 0.925 0.590625 0.93671875 0.5802083333333333 0.9455078125 0.5645833333333333 0.9533203125 0.53680555625 0.9546875 0.5076388895833334 0.9546875 0.49243055625000004 0.9455078125 0.45 0.93671875 0.434375
0 0.717578125 0.0796875 0.71171875 0.07621527916666666 0.701953125 0.07621527916666666 0.694140625 0.08315972291666666 0.6931640625 0.08836805625 0.70390625 0.10052083333333334 0.7107421875 0.11614583333333334 0.7126953125 0.1265625 0.7109960937500001 0.14166666666666666 0.718294271875 0.14166666666666666 0.7244140625 0.1335069458333333 0.7244140625 0.10920138958333332 0.725 0.10815972291666666 0.725 0.09600694583333333 0.7244140625 0.09184027916666666 0.717578125 0.0796875
0 0.723828125 0.06927083333333334 0.7171875 0.07770337291666667 0.7171875 0.07847222291666665 0.7244791671875 0.09791666666666667 0.7298502609375 0.09791666666666667 0.735546875 0.09357638958333332 0.7375 0.08778935208333333 0.7375 0.08315972291666666 0.731640625 0.07274305625 0.723828125 0.06927083333333334
0 0.7060546875 0.05520833541666667 0.7015625 0.06000000208333334 0.7015625 0.06458333333333334 0.705078125 0.07083333333333333 0.70703125 0.07083333333333333 0.70703125 0.0673611125 0.7125 0.060879631249999996 0.7125 0.058333335416666666 0.7119140625 0.05520833541666667 0.7060546875 0.05520833541666667
0 0.669921875 0.07430555624999999 0.6650390625 0.062152779166666665 0.6572265625 0.05520833541666667 0.6435546875 0.05520833541666667 0.634765625 0.07430555624999999 0.63671875 0.09513888958333333 0.6455078125 0.11076388958333333 0.6513671875 0.11076388958333333 0.65234375 0.1125 0.662109375 0.1125 0.669921875 0.0986111125 0.669921875 0.07430555624999999
0 0.405859375 0.0829861125 0.3951171875 0.0986111125 0.3931640625 0.11597222291666666 0.3951171875 0.12638888958333333 0.4013671875 0.1375 0.40957030625 0.1375 0.4146484375 0.13680555416666668 0.4244140625 0.12291666666666666 0.425 0.11666666666666667 0.425 0.09895833333333333 0.41953125 0.08645833333333333 0.405859375 0.0829861125
0 0.2 0.19513888750000002 0.190234375 0.20208333333333334 0.1853515625 0.21423611041666665 0.1853515625 0.23159722083333334 0.1873046875 0.23854166666666668 0.1946875015625 0.24583333333333332 0.1984374984375 0.24583333333333332 0.1990234375 0.24548611041666665 0.2087890625 0.23159722083333334 0.2087890625 0.22118055416666668 0.209375 0.22013888750000002 0.209375 0.21041666666666667 0.2087890625 0.20729166666666668 0.2 0.19513888750000002
0 0.2255859375 0.21840277916666664 0.23046875 0.20625000208333333 0.23046875 0.18194444583333333 0.2255859375 0.16979166874999999 0.2197265625 0.16631944583333333 0.2109375 0.17500000208333333 0.20703125 0.18541666874999999 0.20703125 0.19930555625000002 0.208984375 0.20972222291666667 0.21523437343750002 0.22083333333333333 0.21875000312499998 0.22083333333333333 0.220703125 0.22013888958333333 0.2255859375 0.21840277916666664
0 0.045703125 0.41354166666666664 0.03984375 0.41354166666666664 0.0359375 0.4170138895833333 0.0310546875 0.42916666666666664 0.0310546875 0.45347222291666667 0.041558159375 0.46875 0.042773440625 0.46875 0.0466796875 0.4673611125 0.0505859375 0.46041666666666664 0.0515625 0.4552083333333333 0.0515625 0.42743055625 0.0505859375 0.42222222291666667 0.045703125 0.41354166666666664
1 0.0056640625 0.4947916666666667 0.0076171875 0.4982638895833333 0.0076171875 0.50868055625 0.012109375 0.5166666666666667 0.0160156234375 0.5166666666666667 0.0212890625 0.515625 0.021875 0.5145833333333333 0.021875 0.49756944375 0.0212890625 0.49131944375000003 0.0193359375 0.48784722291666666 0.0212890625 0.484375 0.0212890625 0.4670138895833333 0.01875 0.4625 0.0140625 0.4625 0.0076171875 0.4739583333333333 0.0056640625 0.4947916666666667
1 0.23828125 0.16493055625 0.23828125 0.18229166666666666 0.240234375 0.18923611041666666 0.244466146875 0.19375 0.2486328109375 0.19375 0.25390625 0.19270833333333334 0.2568359375 0.19097222291666668 0.26171875 0.17881944375 0.26171875 0.16145833333333334 0.2571149546875 0.15 0.2462890625 0.15 0.2431640625 0.15277777708333332 0.23828125 0.16493055625
1 0.45 0.12881944375 0.43828125 0.12534722083333333 0.4216796875 0.14097222083333336 0.4177734375 0.15486111041666667 0.4177734375 0.17916666458333333 0.4265625 0.1982638875 0.4332031265625 0.20416666666666666 0.44199217500000004 0.20416666666666666 0.4470703125 0.20347222083333336 0.45390625 0.1982638875 0.4587890625 0.18611111041666667 0.4609375 0.17847222083333333 0.4609375 0.1467013875 0.4587890625 0.14097222083333336 0.45 0.12881944375
1 0.4646484375 0.16145833333333334 0.475390625 0.18055555625 0.480078125 0.18333333333333332 0.486328121875 0.18333333333333332 0.4939453125 0.18229166666666666 0.5076171875 0.16145833333333334 0.5076171875 0.14756944375 0.5078125 0.14722222083333333 0.5078125 0.14097222291666667 0.5076171875 0.140625 0.5076171875 0.13020833333333334 0.4934194703125 0.10833333333333334 0.4788461546875 0.10833333333333334 0.4646484375 0.13020833333333334 0.4646484375 0.16145833333333334
1 0.54609375 0.05520833333333333 0.5392578125 0.07083333333333333 0.5392578125 0.08125 0.5431640625 0.0951388875 0.5511997765625 0.10625 0.5583984328125 0.10625 0.5626953125 0.10555555416666666 0.565625 0.10381944375 0.571875 0.08953372916666667 0.571875 0.06631944375 0.563671875 0.05173611041666667 0.54609375 0.05520833333333333
1 0.6765625 0.05190972083333333 0.674609375 0.04843749791666666 0.666796875 0.05190972083333333 0.6638671875 0.05711805416666667 0.6658203125 0.06753472083333333 0.6697265625 0.07447916666666667 0.6697265625 0.09791666666666667 0.67412109375 0.09791666666666667 0.6775390625 0.09184027708333334 0.6794921875 0.07447916666666667 0.684375 0.06579861041666667 0.684375 0.05538194375 0.682421875 0.05190972083333333 0.6765625 0.05190972083333333
1 0.7001953125 0.08038194375 0.703125 0.07517361041666668 0.701171875 0.06475694375 0.6943359375 0.05954861041666667 0.6865234375 0.06302083333333333 0.6796875 0.07517361041666668 0.6796875 0.09166666666666666 0.68701171875 0.09166666666666666 0.6923828125 0.09079861041666668 0.7001953125 0.08038194375
1 0.7021484375 0.09791666666666667 0.6943359375 0.09097222083333333 0.6787109375 0.09444444375000001 0.6703125 0.11269290208333334 0.6703125 0.12812499791666668 0.673828125 0.134375 0.677734375 0.15173611041666665 0.6837890625 0.1625 0.6978515546875 0.1625 0.701171875 0.16215277708333334 0.70703125 0.15520833333333334 0.7125 0.13576388958333335 0.7125 0.13194444375 0.708984375 0.11006944375000001 0.7021484375 0.09791666666666667
1 0.621484375 0.12881944375 0.615625 0.12534722083333333 0.6 0.12534722083333333 0.5873046875 0.14444444374999998 0.5833984375 0.15833333125000001 0.5833984375 0.17916666458333333 0.5873046875 0.19305555416666667 0.6012770453125 0.21458333333333332 0.6119140468750001 0.21458333333333332 0.6185546875 0.2138888875 0.6234375 0.21215277708333333 0.6341796875 0.19305555416666667 0.6359375 0.18368055416666668 0.6359375 0.17986111041666666 0.6341796875 0.15486111041666667 0.621484375 0.12881944375
1 0.5478515625 0.2951388895833333 0.5380859375 0.28819444375000003 0.5166015625 0.28819444375000003 0.494140625 0.3107638895833333 0.484375 0.3454861104166667 0.484375 0.3802083333333333 0.490234375 0.4010416666666667 0.4951171875 0.40625 0.5009765625 0.40277777708333334 0.5029296875 0.40625 0.5126953125 0.40625 0.5244140625 0.4166666666666667 0.5283203125 0.4166666666666667 0.5400390625 0.43055555624999997 0.54296875 0.42881944375000003 0.5478515625 0.4270833333333333 0.5546875 0.41840277708333334 0.560546875 0.3802083333333333 0.564453125 0.36631944375000003 0.5703125 0.35590277708333334 0.5703125 0.3489583333333333 0.5625 0.3177083333333333 0.5478515625 0.2951388895833333
0 0.1197265625 0.28125 0.1109375 0.28993055624999997 0.10703125 0.30381944375000003 0.10703125 0.32118055624999997 0.1138671875 0.3333333333333333 0.12265625 0.33159722291666666 0.1255859375 0.3298611104166667 0.128515625 0.32118055624999997 0.1296875 0.30659722291666663 0.1296875 0.29493055625 0.1255859375 0.28472222291666666 0.1197265625 0.28125
1 0.0830078125 0.3435763895833333 0.09375 0.3453125 0.0869140625 0.3331597229166666 0.0771484375 0.3331597229166666 0.072265625 0.3453125 0.072265625 0.35572916666666665 0.0703125 0.3592013895833333 0.071826171875 0.3645833333333333 0.07421875 0.3645833333333333 0.07421875 0.3592013895833333 0.0830078125 0.3435763895833333
0 0.7138196984375 0.06252156041666666 0.7106515390625 0.06821968333333334 0.7088810890625 0.07156062916666667 0.7103252890625 0.075 0.711629175 0.075 0.7171283140625 0.07363516041666666 0.7199213734375001 0.06926244166666667 0.7203125 0.06753958333333333 0.7203125 0.06250935625000001 0.717343625 0.05913534583333333 0.7138196984375 0.06252156041666666