1 0.5810546875 0.3229166666666667 0.5693359375 0.3333333333333333 0.5546875 0.359375 0.552734375 0.3697916666666667 0.548828125 0.3767361104166667 0.546875 0.4010416666666667 0.544921875 0.4045138895833333 0.546875 0.4392361104166667 0.5546875 0.4670138895833333 0.5732421875 0.49652777708333334 0.5869140625 0.50694444375 0.607421875 0.5052083333333334 0.6298828125 0.4861111104166667 0.64453125 0.453125 0.6484375 0.4322916666666667 0.6484375 0.4010416666666667 0.646484375 0.39756944375000003 0.646484375 0.38715277708333334 0.640625 0.36284722291666666 0.6259765625 0.33680555624999997 0.6083984375 0.3229166666666667 0.5810546875 0.3229166666666667
1 0.5263671875 0.28819444375000003 0.5068359375 0.28819444375000003 0.4931640625 0.2986111104166667 0.478515625 0.32118055624999997 0.470703125 0.35590277708333334 0.470703125 0.38368055624999997 0.47265625 0.38715277708333334 0.47265625 0.39756944375000003 0.48046875 0.421875 0.4990234375 0.4479166666666667 0.5048828125 0.4513888895833333 0.52734375 0.44965277708333334 0.5361328125 0.44444444375000003 0.54296875 0.4322916666666667 0.544921875 0.42534722291666666 0.546875 0.38368055624999997 0.55859375 0.3489583333333333 0.55859375 0.3385416666666667 0.5546875 0.33159722291666666 0.55078125 0.3142361104166667 0.5439453125 0.3020833333333333 0.5263671875 0.28819444375000003
1 0.3916015625 0.3020833333333333 0.3720703125 0.31597222291666666 0.359375 0.3385416666666667 0.353515625 0.36284722291666666 0.353515625 0.3767361104166667 0.3671875 0.4357638895833333 0.3740234375 0.4479166666666667 0.3896484375 0.4583333333333333 0.404296875 0.45659722291666666 0.4248046875 0.44097222291666666 0.431640625 0.42534722291666666 0.439453125 0.39756944375000003 0.439453125 0.35590277708333334 0.435546875 0.3489583333333333 0.435546875 0.3420138895833333 0.431640625 0.33159722291666666 0.4228515625 0.31597222291666666 0.4033203125 0.3020833333333333 0.3916015625 0.3020833333333333
1 0.3037109375 0.37152777708333334 0.291015625 0.38715277708333334 0.279296875 0.41493055624999997 0.27734375 0.4392361104166667 0.275390625 0.4427083333333333 0.275390625 0.46006944375000003 0.283203125 0.4982638895833333 0.2978515625 0.52430555625 0.3134765625 0.5347222229166667 0.330078125 0.5329861104166667 0.3447265625 0.5208333333333334 0.359375 0.49131944375000003 0.365234375 0.46006944375000003 0.365234375 0.4322916666666667 0.359375 0.4045138895833333 0.3466796875 0.37847222291666666 0.3349609375 0.36805555624999997 0.3193359375 0.3645833333333333 0.3173828125 0.36805555624999997 0.3037109375 0.37152777708333334
1 0.2763671875 0.3333333333333333 0.2626953125 0.3333333333333333 0.2529296875 0.34375 0.240234375 0.3732638895833333 0.23828125 0.39409722291666666 0.236328125 0.39756944375000003 0.236328125 0.41840277708333334 0.240234375 0.4357638895833333 0.24609375 0.44965277708333334 0.2548828125 0.46180555624999997 0.2666015625 0.46875 0.275390625 0.4670138895833333 0.275390625 0.4392361104166667 0.27734375 0.4357638895833333 0.279296875 0.41493055624999997 0.28515625 0.39756944375000003 0.298828125 0.3767361104166667 0.30078125 0.359375 0.296875 0.3489583333333333 0.2900390625 0.34027777708333334 0.2783203125 0.33680555624999997 0.2763671875 0.3333333333333333
1 0.298828125 0.32465277708333334 0.298828125 0.35590277708333334 0.302734375 0.36631944375000003 0.3154296875 0.36805555624999997 0.3173828125 0.3645833333333333 0.3291015625 0.3645833333333333 0.3310546875 0.36805555624999997 0.3369140625 0.36805555624999997 0.3466796875 0.37847222291666666 0.349609375 0.3767361104166667 0.353515625 0.36631944375000003 0.35546875 0.3489583333333333 0.365234375 0.32465277708333334 0.361328125 0.30381944375000003 0.3544921875 0.2916666666666667 0.3408203125 0.28125 0.3251953125 0.28125 0.3154296875 0.28819444375000003 0.302734375 0.3107638895833333 0.298828125 0.32465277708333334
1 0.4072265625 0.26388888958333334 0.39453125 0.296875 0.3974609375 0.3020833333333333 0.4052734375 0.3020833333333333 0.4228515625 0.31597222291666666 0.43359375 0.33506944375000003 0.439453125 0.35590277708333334 0.44140625 0.3767361104166667 0.4453125 0.3767361104166667 0.4541015625 0.37152777708333334 0.462890625 0.3489583333333333 0.462890625 0.3420138895833333 0.466796875 0.33159722291666666 0.46484375 0.28993055624999997 0.4609375 0.2760416666666667 0.4501953125 0.25694444375 0.4404296875 0.25 0.4228515625 0.25 0.4072265625 0.26388888958333334
1 0.5029296875 0.23958333333333334 0.4892578125 0.25 0.4765625 0.2760416666666667 0.4765625 0.2829861104166667 0.47265625 0.29340277708333334 0.47265625 0.32465277708333334 0.4755859375 0.3298611104166667 0.4765625 0.328125 0.4892578125 0.3020833333333333 0.5068359375 0.28819444375000003 0.5263671875 0.28819444375000003 0.5380859375 0.2951388895833333 0.5498046875 0.30902777708333334 0.55078125 0.2864583333333333 0.546875 0.27256944375000003 0.5341796875 0.25 0.5185546875 0.23958333333333334 0.5029296875 0.23958333333333334
1 0.42578125 0.171875 0.42578125 0.19965277708333332 0.4306640625 0.21527777708333332 0.4345703125 0.21875 0.4375 0.21701388958333334 0.470703125 0.21006944375 0.474609375 0.19270833333333334 0.474609375 0.17534722291666668 0.47265625 0.16493055625 0.4638671875 0.14930555625 0.4599609375 0.14583333333333334 0.4423828125 0.14583333333333334 0.4365234375 0.14930555625 0.427734375 0.16493055625 0.42578125 0.171875
1 0.525390625 0.171875 0.5341796875 0.18402777708333332 0.5546875 0.18229166666666666 0.5625 0.16840277708333332 0.564453125 0.15798611041666666 0.5625 0.1267361104166667 0.5556640625 0.11458333333333333 0.5478515625 0.10763888958333333 0.5341796875 0.10763888958333333 0.5302734375 0.11111111041666667 0.521484375 0.13368055625 0.521484375 0.16145833333333334 0.525390625 0.171875
1 0.591796875 0.13715277708333332 0.59375 0.15451388958333334 0.59765625 0.16840277708333332 0.6083984375 0.18402777708333332 0.623046875 0.18229166666666666 0.634765625 0.16493055625 0.63671875 0.15798611041666666 0.63671875 0.13368055625 0.6328125 0.11979166666666667 0.6240234375 0.10763888958333333 0.6181640625 0.10416666666666667 0.6044921875 0.10763888958333333 0.6005859375 0.11111111041666667 0.59375 0.1267361104166667 0.591796875 0.13715277708333332
0 0.9189453125 0.22569444375 0.923828125 0.22395833333333334 0.9287109375 0.22222222291666668 0.931640625 0.21701388958333334 0.9296875 0.19618055625 0.9189453125 0.17708333333333334 0.9091796875 0.17708333333333334 0.90234375 0.18923611041666666 0.90234375 0.21354166666666666 0.904296875 0.22048611041666666 0.9169921875 0.22222222291666668 0.9189453125 0.22569444375
0 0.990234375 0.2795138895833333 0.994140625 0.27256944375000003 0.994140625 0.24479166666666666 0.9833984375 0.22222222291666668 0.9775390625 0.22222222291666668 0.97265625 0.23090277708333332 0.970703125 0.24479166666666666 0.978515625 0.26909722291666666 0.978515625 0.2760416666666667 0.9814453125 0.28125 0.990234375 0.2795138895833333
0 0.978515625 0.2864583333333333 0.98046875 0.2829861104166667 0.978515625 0.265625 0.9677734375 0.23958333333333334 0.9580078125 0.23611111041666666 0.951171875 0.24479166666666666 0.951171875 0.26215277708333334 0.9541015625 0.2673611104166667 0.9638671875 0.28125 0.9755859375 0.28819444375000003 0.978515625 0.2864583333333333