0 0.7451171875 0.5694444437499999 0.7255859375 0.5555555562500001 0.7021484375 0.5520833333333334 0.7001953125 0.5555555562500001 0.6865234375 0.5590277770833333 0.6689453125 0.5763888895833333 0.65234375 0.6059027770833333 0.642578125 0.6371527770833333 0.638671875 0.6579861104166667 0.63671875 0.7100694437499999 0.638671875 0.7135416666666666 0.638671875 0.7309027770833333 0.642578125 0.7447916666666666 0.642578125 0.7552083333333334 0.646484375 0.7690972229166667 0.6611328125 0.7986111104166667 0.6748046875 0.8125 0.6943359375 0.8194444437499999 0.6962890625 0.8229166666666666 0.716796875 0.8211805562500001 0.7509765625 0.7916666666666666 0.767578125 0.7586805562500001 0.775390625 0.7309027770833333 0.775390625 0.7204861104166667 0.779296875 0.703125 0.779296875 0.6510416666666666 0.77734375 0.6475694437499999 0.77734375 0.6371527770833333 0.767578125 0.6059027770833333 0.7451171875 0.5694444437499999
0 0.57421875 0.421875 0.57421875 0.39756944375000003 0.568359375 0.3767361104166667 0.5537109375 0.34722222291666666 0.5302734375 0.3298611104166667 0.5146484375 0.3298611104166667 0.4892578125 0.34722222291666666 0.486328125 0.35590277708333334 0.478515625 0.36631944375000003 0.46875 0.39756944375000003 0.466796875 0.4392361104166667 0.47265625 0.4670138895833333 0.4892578125 0.5 0.5107421875 0.5208333333333334 0.529296875 0.5190972229166666 0.5400390625 0.5173611104166667 0.5517578125 0.50694444375 0.552734375 0.5017361104166667 0.5625 0.48784722291666666 0.5703125 0.4670138895833333 0.5703125 0.46006944375000003 0.57421875 0.44965277708333334 0.57421875 0.4357638895833333 0.576171875 0.4322916666666667 0.57421875 0.421875
0 0.51953125 0.3177083333333333 0.515625 0.30381944375000003 0.5029296875 0.28125 0.4931640625 0.2708333333333333 0.4736328125 0.2673611104166667 0.4560546875 0.27777777708333334 0.44140625 0.30034722291666666 0.43359375 0.328125 0.43359375 0.35243055624999997 0.4453125 0.4010416666666667 0.4501953125 0.40972222291666666 0.4619140625 0.4201388895833333 0.466796875 0.41840277708333334 0.46875 0.39409722291666666 0.47265625 0.3802083333333333 0.478515625 0.36631944375000003 0.498046875 0.33506944375000003 0.49609375 0.33159722291666666 0.4990234375 0.3263888895833333 0.5009765625 0.3333333333333333 0.5107421875 0.3333333333333333 0.51953125 0.328125 0.51953125 0.3177083333333333
0 0.2880859375 0.2673611104166667 0.2822265625 0.27430555624999997 0.275390625 0.2864583333333333 0.26953125 0.3072916666666667 0.26953125 0.3420138895833333 0.275390625 0.36284722291666666 0.2822265625 0.375 0.2900390625 0.38194444375000003 0.30078125 0.38368055624999997 0.3095703125 0.38194444375000003 0.3212890625 0.37152777708333334 0.333984375 0.328125 0.33203125 0.296875 0.326171875 0.2795138895833333 0.3134765625 0.26388888958333334 0.3056640625 0.26388888958333334 0.3037109375 0.2604166666666667 0.3017578125 0.26388888958333334 0.2880859375 0.2673611104166667
0 0.185546875 0.3385416666666667 0.189453125 0.35590277708333334 0.2001953125 0.37152777708333334 0.21484375 0.3697916666666667 0.2216796875 0.3645833333333333 0.228515625 0.3489583333333333 0.228515625 0.33159722291666666 0.224609375 0.32118055624999997 0.2265625 0.2864583333333333 0.2197265625 0.27777777708333334 0.2099609375 0.27430555624999997 0.193359375 0.28993055624999997 0.1875 0.3072916666666667 0.185546875 0.3385416666666667
0 0.2666015625 0.22569444375 0.2763671875 0.22916666666666666 0.2861328125 0.24652777708333332 0.291015625 0.24479166666666666 0.298828125 0.234375 0.302734375 0.22048611041666666 0.302734375 0.19965277708333332 0.2958984375 0.18055555625 0.2919921875 0.17708333333333334 0.2783203125 0.17708333333333334 0.267578125 0.19270833333333334 0.263671875 0.20659722291666668 0.263671875 0.22048611041666666 0.2666015625 0.22569444375
0 0.5068359375 0.19097222291666668 0.4990234375 0.19791666666666666 0.48828125 0.21701388958333334 0.484375 0.23090277708333332 0.49609375 0.2552083333333333 0.498046875 0.27256944375000003 0.5048828125 0.28125 0.5185546875 0.30902777708333334 0.529296875 0.3072916666666667 0.5400390625 0.2986111104166667 0.55078125 0.2760416666666667 0.552734375 0.2552083333333333 0.5546875 0.25173611041666666 0.552734375 0.23090277708333332 0.548828125 0.21701388958333334 0.5380859375 0.19791666666666666 0.5322265625 0.19444444375 0.5283203125 0.1875 0.5068359375 0.19097222291666668
0 0.392578125 0.18923611041666666 0.392578125 0.20659722291666668 0.396484375 0.22395833333333334 0.4052734375 0.23958333333333334 0.4140625 0.24479166666666666 0.412109375 0.23784722291666668 0.412109375 0.21701388958333334 0.41796875 0.19270833333333334 0.4248046875 0.18055555625 0.4365234375 0.17361111041666666 0.439453125 0.16840277708333332 0.4267578125 0.15277777708333332 0.4130859375 0.15277777708333332 0.4033203125 0.15972222291666668 0.392578125 0.18923611041666666
0 0.37890625 0.17534722291666668 0.3828125 0.19270833333333334 0.3876953125 0.20138888958333334 0.392578125 0.19965277708333332 0.392578125 0.18923611041666666 0.4033203125 0.15972222291666668 0.421875 0.15104166666666666 0.4189453125 0.13888888958333334 0.4091796875 0.13194444375 0.3994140625 0.13194444375 0.3896484375 0.13888888958333334 0.384765625 0.14756944375 0.380859375 0.15798611041666666 0.37890625 0.17534722291666668
0 0.552734375 0.13368055625 0.552734375 0.15798611041666666 0.5654296875 0.18402777708333332 0.5693359375 0.1875 0.583984375 0.18576388958333334 0.595703125 0.171875 0.599609375 0.15798611041666666 0.599609375 0.13715277708333332 0.59765625 0.1267361104166667 0.5888671875 0.11111111041666667 0.5791015625 0.10416666666666667 0.5732421875 0.10416666666666667 0.5634765625 0.11111111041666667 0.5546875 0.1267361104166667 0.552734375 0.13368055625
0 0.728515625 0.23784722291666668 0.720703125 0.26215277708333334 0.720703125 0.29340277708333334 0.72265625 0.30381944375000003 0.728515625 0.32118055624999997 0.7412109375 0.34375 0.7451171875 0.34722222291666666 0.765625 0.3454861104166667 0.7744140625 0.34027777708333334 0.78515625 0.32118055624999997 0.7890625 0.3072916666666667 0.7890625 0.26909722291666666 0.78125 0.24479166666666666 0.7666015625 0.22222222291666668 0.7607421875 0.22222222291666668 0.7587890625 0.21875 0.7412109375 0.22222222291666668 0.728515625 0.23784722291666668
1 0.4853515625 0.11458333333333333 0.474609375 0.13715277708333332 0.474609375 0.16145833333333334 0.4814453125 0.17361111041666666 0.484375 0.171875 0.4931640625 0.16319444375 0.5146484375 0.16319444375 0.5166015625 0.16666666666666666 0.51953125 0.15798611041666666 0.51953125 0.13715277708333332 0.517578125 0.13020833333333334 0.5107421875 0.11805555625 0.5029296875 0.11111111041666667 0.4892578125 0.11111111041666667 0.4853515625 0.11458333333333333
1 0.4833984375 0.23263888958333334 0.4716796875 0.22222222291666668 0.4541015625 0.22222222291666668 0.4384765625 0.23611111041666666 0.4296875 0.25173611041666666 0.423828125 0.2829861104166667 0.42578125 0.3142361104166667 0.427734375 0.32118055624999997 0.4326171875 0.3298611104166667 0.43359375 0.328125 0.439453125 0.30381944375000003 0.4521484375 0.28125 0.4599609375 0.27430555624999997 0.4716796875 0.2708333333333333 0.4736328125 0.2673611104166667 0.4853515625 0.2673611104166667 0.4951171875 0.27430555624999997 0.498046875 0.265625 0.494140625 0.25173611041666666 0.4833984375 0.23263888958333334
1 0.6416015625 0.3333333333333333 0.6279296875 0.34375 0.609375 0.3802083333333333 0.60546875 0.4010416666666667 0.60546875 0.4427083333333333 0.6171875 0.484375 0.6337890625 0.50694444375 0.6494140625 0.5173611104166667 0.66796875 0.515625 0.6748046875 0.5138888895833333 0.6865234375 0.5034722229166666 0.69921875 0.48090277708333334 0.708984375 0.4322916666666667 0.70703125 0.4010416666666667 0.701171875 0.3732638895833333 0.693359375 0.35590277708333334 0.6826171875 0.34027777708333334 0.6708984375 0.3333333333333333 0.6416015625 0.3333333333333333
1 0.2978515625 0.6041666666666666 0.2900390625 0.6041666666666666 0.2880859375 0.6006944437499999 0.2646484375 0.6041666666666666 0.2451171875 0.625 0.23046875 0.6579861104166667 0.22265625 0.6892361104166667 0.22265625 0.734375 0.2265625 0.7482638895833333 0.2265625 0.7586805562500001 0.23828125 0.7899305562500001 0.2529296875 0.8159722229166667 0.2607421875 0.8263888895833333 0.2646484375 0.8263888895833333 0.2705078125 0.8333333333333334 0.30078125 0.8385416666666666 0.3154296875 0.8333333333333334 0.3232421875 0.8263888895833333 0.341796875 0.7899305562500001 0.3515625 0.7378472229166667 0.349609375 0.734375 0.34765625 0.6927083333333334 0.3359375 0.6545138895833333 0.326171875 0.6336805562500001 0.3154296875 0.6180555562500001 0.2978515625 0.6041666666666666
1 0.23046875 0.2760416666666667 0.224609375 0.30381944375000003 0.224609375 0.32118055624999997 0.228515625 0.33506944375000003 0.2353515625 0.34722222291666666 0.2431640625 0.3541666666666667 0.2578125 0.35243055624999997 0.267578125 0.3454861104166667 0.26953125 0.3072916666666667 0.271484375 0.296875 0.275390625 0.28993055624999997 0.275390625 0.2829861104166667 0.2685546875 0.26388888958333334 0.2529296875 0.25347222291666666 0.2509765625 0.25694444375 0.2392578125 0.2604166666666667 0.23046875 0.2760416666666667