0 0.7037109375 0.11388888958333333 0.6998046875 0.11388888958333333 0.6939453125 0.10694444583333333 0.6783203125 0.10694444583333333 0.665625 0.12256944583333333 0.66171875 0.13645833333333332 0.6626953125 0.15208333333333332 0.6685546875 0.15208333333333332 0.6705078125 0.14861111249999998 0.6880859375 0.15208333333333332 0.702734375 0.17465277916666666 0.7074001734375 0.18958333333333333 0.7087890640625 0.18958333333333333 0.710546875 0.18854166666666666 0.715625 0.17349537083333333 0.715625 0.14409722291666668 0.710546875 0.12604166666666666 0.7037109375 0.11388888958333333
0 0.673046875 0.06284722291666667 0.661328125 0.06284722291666667 0.6515625 0.06979166666666667 0.646875 0.078125 0.646875 0.11006944583333333 0.6587890625 0.13125 0.6623046890625 0.13125 0.6642578125 0.13055555624999998 0.67109375 0.11493055625 0.690625 0.10335648333333333 0.690625 0.09670138958333332 0.6876953125 0.07847222291666665 0.673046875 0.06284722291666667
0 0.7919921875 0.090625 0.7880859375 0.09409722291666665 0.78125 0.10972222291666665 0.78125 0.13402777916666667 0.7919921875 0.16006944583333332 0.8012695296875 0.16666666666666666 0.803125003125 0.16666666666666666 0.80859375 0.16527777916666667 0.8115234375 0.16354166666666667 0.8203125 0.14444444583333332 0.8203125 0.12013888958333332 0.8076171875 0.09409722291666665 0.7919921875 0.090625
0 0.7888671875 0.0701388875 0.7810546875 0.0701388875 0.772265625 0.08229166666666667 0.7703125 0.103125 0.776651278125 0.12083333333333333 0.781054684375 0.12083333333333333 0.78203125 0.12048611041666667 0.78203125 0.11006944375000001 0.7888671875 0.09444444375000001 0.8 0.08987713541666667 0.8 0.08275462916666668 0.7986328125 0.07708333333333334 0.7888671875 0.0701388875
0 0.7298828125 0.2642361125 0.7181640625 0.2538194458333333 0.7025390625 0.25034722291666667 0.6830078125 0.2642361125 0.67421875 0.2798611125 0.668359375 0.29722222291666667 0.668359375 0.3076388895833333 0.66640625 0.3111111125 0.66640625 0.3458333333333333 0.676171875 0.38055555625 0.6888671875 0.403125 0.701171875 0.4125 0.7125000046875 0.4125 0.719140625 0.41180555625 0.7337890625 0.403125 0.74453125 0.3840277791666667 0.750390625 0.3631944458333333 0.7515625 0.3423611125 0.7515625 0.32430555624999996 0.746484375 0.29722222291666667 0.7298828125 0.2642361125
0 0.815625 0.33368055625 0.8 0.31979166666666664 0.778515625 0.31979166666666664 0.762890625 0.33368055625 0.7521484375 0.35625 0.7443359375 0.39097222291666667 0.7443359375 0.4256944458333333 0.7462890625 0.42916666666666664 0.7462890625 0.4395833333333333 0.7501953125 0.4465277791666667 0.7521484375 0.4569444458333333 0.7619140625 0.4777777791666667 0.77265625 0.4934027791666667 0.7819335921875 0.5 0.7853515703125 0.5 0.7970703125 0.4986111125 0.80390625 0.4934027791666667 0.809765625 0.4934027791666667 0.8263671875 0.4673611125 0.8341796875 0.4361111125 0.8359375 0.4048611125 0.8359375 0.40034722291666663 0.8283203125 0.35972222291666667 0.815625 0.33368055625
0 0.93671875 0.35381944375 0.92890625 0.346875 0.91328125 0.346875 0.90546875 0.35381944375 0.8966796875 0.36944444375 0.8908203125 0.39027777708333333 0.8890625 0.39965277708333335 0.8890625 0.4357638895833333 0.8908203125 0.4388888875 0.8927734375 0.46319444375 0.8986328125 0.4805555541666667 0.911328125 0.503125 0.91865234375 0.5083333333333333 0.9240234375 0.5083333333333333 0.930859375 0.5065972208333334 0.942578125 0.4961805541666667 0.9533203125 0.4736111104166667 0.95625 0.4579861104166667 0.95625 0.41328124791666665 0.9494140625 0.3798611104166667 0.93671875 0.35381944375
0 0.8513671875 0.7722222208333334 0.8396484375 0.7375 0.830859375 0.721875 0.807421875 0.7010416666666667 0.8015625 0.7010416666666667 0.799609375 0.69756944375 0.77421875 0.7010416666666667 0.7625 0.7079861104166666 0.748828125 0.721875 0.7263671875 0.7583333333333333 0.7146484375 0.7861111104166666 0.7146484375 0.7930555541666667 0.7068359375 0.8208333333333333 0.7068359375 0.83125 0.7048828125 0.8347222208333334 0.7048828125 0.8798611104166666 0.7126953125 0.9215277770833333 0.73515625 0.9649305541666667 0.744921875 0.971875 0.7546875 0.971875 0.75859375 0.9753472208333334 0.76025390625 0.98125 0.7611328125 0.98125 0.7615234375 0.9805555541666667 0.787890625 0.97881944375 0.79375 0.971875 0.803515625 0.9684027770833333 0.815234375 0.9545138875 0.8337890625 0.925 0.8513671875 0.86944444375 0.8513671875 0.8590277770833333 0.8546875 0.8442708333333333 0.8546875 0.7989583333333333 0.8533203125 0.7965277770833333 0.8513671875 0.7722222208333334
0 0.467578125 0.43888888958333333 0.4509765625 0.40243055624999996 0.4451171875 0.39548611250000004 0.4275390625 0.38506944583333336 0.4119140625 0.38506944583333336 0.3943359375 0.39548611250000004 0.3796875 0.41458333333333336 0.366015625 0.45277777916666667 0.3640625 0.49097222291666665 0.366015625 0.49444444583333336 0.366015625 0.51180555625 0.36796875 0.5222222229166666 0.371875 0.5291666666666667 0.371875 0.5361111104166666 0.3801846578125 0.5541666666666667 0.3824218765625 0.5541666666666667 0.38359375 0.5534722229166668 0.3962890625 0.5343750020833333 0.4197265625 0.5204861125 0.4412109375 0.5204861125 0.4490234375 0.52743055625 0.4548828125 0.52743055625 0.4607421875 0.5343750020833333 0.4646484375 0.5343750020833333 0.467578125 0.5291666666666667 0.471484375 0.4979166666666667 0.471875 0.4972222229166666 0.471875 0.4666666666666667 0.471484375 0.45972222291666665 0.467578125 0.43888888958333333
0 0.426171875 0.11631944375 0.42421875 0.1267361104166667 0.426171875 0.14756944375 0.4349609375 0.16666666666666666 0.437890625 0.16493055625 0.43984375 0.15451388958333334 0.4486328125 0.13888888958333334 0.4564453125 0.13194444375 0.4681640625 0.13194444375 0.4703125 0.128125 0.4703125 0.1232638875 0.4671875 0.109375 0.4623046875 0.10069444375 0.4525390625 0.09375 0.4427734375 0.09375 0.4349609375 0.10069444375 0.426171875 0.11631944375
0 0.4345703125 0.10104166666666667 0.4423828125 0.09409722291666665 0.4599609375 0.09756944583333334 0.4609375 0.0923611125 0.4501953125 0.06979166666666667 0.4365234375 0.06979166666666667 0.4267578125 0.08020833333333334 0.421875 0.09583333333333334 0.423828125 0.10972222291666665 0.4265625 0.11458333333333333 0.426953125 0.11458333333333333 0.427734375 0.11319444583333334 0.4345703125 0.10104166666666667
0 0.20859375 0.17986111249999998 0.2046875 0.18333333333333332 0.1978515625 0.19895833333333332 0.1978515625 0.22326388958333335 0.2041406234375 0.23125 0.2089843796875 0.23125 0.2154296875 0.23020833333333332 0.221875 0.21588541666666666 0.221875 0.19012345833333333 0.214453125 0.17986111249999998 0.20859375 0.17986111249999998
0 0.1185546875 0.2769097208333333 0.11171875 0.2925347208333333 0.11171875 0.31336805416666663 0.113671875 0.3203125 0.1166015625 0.3255208333333333 0.124511721875 0.32708333333333334 0.12552083281249998 0.32708333333333334 0.133203125 0.31684027708333334 0.134375 0.31059027708333337 0.134375 0.28420138749999996 0.1283203125 0.2734375 0.1185546875 0.2769097208333333
0 0.0271484375 0.4357638895833333 0.0271484375 0.46006944375000003 0.0296875 0.46458333333333335 0.03046875 0.46458333333333335 0.0310546875 0.4635416666666667 0.037890625 0.4548611104166667 0.046875 0.45340909166666665 0.046875 0.4270833333333333 0.045703125 0.4236111104166667 0.0363281234375 0.42083333333333334 0.03359375 0.42083333333333334 0.0291015625 0.42881944375000003 0.0271484375 0.4357638895833333
1 0.0125 0.46145833333333336 0.0056640625 0.47708333333333336 0.0056640625 0.5048611104166667 0.010546875 0.5170138875 0.012500001562499998 0.51875 0.0173828125 0.51875 0.0154296875 0.4979166666666667 0.0173828125 0.49444444375 0.0173828125 0.48402777708333333 0.021875 0.47337962916666665 0.021875 0.46770833333333334 0.018359375 0.46145833333333336 0.0125 0.46145833333333336
1 0.040234375 0.45069444583333335 0.0296875 0.46603535416666664 0.0296875 0.505059525 0.0360795453125 0.5229166666666667 0.039843754687499996 0.5229166666666667 0.0451171875 0.521875 0.0470703125 0.5184027791666667 0.0451171875 0.490625 0.05 0.46458333333333335 0.05 0.4576388895833333 0.04609375 0.45069444583333335 0.040234375 0.45069444583333335
1 0.0572265625 0.42534722291666666 0.0640625 0.44097222291666666 0.0671875 0.44375 0.0707031234375 0.44375 0.0748046875 0.4427083333333333 0.0806640625 0.4322916666666667 0.08125 0.42916666666666664 0.08125 0.39444444375000004 0.07578125 0.38194444375000003 0.07109375 0.37916666666666665 0.0694444453125 0.37916666666666665 0.0591796875 0.39409722291666666 0.0572265625 0.42534722291666666
1 0.2685546875 0.12795138958333332 0.2607421875 0.13489583333333333 0.25625 0.14927083333333335 0.25625 0.15399305625 0.2578125 0.16788194374999998 0.2607421875 0.17309027708333333 0.2674804703125 0.17708333333333334 0.2715820296875 0.17708333333333334 0.2783203125 0.17309027708333333 0.2828125 0.16190972291666667 0.2828125 0.13956404375 0.2744140625 0.12795138958333332 0.2685546875 0.12795138958333332
1 0.3369140625 0.15208333333333332 0.3330078125 0.14861111249999998 0.3193359375 0.14861111249999998 0.306640625 0.16770833333333332 0.303125 0.18333333541666666 0.303125 0.19648919791666666 0.3115234375 0.21805555625 0.3146484359375 0.22083333333333333 0.32128906874999996 0.22083333333333333 0.330078125 0.21979166666666666 0.33984375 0.209375 0.34375 0.19548611249999998 0.3453125 0.1788194458333333 0.3453125 0.1725694458333333 0.34375 0.16423611249999998 0.3369140625 0.15208333333333332
1 0.4794921875 0.13611111041666665 0.4736328125 0.1326388875 0.4560546875 0.1326388875 0.4482421875 0.13958333333333334 0.439453125 0.15520833333333334 0.4375 0.16215277708333334 0.4375 0.19340277708333334 0.44140625 0.20729166666666668 0.4482421875 0.21944444375 0.4560546890625 0.225 0.4697265546875 0.225 0.47265625 0.22465277708333334 0.4775390625 0.22291666666666668 0.486328125 0.20729166666666668 0.4921875 0.18298611041666665 0.4921875 0.165625 0.48828125 0.15173611041666665 0.4794921875 0.13611111041666665
1 0.5396484375 0.11388888958333333 0.5318359375 0.10694444583333333 0.5181640625 0.10694444583333333 0.5064453125 0.1173611125 0.499609375 0.1329861125 0.49765625 0.13993055625 0.49765625 0.16423611249999998 0.5015625 0.178125 0.5142578125 0.19722222291666666 0.5173828109375 0.2 0.52324219375 0.2 0.530859375 0.19895833333333332 0.5396484375 0.19375 0.550390625 0.17465277916666666 0.5515625 0.15590277916666664 0.5515625 0.14062500208333334 0.5484375 0.12951388958333332 0.5396484375 0.11388888958333333
1 0.55546875 0.04444444583333333 0.5515625 0.04791666666666667 0.5447265625 0.06354166666666666 0.5447265625 0.084375 0.5466796875 0.09131944583333333 0.55694444375 0.10625 0.5593750015625 0.10625 0.5623046875 0.10520833333333333 0.5623046875 0.09479166666666666 0.5603515625 0.09131944583333333 0.5623046875 0.08784722291666666 0.5623046875 0.07743055624999999 0.57109375 0.06180555625 0.5765625 0.05763888958333333 0.5765625 0.05470679166666667 0.569140625 0.04444444583333333 0.55546875 0.04444444583333333
1 0.6296875 0.062152779166666665 0.612109375 0.06562500208333334 0.6033203125 0.08125 0.6013671875 0.09166666666666666 0.6013671875 0.10902777916666667 0.6033203125 0.11597222291666666 0.6191556484375 0.1375 0.6275390562500001 0.1375 0.6326171875 0.13680555416666668 0.6423828125 0.12291666666666666 0.6453125 0.1125 0.6453125 0.0907986125 0.6423828125 0.07777777916666667 0.6296875 0.062152779166666665
1 0.73046875 0.08472222291666666 0.7216796875 0.062152779166666665 0.7138671875 0.05520833541666667 0.7041015625 0.05520833541666667 0.693359375 0.07083333333333333 0.69140625 0.07777777916666667 0.69140625 0.09513888958333333 0.6982421875 0.11076388958333333 0.7041015625 0.1142361125 0.708984375 0.12291666666666666 0.720703125 0.12291666666666666 0.73046875 0.10208333333333333 0.73046875 0.08472222291666666
1 0.648828125 0.17881944375 0.644921875 0.19965277708333332 0.644921875 0.22048611041666666 0.6546875 0.24826388958333334 0.6654296875 0.26388888958333334 0.6701171875 0.26666666666666666 0.6748046859375 0.26666666666666666 0.680078125 0.265625 0.6927734375 0.25347222291666666 0.7025390625 0.25 0.709375 0.23090277708333332 0.7109375 0.21423611041666665 0.7109375 0.20798611041666665 0.70546875 0.17881944375 0.6927734375 0.15625 0.6810546875 0.15277777708333332 0.6794921875 0.15 0.6703776046875001 0.15 0.6576171875 0.15972222291666668 0.648828125 0.17881944375
1 0.4296875 0.7486111125 0.4296875 0.7416666666666667 0.435546875 0.7208333333333333 0.4521484375 0.6878472229166667 0.4755859375 0.6635416666666667 0.4931640625 0.6565972229166667 0.49609375 0.6513888895833334 0.49609375 0.6201388895833334 0.494140625 0.6166666666666667 0.494140625 0.60625 0.484375 0.575 0.4599609375 0.5350694458333333 0.4365234375 0.5211805562499999 0.4130859375 0.5246527791666666 0.3935546875 0.5385416666666667 0.373046875 0.5784722229166667 0.36328125 0.6201388895833334 0.36328125 0.66875 0.37109375 0.7 0.376953125 0.7138888895833334 0.3935546875 0.7434027791666666 0.4013671875 0.7503472229166667 0.4072265625 0.7503472229166667 0.41552734375 0.75625 0.4222656265625 0.75625 0.42578125 0.75555555625 0.4296875 0.7486111125