1 0.3681640625 0.7534722229166667 0.3505859375 0.7361111104166667 0.3388671875 0.7291666666666666 0.3310546875 0.7291666666666666 0.3291015625 0.7256944437499999 0.3095703125 0.7256944437499999 0.3076171875 0.7291666666666666 0.3017578125 0.7291666666666666 0.2900390625 0.7361111104166667 0.2783203125 0.75 0.267578125 0.7690972229166667 0.2578125 0.796875 0.2578125 0.8038194437499999 0.25390625 0.8142361104166667 0.25390625 0.8385416666666666 0.251953125 0.8420138895833333 0.25390625 0.8732638895833333 0.2578125 0.8871527770833333 0.2578125 0.8975694437499999 0.265625 0.9253472229166667 0.2734375 0.9427083333333334 0.2998046875 0.9791666666666666 0.3173828125 0.9861111104166667 0.3193359375 0.9895833333333334 0.34375 0.9878472229166667 0.3623046875 0.9826388895833333 0.38671875 0.953125 0.400390625 0.9149305562500001 0.400390625 0.9010416666666666 0.404296875 0.8836805562500001 0.40234375 0.8802083333333334 0.404296875 0.8767361104166667 0.40234375 0.8454861104166667 0.390625 0.7934027770833333 0.3681640625 0.7534722229166667
1 0.38671875 0.26909722291666666 0.38671875 0.28993055624999997 0.39453125 0.3142361104166667 0.4033203125 0.3263888895833333 0.4091796875 0.3298611104166667 0.423828125 0.328125 0.4306640625 0.3229166666666667 0.4375 0.3107638895833333 0.443359375 0.2829861104166667 0.443359375 0.265625 0.4375 0.24479166666666666 0.4326171875 0.23611111041666666 0.4150390625 0.22569444375 0.4052734375 0.22916666666666666 0.390625 0.25173611041666666 0.38671875 0.26909722291666666
1 0.4326171875 0.23611111041666666 0.4375 0.24479166666666666 0.443359375 0.265625 0.443359375 0.2760416666666667 0.447265625 0.2760416666666667 0.453125 0.25868055625 0.453125 0.23090277708333332 0.4462890625 0.21180555625 0.4345703125 0.20138888958333334 0.4248046875 0.20138888958333334 0.4150390625 0.20833333333333334 0.40625 0.22395833333333334 0.4072265625 0.22916666666666666 0.4228515625 0.22916666666666666 0.4326171875 0.23611111041666666
1 0.4521484375 0.22222222291666668 0.453125 0.22048611041666666 0.4658203125 0.19444444375 0.4765625 0.18923611041666666 0.474609375 0.171875 0.4638671875 0.15625 0.4521484375 0.15625 0.4443359375 0.16319444375 0.4375 0.17881944375 0.4375 0.203125 0.4443359375 0.20833333333333334 0.4521484375 0.22222222291666668
1 0.4970703125 0.17361111041666666 0.5087890625 0.17361111041666666 0.5146484375 0.18055555625 0.5185546875 0.18055555625 0.51953125 0.18576388958333334 0.5224609375 0.19097222291666668 0.5234375 0.18923611041666666 0.5244140625 0.18402777708333332 0.533203125 0.17534722291666668 0.533203125 0.16840277708333332 0.53125 0.16145833333333334 0.5224609375 0.14930555625 0.5166015625 0.14583333333333334 0.5029296875 0.14930555625 0.494140625 0.16840277708333332 0.4951171875 0.17708333333333334 0.4970703125 0.17361111041666666
1 0.5 0.203125 0.5068359375 0.19791666666666666 0.5205078125 0.20138888958333334 0.5234375 0.18576388958333334 0.5126953125 0.17361111041666666 0.5068359375 0.17361111041666666 0.5048828125 0.17013888958333334 0.4970703125 0.17013888958333334 0.484375 0.18576388958333334 0.4853515625 0.19097222291666668 0.5 0.203125
1 0.5322265625 0.21180555625 0.541015625 0.23090277708333332 0.54296875 0.25868055625 0.552734375 0.25868055625 0.568359375 0.234375 0.5703125 0.22743055625 0.5703125 0.203125 0.564453125 0.18576388958333334 0.5556640625 0.17361111041666666 0.5400390625 0.17013888958333334 0.5302734375 0.17708333333333334 0.525390625 0.18576388958333334 0.5234375 0.203125 0.5322265625 0.21180555625
1 0.7109375 0.36284722291666666 0.7109375 0.38715277708333334 0.708984375 0.390625 0.7109375 0.41493055624999997 0.71875 0.4392361104166667 0.7373046875 0.46527777708333334 0.7431640625 0.46875 0.763671875 0.4670138895833333 0.7724609375 0.46180555624999997 0.787109375 0.4357638895833333 0.791015625 0.41840277708333334 0.791015625 0.3767361104166667 0.78125 0.3420138895833333 0.7685546875 0.3229166666666667 0.7587890625 0.31597222291666666 0.7392578125 0.31597222291666666 0.7275390625 0.3263888895833333 0.7109375 0.36284722291666666
1 0.3515625 0.24479166666666666 0.3564453125 0.25347222291666666 0.357421875 0.25173611041666666 0.359375 0.23784722291666668 0.3681640625 0.21875 0.3779296875 0.21180555625 0.388671875 0.21006944375 0.3837890625 0.19791666666666666 0.3779296875 0.19444444375 0.3642578125 0.19444444375 0.357421875 0.203125 0.3515625 0.22048611041666666 0.3515625 0.24479166666666666
1 0.3271484375 0.2708333333333333 0.337890625 0.26909722291666666 0.3427734375 0.2673611104166667 0.3515625 0.24826388958333334 0.3515625 0.21701388958333334 0.3408203125 0.20138888958333334 0.3291015625 0.20138888958333334 0.318359375 0.21701388958333334 0.314453125 0.23090277708333332 0.314453125 0.24826388958333334 0.3232421875 0.2673611104166667 0.3271484375 0.2708333333333333
1 0.353515625 0.21354166666666666 0.35546875 0.21006944375 0.35546875 0.19618055625 0.3447265625 0.18055555625 0.3349609375 0.18055555625 0.3310546875 0.18402777708333332 0.32421875 0.19965277708333332 0.3251953125 0.20486111041666666 0.3408203125 0.20138888958333334 0.3505859375 0.21527777708333332 0.353515625 0.21354166666666666
1 0.3759765625 0.17708333333333334 0.3798828125 0.17708333333333334 0.380859375 0.171875 0.3681640625 0.17013888958333334 0.3642578125 0.17361111041666666 0.35546875 0.19618055625 0.35546875 0.19965277708333332 0.3583984375 0.20486111041666666 0.359375 0.203125 0.3759765625 0.17708333333333334
0 0.3994140625 0.22569444375 0.404296875 0.22395833333333334 0.408203125 0.203125 0.404296875 0.18576388958333334 0.3994140625 0.17708333333333334 0.3955078125 0.17361111041666666 0.3798828125 0.17361111041666666 0.373046875 0.18229166666666666 0.37109375 0.18923611041666666 0.3740234375 0.19444444375 0.3818359375 0.19791666666666666 0.3994140625 0.22569444375
0 0.357421875 0.26909722291666666 0.361328125 0.2829861104166667 0.3720703125 0.2986111104166667 0.3779296875 0.3020833333333333 0.3828125 0.30034722291666666 0.388671875 0.296875 0.38671875 0.28993055624999997 0.388671875 0.2552083333333333 0.40234375 0.23090277708333332 0.3896484375 0.21180555625 0.3779296875 0.21180555625 0.3720703125 0.21875 0.3681640625 0.21875 0.357421875 0.24479166666666666 0.357421875 0.26909722291666666
0 0.453125 0.24826388958333334 0.45703125 0.26215277708333334 0.4638671875 0.27430555624999997 0.4716796875 0.28125 0.486328125 0.2795138895833333 0.48828125 0.27256944375000003 0.482421875 0.24826388958333334 0.48828125 0.21701388958333334 0.4970703125 0.20833333333333334 0.498046875 0.203125 0.4873046875 0.19097222291666668 0.4716796875 0.19097222291666668 0.4658203125 0.19444444375 0.453125 0.22048611041666666 0.453125 0.24826388958333334
0 0.484375 0.24131944375 0.484375 0.26215277708333334 0.48828125 0.2760416666666667 0.4970703125 0.2916666666666667 0.5048828125 0.2986111104166667 0.515625 0.30034722291666666 0.5283203125 0.2951388895833333 0.537109375 0.2795138895833333 0.54296875 0.25868055625 0.54296875 0.24479166666666666 0.5390625 0.22743055625 0.5302734375 0.20833333333333334 0.5224609375 0.20138888958333334 0.5029296875 0.20138888958333334 0.48828125 0.22048611041666666 0.484375 0.24131944375
0 0.3642578125 0.4236111104166667 0.3427734375 0.4236111104166667 0.3271484375 0.4375 0.310546875 0.4704861104166667 0.306640625 0.5017361104166667 0.3046875 0.5052083333333334 0.3046875 0.5260416666666666 0.3125 0.5607638895833333 0.3271484375 0.5868055562500001 0.3369140625 0.5972222229166667 0.3466796875 0.5972222229166667 0.3486328125 0.6006944437499999 0.361328125 0.5989583333333334 0.3701171875 0.5972222229166667 0.3818359375 0.5868055562500001 0.39453125 0.5642361104166667 0.40234375 0.5295138895833333 0.40234375 0.48784722291666666 0.396484375 0.4635416666666667 0.3857421875 0.44097222291666666 0.3720703125 0.4270833333333333 0.3662109375 0.4270833333333333 0.3642578125 0.4236111104166667
0 0.2587890625 0.3611111104166667 0.25 0.3767361104166667 0.244140625 0.4010416666666667 0.244140625 0.42881944375000003 0.248046875 0.44965277708333334 0.2587890625 0.46875 0.2724609375 0.4791666666666667 0.28515625 0.47743055624999997 0.2978515625 0.46875 0.3046875 0.45659722291666666 0.310546875 0.42881944375000003 0.310546875 0.39409722291666666 0.30859375 0.390625 0.30859375 0.3802083333333333 0.2978515625 0.3611111104166667 0.2841796875 0.35069444375000003 0.2705078125 0.35069444375000003 0.2587890625 0.3611111104166667
0 0.2841796875 0.35069444375000003 0.2978515625 0.3611111104166667 0.3076171875 0.37847222291666666 0.310546875 0.3767361104166667 0.31640625 0.359375 0.31640625 0.32465277708333334 0.3125 0.3107638895833333 0.3056640625 0.2986111104166667 0.2958984375 0.2916666666666667 0.2861328125 0.2916666666666667 0.2744140625 0.3020833333333333 0.263671875 0.328125 0.26171875 0.35243055624999997 0.2841796875 0.35069444375000003
0 0.25 0.3107638895833333 0.259765625 0.29340277708333334 0.26171875 0.27256944375000003 0.2548828125 0.25 0.2509765625 0.24652777708333332 0.2412109375 0.24652777708333332 0.228515625 0.265625 0.2265625 0.28993055624999997 0.2333984375 0.30902777708333334 0.2373046875 0.3125 0.25 0.3107638895833333
0 0.1845703125 0.3611111104166667 0.197265625 0.359375 0.205078125 0.3489583333333333 0.208984375 0.33506944375000003 0.208984375 0.3142361104166667 0.2041015625 0.2986111104166667 0.1923828125 0.2916666666666667 0.1806640625 0.3020833333333333 0.17578125 0.3142361104166667 0.17578125 0.3454861104166667 0.177734375 0.35243055624999997 0.1845703125 0.3611111104166667
0 0.31640625 0.25868055625 0.314453125 0.23090277708333332 0.322265625 0.20659722291666668 0.3134765625 0.19791666666666666 0.3037109375 0.20138888958333334 0.29296875 0.22395833333333334 0.294921875 0.25173611041666666 0.3037109375 0.26388888958333334 0.3125 0.26215277708333334 0.31640625 0.25868055625
0 0.134765625 0.4010416666666667 0.13671875 0.41840277708333334 0.140625 0.41840277708333334 0.1484375 0.4010416666666667 0.1484375 0.390625 0.150390625 0.38715277708333334 0.1484375 0.3697916666666667 0.1416015625 0.3541666666666667 0.1298828125 0.35069444375000003 0.119140625 0.36631944375000003 0.1171875 0.3802083333333333 0.1279296875 0.3854166666666667 0.134765625 0.4010416666666667
0 0.1142578125 0.46180555624999997 0.123046875 0.46006944375000003 0.134765625 0.4427083333333333 0.13671875 0.4114583333333333 0.1328125 0.390625 0.1298828125 0.3854166666666667 0.1162109375 0.38194444375000003 0.1123046875 0.3854166666666667 0.1015625 0.4079861104166667 0.1015625 0.4392361104166667 0.1064453125 0.4548611104166667 0.1142578125 0.46180555624999997
0 0.083984375 0.4427083333333333 0.0908203125 0.4583333333333333 0.0947265625 0.46180555624999997 0.1015625 0.46006944375000003 0.10546875 0.45659722291666666 0.10546875 0.44965277708333334 0.1015625 0.4392361104166667 0.1015625 0.4079861104166667 0.107421875 0.39409722291666666 0.1044921875 0.3888888895833333 0.0947265625 0.3888888895833333 0.0859375 0.4045138895833333 0.083984375 0.41493055624999997 0.083984375 0.4427083333333333
0 0.62109375 0.25173611041666666 0.619140625 0.27256944375000003 0.6171875 0.2760416666666667 0.619140625 0.296875 0.623046875 0.3107638895833333 0.6357421875 0.3333333333333333 0.6455078125 0.34027777708333334 0.66015625 0.3385416666666667 0.6708984375 0.3298611104166667 0.6796875 0.3107638895833333 0.68359375 0.29340277708333334 0.68359375 0.27256944375000003 0.677734375 0.24826388958333334 0.6669921875 0.22916666666666666 0.6572265625 0.22222222291666668 0.6396484375 0.22222222291666668 0.6318359375 0.22916666666666666 0.62109375 0.25173611041666666