1 0.50390625 0.41840277708333334 0.49609375 0.4427083333333333 0.494140625 0.4635416666666667 0.4921875 0.4670138895833333 0.4921875 0.48090277708333334 0.494140625 0.484375 0.498046875 0.515625 0.5146484375 0.5486111104166667 0.5263671875 0.5625 0.5400390625 0.5729166666666666 0.5546875 0.5711805562500001 0.5712890625 0.5625 0.58984375 0.5329861104166667 0.59765625 0.50868055625 0.599609375 0.45659722291666666 0.591796875 0.42534722291666666 0.5771484375 0.39930555624999997 0.5556640625 0.38194444375000003 0.5380859375 0.38194444375000003 0.5166015625 0.3958333333333333 0.50390625 0.41840277708333334
1 0.30078125 0.21701388958333334 0.3076171875 0.23611111041666666 0.3154296875 0.24305555625 0.328125 0.24131944375 0.33984375 0.22395833333333334 0.34375 0.20659722291666668 0.34375 0.19618055625 0.341796875 0.18576388958333334 0.3330078125 0.17013888958333334 0.3212890625 0.16666666666666666 0.3115234375 0.17361111041666666 0.302734375 0.18923611041666666 0.30078125 0.19618055625 0.30078125 0.21701388958333334
1 0.30859375 0.17534722291666668 0.3232421875 0.16666666666666666 0.328125 0.15798611041666666 0.328125 0.140625 0.3212890625 0.125 0.3154296875 0.12152777708333334 0.3076171875 0.125 0.298828125 0.140625 0.298828125 0.16493055625 0.3037109375 0.17361111041666666 0.30859375 0.17534722291666668
1 0.3642578125 0.15972222291666668 0.37109375 0.15798611041666666 0.3779296875 0.15277777708333332 0.3828125 0.140625 0.384765625 0.11979166666666667 0.3779296875 0.10416666666666667 0.3662109375 0.10069444375 0.353515625 0.11631944375 0.3515625 0.13368055625 0.353515625 0.14409722291666668 0.3603515625 0.15625 0.3642578125 0.15972222291666668
1 0.4150390625 0.17361111041666666 0.42578125 0.171875 0.439453125 0.15104166666666666 0.439453125 0.12326388958333333 0.4306640625 0.10763888958333333 0.4189453125 0.10416666666666667 0.4091796875 0.11111111041666667 0.404296875 0.11979166666666667 0.400390625 0.13020833333333334 0.400390625 0.14756944375 0.4111328125 0.17013888958333334 0.4150390625 0.17361111041666666
1 0.572265625 0.06423611041666667 0.5654296875 0.052083333333333336 0.5517578125 0.052083333333333336 0.54296875 0.06423611041666667 0.541015625 0.08506944375 0.5517578125 0.10763888958333333 0.564453125 0.10590277708333334 0.564453125 0.08854166666666667 0.572265625 0.06423611041666667
1 0.5791015625 0.12847222291666666 0.58984375 0.1267361104166667 0.599609375 0.11284722291666666 0.6015625 0.10590277708333334 0.6015625 0.08506944375 0.5947265625 0.06944444375 0.5869140625 0.0625 0.5732421875 0.06597222291666667 0.56640625 0.078125 0.564453125 0.10243055625 0.5751953125 0.125 0.5791015625 0.12847222291666666
1 0.623046875 0.09895833333333333 0.62109375 0.109375 0.623046875 0.13020833333333334 0.6337890625 0.15277777708333332 0.6396484375 0.15625 0.650390625 0.15451388958333334 0.6533203125 0.15277777708333332 0.662109375 0.13368055625 0.662109375 0.12326388958333333 0.6640625 0.11979166666666667 0.662109375 0.11631944375 0.662109375 0.10590277708333334 0.658203125 0.09548611041666667 0.6513671875 0.08680555625 0.6337890625 0.08333333333333333 0.623046875 0.09895833333333333
1 0.6630859375 0.11111111041666667 0.669921875 0.109375 0.6796875 0.09548611041666667 0.6796875 0.078125 0.6728515625 0.05902777708333333 0.6650390625 0.052083333333333336 0.6552734375 0.052083333333333336 0.6484375 0.060763889583333335 0.646484375 0.08159722291666666 0.6552734375 0.09027777708333334 0.662109375 0.10243055625 0.6630859375 0.11111111041666667
1 0.7353515625 0.13194444375 0.740234375 0.13020833333333334 0.7470703125 0.125 0.751953125 0.11284722291666666 0.751953125 0.09548611041666667 0.75 0.08854166666666667 0.7373046875 0.06944444375 0.7255859375 0.07291666666666667 0.720703125 0.08159722291666666 0.71875 0.10243055625 0.7314453125 0.12847222291666666 0.7353515625 0.13194444375
1 0.8095703125 0.20833333333333334 0.818359375 0.20659722291666668 0.830078125 0.18923611041666666 0.830078125 0.16145833333333334 0.828125 0.15104166666666666 0.8154296875 0.13194444375 0.8017578125 0.13194444375 0.794921875 0.140625 0.791015625 0.15451388958333334 0.79296875 0.17881944375 0.8056640625 0.20486111041666666 0.8095703125 0.20833333333333334
0 0.9130859375 0.2708333333333333 0.91796875 0.27256944375000003 0.923828125 0.24479166666666666 0.9306640625 0.23611111041666666 0.93359375 0.22743055625 0.9296875 0.21006944375 0.9228515625 0.19791666666666666 0.9091796875 0.19444444375 0.90234375 0.21006944375 0.900390625 0.24131944375 0.904296875 0.2552083333333333 0.9130859375 0.2708333333333333
0 0.8408203125 0.15625 0.849609375 0.15451388958333334 0.853515625 0.14756944375 0.85546875 0.13715277708333332 0.853515625 0.11631944375 0.8408203125 0.09722222291666666 0.8310546875 0.10069444375 0.826171875 0.11284722291666666 0.826171875 0.13020833333333334 0.828125 0.13715277708333332 0.8330078125 0.14930555625 0.8408203125 0.15625
0 0.68359375 0.14409722291666668 0.68359375 0.16145833333333334 0.6875 0.17881944375 0.6982421875 0.19791666666666666 0.7109375 0.203125 0.7158203125 0.20138888958333334 0.7265625 0.18923611041666666 0.73046875 0.17534722291666668 0.73046875 0.14756944375 0.7265625 0.13368055625 0.7158203125 0.11805555625 0.7021484375 0.11458333333333333 0.6923828125 0.12152777708333334 0.6875 0.13020833333333334 0.68359375 0.14409722291666668
0 0.5126953125 0.11458333333333333 0.51953125 0.11284722291666666 0.5283203125 0.10763888958333333 0.533203125 0.09548611041666667 0.533203125 0.07118055625 0.5224609375 0.05555555625 0.5107421875 0.05555555625 0.501953125 0.06770833333333333 0.5 0.07465277708333334 0.5 0.09201388958333333 0.501953125 0.09895833333333333 0.5126953125 0.11458333333333333
0 0.4775390625 0.2673611104166667 0.4755859375 0.2708333333333333 0.4677734375 0.2708333333333333 0.4580078125 0.27777777708333334 0.443359375 0.30381944375000003 0.439453125 0.32118055624999997 0.439453125 0.35243055624999997 0.4453125 0.3802083333333333 0.4541015625 0.39930555624999997 0.4716796875 0.41319444375000003 0.484375 0.4114583333333333 0.4912109375 0.40972222291666666 0.5029296875 0.39930555624999997 0.505859375 0.390625 0.51171875 0.38368055624999997 0.51953125 0.35590277708333334 0.51953125 0.3177083333333333 0.513671875 0.296875 0.5068359375 0.28472222291666666 0.4931640625 0.2708333333333333 0.4775390625 0.2673611104166667
0 0.392578125 0.4357638895833333 0.3828125 0.47743055624999997 0.3828125 0.4947916666666667 0.384765625 0.4982638895833333 0.38671875 0.52256944375 0.3955078125 0.5486111104166667 0.4150390625 0.5729166666666666 0.4267578125 0.5763888895833333 0.4287109375 0.5798611104166667 0.44140625 0.578125 0.4619140625 0.5659722229166667 0.48046875 0.5364583333333334 0.486328125 0.50868055625 0.486328125 0.4739583333333333 0.478515625 0.4392361104166667 0.4638671875 0.40972222291666666 0.4482421875 0.39930555624999997 0.4228515625 0.39930555624999997 0.4111328125 0.40625 0.392578125 0.4357638895833333
0 0.2939453125 0.27430555624999997 0.27734375 0.3072916666666667 0.27734375 0.3454861104166667 0.28125 0.359375 0.2900390625 0.37152777708333334 0.2998046875 0.37847222291666666 0.310546875 0.3802083333333333 0.3193359375 0.37847222291666666 0.328125 0.36631944375000003 0.337890625 0.33159722291666666 0.337890625 0.3107638895833333 0.3359375 0.3072916666666667 0.3359375 0.296875 0.3271484375 0.27777777708333334 0.3212890625 0.2708333333333333 0.3037109375 0.2673611104166667 0.2939453125 0.27430555624999997
0 0.2490234375 0.28819444375000003 0.236328125 0.3072916666666667 0.232421875 0.32118055624999997 0.23046875 0.3420138895833333 0.232421875 0.3454861104166667 0.232421875 0.36284722291666666 0.234375 0.3697916666666667 0.2431640625 0.3854166666666667 0.2509765625 0.3923611104166667 0.265625 0.390625 0.2724609375 0.3854166666666667 0.28125 0.36284722291666666 0.27734375 0.3454861104166667 0.27734375 0.3072916666666667 0.279296875 0.30381944375000003 0.2744140625 0.2916666666666667 0.2666015625 0.28472222291666666 0.2568359375 0.28472222291666666 0.2548828125 0.28819444375000003 0.2490234375 0.28819444375000003
0 0.212890625 0.27256944375000003 0.212890625 0.30034722291666666 0.21484375 0.3072916666666667 0.2236328125 0.3229166666666667 0.23046875 0.32465277708333334 0.23828125 0.30381944375000003 0.2490234375 0.28819444375000003 0.2529296875 0.28819444375000003 0.255859375 0.2795138895833333 0.251953125 0.25868055625 0.2451171875 0.24652777708333332 0.2392578125 0.24305555625 0.2255859375 0.24652777708333332 0.216796875 0.25868055625 0.212890625 0.27256944375000003
0 0.1953125 0.2864583333333333 0.2021484375 0.2951388895833333 0.212890625 0.29340277708333334 0.212890625 0.27256944375000003 0.216796875 0.25868055625 0.224609375 0.24826388958333334 0.224609375 0.24131944375 0.2119140625 0.22569444375 0.2099609375 0.22916666666666666 0.2041015625 0.22916666666666666 0.193359375 0.24826388958333334 0.19140625 0.26909722291666666 0.1953125 0.2864583333333333
0 0.1376953125 0.3611111104166667 0.142578125 0.3489583333333333 0.14453125 0.32118055624999997 0.1376953125 0.3020833333333333 0.1259765625 0.3020833333333333 0.1171875 0.3177083333333333 0.115234375 0.3489583333333333 0.1220703125 0.3645833333333333 0.134765625 0.36284722291666666 0.1376953125 0.3611111104166667
0 0.251953125 0.21006944375 0.26171875 0.19965277708333332 0.265625 0.18229166666666666 0.263671875 0.16840277708333332 0.2548828125 0.15625 0.2431640625 0.16319444375 0.23828125 0.17534722291666668 0.23828125 0.19618055625 0.240234375 0.203125 0.2451171875 0.21180555625 0.251953125 0.21006944375
0 0.2421875 0.21006944375 0.23828125 0.19618055625 0.2392578125 0.16319444375 0.2294921875 0.16666666666666666 0.22265625 0.17881944375 0.224609375 0.203125 0.2294921875 0.21180555625 0.2333984375 0.21527777708333332 0.236328125 0.21354166666666666 0.2421875 0.21006944375
0 0.298828125 0.17534722291666668 0.298828125 0.15104166666666666 0.296875 0.14409722291666668 0.2919921875 0.13888888958333334 0.2822265625 0.13888888958333334 0.271484375 0.15451388958333334 0.26953125 0.171875 0.2783203125 0.19097222291666668 0.291015625 0.18923611041666666 0.298828125 0.17534722291666668