1 0.60546875 0.7378472229166667 0.6015625 0.7239583333333334 0.6015625 0.7135416666666666 0.59765625 0.7065972229166667 0.59765625 0.6996527770833333 0.5830078125 0.6701388895833333 0.5595703125 0.6423611104166667 0.5478515625 0.6388888895833333 0.5458984375 0.6354166666666666 0.5283203125 0.6319444437499999 0.5263671875 0.6354166666666666 0.5087890625 0.6354166666666666 0.4970703125 0.6423611104166667 0.4794921875 0.6597222229166667 0.466796875 0.6857638895833333 0.462890625 0.6892361104166667 0.453125 0.7239583333333334 0.453125 0.7378472229166667 0.44921875 0.7552083333333334 0.44921875 0.7864583333333334 0.453125 0.8003472229166667 0.453125 0.8142361104166667 0.45703125 0.8315972229166667 0.4755859375 0.8680555562500001 0.4951171875 0.8888888895833333 0.5029296875 0.8888888895833333 0.5146484375 0.8993055562500001 0.533203125 0.8975694437499999 0.5595703125 0.8888888895833333 0.5673828125 0.8819444437499999 0.59375 0.8420138895833333 0.59375 0.8350694437499999 0.6015625 0.8142361104166667 0.607421875 0.7621527770833333 0.60546875 0.7586805562500001 0.60546875 0.7378472229166667
1 0.31640625 0.15104166666666666 0.31640625 0.171875 0.3203125 0.18229166666666666 0.3271484375 0.19097222291666668 0.337890625 0.19270833333333334 0.3486328125 0.18402777708333332 0.35546875 0.16493055625 0.35546875 0.140625 0.3427734375 0.12152777708333334 0.3330078125 0.12152777708333334 0.3291015625 0.125 0.3203125 0.13715277708333332 0.31640625 0.15104166666666666
1 0.427734375 0.08506944375 0.427734375 0.09548611041666667 0.42578125 0.09895833333333333 0.4296875 0.11631944375 0.4345703125 0.125 0.443359375 0.1267361104166667 0.4501953125 0.125 0.45703125 0.11284722291666666 0.4609375 0.09548611041666667 0.458984375 0.08159722291666666 0.4501953125 0.06944444375 0.4384765625 0.06944444375 0.4326171875 0.07638888958333333 0.427734375 0.08506944375
1 0.5068359375 0.10069444375 0.521484375 0.09895833333333333 0.529296875 0.08506944375 0.53125 0.06770833333333333 0.529296875 0.060763889583333335 0.5205078125 0.048611110416666665 0.5087890625 0.048611110416666665 0.501953125 0.057291666666666664 0.498046875 0.078125 0.5068359375 0.10069444375
1 0.6396484375 0.10763888958333333 0.6513671875 0.12152777708333334 0.65625 0.11979166666666667 0.65625 0.09548611041666667 0.6474609375 0.07638888958333333 0.6435546875 0.07291666666666667 0.6337890625 0.07291666666666667 0.6279296875 0.07638888958333333 0.623046875 0.08854166666666667 0.6240234375 0.10763888958333333 0.6396484375 0.10763888958333333
1 0.548828125 0.060763889583333335 0.548828125 0.08159722291666666 0.5537109375 0.08680555625 0.55859375 0.08506944375 0.55859375 0.078125 0.5654296875 0.06597222291666667 0.57421875 0.060763889583333335 0.57421875 0.05381944375 0.5699203328125 0.05273019583333333 0.5582117015625 0.04818994375 0.552734375 0.057291666666666664 0.548828125 0.060763889583333335
1 0.6689453125 0.1875 0.6748046875 0.19444444375 0.6796875 0.19270833333333334 0.677734375 0.18229166666666666 0.677734375 0.15798611041666666 0.681640625 0.14756944375 0.6806640625 0.11805555625 0.6728515625 0.12152777708333334 0.662109375 0.140625 0.662109375 0.171875 0.6689453125 0.1875
1 0.7255859375 0.11458333333333333 0.7265625 0.109375 0.7197265625 0.09722222291666666 0.7158203125 0.09722222291666666 0.712890625 0.10243055625 0.712890625 0.11631944375 0.72265625 0.11631944375 0.7255859375 0.11458333333333333
1 0.791015625 0.15798611041666666 0.787109375 0.171875 0.787109375 0.18923611041666666 0.7890625 0.19618055625 0.7939453125 0.20486111041666666 0.796875 0.203125 0.8037109375 0.19097222291666668 0.8095703125 0.1875 0.8154296875 0.19097222291666668 0.82421875 0.18923611041666666 0.8203125 0.16840277708333332 0.8076171875 0.14930555625 0.7978515625 0.14930555625 0.791015625 0.15798611041666666
1 0.8310546875 0.21875 0.8251953125 0.21875 0.814453125 0.23090277708333332 0.8125 0.24479166666666666 0.81640625 0.25173611041666666 0.822265625 0.2760416666666667 0.822265625 0.3107638895833333 0.8251953125 0.31597222291666666 0.833984375 0.3177083333333333 0.845703125 0.3107638895833333 0.84765625 0.2864583333333333 0.853515625 0.27256944375000003 0.853515625 0.25868055625 0.8515625 0.2552083333333333 0.8515625 0.24479166666666666 0.8447265625 0.22916666666666666 0.8310546875 0.21875
1 0.8603515625 0.26388888958333334 0.853515625 0.27256944375000003 0.84765625 0.28993055624999997 0.845703125 0.3177083333333333 0.853515625 0.35243055624999997 0.8603515625 0.3645833333333333 0.87109375 0.36631944375000003 0.8798828125 0.3645833333333333 0.890625 0.3489583333333333 0.89453125 0.33159722291666666 0.89453125 0.30381944375000003 0.888671875 0.2829861104166667 0.8798828125 0.2673611104166667 0.8759765625 0.26388888958333334 0.8603515625 0.26388888958333334
0 0.90625 0.24826388958333334 0.90625 0.2760416666666667 0.90234375 0.2864583333333333 0.9052734375 0.2916666666666667 0.916015625 0.28993055624999997 0.923828125 0.2795138895833333 0.92578125 0.26909722291666666 0.923828125 0.24479166666666666 0.919921875 0.23090277708333332 0.9130859375 0.21875 0.9013671875 0.21875 0.900390625 0.22743055625 0.90625 0.24826388958333334
0 0.87890625 0.22048611041666666 0.87890625 0.22743055625 0.888671875 0.265625 0.888671875 0.2829861104166667 0.890625 0.28993055624999997 0.8935546875 0.2951388895833333 0.89453125 0.29340277708333334 0.9013671875 0.28819444375000003 0.90625 0.2760416666666667 0.90625 0.24826388958333334 0.90234375 0.23090277708333332 0.8974609375 0.22222222291666668 0.8896484375 0.21527777708333332 0.8837890625 0.21527777708333332 0.87890625 0.22048611041666666
0 0.8603515625 0.22916666666666666 0.8662109375 0.22916666666666666 0.880859375 0.24131944375 0.87890625 0.22743055625 0.8662109375 0.21180555625 0.8564453125 0.21180555625 0.8525390625 0.21527777708333332 0.84765625 0.22743055625 0.84765625 0.234375 0.8505859375 0.23958333333333334 0.8603515625 0.22916666666666666
0 0.82421875 0.19270833333333334 0.83203125 0.20659722291666668 0.8369140625 0.22222222291666668 0.8447265625 0.22916666666666666 0.84765625 0.22743055625 0.8505859375 0.21875 0.859375 0.21006944375 0.857421875 0.19618055625 0.8466796875 0.17361111041666666 0.8427734375 0.17013888958333334 0.8330078125 0.17013888958333334 0.826171875 0.17881944375 0.82421875 0.19270833333333334
0 0.7763671875 0.23611111041666666 0.767578125 0.2552083333333333 0.765625 0.265625 0.767578125 0.30034722291666666 0.7822265625 0.3298611104166667 0.7939453125 0.33680555624999997 0.802734375 0.33506944375000003 0.8095703125 0.3298611104166667 0.8203125 0.3107638895833333 0.822265625 0.2760416666666667 0.818359375 0.25868055625 0.8076171875 0.23611111041666666 0.7998046875 0.22916666666666666 0.7841796875 0.22916666666666666 0.7763671875 0.23611111041666666
0 0.72265625 0.15104166666666666 0.728515625 0.11979166666666667 0.7275390625 0.11458333333333333 0.7158203125 0.11805555625 0.712890625 0.12326388958333333 0.712890625 0.140625 0.7177734375 0.14583333333333334 0.7197265625 0.15277777708333332 0.72265625 0.15104166666666666
0 0.6142578125 0.16319444375 0.603515625 0.17881944375 0.603515625 0.18576388958333334 0.6162109375 0.19444444375 0.625 0.21006944375 0.630859375 0.234375 0.630859375 0.25868055625 0.640625 0.25868055625 0.65234375 0.24131944375 0.65625 0.22743055625 0.658203125 0.21701388958333334 0.65625 0.19618055625 0.65234375 0.18229166666666666 0.6396484375 0.16319444375 0.6337890625 0.15972222291666668 0.6142578125 0.16319444375
0 0.5966796875 0.18402777708333332 0.5810546875 0.1875 0.568359375 0.20659722291666668 0.564453125 0.22048611041666666 0.564453125 0.23090277708333332 0.5625 0.234375 0.564453125 0.26215277708333334 0.568359375 0.2760416666666667 0.5830078125 0.2986111104166667 0.5869140625 0.3020833333333333 0.607421875 0.30034722291666666 0.6142578125 0.2951388895833333 0.626953125 0.27256944375000003 0.630859375 0.2552083333333333 0.62890625 0.22395833333333334 0.625 0.21006944375 0.6123046875 0.19097222291666668 0.5986328125 0.1875 0.5966796875 0.18402777708333332
0 0.595703125 0.078125 0.595703125 0.09895833333333333 0.6044921875 0.11805555625 0.6083984375 0.12152777708333334 0.61328125 0.11979166666666667 0.623046875 0.10243055625 0.623046875 0.09201388958333333 0.626953125 0.08159722291666666 0.626953125 0.07465277708333334 0.6181640625 0.0625 0.6044921875 0.0625 0.6005859375 0.06597222291666667 0.595703125 0.078125
0 0.595703125 0.07465277708333334 0.60546875 0.060763889583333335 0.6005859375 0.052083333333333336 0.5888671875 0.052083333333333336 0.583984375 0.06423611041666667 0.5927734375 0.07986111041666667 0.595703125 0.078125 0.595703125 0.07465277708333334
0 0.5498046875 0.125 0.552734375 0.12326388958333333 0.5625 0.11284722291666666 0.560546875 0.09895833333333333 0.5537109375 0.08680555625 0.5419921875 0.07986111041666667 0.5302734375 0.08680555625 0.525390625 0.09548611041666667 0.5400390625 0.10416666666666667 0.5498046875 0.125
0 0.5205078125 0.10069444375 0.5146484375 0.10416666666666667 0.505859375 0.11979166666666667 0.50390625 0.13020833333333334 0.50390625 0.14409722291666668 0.5078125 0.16145833333333334 0.5205078125 0.17708333333333334 0.53515625 0.17534722291666668 0.5400390625 0.17013888958333334 0.544921875 0.15798611041666666 0.544921875 0.14756944375 0.548828125 0.13368055625 0.548828125 0.11979166666666667 0.5419921875 0.10763888958333333 0.5341796875 0.10069444375 0.5205078125 0.10069444375
0 0.4736328125 0.11111111041666667 0.48828125 0.109375 0.4912109375 0.10763888958333333 0.498046875 0.09201388958333333 0.498046875 0.07118055625 0.4873046875 0.05555555625 0.4775390625 0.05555555625 0.466796875 0.07118055625 0.466796875 0.09548611041666667 0.4736328125 0.11111111041666667
0 0.251953125 0.171875 0.248046875 0.18229166666666666 0.24609375 0.203125 0.248046875 0.20659722291666668 0.248046875 0.21701388958333334 0.2529296875 0.22569444375 0.2607421875 0.23263888958333334 0.26953125 0.23090277708333332 0.2744140625 0.22916666666666666 0.283203125 0.21006944375 0.28515625 0.203125 0.28515625 0.17881944375 0.283203125 0.171875 0.2744140625 0.15972222291666668 0.2626953125 0.15972222291666668 0.251953125 0.171875
0 0.57421875 0.05381944375 0.57421875 0.05034722291666667 0.5712890625 0.045138889583333335 0.5693359375 0.045138889583333335 0.5673828125 0.041666666666666664 0.5654296875 0.041666666666666664 0.5634765625 0.03819444375 0.5595703125 0.03819444375 0.5576171875 0.041666666666666664 0.5537109375 0.041666666666666664 0.548828125 0.05034722291666667 0.548828125 0.05381944375 0.546875 0.057291666666666664 0.546875 0.078125 0.548338078125 0.07901894791666667 0.5484765921875 0.07173623958333333 0.54821639375 0.06125576666666666 0.5521485125 0.057276683333333335 0.556214615625 0.04878920416666667 0.5579453953125 0.046403824999999996 0.562991453125 0.0466938 0.5671883015625 0.049843233333333334 0.572441484375 0.05621229791666667 0.5755813546875 0.05648616041666667 0.576171875 0.057291666666666664 0.57421875 0.05381944375