0 0.6962890625 0.25694444375 0.68359375 0.2795138895833333 0.68359375 0.2864583333333333 0.6796875 0.296875 0.6796875 0.3177083333333333 0.6826171875 0.3229166666666667 0.6923828125 0.3125 0.7021484375 0.3125 0.7041015625 0.30902777708333334 0.7080078125 0.3125 0.7177734375 0.3125 0.7333984375 0.3298611104166667 0.7421875 0.3454861104166667 0.7451171875 0.3576388895833333 0.748046875 0.35590277708333334 0.751953125 0.3454861104166667 0.75390625 0.3177083333333333 0.751953125 0.3142361104166667 0.751953125 0.29340277708333334 0.7412109375 0.26388888958333334 0.7275390625 0.25 0.7138671875 0.24652777708333332 0.6962890625 0.25694444375
0 0.75 0.39756944375000003 0.75 0.3802083333333333 0.74609375 0.36631944375000003 0.74609375 0.35590277708333334 0.7353515625 0.3333333333333333 0.7158203125 0.3125 0.6923828125 0.3125 0.6865234375 0.31944444375000003 0.6826171875 0.31944444375000003 0.66796875 0.3454861104166667 0.662109375 0.36631944375000003 0.662109375 0.4079861104166667 0.666015625 0.42534722291666666 0.6708984375 0.43402777708333334 0.673828125 0.4322916666666667 0.6826171875 0.4201388895833333 0.6865234375 0.4201388895833333 0.6982421875 0.40972222291666666 0.7216796875 0.40972222291666666 0.7431640625 0.4270833333333333 0.74609375 0.421875 0.748046875 0.4010416666666667 0.75 0.39756944375000003
0 0.8134765625 0.3645833333333333 0.7978515625 0.35069444375000003 0.7880859375 0.35069444375000003 0.7861328125 0.3541666666666667 0.7724609375 0.3576388895833333 0.7578125 0.3767361104166667 0.75 0.39756944375000003 0.748046875 0.4392361104166667 0.76171875 0.47743055624999997 0.763671875 0.5017361104166667 0.7685546875 0.5138888895833333 0.7861328125 0.52430555625 0.796875 0.52256944375 0.8017578125 0.5208333333333334 0.81640625 0.5052083333333334 0.818359375 0.48784722291666666 0.82421875 0.4670138895833333 0.83203125 0.453125 0.83203125 0.41493055624999997 0.828125 0.39756944375000003 0.8134765625 0.3645833333333333
0 0.7216796875 0.40972222291666666 0.7001953125 0.40972222291666666 0.6787109375 0.4270833333333333 0.66796875 0.44965277708333334 0.658203125 0.484375 0.65625 0.5190972229166666 0.662109375 0.5503472229166667 0.671875 0.578125 0.6787109375 0.5902777770833333 0.7041015625 0.6111111104166667 0.720703125 0.609375 0.7294921875 0.6041666666666666 0.7412109375 0.5902777770833333 0.75390625 0.5642361104166667 0.76171875 0.5364583333333334 0.763671875 0.4982638895833333 0.755859375 0.46006944375000003 0.7353515625 0.4201388895833333 0.7216796875 0.40972222291666666
0 0.8984375 0.4739583333333333 0.8818359375 0.44097222291666666 0.8662109375 0.43055555624999997 0.8564453125 0.43055555624999997 0.8369140625 0.44444444375000003 0.826171875 0.4635416666666667 0.822265625 0.4739583333333333 0.818359375 0.5052083333333334 0.81640625 0.50868055625 0.81640625 0.5364583333333334 0.82421875 0.578125 0.8388671875 0.6076388895833333 0.8564453125 0.6145833333333334 0.8583984375 0.6180555562500001 0.86328125 0.6163194437499999 0.8818359375 0.6076388895833333 0.89453125 0.5850694437499999 0.90234375 0.5572916666666666 0.904296875 0.5121527770833334 0.90234375 0.50868055625 0.90234375 0.49131944375000003 0.8984375 0.48090277708333334 0.8984375 0.4739583333333333
0 0.9248046875 0.4236111104166667 0.9091796875 0.4236111104166667 0.8974609375 0.4375 0.892578125 0.44618055624999997 0.890625 0.45659722291666666 0.896484375 0.4670138895833333 0.896484375 0.4739583333333333 0.90234375 0.49131944375000003 0.90234375 0.5017361104166667 0.904296875 0.5052083333333334 0.904296875 0.5434027770833333 0.90234375 0.546875 0.90234375 0.5607638895833333 0.8984375 0.5711805562500001 0.8984375 0.5815972229166667 0.9052734375 0.5902777770833333 0.9111328125 0.5902777770833333 0.9130859375 0.59375 0.91796875 0.5920138895833333 0.9248046875 0.5902777770833333 0.9365234375 0.5798611104166667 0.9453125 0.5642361104166667 0.953125 0.5364583333333334 0.955078125 0.4947916666666667 0.9453125 0.44965277708333334 0.9365234375 0.43402777708333334 0.9248046875 0.4236111104166667
0 0.6943359375 0.08333333333333333 0.693359375 0.08854166666666667 0.7041015625 0.10069444375 0.7109375 0.11631944375 0.712890625 0.1267361104166667 0.7109375 0.14409722291666668 0.716796875 0.14409722291666668 0.724609375 0.13368055625 0.724609375 0.109375 0.7265625 0.10590277708333334 0.724609375 0.09201388958333333 0.7177734375 0.07986111041666667 0.7119140625 0.07638888958333333 0.7021484375 0.07638888958333333 0.6943359375 0.08333333333333333
0 0.7353515625 0.09375 0.73828125 0.08506944375 0.7314453125 0.07291666666666667 0.7236328125 0.06944444375 0.716796875 0.078125 0.724609375 0.09895833333333333 0.728515625 0.09895833333333333 0.7353515625 0.09375
0 0.70703125 0.07118055625 0.70703125 0.06770833333333333 0.712890625 0.060763889583333335 0.7119140625 0.05555555625 0.7060546875 0.05555555625 0.701171875 0.060763889583333335 0.701171875 0.06423611041666667 0.7060546875 0.07291666666666667 0.70703125 0.07118055625
0 0.6455078125 0.11111111041666667 0.6513671875 0.11111111041666667 0.6533203125 0.11458333333333333 0.662109375 0.11284722291666666 0.669921875 0.09895833333333333 0.669921875 0.07465277708333334 0.6650390625 0.0625 0.6572265625 0.05555555625 0.6435546875 0.05555555625 0.634765625 0.07465277708333334 0.63671875 0.09548611041666667 0.6455078125 0.11111111041666667
0 0.4013671875 0.13888888958333334 0.4140625 0.13715277708333332 0.423828125 0.12326388958333333 0.42578125 0.10243055625 0.4189453125 0.08680555625 0.4052734375 0.08333333333333333 0.39453125 0.09895833333333333 0.392578125 0.11631944375 0.39453125 0.1267361104166667 0.4013671875 0.13888888958333334
0 0.185546875 0.23090277708333332 0.1875 0.23784722291666668 0.1962890625 0.24652777708333332 0.19921875 0.24479166666666666 0.208984375 0.23090277708333332 0.208984375 0.22048611041666666 0.2109375 0.21701388958333334 0.208984375 0.20659722291666668 0.2001953125 0.19444444375 0.1904296875 0.20138888958333334 0.185546875 0.21354166666666666 0.185546875 0.23090277708333332
0 0.20703125 0.19965277708333332 0.208984375 0.21006944375 0.2158203125 0.22222222291666668 0.220703125 0.22048611041666666 0.2255859375 0.21875 0.23046875 0.20659722291666668 0.23046875 0.18229166666666666 0.2255859375 0.17013888958333334 0.2197265625 0.16666666666666666 0.2109375 0.17534722291666668 0.20703125 0.18576388958333334 0.20703125 0.19965277708333332
0 0.03125 0.42881944375000003 0.03125 0.453125 0.0419921875 0.46875 0.046875 0.4670138895833333 0.05078125 0.46006944375000003 0.052734375 0.44965277708333334 0.052734375 0.4322916666666667 0.05078125 0.421875 0.0458984375 0.41319444375000003 0.0400390625 0.41319444375000003 0.0361328125 0.4166666666666667 0.03125 0.42881944375000003
1 0.0078125 0.4739583333333333 0.005859375 0.4947916666666667 0.0078125 0.4982638895833333 0.0078125 0.50868055625 0.0126953125 0.5173611104166667 0.021484375 0.515625 0.0234375 0.5121527770833334 0.021484375 0.49131944375000003 0.01953125 0.48784722291666666 0.021484375 0.484375 0.021484375 0.4670138895833333 0.0185546875 0.46180555624999997 0.0146484375 0.46180555624999997 0.0078125 0.4739583333333333
1 0.23828125 0.18229166666666666 0.240234375 0.18923611041666666 0.2451171875 0.19444444375 0.25390625 0.19270833333333334 0.2568359375 0.19097222291666668 0.26171875 0.17881944375 0.26171875 0.16145833333333334 0.2568359375 0.14930555625 0.2470703125 0.14930555625 0.2431640625 0.15277777708333332 0.23828125 0.16493055625 0.23828125 0.18229166666666666
1 0.421875 0.140625 0.41796875 0.15451388958333334 0.41796875 0.17881944375 0.4267578125 0.19791666666666666 0.4345703125 0.20486111041666666 0.447265625 0.203125 0.4541015625 0.19791666666666666 0.458984375 0.18576388958333334 0.462890625 0.171875 0.462890625 0.15104166666666666 0.458984375 0.140625 0.4501953125 0.12847222291666666 0.4384765625 0.125 0.421875 0.140625
1 0.46484375 0.13020833333333334 0.46484375 0.16145833333333334 0.4755859375 0.18055555625 0.4814453125 0.18402777708333332 0.494140625 0.18229166666666666 0.5078125 0.16145833333333334 0.5078125 0.14756944375 0.509765625 0.14409722291666668 0.5078125 0.140625 0.5078125 0.13020833333333334 0.4931640625 0.10763888958333333 0.4794921875 0.10763888958333333 0.46484375 0.13020833333333334
1 0.54296875 0.09548611041666667 0.5517578125 0.10763888958333333 0.5625 0.10590277708333334 0.5654296875 0.10416666666666667 0.572265625 0.08854166666666667 0.572265625 0.06770833333333333 0.5634765625 0.052083333333333336 0.5458984375 0.05555555625 0.5390625 0.07118055625 0.5390625 0.08159722291666666 0.54296875 0.09548611041666667
1 0.6669921875 0.052083333333333336 0.6640625 0.057291666666666664 0.666015625 0.06770833333333333 0.669921875 0.07465277708333334 0.669921875 0.09895833333333333 0.673828125 0.09895833333333333 0.677734375 0.09201388958333333 0.6796875 0.07465277708333334 0.685546875 0.06423611041666667 0.685546875 0.057291666666666664 0.6826171875 0.052083333333333336 0.6767578125 0.052083333333333336 0.6748046875 0.048611110416666665 0.6669921875 0.052083333333333336
1 0.6796875 0.09201388958333333 0.681640625 0.09201388958333333 0.6923828125 0.09027777708333334 0.7001953125 0.07986111041666667 0.703125 0.07465277708333334 0.701171875 0.06423611041666667 0.6943359375 0.05902777708333333 0.6865234375 0.0625 0.6796875 0.07465277708333334 0.6796875 0.09201388958333333
1 0.669921875 0.1267361104166667 0.673828125 0.13368055625 0.677734375 0.15104166666666666 0.6845703125 0.16319444375 0.701171875 0.16145833333333334 0.70703125 0.15451388958333334 0.712890625 0.13368055625 0.708984375 0.109375 0.7021484375 0.09722222291666666 0.6943359375 0.09027777708333334 0.6787109375 0.09375 0.669921875 0.11284722291666666 0.669921875 0.1267361104166667
1 0.587890625 0.14409722291666668 0.583984375 0.15798611041666666 0.583984375 0.17881944375 0.587890625 0.19270833333333334 0.6025390625 0.21527777708333332 0.619140625 0.21354166666666666 0.6240234375 0.21180555625 0.634765625 0.19270833333333334 0.63671875 0.18229166666666666 0.634765625 0.15451388958333334 0.6220703125 0.12847222291666666 0.6162109375 0.125 0.6005859375 0.125 0.587890625 0.14409722291666668
1 0.5478515625 0.2951388895833333 0.5380859375 0.28819444375000003 0.5166015625 0.28819444375000003 0.494140625 0.3107638895833333 0.484375 0.3454861104166667 0.484375 0.3802083333333333 0.490234375 0.4010416666666667 0.4951171875 0.40625 0.5009765625 0.40277777708333334 0.5029296875 0.40625 0.5126953125 0.40625 0.5244140625 0.4166666666666667 0.5283203125 0.4166666666666667 0.5400390625 0.43055555624999997 0.54296875 0.42881944375000003 0.5478515625 0.4270833333333333 0.5546875 0.41840277708333334 0.560546875 0.3802083333333333 0.564453125 0.36631944375000003 0.5703125 0.35590277708333334 0.5703125 0.3489583333333333 0.5625 0.3177083333333333 0.5478515625 0.2951388895833333
0 0.107421875 0.32118055624999997 0.1142578125 0.3333333333333333 0.123046875 0.33159722291666666 0.1259765625 0.3298611104166667 0.12890625 0.32118055624999997 0.130859375 0.296875 0.1259765625 0.28472222291666666 0.1201171875 0.28125 0.111328125 0.28993055624999997 0.107421875 0.30381944375000003 0.107421875 0.32118055624999997
1 0.0703125 0.359375 0.072265625 0.36631944375000003 0.07421875 0.36631944375000003 0.07421875 0.359375 0.0830078125 0.34375 0.09375 0.3454861104166667 0.0869140625 0.3333333333333333 0.0771484375 0.3333333333333333 0.072265625 0.3454861104166667 0.072265625 0.35590277708333334 0.0703125 0.359375
0 0.7174154749999999 0.07440305625 0.720208534375 0.0700303375 0.721507428125 0.06430889375 0.7176307859375 0.05990324166666667 0.714106859375 0.06328945625 0.7109387 0.06898757916666667 0.7091682500000001 0.072328525 0.7107355109375 0.07606096666666667 0.7174154749999999 0.07440305625