1 0.9255859375 0.7246527770833333 0.90703125 0.6951388875000001 0.897265625 0.6881944437499999 0.889453125 0.6881944437499999 0.8875 0.6847222208333333 0.8640625 0.6916666666666667 0.846484375 0.7090277770833333 0.8357421875 0.728125 0.8259765625 0.7524305541666667 0.8201171875 0.7767361104166667 0.8162109375 0.8079861104166667 0.8142578125 0.8114583333333333 0.8142578125 0.8322916666666667 0.8123046875 0.8357638875000001 0.8142578125 0.8809027770833333 0.8220703125 0.9086805541666667 0.83671875 0.9347222208333333 0.84453125 0.9416666666666667 0.8480468765625 0.94375 0.8636718671875 0.94375 0.8669921875 0.9434027770833333 0.885546875 0.9347222208333333 0.9099609375 0.9017361104166667 0.9197265625 0.8809027770833333 0.9275390625 0.8565972208333333 0.9314453125 0.8253472208333333 0.9333984375 0.821875 0.9333984375 0.8079861104166667 0.934375 0.80625 0.934375 0.7802083333333333 0.9333984375 0.7559027770833333 0.9255859375 0.7246527770833333
1 0.0794921875 0.6302083333333334 0.0736328125 0.6545138895833333 0.0736328125 0.6927083333333334 0.0755859375 0.6961805562500001 0.0755859375 0.7065972229166667 0.0814453125 0.7309027770833333 0.090234375 0.7534722229166667 0.1078125 0.7708333333333334 0.1244140625 0.7690972229166667 0.13125 0.7638888895833333 0.1380859375 0.7517361104166667 0.1419921875 0.7378472229166667 0.1453125 0.7201388895833334 0.1453125 0.7024305562500001 0.1439453125 0.6684027770833333 0.1341796875 0.6336805562500001 0.121484375 0.6111111104166667 0.113671875 0.6041666666666666 0.098046875 0.6041666666666666 0.08828125 0.6145833333333334 0.0794921875 0.6302083333333334
1 0.0203125 0.6111111104166667 0.010546875 0.6145833333333334 0.0056640625 0.6232638895833333 0.0017578125 0.640625 0.0017578125 0.6684027770833333 0.0046875 0.6736111104166667 0.014453125 0.6597222229166667 0.022265625 0.6597222229166667 0.026171875 0.6631944437499999 0.03984375 0.6909722229166667 0.0421875 0.6895833333333333 0.0421875 0.6690104166666667 0.0349609375 0.6336805562500001 0.0203125 0.6111111104166667
1 0.0830078125 0.5972222229166667 0.09375 0.5954861104166667 0.0966796875 0.59375 0.10546875 0.5746527770833333 0.107421875 0.546875 0.109375 0.5434027770833333 0.107421875 0.52256944375 0.103515625 0.5052083333333334 0.0927734375 0.4861111104166667 0.0791015625 0.4861111104166667 0.068359375 0.5017361104166667 0.064453125 0.515625 0.0625 0.5538194437499999 0.06640625 0.5711805562500001 0.0751953125 0.5902777770833333 0.0830078125 0.5972222229166667
1 0.0939453125 0.44965277708333334 0.0939453125 0.48090277708333334 0.106640625 0.5138888895833333 0.111328125 0.5166666666666667 0.1160156234375 0.5166666666666667 0.1212890625 0.515625 0.12421875 0.5138888895833333 0.1330078125 0.4947916666666667 0.134375 0.46319444375 0.134375 0.44652777708333335 0.1330078125 0.4392361104166667 0.12421875 0.4236111104166667 0.12109375 0.42083333333333334 0.10625 0.42083333333333334 0.0978515625 0.4357638895833333 0.0939453125 0.44965277708333334
1 0.1708984375 0.33645833333333336 0.1630859375 0.34340277708333333 0.154296875 0.3625 0.153125 0.36875 0.153125 0.40694444375 0.154296875 0.4111111104166667 0.16384548593749998 0.425 0.181640625 0.425 0.1875 0.41458333333333336 0.1875 0.3729166666666667 0.190625 0.35902777708333333 0.190625 0.35416666458333335 0.1826171875 0.3399305541666667 0.1708984375 0.33645833333333336
1 0.1916015625 0.35590277708333334 0.1876953125 0.3732638895833333 0.1876953125 0.4010416666666667 0.1916015625 0.41840277708333334 0.1984375 0.43055555624999997 0.20625 0.4375 0.2189453125 0.4357638895833333 0.2326171875 0.41493055624999997 0.2359375 0.403125 0.2359375 0.3616161625 0.22578125 0.34027777708333334 0.21796875 0.3333333333333333 0.208203125 0.3333333333333333 0.20234375 0.33680555624999997 0.1916015625 0.35590277708333334
1 0.3404296875 0.28541666666666665 0.3287109375 0.28194444375 0.3267578125 0.27847222083333334 0.3150390625 0.28194444375 0.3052734375 0.2923611104166667 0.2984375 0.3079861104166667 0.29453125 0.32881944375 0.29453125 0.34965277708333337 0.2984375 0.3704861104166667 0.3052734375 0.38263888749999997 0.3154296890625 0.39166666666666666 0.322460934375 0.39166666666666666 0.323828125 0.39131944375 0.32578125 0.36701388749999997 0.331640625 0.34618055416666665 0.3484375 0.31963734583333336 0.3484375 0.31006944375 0.347265625 0.29756944375 0.3404296875 0.28541666666666665
1 0.2900390625 0.31597222291666666 0.296875 0.3142361104166667 0.3056640625 0.2916666666666667 0.3154296875 0.28125 0.3232421875 0.28125 0.328125 0.2760416666666667 0.326171875 0.25868055625 0.322265625 0.24826388958333334 0.3115234375 0.23611111041666666 0.3017578125 0.23611111041666666 0.2919921875 0.24305555625 0.28515625 0.2552083333333333 0.28125 0.26909722291666666 0.28125 0.28993055624999997 0.28515625 0.3072916666666667 0.2900390625 0.31597222291666666
1 0.4177734375 0.19722222291666666 0.4099609375 0.19027777916666666 0.3982421875 0.19027777916666666 0.3904296875 0.19722222291666666 0.38359375 0.209375 0.3796875 0.22673611249999998 0.3796875 0.240625 0.38359375 0.2545138895833333 0.3904296875 0.26666666666666666 0.3974609359375 0.27291666666666664 0.40332031874999996 0.27291666666666664 0.4109375 0.271875 0.4138671875 0.2701388895833333 0.424609375 0.24756944583333332 0.425 0.24201388958333334 0.425 0.21145833333333333 0.424609375 0.209375 0.4177734375 0.19722222291666666
1 0.5712890625 0.2947916666666667 0.583984375 0.26875 0.583984375 0.23055555416666668 0.5712890625 0.20451388750000002 0.5595703125 0.19756944375 0.5478515625 0.19756944375 0.5380859375 0.20451388750000002 0.53125 0.21666666666666667 0.525390625 0.24097222083333333 0.525390625 0.25833333333333336 0.529296875 0.27569444375 0.5400390625 0.2947916666666667 0.55234375 0.30416666666666664 0.5578125015625 0.30416666666666664 0.560546875 0.30347222291666665 0.5712890625 0.2947916666666667
1 0.6779296875 0.19965277708333332 0.6740234375 0.21006944375 0.6740234375 0.23090277708333332 0.6798828125 0.24826388958333334 0.692578125 0.2673611104166667 0.6984375 0.2708333333333333 0.7072265625 0.26909722291666666 0.71796875 0.25694444375 0.7248046875 0.24131944375 0.7265625 0.23194444374999998 0.7265625 0.23055555416666668 0.7248046875 0.22743055625 0.7248046875 0.21354166666666666 0.7189453125 0.19270833333333334 0.71015625 0.18055555625 0.70625 0.17708333333333334 0.68671875 0.17708333333333334 0.6779296875 0.19270833333333334 0.6779296875 0.19965277708333332
0 0.540234375 0.13506944375 0.532421875 0.128125 0.524609375 0.128125 0.51484375 0.13506944375 0.5099609375 0.14722222083333333 0.5080078125 0.175 0.51875 0.19409722083333333 0.5216796890625 0.19583333333333333 0.5333984375 0.19583333333333333 0.53828125 0.19409722083333333 0.5451171875 0.18194444375 0.5470703125 0.16111111041666665 0.5484375 0.15868055416666668 0.5484375 0.1545138875 0.5470703125 0.14722222083333333 0.540234375 0.13506944375
0 0.143359375 0.38506944375 0.135546875 0.378125 0.127734375 0.378125 0.1150390625 0.3972222208333333 0.1111328125 0.41458333333333336 0.1140625 0.4197916666666667 0.119921875 0.4197916666666667 0.1296875 0.43020833333333336 0.1345703125 0.44583333333333336 0.1345703125 0.46319444375 0.1365234375 0.4666666666666667 0.1404296875 0.4666666666666667 0.1482421875 0.45277777708333333 0.1515625 0.43506944375 0.1515625 0.4045138875 0.1501953125 0.3972222208333333 0.143359375 0.38506944375
0 0.0759765625 0.453125 0.0759765625 0.48090277708333334 0.078515625 0.48541666666666666 0.084765621875 0.48541666666666666 0.0935546875 0.484375 0.0935546875 0.453125 0.0974609375 0.4357638895833333 0.1 0.43125 0.1 0.4238888895833333 0.097135415625 0.42083333333333334 0.091927084375 0.42083333333333334 0.0828125 0.43055555624999997 0.0759765625 0.453125
0 0 0.6291666666666667 0.004052734375 0.6291666666666667 0.00546875 0.6241319458333333 0.0142578125 0.6119791666666666 0.0201171875 0.6154513895833333 0.0265625 0.6138144854166666 0.0265625 0.6081597229166668 0.025 0.5859375 0.02109375 0.5720486124999999 0.0123046875 0.5598958333333334 0.0064453125 0.5598958333333334 0 0.57135416875 0 0.6291666666666667
0 0.0373046875 0.6815972229166667 0.0265625 0.6625 0.01484375 0.6590277791666667 0.0109375 0.6625 0.0021484375 0.6815972229166667 0.0021484375 0.6989583333333333 0.0001953125 0.7024305562500001 0.0021484375 0.740625 0.0080078125 0.7649305562500001 0.020703125 0.7909722229166667 0.0238281234375 0.79375 0.029687506250000002 0.79375 0.0373046875 0.7927083333333333 0.0451171875 0.7788194458333333 0.0484375 0.7640625 0.0484375 0.7489583333333333 0.0470703125 0.7197916666666667 0.0373046875 0.6815972229166667
0 0.369140625 0.771875 0.361328125 0.7510416666666667 0.3447265625 0.7215277791666667 0.3271484375 0.7006944458333333 0.3232421875 0.7006944458333333 0.3173828125 0.69375 0.3115234375 0.69375 0.3095703125 0.6902777791666667 0.2822265625 0.6902777791666667 0.2646484375 0.7041666666666667 0.2568359375 0.7145833333333333 0.244140625 0.740625 0.236328125 0.7788194458333333 0.234375 0.8135416666666667 0.236328125 0.8170138895833333 0.23828125 0.8482638895833333 0.251953125 0.8934027791666667 0.2646484375 0.9159722229166667 0.2763671875 0.9298611124999999 0.2873046859375 0.9395833333333333 0.2923828171875 0.9395833333333333 0.298828125 0.9385416666666667 0.30859375 0.9038194458333333 0.3232421875 0.8743055562500001 0.3486328125 0.85 0.3623046875 0.8465277791666667 0.3720703125 0.8395833333333333 0.375 0.8274305562500001 0.375 0.8065972229166667 0.373046875 0.803125 0.369140625 0.771875
0 0.3298828125 1 0.3318359375 0.9965277770833333 0.3337890625 1 0.475390625 0.9982638895833333 0.4875 0.9966079062500001 0.4875 0.9893353166666666 0.475390625 0.9739583333333334 0.475390625 0.9600694437499999 0.471484375 0.953125 0.465625 0.9288194437499999 0.4578125 0.9079861104166667 0.4431640625 0.8819444437499999 0.4314453125 0.8680555562500001 0.4021484375 0.8472222229166667 0.3689453125 0.84375 0.3669921875 0.8472222229166667 0.3572265625 0.8472222229166667 0.3513671875 0.8541666666666666 0.3455078125 0.8541666666666666 0.3259765625 0.875 0.31328125 0.8975694437499999 0.3015625 0.9322916666666666 0.3015625 0.9947916666666666 0.3064453125 1 0.3298828125 1
0 0.4693359375 0.2565972229166667 0.4595703125 0.24618055625000002 0.4458984375 0.24618055625000002 0.4439453125 0.24270833541666667 0.4283203125 0.25312500208333333 0.41953125 0.26875 0.413671875 0.29305555624999996 0.413671875 0.32083333333333336 0.417578125 0.32777777916666667 0.41953125 0.33819444583333336 0.4283203125 0.35381944583333336 0.4380859359375 0.3625 0.456640625 0.3625 0.4673828125 0.35034722291666665 0.476171875 0.33125 0.4796875 0.315625 0.4796875 0.28402777916666666 0.478125 0.27569444583333336 0.4693359375 0.2565972229166667
0 0.38125 0.32256944375 0.36953125 0.315625 0.359765625 0.315625 0.3578125 0.3190972208333333 0.34609375 0.32256944375 0.3333984375 0.3416666666666667 0.3255859375 0.3659722208333333 0.3255859375 0.40069444375 0.3294921875 0.42152777708333333 0.344140625 0.44756944375 0.3587890640625 0.45625 0.3685546875 0.45625 0.38125 0.44756944375 0.3958984375 0.42152777708333333 0.4015625 0.39803240624999997 0.4015625 0.3619791666666667 0.3939453125 0.3416666666666667 0.38125 0.32256944375
0 0.397265625 0.27413194583333333 0.393359375 0.2706597229166666 0.371875 0.2706597229166666 0.366015625 0.27413194583333333 0.3513671875 0.3001736125 0.3494140625 0.30711805625 0.350390625 0.31927083333333334 0.35625 0.31927083333333334 0.358203125 0.3157986125 0.377734375 0.31927083333333334 0.385546875 0.3262152791666667 0.3962890625 0.3453125 0.401708984375 0.3645833333333333 0.4046875 0.3645833333333333 0.4119140625 0.3453125 0.4125 0.33697916666666666 0.4125 0.3118634270833333 0.4080078125 0.29322916666666665 0.397265625 0.27413194583333333
0 0.882421875 0.25677083333333334 0.87265625 0.24982638958333334 0.866796875 0.24982638958333334 0.85703125 0.25677083333333334 0.8521484375 0.26545138958333336 0.8462890625 0.28975694583333333 0.8462890625 0.3001736125 0.8517717640625 0.3229166666666667 0.856494140625 0.3229166666666667 0.8599609375 0.3105902791666667 0.87265625 0.2949652791666667 0.886328125 0.2949652791666667 0.89375 0.29936342708333336 0.89375 0.28368055625 0.8912109375 0.27239583333333334 0.882421875 0.25677083333333334
0 0.93984375 0.30329861041666667 0.93203125 0.28246527708333335 0.9212890625 0.2703125 0.9173828125 0.2703125 0.9154296875 0.27378472291666667 0.9095703125 0.27378472291666667 0.902734375 0.2859375 0.898828125 0.3067708333333333 0.90859375 0.33454861041666667 0.910546875 0.35885416666666664 0.9154296875 0.36753472291666667 0.9229492171875 0.36875 0.92763671875 0.36875 0.9310546875 0.36753472291666667 0.937890625 0.35538194375000004 0.940625 0.34565972291666663 0.940625 0.3151041666666667 0.93984375 0.31371527708333335 0.93984375 0.30329861041666667
0 0.9765625 0.39131944375 0.98046875 0.37743055416666665 0.98046875 0.3392361104166667 0.974609375 0.31493055416666665 0.9677734375 0.30277777708333337 0.9560546875 0.29930555416666665 0.9521484375 0.30277777708333337 0.943359375 0.321875 0.94140625 0.33229166666666665 0.943359375 0.36354166666666665 0.947265625 0.384375 0.9560546875 0.4 0.9595703140625 0.40208333333333335 0.9689453078125 0.40208333333333335 0.970703125 0.4017361104166667 0.9765625 0.39131944375