1 0.3091796875 0.20833333333333334 0.2974609375 0.20486111041666666 0.2876953125 0.21180555625 0.280859375 0.22395833333333334 0.276953125 0.23784722291666668 0.276953125 0.25868055625 0.2876953125 0.28125 0.2916015625 0.28472222291666666 0.304296875 0.2829861104166667 0.3140625 0.27256944375000003 0.31875 0.25034722291666667 0.31875 0.22326388958333335 0.31796875 0.22048611041666666 0.3091796875 0.20833333333333334
1 0.545703125 0.17743055625 0.528125 0.17743055625 0.522265625 0.18090277916666667 0.5134765625 0.19305555625 0.5056640625 0.22083333333333333 0.5056640625 0.24513888958333335 0.5095703125 0.25902777916666664 0.5138671875 0.26666666666666666 0.5162109375 0.26666666666666666 0.5173828125 0.26597222291666667 0.5173828125 0.2520833333333333 0.5212890625 0.23472222291666667 0.53203125 0.215625 0.54375 0.20520833333333333 0.5609375 0.20360014583333333 0.5609375 0.19909722291666665 0.557421875 0.18784722291666667 0.545703125 0.17743055625
1 0.5328125 0.14270833125000001 0.52109375 0.14270833125000001 0.511328125 0.14965277708333333 0.5044921875 0.16180555416666667 0.5044921875 0.16874999791666667 0.5150390640625 0.1875 0.5158203109375 0.1875 0.5181640625 0.18611111041666667 0.52890625 0.17743055416666667 0.5484375 0.17743055416666667 0.5484375 0.16662808541666668 0.540625 0.14965277708333333 0.5328125 0.14270833125000001
1 0.4541015625 0.12569444375 0.4453125 0.14479166666666668 0.4453125 0.17256944375 0.447265625 0.17951388750000002 0.4541015625 0.19166666666666668 0.4564453140625 0.19375 0.4603515609375 0.19375 0.4609375 0.19340277708333334 0.4697265625 0.17430555416666668 0.482421875 0.15868055416666668 0.484375 0.14826388750000002 0.484375 0.13784722083333334 0.4716796875 0.12222222083333333 0.4541015625 0.12569444375
1 0.4330078125 0.1251736125 0.4212890625 0.12864583541666666 0.41640625 0.13732638958333335 0.4193359375 0.14253472291666666 0.4271484375 0.14253472291666666 0.4349609375 0.14947916875 0.43984375 0.16510416875 0.43984375 0.18541666666666667 0.4439453125 0.18541666666666667 0.446875 0.17760416874999999 0.446875 0.17413194583333333 0.445703125 0.17204861249999998 0.445703125 0.14427083541666666 0.446875 0.14218750208333333 0.446875 0.13940972291666667 0.4427734375 0.13211805625 0.4330078125 0.1251736125
1 0.6470703125 0.14965277708333333 0.6412109375 0.14618055416666667 0.6353515625 0.1357638875 0.6216796875 0.1357638875 0.60703125 0.15833333125000001 0.60703125 0.16874999791666667 0.61484375 0.1826388875 0.620703125 0.20347222083333336 0.6216796875 0.22256944374999998 0.625781253125 0.225 0.6363281109375001 0.225 0.6421875 0.22430555416666667 0.653125 0.17569444374999998 0.653125 0.16805555416666668 0.651953125 0.16180555416666667 0.6470703125 0.14965277708333333
1 0.733203125 0.1670138875 0.721484375 0.16354166458333333 0.71953125 0.1670138875 0.713671875 0.1670138875 0.7029296875 0.1826388875 0.7009765625 0.19305555416666667 0.7029296875 0.20347222083333336 0.7056640625 0.20833333333333334 0.7064453109375 0.20833333333333334 0.7087890625 0.20694444374999998 0.713671875 0.1982638875 0.725390625 0.19479166458333333 0.72734375 0.19131944374999998 0.741015625 0.19479166458333333 0.746875 0.20173611041666667 0.7484375 0.20173611041666667 0.7484375 0.19166666458333334 0.7478515625 0.18958333125000001 0.733203125 0.1670138875
1 0.690234375 0.15243055625000002 0.678515625 0.1454861125 0.670703125 0.1454861125 0.662890625 0.15243055625000002 0.6541015625 0.17152777916666664 0.655078125 0.18020833541666667 0.66875 0.16979166874999999 0.68046875 0.16979166874999999 0.690234375 0.1767361125 0.6974609359375 0.18958333333333333 0.6998046890625 0.18958333333333333 0.7009765625 0.18888888958333333 0.7015625 0.18784722291666667 0.7015625 0.17569444583333332 0.7009765625 0.17152777916666664 0.690234375 0.15243055625000002
1 0.8587890625 0.3609375 0.8509765625 0.35052083333333334 0.8470703125 0.35052083333333334 0.8412109375 0.3435763895833333 0.8275390625 0.3435763895833333 0.8119140625 0.3574652791666667 0.803125 0.3730902791666667 0.801171875 0.38350694583333333 0.80703125 0.39739583333333334 0.8109375 0.41822916666666665 0.8109375 0.4529513895833333 0.824609375 0.4737847229166666 0.8338256828124999 0.5 0.83916015625 0.5 0.8568359375 0.4685763895833333 0.8646484375 0.46163194583333333 0.8705078125 0.46163194583333333 0.8734375 0.4564236125 0.875 0.4230902791666667 0.875 0.4130208354166667 0.867578125 0.3800347229166666 0.8587890625 0.3609375
1 0.7837890625 0.35833333333333334 0.7740234375 0.35138888749999997 0.7544921875 0.35138888749999997 0.7349609375 0.36875 0.72421875 0.39131944375 0.718359375 0.415625 0.71640625 0.44340277708333337 0.718359375 0.446875 0.718359375 0.4642361104166667 0.722265625 0.48506944375 0.72421875 0.49201388749999997 0.7322265625 0.50625 0.7337890625 0.50625 0.733984375 0.5059027770833333 0.7505859375 0.46944444375 0.7662109375 0.45208333333333334 0.7779296875 0.4486111104166667 0.7798828125 0.44513888749999997 0.7955078125 0.44513888749999997 0.8052734375 0.45208333333333334 0.809375 0.4506249979166667 0.809375 0.41909722083333334 0.80234375 0.38784722083333334 0.7837890625 0.35833333333333334
1 0.937109375 0.41875 0.93515625 0.41180555625 0.9185546875 0.3857638895833333 0.9126953125 0.38229166666666664 0.8970703125 0.38229166666666664 0.8912109375 0.3857638895833333 0.874609375 0.41875 0.87265625 0.4569444458333333 0.8912109375 0.4621527791666667 0.9048828125 0.47604166666666664 0.915625 0.4986111125 0.921484375 0.5263888895833333 0.92421875 0.53125 0.924609375 0.53125 0.925390625 0.5298611125 0.9302734375 0.5246527791666666 0.937109375 0.5090277791666666 0.9421875 0.48194444583333335 0.9421875 0.4625 0.941015625 0.4395833333333333 0.937109375 0.41875
1 0.759765625 0.21701388958333334 0.759765625 0.22743055625 0.7626953125 0.23611111041666666 0.7666015625 0.23611111041666666 0.7705078125 0.22916666666666666 0.7900390625 0.22916666666666666 0.8017578125 0.23958333333333334 0.8076171875 0.25 0.810546875 0.24826388958333334 0.810546875 0.23784722291666668 0.806640625 0.22395833333333334 0.7978515625 0.20833333333333334 0.7861328125 0.19791666666666666 0.7744140625 0.19791666666666666 0.7666015625 0.20486111041666666 0.759765625 0.21701388958333334
1 0.7265625 0.34965277708333337 0.716796875 0.321875 0.7080078125 0.30972222083333334 0.6943359375 0.29930555416666665 0.6728515625 0.29930555416666665 0.6552734375 0.31319444375 0.64453125 0.33229166666666665 0.6390625 0.35497685 0.6390625 0.3963541666666667 0.646484375 0.42604166666666665 0.65234375 0.43993055416666665 0.6650390625 0.45902777708333337 0.6744140640625 0.46458333333333335 0.6884765546875 0.46458333333333335 0.69140625 0.4642361104166667 0.7060546875 0.45555555416666665 0.716796875 0.43645833333333334 0.71875 0.41215277708333337 0.728125 0.38215277708333334 0.728125 0.36284722291666666 0.7265625 0.36006944375 0.7265625 0.34965277708333337
0 0.42734375 0.14270833125000001 0.41171875 0.14270833125000001 0.40390625 0.14965277708333333 0.3970703125 0.16527777708333333 0.3951171875 0.17569444374999998 0.3970703125 0.19652777708333333 0.405859375 0.21215277708333333 0.4132812515625 0.21875 0.41542968125 0.21875 0.4224609375 0.21736111041666667 0.43125 0.21215277708333333 0.4380859375 0.19652777708333333 0.4390625 0.19305555416666667 0.4390625 0.15937499791666668 0.43515625 0.14965277708333333 0.42734375 0.14270833125000001
0 0.4734375 0.10694444583333333 0.463671875 0.10694444583333333 0.4529296875 0.11909722291666666 0.45390625 0.12777777916666666 0.46171875 0.12083333333333333 0.471484375 0.12083333333333333 0.479296875 0.12777777916666666 0.484765625 0.1375 0.4863281265625 0.1375 0.4880859375 0.13645833333333332 0.4890625 0.13298611041666666 0.4890625 0.12777777916666666 0.48125 0.11388888958333333 0.4734375 0.10694444583333333
0 0.5123046875 0.11111111041666667 0.4986328125 0.11458333333333333 0.48984375 0.13020833333333334 0.5142578125 0.12847222291666666 0.5220703125 0.13888888958333334 0.526953125 0.13715277708333332 0.528125 0.13506944375 0.528125 0.13159722291666667 0.525 0.12326388958333333 0.5123046875 0.11111111041666667
0 0.4841796875 0.14409722291666668 0.4822265625 0.16145833333333334 0.49296875 0.16319444375 0.494921875 0.16666666666666666 0.5017578125 0.16493055625 0.510546875 0.14930555625 0.521875 0.14155982916666668 0.521875 0.13894230833333332 0.510546875 0.125 0.502734375 0.125 0.491015625 0.13194444375 0.4841796875 0.14409722291666668
0 0.68994140625 0.17638888958333335 0.68603515625 0.17638888958333335 0.68017578125 0.16944444583333332 0.66845703125 0.16944444583333332 0.65478515625 0.17986111249999998 0.64794921875 0.19548611249999998 0.64599609375 0.20590277916666666 0.64599609375 0.23368055625 0.64869140625 0.24166666666666667 0.6555664140624999 0.24166666666666667 0.66552734375 0.240625 0.67236328125 0.22847222291666666 0.68603515625 0.21805555625 0.69189453125 0.21458333333333332 0.69775390625 0.21458333333333332 0.69970703125 0.21805555625 0.703125 0.21501736041666666 0.703125 0.20677083333333332 0.70263671875 0.19895833333333332 0.68994140625 0.17638888958333335
0 0.57109375 0.21163194375 0.56328125 0.20468749791666668 0.54375 0.20468749791666668 0.53203125 0.21510416458333334 0.5212890625 0.23420138750000002 0.5173828125 0.2515624979166667 0.5173828125 0.27239583333333334 0.5212890625 0.29322916666666665 0.530078125 0.31232638749999997 0.54375 0.32621527708333337 0.5500976640624999 0.32708333333333334 0.5579101546875 0.32708333333333334 0.57109375 0.31927083333333334 0.5857421875 0.29322916666666665 0.5890625 0.2666666645833333 0.5890625 0.2592013875 0.5837890625 0.23420138750000002 0.57109375 0.21163194375
0 0.69697265625 0.271875 0.68037109375 0.24583333333333332 0.67451171875 0.24583333333333332 0.67255859375 0.24236111249999998 0.65302734375 0.24236111249999998 0.64130859375 0.25277777916666666 0.63056640625 0.271875 0.62470703125 0.29965277916666666 0.62666015625 0.33090277916666666 0.63056640625 0.34479166666666666 0.63701171875 0.35625 0.63779296875 0.35625 0.63837890625 0.35520833333333335 0.64423828125 0.33090277916666666 0.65498046875 0.31180555625 0.66474609375 0.3013888895833333 0.67060546875 0.29791666666666666 0.69404296875 0.29791666666666666 0.69990234375 0.30486111250000003 0.703125 0.30486111250000003 0.703125 0.29392361250000004 0.70283203125 0.28923611250000003 0.69697265625 0.271875
0 0.7416015625 0.19427083333333334 0.7357421875 0.1907986125 0.7181640625 0.19427083333333334 0.7142578125 0.19774305625000002 0.70546875 0.21684027916666665 0.72109375 0.2376736125 0.730859375 0.2793402791666667 0.72890625 0.2828125 0.72890625 0.29791666666666666 0.744165040625 0.29791666666666666 0.75234375 0.2862847229166666 0.75234375 0.27239583333333334 0.759375 0.24739583333333334 0.759375 0.22494213125 0.754296875 0.20989583333333334 0.7416015625 0.19427083333333334
0 0.8091796875 0.2520833333333333 0.796484375 0.23298611249999998 0.792578125 0.22951388958333335 0.77109375 0.22951388958333335 0.7583984375 0.24861111249999998 0.7544921875 0.2625 0.7544921875 0.27291666666666664 0.7525390625 0.2763888895833333 0.7544921875 0.30416666666666664 0.7671875 0.3371527791666667 0.779833984375 0.35 0.787304690625 0.35 0.7916015625 0.34930555625 0.804296875 0.340625 0.8111328125 0.32847222291666667 0.815625 0.30717592708333336 0.815625 0.28125 0.8150390625 0.27291666666666664 0.8091796875 0.2520833333333333
0 0.8349609375 0.23229166874999999 0.8251953125 0.23229166874999999 0.8173828125 0.2392361125 0.8109375 0.25069444583333333 0.8109375 0.25347222291666666 0.81640625 0.28263888958333333 0.814453125 0.32430555624999996 0.82244318125 0.3416666666666667 0.841796875 0.3416666666666667 0.8525390625 0.31909722291666665 0.8609375 0.31080246875 0.8609375 0.2746212125 0.8505859375 0.24618055625000002 0.8349609375 0.23229166874999999
0 0.8875 0.3232638895833333 0.87578125 0.31284722291666667 0.862109375 0.31284722291666667 0.8484375 0.3267361125 0.8435546875 0.3388888895833333 0.8435546875 0.3458333333333333 0.85625 0.3579861125 0.8650390625 0.3736111125 0.8728515625 0.39791666666666664 0.8728515625 0.4083333333333333 0.8751953125 0.4125 0.8763671875 0.4125 0.8767578125 0.41180555625 0.8875 0.3892361125 0.903125 0.3788194458333333 0.903125 0.35972222291666667 0.8982421875 0.3423611125 0.8875 0.3232638895833333
0 0.93359375 0.36614583333333334 0.931640625 0.3418402791666667 0.923828125 0.3175347229166666 0.9091796875 0.3019097229166666 0.8955078125 0.3019097229166666 0.8916015625 0.30538194583333333 0.884765625 0.3175347229166666 0.89453125 0.3314236125 0.90234375 0.35225694583333333 0.904296875 0.3765625 0.9091796875 0.38177083333333334 0.91943359375 0.3854166666666667 0.9248828124999999 0.3854166666666667 0.935546875 0.36961805625 0.93359375 0.36614583333333334
0 0.9427734375 0.29930555416666665 0.9310546875 0.30277777708333337 0.92421875 0.31493055416666665 0.933984375 0.34965277708333337 0.933984375 0.36354166666666665 0.9364453125000001 0.37083333333333335 0.9392578109375 0.37083333333333335 0.93984375 0.3704861104166667 0.9525390625 0.34444444375 0.9625 0.33961489791666666 0.9625 0.3299768520833333 0.957421875 0.31493055416666665 0.9427734375 0.29930555416666665
0 0.9724609375 0.34774305624999996 0.9626953125 0.3407986104166667 0.9529296875 0.34427083333333336 0.9421875 0.36336805624999996 0.9421875 0.3703125 0.9568359375 0.37552083333333336 0.967578125 0.39461805624999996 0.9734375 0.4119791666666667 0.9734375 0.42239583333333336 0.975390625 0.42586805624999996 0.975390625 0.45625 0.97978515625 0.45625 0.98515625 0.44670138958333333 0.9875 0.4342013895833333 0.9875 0.38628472291666666 0.98515625 0.37378472291666665 0.9724609375 0.34774305624999996