1 0.777734375 0.4114583333333333 0.771875 0.4392361104166667 0.769921875 0.4739583333333333 0.777734375 0.5121527770833334 0.7826171875 0.5208333333333334 0.785546875 0.5190972229166666 0.789453125 0.5052083333333334 0.8001953125 0.4861111104166667 0.8197265625 0.46875 0.8333984375 0.46527777708333334 0.8353515625 0.46875 0.8451171875 0.46875 0.8509765625 0.47569444375000003 0.8578125 0.47743055624999997 0.859375 0.46909722291666667 0.859375 0.46631944583333335 0.8578125 0.4635416666666667 0.855859375 0.4322916666666667 0.85 0.4114583333333333 0.8353515625 0.3854166666666667 0.8216796875 0.375 0.8060546875 0.375 0.7923828125 0.3854166666666667 0.777734375 0.4114583333333333
1 0.850390625 0.32916666666666666 0.840625 0.31875 0.825 0.31527777916666666 0.81328125 0.32222222291666663 0.7966796875 0.35520833333333335 0.7947265625 0.37604166666666666 0.82109375 0.37430555625 0.834765625 0.38472222291666663 0.8513671875 0.41423611250000003 0.8552734375 0.43506944583333335 0.8578124984375 0.4395833333333333 0.85859375 0.4395833333333333 0.8591796875 0.43854166666666666 0.865625 0.42421875 0.865625 0.37303240833333334 0.8611328125 0.35173611250000003 0.850390625 0.32916666666666666
1 0.6376953125 0.44479166666666664 0.6494140625 0.434375 0.6552734375 0.42743055625 0.662109375 0.41180555625 0.66796875 0.3875 0.66796875 0.3458333333333333 0.66015625 0.3215277791666667 0.6494140625 0.30243055625 0.6376953125 0.2920138895833333 0.6220703125 0.28854166666666664 0.6201171875 0.2920138895833333 0.6083984375 0.2954861125 0.6044921875 0.30243055625 0.5986328125 0.3059027791666667 0.58984375 0.3215277791666667 0.583984375 0.3423611125 0.58203125 0.36666666666666664 0.583984375 0.3736111125 0.59765625 0.3944444458333333 0.607421875 0.4256944458333333 0.607421875 0.4326388895833333 0.6142578125 0.44479166666666664 0.6195312484375 0.4479166666666667 0.6222656296875 0.4479166666666667 0.630859375 0.4465277791666667 0.6376953125 0.44479166666666664
1 0.5119140625 0.39756944375000003 0.5041015625 0.4322916666666667 0.5041015625 0.46006944375000003 0.5060546875 0.4635416666666667 0.5080078125 0.484375 0.5119140625 0.49131944375000003 0.5138671875 0.5017361104166667 0.524609375 0.5208333333333334 0.5489843765625 0.5375 0.5566406203125001 0.5375 0.5666015625 0.5364583333333334 0.583203125 0.52430555625 0.591015625 0.5138888895833333 0.5998046875 0.4947916666666667 0.6076171875 0.46006944375000003 0.6076171875 0.4357638895833333 0.6056640625 0.4322916666666667 0.6056640625 0.421875 0.5958984375 0.390625 0.583203125 0.37152777708333334 0.5665039046875 0.35833333333333334 0.5413085953125 0.35833333333333334 0.524609375 0.37152777708333334 0.5119140625 0.39756944375000003
1 0.491796875 0.3347222208333333 0.4771484375 0.31215277708333333 0.4654296875 0.3086805541666667 0.4634765625 0.30520833333333336 0.4478515625 0.30520833333333336 0.4341796875 0.315625 0.421484375 0.33819444375 0.417578125 0.35902777708333333 0.417578125 0.4076388875 0.41953125 0.41458333333333336 0.4224609375 0.4197916666666667 0.4283203125 0.4197916666666667 0.4302734375 0.41631944375 0.4537109375 0.41631944375 0.4654296875 0.4232638875 0.477392578125 0.4354166666666667 0.48203125 0.4354166666666667 0.491796875 0.42152777708333333 0.4984375 0.3890625 0.4984375 0.36666666666666664 0.49765625 0.3555555541666667 0.491796875 0.3347222208333333
1 0.2583984375 0.2923611104166667 0.2544921875 0.28888888749999997 0.2427734375 0.28888888749999997 0.2349609375 0.29583333333333334 0.228125 0.3079861104166667 0.22421875 0.321875 0.22421875 0.34965277708333337 0.226171875 0.36006944375 0.2349609375 0.37569444375 0.24277343906249998 0.38125 0.2517578078125 0.38125 0.253515625 0.38090277708333337 0.2603515625 0.37569444375 0.265234375 0.36701388749999997 0.2703125 0.3399305541666667 0.2703125 0.3218749979166667 0.2671875 0.3079861104166667 0.2583984375 0.2923611104166667
1 0.3578125 0.2220486125 0.351953125 0.22552083333333334 0.3412109375 0.24461805625000002 0.3392578125 0.26197916666666665 0.351953125 0.2706597229166666 0.3607421875 0.28975694583333333 0.364225259375 0.30833333333333335 0.3691406265625 0.30833333333333335 0.3705078125 0.30711805625 0.3685546875 0.2967013895833333 0.3685546875 0.25850694583333333 0.3796875 0.23211805625 0.3796875 0.2301504625 0.371484375 0.2220486125 0.3578125 0.2220486125
1 0.4095703125 0.22986111041666665 0.4017578125 0.22986111041666665 0.3998046875 0.22638888750000002 0.3978515625 0.22986111041666665 0.3900390625 0.22986111041666665 0.3802734375 0.23680555416666668 0.36953125 0.259375 0.36953125 0.29756944375 0.371484375 0.30451388749999997 0.3802734375 0.30625 0.3822265625 0.30277777708333337 0.3900390625 0.30277777708333337 0.3919921875 0.30625 0.3998046875 0.30625 0.4103515640625 0.31875 0.415429684375 0.31875 0.41640625 0.31840277708333337 0.4234375 0.29340277708333334 0.4234375 0.2565972229166667 0.4203125 0.24548611041666665 0.4095703125 0.22986111041666665
1 0.419921875 0.24496527708333332 0.423828125 0.26232638750000004 0.427734375 0.26232638750000004 0.431640625 0.24496527708333332 0.4404296875 0.22934027708333332 0.4501953125 0.22239583333333332 0.4599609375 0.22239583333333332 0.4609375 0.21371527708333332 0.4560546875 0.20503472083333335 0.4423828125 0.1946180541666667 0.4365234375 0.1946180541666667 0.4228515625 0.20503472083333335 0.416015625 0.2171875 0.4140625 0.23454861041666666 0.419921875 0.24496527708333332
1 0.4783203125 0.23229166874999999 0.4666015625 0.22187500208333333 0.4509765625 0.22187500208333333 0.4412109375 0.22881944583333333 0.432421875 0.24444444583333333 0.428515625 0.25833333541666664 0.4265625 0.28611111250000004 0.428515625 0.29652777916666667 0.43459201406250003 0.3104166666666667 0.4382812515625 0.3104166666666667 0.4470703125 0.30520833333333336 0.4646484375 0.30520833333333336 0.4719726546875 0.3104166666666667 0.483203125 0.3104166666666667 0.4875 0.29768518541666666 0.4875 0.25625 0.483203125 0.24097222291666667 0.4783203125 0.23229166874999999
0 0.58671875 1 0.5884765625 0.996875 0.61875 0.9986111125 0.6255859375 0.996875 0.634375 0.9847222229166667 0.634375 0.9777777791666666 0.640234375 0.9673611125 0.640234375 0.9604166666666667 0.644140625 0.95 0.644140625 0.9395833333333333 0.646875 0.9298611124999999 0.646875 0.8558159729166667 0.632421875 0.8076388895833334 0.6158203125 0.778125 0.6138671875 0.778125 0.6119140625 0.77118055625 0.6080078125 0.77118055625 0.6041015625 0.7642361125 0.6001953125 0.7642361125 0.5943359375 0.7572916666666667 0.5826171875 0.7503472229166667 0.5748046875 0.7503472229166667 0.5728515625 0.746875 0.5376953125 0.7503472229166667 0.5103515625 0.77118055625 0.4966796875 0.7885416666666667 0.483984375 0.8111111125 0.47421875 0.8354166666666667 0.468359375 0.85625 0.468359375 0.8701388895833334 0.464453125 0.8875 0.46640625 0.8909722229166667 0.464453125 0.8979166666666667 0.464453125 0.9152777791666666 0.46640625 0.91875 0.468359375 0.9465277791666666 0.47421875 0.9638888895833334 0.476171875 0.98125 0.478125 0.9881944458333333 0.4830078125 0.98993055625 0.4849609375 0.996875 0.4927734375 0.996875 0.49453125 1 0.50078125 1 0.5025390625 0.996875 0.5123046875 0.996875 0.5140625 1 0.514453125 1 0.5162109375 0.996875 0.5669921875 0.996875 0.56875 1 0.58671875 1
0 0.4734375 0.43020833333333336 0.46953125 0.43020833333333336 0.463671875 0.42326388958333333 0.455859375 0.42326388958333333 0.451953125 0.41631944583333336 0.434375 0.41631944583333336 0.41484375 0.43020833333333336 0.4001953125 0.45625 0.3904296875 0.49097222291666665 0.3904296875 0.5013888895833333 0.3884765625 0.5048611125 0.3884765625 0.5361111104166666 0.3943359375 0.5638888895833334 0.4109375 0.5968750020833333 0.432421875 0.6142361104166666 0.43828125 0.6142361104166666 0.4396484375 0.6166666666666667 0.44667969531249996 0.6166666666666667 0.4509765625 0.6159722229166668 0.471484375 0.60381944375 0.4880859375 0.5812500020833333 0.4984375 0.5383101854166666 0.4984375 0.48958333541666665 0.4900390625 0.45972222291666665 0.4734375 0.43020833333333336
0 0.3359375 0.6055555541666667 0.345703125 0.58125 0.349609375 0.5604166666666667 0.349609375 0.5291666666666667 0.341796875 0.4909722208333333 0.3359375 0.47708333333333336 0.3251953125 0.46145833333333336 0.3154296875 0.4545138875 0.3076171875 0.4545138875 0.3056640625 0.4510416666666667 0.2939453125 0.4510416666666667 0.2744140625 0.4649305541666667 0.2578125 0.4979166666666667 0.25390625 0.51875 0.25390625 0.5326388875 0.251953125 0.5361111104166666 0.25390625 0.5708333333333333 0.259765625 0.5951388875 0.265625 0.6090277770833333 0.2763671875 0.6246527770833333 0.289388021875 0.6333333333333333 0.3125 0.6333333333333333 0.3251953125 0.6246527770833333 0.3359375 0.6055555541666667
0 0.3650390625 0.6916666666666667 0.3416015625 0.6708333333333333 0.3201171875 0.6673611104166667 0.3162109375 0.6638888875000001 0.3142578125 0.6673611104166667 0.3025390625 0.6673611104166667 0.2927734375 0.6743055541666667 0.2810546875 0.6881944437499999 0.26640625 0.7142361104166667 0.256640625 0.7524305541666667 0.2546875 0.7940972208333333 0.256640625 0.7975694437499999 0.256640625 0.8114583333333333 0.268359375 0.8565972208333333 0.2869140625 0.8895833333333333 0.2992187515625 0.9020833333333333 0.3029296859375 0.9020833333333333 0.303515625 0.9017361104166667 0.3162109375 0.8756944437499999 0.3376953125 0.8513888875000001 0.3494140625 0.8479166666666667 0.3552734375 0.8409722208333333 0.3904296875 0.8409722208333333 0.39375 0.8327083333333333 0.39375 0.7628472229166667 0.3875 0.7350694437499999 0.3650390625 0.6916666666666667
0 0.3341797703125 1 0.4708984375 0.9986111125 0.471875 0.996875 0.471875 0.9699652791666666 0.4611328125 0.9222222229166667 0.438671875 0.8822916666666667 0.426953125 0.8684027791666666 0.409375 0.8545138895833334 0.403515625 0.8545138895833334 0.39765625 0.8475694458333333 0.3859375 0.8440972229166667 0.383984375 0.840625 0.360546875 0.840625 0.33125 0.8579861125 0.31953125 0.871875 0.3087890625 0.8909722229166667 0.2970703125 0.9291666666666667 0.2970703125 0.9395833333333333 0.2953125 0.9427083333333334 0.2953125 0.9920138895833334 0.2998046875 1 0.3341797703125 1
0 0.407421875 0.4309027791666667 0.4181640625 0.41180555625 0.4162109375 0.3770833333333333 0.4181640625 0.3736111125 0.4201171875 0.33541666666666664 0.41328125 0.31979166666666664 0.399609375 0.3059027791666667 0.38203125 0.30243055625 0.364453125 0.3163194458333333 0.3556640625 0.3319444458333333 0.3498046875 0.34930555625 0.3478515625 0.3840277791666667 0.3537109375 0.41180555625 0.364453125 0.4309027791666667 0.38251953125 0.44375 0.3892578140625 0.44375 0.3927734375 0.44305555625 0.407421875 0.4309027791666667
0 0.308984375 0.29340277708333334 0.305078125 0.3107638895833333 0.305078125 0.33159722291666666 0.3109375 0.35243055624999997 0.3158203125 0.3611111104166667 0.32858072968749996 0.37083333333333335 0.334570309375 0.37083333333333335 0.3421875 0.3697916666666667 0.348046875 0.36284722291666666 0.355859375 0.33159722291666666 0.3625 0.31979166666666664 0.3625 0.29403409166666666 0.3529296875 0.2708333333333333 0.3441406234375 0.26458333333333334 0.32880859375 0.26458333333333334 0.3158203125 0.27777777708333334 0.308984375 0.29340277708333334
0 0.5220703125 0.23090277708333332 0.5181640625 0.26215277708333334 0.5220703125 0.2795138895833333 0.5279296875 0.29340277708333334 0.534765625 0.3020833333333333 0.541796875 0.30833333333333335 0.5492187453125 0.30833333333333335 0.5591796875 0.3072916666666667 0.566015625 0.3020833333333333 0.5787109375 0.2795138895833333 0.58125 0.25920138958333333 0.58125 0.24259259375 0.5767578125 0.22395833333333334 0.56796875 0.20833333333333334 0.5609375 0.20208333333333334 0.53984375 0.20208333333333334 0.5328125 0.20833333333333334 0.5220703125 0.23090277708333332
0 0.65546875 0.16284722291666667 0.649609375 0.15937500208333333 0.633984375 0.16284722291666667 0.6251953125 0.17500000208333333 0.6212890625 0.18888888958333333 0.6193359375 0.20972222291666667 0.6232421875 0.2236111125 0.633984375 0.24270833541666667 0.6413085921875 0.24791666666666667 0.6544921953125 0.24791666666666667 0.661328125 0.24618055625000002 0.6681640625 0.23402777916666664 0.671875 0.22083333333333333 0.671875 0.19479166875 0.6701171875 0.18541666874999999 0.65546875 0.16284722291666667
0 0.6955078125 0.33506944375000003 0.6896484375 0.35590277708333334 0.6896484375 0.4010416666666667 0.6955078125 0.42534722291666666 0.70234375 0.4375 0.723828125 0.46180555624999997 0.728515625 0.46458333333333335 0.7324218734375 0.46458333333333335 0.7365234375 0.4635416666666667 0.751171875 0.4548611104166667 0.7638671875 0.4357638895833333 0.7734375 0.40513888958333333 0.7734375 0.3729166666666667 0.7716796875 0.3697916666666667 0.7716796875 0.359375 0.7638671875 0.33506944375000003 0.755078125 0.31944444375000003 0.740234375 0.30625 0.7190104171875 0.30625 0.70625 0.31597222291666666 0.6955078125 0.33506944375000003
0 0.8669921875 0.49461805625 0.85625 0.47899305625 0.842578125 0.4685763895833333 0.82109375 0.4685763895833333 0.803515625 0.4824652791666667 0.7908203125 0.5015625 0.7830078125 0.5293402791666667 0.7810546875 0.5501736125 0.7791015625 0.5536458333333333 0.7791015625 0.5987847229166667 0.7849609375 0.6265625 0.8015625 0.6595486125 0.8171875 0.6769097229166667 0.818261715625 0.6770833333333334 0.835839846875 0.6770833333333334 0.83671875 0.6769097229166667 0.854296875 0.6630208333333333 0.8689453125 0.6404513895833334 0.8787109375 0.6057291666666667 0.8806640625 0.5779513895833334 0.88125 0.5769097229166668 0.88125 0.55868055625 0.8787109375 0.5293402791666667 0.8669921875 0.49461805625