1 0.55859375 0.21006944375 0.556640625 0.22048611041666666 0.55859375 0.22743055625 0.55859375 0.25173611041666666 0.560546875 0.26215277708333334 0.5791015625 0.2916666666666667 0.5849609375 0.2951388895833333 0.595703125 0.29340277708333334 0.6044921875 0.28819444375000003 0.6171875 0.26909722291666666 0.62109375 0.2552083333333333 0.623046875 0.22743055625 0.6171875 0.203125 0.6025390625 0.18055555625 0.5966796875 0.17708333333333334 0.5830078125 0.17708333333333334 0.5693359375 0.1875 0.55859375 0.21006944375
1 0.517578125 0.17534722291666668 0.513671875 0.18923611041666666 0.513671875 0.20659722291666668 0.517578125 0.22395833333333334 0.5263671875 0.23958333333333334 0.5380859375 0.25 0.546875 0.24826388958333334 0.5537109375 0.24652777708333332 0.55859375 0.23784722291666668 0.556640625 0.22048611041666666 0.560546875 0.203125 0.568359375 0.18923611041666666 0.568359375 0.17881944375 0.5576171875 0.15625 0.5517578125 0.15277777708333332 0.5322265625 0.15277777708333332 0.517578125 0.17534722291666668
1 0.56640625 0.171875 0.5693359375 0.18402777708333332 0.576171875 0.18229166666666666 0.5830078125 0.17708333333333334 0.6044921875 0.18055555625 0.60546875 0.16840277708333332 0.603515625 0.15798611041666666 0.5927734375 0.13888888958333334 0.5830078125 0.13194444375 0.5732421875 0.13194444375 0.5634765625 0.13888888958333334 0.556640625 0.15451388958333334 0.56640625 0.171875
1 0.5205078125 0.13541666666666666 0.51171875 0.15104166666666666 0.509765625 0.16145833333333334 0.51171875 0.18576388958333334 0.515625 0.18576388958333334 0.517578125 0.17534722291666668 0.5283203125 0.15625 0.5341796875 0.15277777708333332 0.5498046875 0.15277777708333332 0.5556640625 0.15625 0.556640625 0.14756944375 0.5498046875 0.13541666666666666 0.5400390625 0.12847222291666666 0.5283203125 0.12847222291666666 0.5205078125 0.13541666666666666
1 0.458984375 0.17881944375 0.455078125 0.19618055625 0.455078125 0.21701388958333334 0.45703125 0.22048611041666666 0.45703125 0.23784722291666668 0.458984375 0.24479166666666666 0.4716796875 0.2604166666666667 0.4921875 0.25868055625 0.5 0.24826388958333334 0.501953125 0.23784722291666668 0.505859375 0.23090277708333332 0.5078125 0.19965277708333332 0.50390625 0.18576388958333334 0.4931640625 0.16666666666666666 0.4873046875 0.16319444375 0.4736328125 0.16319444375 0.4638671875 0.17013888958333334 0.458984375 0.17881944375
1 0.3984375 0.22395833333333334 0.3984375 0.2552083333333333 0.4130859375 0.28472222291666666 0.4208984375 0.2916666666666667 0.435546875 0.28993055624999997 0.4443359375 0.28472222291666666 0.44921875 0.2760416666666667 0.45703125 0.24826388958333334 0.45703125 0.22743055625 0.453125 0.21006944375 0.4423828125 0.19097222291666668 0.4248046875 0.18402777708333332 0.4130859375 0.19097222291666668 0.400390625 0.21701388958333334 0.3984375 0.22395833333333334
1 0.4423828125 0.19097222291666668 0.4501953125 0.20486111041666666 0.455078125 0.203125 0.45703125 0.17534722291666668 0.4462890625 0.16319444375 0.4306640625 0.16319444375 0.4228515625 0.17013888958333334 0.4140625 0.18576388958333334 0.4140625 0.18923611041666666 0.4169921875 0.19097222291666668 0.4189453125 0.1875 0.4306640625 0.18402777708333332 0.4423828125 0.19097222291666668
1 0.4736328125 0.16319444375 0.4873046875 0.16319444375 0.4951171875 0.17013888958333334 0.50390625 0.18576388958333334 0.5078125 0.203125 0.509765625 0.203125 0.51171875 0.19618055625 0.51171875 0.17534722291666668 0.5078125 0.16145833333333334 0.5009765625 0.14930555625 0.4931640625 0.14236111041666666 0.4755859375 0.14583333333333334 0.4697265625 0.15277777708333332 0.462890625 0.16840277708333332 0.4677734375 0.17013888958333334 0.4736328125 0.16319444375
1 0.6328125 0.11284722291666666 0.62890625 0.09548611041666667 0.6123046875 0.07986111041666667 0.6025390625 0.08333333333333333 0.59375 0.10243055625 0.5947265625 0.11805555625 0.6044921875 0.11805555625 0.6064453125 0.12152777708333334 0.630859375 0.11979166666666667 0.6328125 0.11284722291666666
1 0.703125 0.13715277708333332 0.708984375 0.12326388958333333 0.708984375 0.10590277708333334 0.70703125 0.09895833333333333 0.6943359375 0.07986111041666667 0.6826171875 0.07986111041666667 0.673828125 0.09895833333333333 0.673828125 0.11631944375 0.67578125 0.12326388958333333 0.6845703125 0.13541666666666666 0.703125 0.13715277708333332
1 0.7431640625 0.14930555625 0.7451171875 0.15277777708333332 0.759765625 0.15104166666666666 0.763671875 0.13715277708333332 0.76171875 0.11284722291666666 0.7548828125 0.10069444375 0.7470703125 0.09375 0.7353515625 0.09722222291666666 0.728515625 0.11284722291666666 0.728515625 0.13020833333333334 0.73046875 0.13715277708333332 0.7373046875 0.14930555625 0.7431640625 0.14930555625
0 1 0.24479166666666666 0.9990234375 0.24305555625 0.9970703125 0.24305555625 0.9951171875 0.24652777708333332 0.9931640625 0.24652777708333332 0.98828125 0.2552083333333333 0.98828125 0.265625 0.9912109375 0.2708333333333333 0.9951171875 0.2708333333333333 0.9970703125 0.27430555624999997 0.9990234375 0.27430555624999997 1 0.27256944375000003 1 0.24479166666666666