0 0.6123046875 0.7708333333333334 0.5908203125 0.7534722229166667 0.5751953125 0.75 0.5732421875 0.7465277770833333 0.5478515625 0.7465277770833333 0.5458984375 0.75 0.5302734375 0.7534722229166667 0.5205078125 0.7638888895833333 0.5166015625 0.7638888895833333 0.4970703125 0.7881944437499999 0.484375 0.8107638895833333 0.46875 0.8559027770833333 0.46875 0.8697916666666666 0.46484375 0.8871527770833333 0.46484375 0.9149305562500001 0.466796875 0.9184027770833333 0.46875 0.9461805562500001 0.4765625 0.9704861104166667 0.4765625 0.9809027770833333 0.4873046875 0.9965277770833333 0.5859375 0.9982638895833333 0.6259765625 0.9965277770833333 0.634765625 0.984375 0.634765625 0.9774305562500001 0.640625 0.9670138895833333 0.6484375 0.921875 0.6484375 0.859375 0.64453125 0.8420138895833333 0.640625 0.8350694437499999 0.6328125 0.8072916666666666 0.6123046875 0.7708333333333334
0 0.3818359375 0.8402777770833333 0.3662109375 0.8402777770833333 0.3642578125 0.84375 0.3447265625 0.8472222229166667 0.3251953125 0.8645833333333334 0.3173828125 0.875 0.302734375 0.9045138895833333 0.294921875 0.9427083333333334 0.294921875 0.984375 0.2998046875 1 0.47265625 0.9982638895833333 0.474609375 0.9913194437499999 0.47265625 0.9878472229166667 0.47265625 0.9704861104166667 0.4609375 0.921875 0.4365234375 0.8784722229166667 0.4091796875 0.8541666666666666 0.3916015625 0.8472222229166667 0.3896484375 0.84375 0.3837890625 0.84375 0.3818359375 0.8402777770833333
0 0.38671875 0.8177083333333334 0.38671875 0.7934027770833333 0.384765625 0.7899305562500001 0.384765625 0.7760416666666666 0.380859375 0.7552083333333334 0.3671875 0.7170138895833333 0.3466796875 0.6875 0.3427734375 0.6875 0.3251953125 0.6736111104166667 0.2978515625 0.6736111104166667 0.2958984375 0.6770833333333334 0.2822265625 0.6805555562500001 0.26171875 0.7100694437499999 0.25 0.7413194437499999 0.25 0.7517361104166667 0.24609375 0.765625 0.24609375 0.8072916666666666 0.255859375 0.8524305562500001 0.26171875 0.8628472229166667 0.265625 0.8767361104166667 0.2783203125 0.8993055562500001 0.2900390625 0.9097222229166667 0.30078125 0.9079861104166667 0.3046875 0.8940972229166667 0.3251953125 0.8611111104166667 0.3427734375 0.8472222229166667 0.3486328125 0.8472222229166667 0.3544921875 0.8402777770833333 0.3759765625 0.8402777770833333 0.3818359375 0.8368055562500001 0.384765625 0.8315972229166667 0.384765625 0.8211805562500001 0.38671875 0.8177083333333334
0 0.4482421875 0.4166666666666667 0.4228515625 0.4166666666666667 0.4091796875 0.4270833333333333 0.390625 0.46006944375000003 0.3828125 0.4947916666666667 0.3828125 0.5364583333333334 0.390625 0.5677083333333334 0.4072265625 0.5972222229166667 0.4306640625 0.6145833333333334 0.44921875 0.6128472229166667 0.4580078125 0.6076388895833333 0.4677734375 0.59375 0.4736328125 0.5902777770833333 0.486328125 0.5642361104166667 0.4921875 0.5364583333333334 0.4921875 0.48784722291666666 0.484375 0.46006944375000003 0.4814453125 0.4583333333333333 0.4677734375 0.43055555624999997 0.4482421875 0.4166666666666667
0 0.224609375 0.32118055624999997 0.220703125 0.3385416666666667 0.220703125 0.359375 0.2265625 0.38368055624999997 0.2333984375 0.3958333333333333 0.251953125 0.39409722291666666 0.2587890625 0.3888888895833333 0.267578125 0.3732638895833333 0.26953125 0.35243055624999997 0.271484375 0.3489583333333333 0.271484375 0.33506944375000003 0.265625 0.3142361104166667 0.2587890625 0.3020833333333333 0.2451171875 0.2951388895833333 0.2353515625 0.3020833333333333 0.224609375 0.32118055624999997
0 0.265625 0.3142361104166667 0.2744140625 0.34375 0.2841796875 0.3541666666666667 0.294921875 0.35243055624999997 0.3037109375 0.34722222291666666 0.310546875 0.33506944375000003 0.314453125 0.3177083333333333 0.314453125 0.2864583333333333 0.3125 0.2795138895833333 0.2998046875 0.2604166666666667 0.2841796875 0.2604166666666667 0.26953125 0.2829861104166667 0.265625 0.30034722291666666 0.265625 0.3142361104166667
0 0.212890625 0.39409722291666666 0.212890625 0.36631944375000003 0.2109375 0.35590277708333334 0.1982421875 0.3333333333333333 0.1845703125 0.3333333333333333 0.1796875 0.3385416666666667 0.1796875 0.39409722291666666 0.1943359375 0.4201388895833333 0.205078125 0.41840277708333334 0.212890625 0.39409722291666666
1 0.2041015625 0.34027777708333334 0.2109375 0.35590277708333334 0.212890625 0.36631944375000003 0.212890625 0.4010416666666667 0.216796875 0.4010416666666667 0.224609375 0.390625 0.224609375 0.3732638895833333 0.220703125 0.359375 0.220703125 0.3385416666666667 0.224609375 0.328125 0.224609375 0.32118055624999997 0.2099609375 0.3125 0.2001953125 0.31944444375000003 0.1953125 0.33159722291666666 0.2041015625 0.34027777708333334
1 0.3203125 0.25173611041666666 0.314453125 0.2760416666666667 0.314453125 0.28993055624999997 0.31640625 0.30034722291666666 0.3291015625 0.3229166666666667 0.3349609375 0.3263888895833333 0.34765625 0.32465277708333334 0.3525390625 0.3229166666666667 0.361328125 0.30381944375000003 0.357421875 0.28993055624999997 0.357421875 0.26909722291666666 0.361328125 0.25173611041666666 0.3564453125 0.23958333333333334 0.3486328125 0.23263888958333334 0.3388671875 0.23263888958333334 0.3291015625 0.23958333333333334 0.3203125 0.25173611041666666
1 0.36328125 0.24479166666666666 0.357421875 0.26909722291666666 0.357421875 0.2864583333333333 0.361328125 0.30034722291666666 0.3701171875 0.31597222291666666 0.3779296875 0.3229166666666667 0.39453125 0.32118055624999997 0.4033203125 0.31597222291666666 0.40625 0.3072916666666667 0.40625 0.30034722291666666 0.412109375 0.2829861104166667 0.412109375 0.2552083333333333 0.4013671875 0.23263888958333334 0.3916015625 0.22569444375 0.3798828125 0.22569444375 0.3740234375 0.22916666666666666 0.36328125 0.24479166666666666
1 0.4306640625 0.23263888958333334 0.421875 0.24826388958333334 0.41796875 0.26215277708333334 0.41796875 0.296875 0.4267578125 0.31597222291666666 0.4296875 0.3142361104166667 0.4462890625 0.2986111104166667 0.4599609375 0.2986111104166667 0.4697265625 0.30555555624999997 0.474609375 0.30381944375000003 0.48046875 0.27256944375000003 0.474609375 0.24826388958333334 0.4658203125 0.23263888958333334 0.4560546875 0.22569444375 0.4384765625 0.22569444375 0.4306640625 0.23263888958333334
1 0.4267578125 0.20138888958333334 0.4140625 0.22743055625 0.4140625 0.25868055625 0.4169921875 0.26388888958333334 0.41796875 0.26215277708333334 0.423828125 0.24479166666666666 0.4306640625 0.23263888958333334 0.4384765625 0.22569444375 0.4560546875 0.22569444375 0.4638671875 0.23263888958333334 0.466796875 0.22395833333333334 0.4580078125 0.20486111041666666 0.4462890625 0.19444444375 0.4306640625 0.19791666666666666 0.4267578125 0.20138888958333334
1 0.4404296875 0.3020833333333333 0.4306640625 0.3125 0.419921875 0.33159722291666666 0.416015625 0.3454861104166667 0.4140625 0.35590277708333334 0.4140625 0.38715277708333334 0.416015625 0.39756944375000003 0.4228515625 0.4166666666666667 0.4404296875 0.41319444375000003 0.4423828125 0.4166666666666667 0.4501953125 0.4166666666666667 0.4599609375 0.4236111104166667 0.466796875 0.421875 0.466796875 0.390625 0.46875 0.3802083333333333 0.482421875 0.3454861104166667 0.48828125 0.3385416666666667 0.48828125 0.33159722291666666 0.4833984375 0.31944444375000003 0.4716796875 0.30555555624999997 0.4599609375 0.3020833333333333 0.4580078125 0.2986111104166667 0.4404296875 0.3020833333333333
1 0.474609375 0.36284722291666666 0.466796875 0.390625 0.466796875 0.42534722291666666 0.48046875 0.44965277708333334 0.4931640625 0.4791666666666667 0.5087890625 0.49305555624999997 0.52734375 0.49131944375000003 0.5400390625 0.4791666666666667 0.5546875 0.453125 0.560546875 0.42881944375000003 0.560546875 0.39409722291666666 0.5546875 0.36631944375000003 0.5419921875 0.34027777708333334 0.5302734375 0.3298611104166667 0.5048828125 0.3263888895833333 0.4853515625 0.34027777708333334 0.474609375 0.36284722291666666
1 0.6103515625 0.2916666666666667 0.5986328125 0.30555555624999997 0.587890625 0.32465277708333334 0.58203125 0.3489583333333333 0.58203125 0.3802083333333333 0.58984375 0.4114583333333333 0.6005859375 0.43055555624999997 0.6162109375 0.44444444375000003 0.62890625 0.44618055624999997 0.6455078125 0.4375 0.66015625 0.41493055624999997 0.66796875 0.38368055624999997 0.66796875 0.3489583333333333 0.6640625 0.33159722291666666 0.6513671875 0.30555555624999997 0.6376953125 0.2916666666666667 0.6220703125 0.28819444375000003 0.6201171875 0.2916666666666667 0.6103515625 0.2916666666666667
1 0.8349609375 0.3854166666666667 0.8173828125 0.375 0.8017578125 0.37847222291666666 0.7900390625 0.3888888895833333 0.77734375 0.41493055624999997 0.771484375 0.4427083333333333 0.771484375 0.46006944375000003 0.76953125 0.4635416666666667 0.771484375 0.4704861104166667 0.771484375 0.49131944375000003 0.779296875 0.5190972229166666 0.7880859375 0.5347222229166667 0.791015625 0.5329861104166667 0.79296875 0.5260416666666666 0.8115234375 0.49652777708333334 0.8232421875 0.4895833333333333 0.8466796875 0.4895833333333333 0.8544921875 0.49652777708333334 0.857421875 0.49131944375000003 0.859375 0.48090277708333334 0.857421875 0.4427083333333333 0.849609375 0.4114583333333333 0.8349609375 0.3854166666666667
1 0.794921875 0.3802083333333333 0.7998046875 0.38194444375000003 0.8095703125 0.375 0.8173828125 0.375 0.8193359375 0.37847222291666666 0.8310546875 0.38194444375000003 0.849609375 0.4114583333333333 0.85546875 0.4357638895833333 0.8583984375 0.44097222291666666 0.861328125 0.4392361104166667 0.8671875 0.421875 0.8671875 0.3802083333333333 0.861328125 0.35243055624999997 0.8505859375 0.3298611104166667 0.8408203125 0.31944444375000003 0.8251953125 0.31597222291666666 0.8134765625 0.3229166666666667 0.796875 0.35590277708333334 0.794921875 0.36284722291666666 0.794921875 0.3802083333333333
0 0.8447265625 0.4895833333333333 0.8232421875 0.4895833333333333 0.8037109375 0.50694444375 0.791015625 0.5329861104166667 0.78125 0.5746527770833333 0.78125 0.6336805562500001 0.78515625 0.6545138895833333 0.8017578125 0.6875 0.8134765625 0.7013888895833333 0.8251953125 0.7083333333333334 0.83203125 0.7065972229166667 0.8427734375 0.7048611104166667 0.8564453125 0.6944444437499999 0.873046875 0.6649305562500001 0.880859375 0.6440972229166667 0.88671875 0.6128472229166667 0.88671875 0.5677083333333334 0.876953125 0.5295138895833333 0.87109375 0.515625 0.8603515625 0.5 0.8447265625 0.4895833333333333
0 0.6953125 0.33506944375000003 0.689453125 0.359375 0.689453125 0.4010416666666667 0.693359375 0.41840277708333334 0.7060546875 0.44444444375000003 0.7236328125 0.46180555624999997 0.7294921875 0.46527777708333334 0.736328125 0.4635416666666667 0.7509765625 0.4548611104166667 0.767578125 0.42881944375000003 0.7734375 0.4045138895833333 0.7734375 0.3732638895833333 0.763671875 0.33506944375000003 0.7548828125 0.31944444375000003 0.7392578125 0.30555555624999997 0.7197265625 0.30555555624999997 0.7060546875 0.31597222291666666 0.6953125 0.33506944375000003
0 0.619140625 0.19965277708333332 0.62109375 0.22048611041666666 0.6279296875 0.23611111041666666 0.6416015625 0.25 0.654296875 0.24826388958333334 0.6630859375 0.24305555625 0.669921875 0.22743055625 0.671875 0.19618055625 0.666015625 0.17534722291666668 0.6552734375 0.16319444375 0.6494140625 0.15972222291666668 0.6337890625 0.16319444375 0.625 0.17534722291666668 0.62109375 0.18923611041666666 0.619140625 0.19965277708333332
0 0.51953125 0.2552083333333333 0.517578125 0.25868055625 0.51953125 0.26215277708333334 0.51953125 0.2760416666666667 0.5283203125 0.2951388895833333 0.5419921875 0.30902777708333334 0.55859375 0.3072916666666667 0.5654296875 0.3020833333333333 0.578125 0.2795138895833333 0.58203125 0.24826388958333334 0.576171875 0.22395833333333334 0.5673828125 0.20833333333333334 0.5595703125 0.20138888958333334 0.5400390625 0.20138888958333334 0.5322265625 0.20833333333333334 0.51953125 0.23784722291666668 0.51953125 0.2552083333333333
1 0.1650390625 0.6770833333333334 0.1513671875 0.6875 0.138671875 0.7100694437499999 0.130859375 0.7482638895833333 0.130859375 0.7864583333333334 0.14453125 0.8420138895833333 0.1630859375 0.875 0.1826171875 0.8888888895833333 0.201171875 0.8871527770833333 0.2197265625 0.8715277770833333 0.232421875 0.8420138895833333 0.234375 0.8315972229166667 0.234375 0.8038194437499999 0.236328125 0.8003472229166667 0.232421875 0.7586805562500001 0.22265625 0.7239583333333334 0.2041015625 0.6909722229166667 0.1884765625 0.6770833333333334 0.1650390625 0.6770833333333334