1 0.716796875 0.25868055625 0.7109375 0.2795138895833333 0.712890625 0.32465277708333334 0.71875 0.3420138895833333 0.7275390625 0.3576388895833333 0.7373046875 0.3645833333333333 0.75390625 0.36284722291666666 0.7666015625 0.35069444375000003 0.775390625 0.328125 0.775390625 0.3177083333333333 0.77734375 0.3142361104166667 0.775390625 0.2829861104166667 0.7607421875 0.25 0.7490234375 0.23958333333333334 0.7333984375 0.23958333333333334 0.7216796875 0.25 0.716796875 0.25868055625
1 0.9619140625 0.4375 0.9560546875 0.4375 0.9541015625 0.43402777708333334 0.9482421875 0.43402777708333334 0.9384765625 0.44097222291666666 0.92578125 0.4635416666666667 0.91796875 0.4982638895833333 0.91796875 0.5329861104166667 0.919921875 0.5364583333333334 0.91796875 0.5642361104166667 0.919921875 0.5746527770833333 0.9384765625 0.5972222229166667 0.9443359375 0.5972222229166667 0.9462890625 0.6006944437499999 0.951171875 0.5989583333333334 0.9599609375 0.5972222229166667 0.9658203125 0.5902777770833333 0.9775390625 0.5659722229166667 0.984375 0.5607638895833333 0.982421875 0.546875 0.986328125 0.5329861104166667 0.986328125 0.48784722291666666 0.982421875 0.4704861104166667 0.9716796875 0.4479166666666667 0.9619140625 0.4375
1 0.1552734375 0.7256944437499999 0.1435546875 0.7361111104166667 0.130859375 0.7586805562500001 0.125 0.7795138895833333 0.123046875 0.8177083333333334 0.12109375 0.8211805562500001 0.123046875 0.8246527770833333 0.123046875 0.8420138895833333 0.12890625 0.8732638895833333 0.140625 0.9045138895833333 0.1533203125 0.9270833333333334 0.1689453125 0.9409722229166667 0.1748046875 0.9409722229166667 0.1767578125 0.9444444437499999 0.1875 0.9427083333333334 0.2080078125 0.9375 0.220703125 0.921875 0.23046875 0.8871527770833333 0.23046875 0.8663194437499999 0.232421875 0.8628472229166667 0.23046875 0.828125 0.21484375 0.7725694437499999 0.2001953125 0.7430555562500001 0.1806640625 0.7256944437499999 0.1552734375 0.7256944437499999
1 0.697265625 0.21354166666666666 0.697265625 0.23784722291666668 0.701171875 0.24479166666666666 0.705078125 0.26215277708333334 0.7119140625 0.2708333333333333 0.712890625 0.26909722291666666 0.7197265625 0.25347222291666666 0.7333984375 0.23958333333333334 0.75 0.23784722291666668 0.748046875 0.21006944375 0.7392578125 0.19097222291666668 0.7294921875 0.18055555625 0.7119140625 0.18055555625 0.7060546875 0.1875 0.69921875 0.203125 0.697265625 0.21354166666666666
1 0.6376953125 0.20486111041666666 0.6318359375 0.20833333333333334 0.619140625 0.22743055625 0.615234375 0.24131944375 0.615234375 0.24826388958333334 0.626953125 0.265625 0.6328125 0.2864583333333333 0.6328125 0.32118055624999997 0.6376953125 0.3263888895833333 0.642578125 0.32465277708333334 0.638671875 0.3107638895833333 0.638671875 0.28993055624999997 0.64453125 0.26215277708333334 0.6494140625 0.25347222291666666 0.6650390625 0.23958333333333334 0.673828125 0.23784722291666668 0.673828125 0.23090277708333332 0.6650390625 0.21527777708333332 0.6533203125 0.20486111041666666 0.6376953125 0.20486111041666666
0 0.2802734375 0.4201388895833333 0.265625 0.44618055624999997 0.259765625 0.4739583333333333 0.259765625 0.515625 0.265625 0.5399305562500001 0.2802734375 0.5659722229166667 0.2919921875 0.5763888895833333 0.2998046875 0.5763888895833333 0.3017578125 0.5798611104166667 0.3125 0.578125 0.3310546875 0.5625 0.34375 0.5329861104166667 0.34375 0.5260416666666666 0.34765625 0.515625 0.34765625 0.4704861104166667 0.34375 0.44965277708333334 0.3212890625 0.41319444375000003 0.3154296875 0.40972222291666666 0.2939453125 0.40972222291666666 0.2802734375 0.4201388895833333
0 0.5712890625 0.25 0.564453125 0.26215277708333334 0.55859375 0.2864583333333333 0.55859375 0.3107638895833333 0.5625 0.33159722291666666 0.5712890625 0.35069444375000003 0.5869140625 0.3645833333333333 0.5927734375 0.3645833333333333 0.5947265625 0.36805555624999997 0.603515625 0.36631944375000003 0.6201171875 0.3541666666666667 0.626953125 0.3420138895833333 0.626953125 0.33506944375000003 0.6328125 0.3177083333333333 0.6328125 0.2864583333333333 0.626953125 0.265625 0.6181640625 0.25 0.6005859375 0.23611111041666666 0.5888671875 0.23611111041666666 0.5712890625 0.25
0 0.6494140625 0.25347222291666666 0.642578125 0.26909722291666666 0.640625 0.2795138895833333 0.640625 0.3177083333333333 0.646484375 0.3385416666666667 0.6572265625 0.3576388895833333 0.6669921875 0.3645833333333333 0.681640625 0.36631944375000003 0.6884765625 0.3645833333333333 0.7001953125 0.3541666666666667 0.70703125 0.3385416666666667 0.7109375 0.32465277708333334 0.7109375 0.2864583333333333 0.703125 0.26215277708333334 0.6923828125 0.24652777708333332 0.6826171875 0.23958333333333334 0.6669921875 0.23958333333333334 0.6494140625 0.25347222291666666
0 0.767578125 0.2552083333333333 0.767578125 0.265625 0.7734375 0.2760416666666667 0.77734375 0.29340277708333334 0.775390625 0.33506944375000003 0.7783203125 0.34375 0.7861328125 0.35069444375000003 0.7919921875 0.35069444375000003 0.7939453125 0.3541666666666667 0.80078125 0.35243055624999997 0.8115234375 0.34375 0.81640625 0.33506944375000003 0.822265625 0.3107638895833333 0.822265625 0.2795138895833333 0.818359375 0.265625 0.8056640625 0.24305555625 0.7958984375 0.23611111041666666 0.7822265625 0.23611111041666666 0.7744140625 0.24305555625 0.767578125 0.2552083333333333
0 1 0.4322916666666667 0.9912109375 0.4201388895833333 0.9794921875 0.4201388895833333 0.9716796875 0.4270833333333333 0.966796875 0.4357638895833333 0.966796875 0.4427083333333333 0.98046875 0.4670138895833333 0.984375 0.48090277708333334 0.984375 0.5399305562500001 0.98046875 0.5538194437499999 0.98046875 0.5642361104166667 0.98828125 0.5642361104166667 0.9951171875 0.5590277770833333 1 0.5503472229166667 1 0.4322916666666667
0 0.05078125 0.8663194437499999 0.046875 0.8836805562500001 0.046875 0.9184027770833333 0.048828125 0.9253472229166667 0.0634765625 0.9513888895833333 0.0712890625 0.9583333333333334 0.08203125 0.9774305562500001 0.0908203125 1 0.13671875 0.9982638895833333 0.138671875 0.9947916666666666 0.138671875 0.9774305562500001 0.13671875 0.9739583333333334 0.13671875 0.9565972229166667 0.1328125 0.9357638895833333 0.123046875 0.9010416666666666 0.1025390625 0.8611111104166667 0.0830078125 0.84375 0.0654296875 0.84375 0.05078125 0.8663194437499999