1 0.509765625 0.5815972229166667 0.501953125 0.5607638895833333 0.4951171875 0.5451388895833333 0.4833984375 0.53125 0.4599609375 0.5138888895833333 0.4365234375 0.5138888895833333 0.4345703125 0.5173611104166667 0.4287109375 0.5173611104166667 0.4150390625 0.5277777770833334 0.392578125 0.5711805562500001 0.384765625 0.6128472229166667 0.38671875 0.6649305562500001 0.3984375 0.7065972229166667 0.4208984375 0.7361111104166667 0.4365234375 0.7465277770833333 0.466796875 0.7447916666666666 0.4794921875 0.7361111104166667 0.4912109375 0.7222222229166667 0.5009765625 0.7083333333333334 0.5078125 0.6927083333333334 0.515625 0.6614583333333334 0.515625 0.6371527770833333 0.517578125 0.6336805562500001 0.515625 0.609375 0.509765625 0.5885416666666666 0.509765625 0.5815972229166667
0 0.2041015625 0.7361111104166667 0.1845703125 0.7222222229166667 0.1630859375 0.7256944437499999 0.1572265625 0.7326388895833333 0.1533203125 0.7326388895833333 0.1455078125 0.7430555562500001 0.1328125 0.7760416666666666 0.130859375 0.8038194437499999 0.12890625 0.8072916666666666 0.1328125 0.8559027770833333 0.14453125 0.8975694437499999 0.150390625 0.9114583333333334 0.1650390625 0.9340277770833333 0.1904296875 0.9513888895833333 0.20703125 0.9496527770833333 0.2177734375 0.9409722229166667 0.234375 0.9114583333333334 0.23828125 0.890625 0.240234375 0.8420138895833333 0.23828125 0.8385416666666666 0.23828125 0.8246527770833333 0.236328125 0.8211805562500001 0.234375 0.8003472229166667 0.2265625 0.7725694437499999 0.2041015625 0.7361111104166667
0 0.2470703125 0.39930555624999997 0.234375 0.42534722291666666 0.228515625 0.45659722291666666 0.228515625 0.49131944375000003 0.236328125 0.52256944375 0.2490234375 0.5451388895833333 0.2646484375 0.5555555562500001 0.271484375 0.5538194437499999 0.2822265625 0.5520833333333334 0.2978515625 0.5381944437499999 0.306640625 0.5190972229166666 0.314453125 0.484375 0.314453125 0.45659722291666666 0.30859375 0.42534722291666666 0.2939453125 0.3958333333333333 0.2783203125 0.3854166666666667 0.2587890625 0.3888888895833333 0.2470703125 0.39930555624999997
0 0.5849609375 0.4375 0.5732421875 0.43402777708333334 0.5712890625 0.43055555624999997 0.5576171875 0.43055555624999997 0.5556640625 0.43402777708333334 0.5439453125 0.4375 0.5283203125 0.4513888895833333 0.517578125 0.4670138895833333 0.51171875 0.48090277708333334 0.50390625 0.5121527770833334 0.501953125 0.5538194437499999 0.509765625 0.5815972229166667 0.513671875 0.5885416666666666 0.517578125 0.6163194437499999 0.5244140625 0.6284722229166667 0.5419921875 0.6458333333333334 0.5478515625 0.6458333333333334 0.5498046875 0.6493055562500001 0.572265625 0.6475694437499999 0.5830078125 0.6458333333333334 0.5947265625 0.6354166666666666 0.615234375 0.6024305562500001 0.62109375 0.5850694437499999 0.623046875 0.5642361104166667 0.625 0.5607638895833333 0.625 0.5121527770833334 0.6171875 0.48090277708333334 0.6044921875 0.4583333333333333 0.5849609375 0.4375
0 0.6826171875 0.27430555624999997 0.6650390625 0.28819444375000003 0.654296875 0.3107638895833333 0.650390625 0.328125 0.650390625 0.3697916666666667 0.66015625 0.4045138895833333 0.6728515625 0.4236111104166667 0.6826171875 0.43055555624999997 0.705078125 0.42881944375000003 0.7177734375 0.4166666666666667 0.728515625 0.39409722291666666 0.732421875 0.3767361104166667 0.732421875 0.36284722291666666 0.734375 0.359375 0.732421875 0.33159722291666666 0.7265625 0.3072916666666667 0.7158203125 0.28819444375000003 0.7001953125 0.27430555624999997 0.6826171875 0.27430555624999997
0 0.74609375 0.13715277708333332 0.7421875 0.15451388958333334 0.744140625 0.17881944375 0.7568359375 0.20486111041666666 0.7607421875 0.20833333333333334 0.771484375 0.20659722291666668 0.7744140625 0.20486111041666666 0.78515625 0.18229166666666666 0.78515625 0.171875 0.787109375 0.16840277708333332 0.78515625 0.15104166666666666 0.7783203125 0.13541666666666666 0.7705078125 0.12847222291666666 0.7646484375 0.125 0.7509765625 0.12847222291666666 0.74609375 0.13715277708333332
0 0.73046875 0.14409722291666668 0.7373046875 0.15972222291666668 0.7421875 0.15798611041666666 0.74609375 0.13715277708333332 0.7509765625 0.12847222291666666 0.765625 0.12326388958333333 0.763671875 0.109375 0.7587890625 0.10069444375 0.7490234375 0.09375 0.7392578125 0.09375 0.7353515625 0.09722222291666666 0.728515625 0.11284722291666666 0.73046875 0.14409722291666668
0 0.7685546875 0.12847222291666666 0.7802734375 0.13888888958333334 0.783203125 0.13715277708333332 0.78515625 0.13020833333333334 0.78515625 0.109375 0.7783203125 0.09027777708333334 0.7744140625 0.08680555625 0.7607421875 0.08680555625 0.755859375 0.09201388958333333 0.755859375 0.09895833333333333 0.76171875 0.10590277708333334 0.763671875 0.11979166666666667 0.7685546875 0.12847222291666666
0 0.7021484375 0.10069444375 0.7109375 0.09895833333333333 0.712890625 0.09548611041666667 0.7109375 0.08854166666666667 0.712890625 0.078125 0.71875 0.06423611041666667 0.7099609375 0.048611110416666665 0.6962890625 0.048611110416666665 0.693359375 0.057291666666666664 0.69921875 0.07465277708333334 0.697265625 0.09548611041666667 0.7021484375 0.10069444375
0 0.67578125 0.10243055625 0.6787109375 0.10763888958333333 0.689453125 0.10590277708333334 0.697265625 0.09548611041666667 0.69921875 0.08506944375 0.697265625 0.06770833333333333 0.693359375 0.057291666666666664 0.6826171875 0.048611110416666665 0.6767578125 0.048611110416666665 0.6689453125 0.05555555625 0.66796875 0.060763889583333335 0.67578125 0.078125 0.67578125 0.10243055625
0 0.560546875 0.16145833333333334 0.564453125 0.17534722291666668 0.5751953125 0.19097222291666668 0.5791015625 0.19444444375 0.587890625 0.19270833333333334 0.587890625 0.16145833333333334 0.591796875 0.14756944375 0.6025390625 0.13194444375 0.60546875 0.12326388958333333 0.6025390625 0.11458333333333333 0.5947265625 0.10763888958333333 0.5830078125 0.10416666666666667 0.5712890625 0.11111111041666667 0.560546875 0.13020833333333334 0.560546875 0.16145833333333334
0 0.48828125 0.19965277708333332 0.48828125 0.23090277708333332 0.494140625 0.25173611041666666 0.5009765625 0.26388888958333334 0.5146484375 0.27430555624999997 0.525390625 0.27256944375000003 0.5400390625 0.2604166666666667 0.548828125 0.24131944375 0.55078125 0.23090277708333332 0.55078125 0.19618055625 0.5419921875 0.17361111041666666 0.5244140625 0.15972222291666668 0.5166015625 0.15972222291666668 0.5009765625 0.17013888958333334 0.4921875 0.18576388958333334 0.48828125 0.19965277708333332
0 0.521484375 0.10243055625 0.5390625 0.09895833333333333 0.537109375 0.08854166666666667 0.5244140625 0.07291666666666667 0.5126953125 0.07291666666666667 0.5068359375 0.07638888958333333 0.501953125 0.08506944375 0.5048828125 0.09375 0.5087890625 0.09375 0.5146484375 0.10416666666666667 0.521484375 0.10243055625
0 0.234375 0.19965277708333332 0.234375 0.22048611041666666 0.236328125 0.22743055625 0.2490234375 0.24305555625 0.25390625 0.24131944375 0.2587890625 0.23958333333333334 0.267578125 0.22395833333333334 0.271484375 0.20659722291666668 0.271484375 0.19270833333333334 0.267578125 0.17881944375 0.2568359375 0.17013888958333334 0.2548828125 0.17361111041666666 0.2470703125 0.17361111041666666 0.2412109375 0.18055555625 0.234375 0.19965277708333332
0 0.07421875 0.3767361104166667 0.0771484375 0.38194444375000003 0.0859375 0.38715277708333334 0.0888671875 0.3854166666666667 0.09765625 0.36631944375000003 0.09765625 0.33159722291666666 0.095703125 0.32465277708333334 0.0888671875 0.31597222291666666 0.0810546875 0.31944444375000003 0.07421875 0.33159722291666666 0.072265625 0.35243055624999997 0.0703125 0.35590277708333334 0.07421875 0.3767361104166667
0 0.0205078125 0.50694444375 0.0244140625 0.5104166666666666 0.02734375 0.50868055625 0.03515625 0.4982638895833333 0.037109375 0.48784722291666666 0.037109375 0.4635416666666667 0.033203125 0.4427083333333333 0.0263671875 0.43402777708333334 0.0224609375 0.43402777708333334 0.013671875 0.453125 0.01171875 0.484375 0.013671875 0.4947916666666667 0.0205078125 0.50694444375
1 0.0380859375 0.46875 0.0478515625 0.47569444375000003 0.05078125 0.4739583333333333 0.0537109375 0.47222222291666666 0.060546875 0.45659722291666666 0.0625 0.42534722291666666 0.05859375 0.4079861104166667 0.0537109375 0.39930555624999997 0.0478515625 0.3958333333333333 0.0400390625 0.40277777708333334 0.03515625 0.41840277708333334 0.033203125 0.44965277708333334 0.0380859375 0.46875
1 0.16796875 0.26909722291666666 0.1748046875 0.28125 0.1787109375 0.28472222291666666 0.1875 0.2829861104166667 0.193359375 0.2760416666666667 0.19921875 0.24479166666666666 0.197265625 0.24131944375 0.197265625 0.23090277708333332 0.1923828125 0.21875 0.1787109375 0.21875 0.169921875 0.23090277708333332 0.166015625 0.2552083333333333 0.16796875 0.25868055625 0.16796875 0.26909722291666666
1 0.36328125 0.17534722291666668 0.373046875 0.16145833333333334 0.376953125 0.13368055625 0.375 0.12326388958333333 0.3681640625 0.11111111041666667 0.3525390625 0.11111111041666667 0.341796875 0.1267361104166667 0.337890625 0.15104166666666666 0.341796875 0.16493055625 0.3505859375 0.17708333333333334 0.36328125 0.17534722291666668
1 0.4375 0.12326388958333333 0.4462890625 0.13541666666666666 0.4609375 0.13368055625 0.470703125 0.11284722291666666 0.470703125 0.10243055625 0.47265625 0.09895833333333333 0.470703125 0.08506944375 0.4619140625 0.07291666666666667 0.4462890625 0.07291666666666667 0.4404296875 0.07986111041666667 0.435546875 0.09201388958333333 0.435546875 0.11631944375 0.4375 0.12326388958333333
1 0.54296875 0.09895833333333333 0.5478515625 0.11111111041666667 0.556640625 0.109375 0.5703125 0.08159722291666666 0.56640625 0.060763889583333335 0.5595703125 0.052083333333333336 0.5419921875 0.052083333333333336 0.537109375 0.060763889583333335 0.537109375 0.06770833333333333 0.54296875 0.08159722291666666 0.54296875 0.09201388958333333 0.544921875 0.09548611041666667 0.54296875 0.09895833333333333
1 0.5830078125 0.05902777708333333 0.5908203125 0.05902777708333333 0.59375 0.05034722291666667 0.5869140625 0.045138889583333335 0.5810546875 0.045138889583333335 0.5732421875 0.052083333333333336 0.5703125 0.057291666666666664 0.5703125 0.07465277708333334 0.57421875 0.07465277708333334 0.5830078125 0.05902777708333333
1 0.6201171875 0.10763888958333333 0.625 0.10590277708333334 0.63671875 0.08854166666666667 0.63671875 0.06423611041666667 0.6318359375 0.052083333333333336 0.6240234375 0.045138889583333335 0.6162109375 0.045138889583333335 0.6083984375 0.052083333333333336 0.60546875 0.06423611041666667 0.61328125 0.08159722291666666 0.61328125 0.10243055625 0.6201171875 0.10763888958333333
1 0.642578125 0.09895833333333333 0.6455078125 0.10069444375 0.6513671875 0.11458333333333333 0.6572265625 0.11805555625 0.662109375 0.11631944375 0.6669921875 0.11458333333333333 0.67578125 0.09895833333333333 0.67578125 0.078125 0.6689453125 0.0625 0.6572265625 0.052083333333333336 0.6533203125 0.05902777708333333 0.6494140625 0.05902777708333333 0.640625 0.07465277708333334 0.638671875 0.08506944375 0.642578125 0.09895833333333333
1 0.6533203125 0.041666666666666664 0.6435546875 0.041666666666666664 0.634765625 0.05381944375 0.6376953125 0.06944444375 0.64453125 0.06770833333333333 0.6533203125 0.05555555625 0.658203125 0.05381944375 0.6533203125 0.041666666666666664