0 0.1474609375 0.9440972208333334 0.1259765625 0.91631944375 0.1201171875 0.9128472208333334 0.1123046875 0.9128472208333334 0.1103515625 0.909375 0.0908203125 0.9128472208333334 0.076171875 0.9354166666666667 0.072265625 0.9527777770833333 0.072265625 0.9840277770833333 0.08181423593750001 0.9979166666666667 0.169921875 0.9979166666666667 0.166015625 0.9805555541666667 0.1474609375 0.9440972208333334
0 0.1912109375 0.6130208333333333 0.178515625 0.5904513875 0.16484375 0.5765625 0.14921875 0.5730902770833333 0.135546875 0.58350694375 0.1248046875 0.6026041666666667 0.1189453125 0.6234375 0.1189453125 0.6373263875 0.1169921875 0.6407986104166666 0.1189453125 0.6824652770833333 0.1248046875 0.7067708333333333 0.139453125 0.7362847208333334 0.155078125 0.7467013875 0.165332034375 0.7479166666666667 0.17177734218750002 0.7479166666666667 0.1765625 0.7467013875 0.1892578125 0.7276041666666667 0.1990234375 0.69288194375 0.1990234375 0.6789930541666667 0.2 0.67725694375 0.2 0.6581597229166667 0.1990234375 0.6407986104166666 0.1912109375 0.6130208333333333
0 0.16796875 0.5017361104166667 0.1640625 0.5190972229166666 0.1640625 0.5329861104166667 0.1625 0.5357638895833333 0.1625 0.5651289666666667 0.1689453125 0.5798611104166667 0.1748046875 0.5833333333333334 0.1845703125 0.5972222229166667 0.1943359375 0.6180555562500001 0.2041015625 0.625 0.2109375 0.6232638895833333 0.224609375 0.609375 0.2359375 0.5758101854166667 0.2359375 0.559375 0.23046875 0.5399305562500001 0.23046875 0.4982638895833333 0.2216796875 0.4791666666666667 0.2099609375 0.46875 0.1923828125 0.46875 0.1767578125 0.4826388895833333 0.16796875 0.5017361104166667
0 0.295703125 0.44375 0.28203125 0.43333333333333335 0.268359375 0.42986111250000003 0.26640625 0.43333333333333335 0.2546875 0.43680555625 0.2361328125 0.46631944583333335 0.2302734375 0.49756944583333335 0.2302734375 0.5288194458333334 0.2361328125 0.5600694458333333 0.248828125 0.5826388895833333 0.2546875 0.5895833333333333 0.26640625 0.5930555562500001 0.26796875 0.5958333333333333 0.27421875625 0.5958333333333333 0.2830078125 0.5947916666666667 0.29375 0.5861111124999999 0.3103515625 0.553125 0.3123046875 0.5322916666666667 0.3125 0.53194444375 0.3125 0.48333333333333334 0.3083984375 0.46631944583333335 0.295703125 0.44375
0 0.4677734375 0.19114583333333332 0.4599609375 0.1842013875 0.4482421875 0.1842013875 0.4345703125 0.19809027708333332 0.4296875 0.2102430541666667 0.4296875 0.22065972083333335 0.428125 0.2234375 0.428125 0.2426504625 0.43359375 0.25885416666666666 0.4443359375 0.27100694375 0.453125 0.27274305416666667 0.4599609375 0.27100694375 0.4697265625 0.2605902770833333 0.474609375 0.25190972083333335 0.478125 0.23628472083333335 0.478125 0.22899305416666668 0.4765625 0.20677083333333332 0.4677734375 0.19114583333333332
0 0.9357421875 0.4083333333333333 0.925 0.3927083333333333 0.91328125 0.3892361125 0.911328125 0.3857638895833333 0.895703125 0.3927083333333333 0.8849609375 0.41180555625 0.8771484375 0.44305555625 0.8771484375 0.48125 0.8810546875 0.5020833333333333 0.891796875 0.5246527791666666 0.89453125 0.5270833333333333 0.8986328140625 0.5270833333333333 0.9005859375 0.5263888895833333 0.911328125 0.5107638895833333 0.925 0.5003472229166667 0.938671875 0.5003472229166667 0.940625 0.5038194458333334 0.9453125 0.4921527770833333 0.9453125 0.4422453708333334 0.9396484375 0.41875 0.9357421875 0.4083333333333333
0 1 0.45659722291666666 0.994140625 0.4357638895833333 0.9814453125 0.41319444375000003 0.9658203125 0.41319444375000003 0.9619140625 0.4166666666666667 0.94921875 0.4427083333333333 0.947265625 0.4704861104166667 0.9453125 0.4739583333333333 0.9453125 0.4982638895833333 0.958984375 0.5260416666666666 0.9677734375 0.5555555562500001 0.984375 0.5538194437499999 1 0.5190972229166666 1 0.45659722291666666
1 0.1294921875 0.5052083333333334 0.1294921875 0.515625 0.1275390625 0.5190972229166666 0.1275390625 0.5572916666666666 0.1314453125 0.5746527770833333 0.136328125 0.5833333333333334 0.1373046875 0.5815972229166667 0.148046875 0.5729166666666666 0.1626953125 0.5711805562500001 0.1626953125 0.5329861104166667 0.1646484375 0.5295138895833333 0.1646484375 0.515625 0.1666015625 0.5052083333333334 0.175 0.4872916666666667 0.175 0.4826923083333333 0.163671875 0.46875 0.151953125 0.46875 0.1421875 0.47569444375000003 0.1294921875 0.5052083333333334
1 0.1859375 0.36805555624999997 0.172265625 0.3645833333333333 0.164453125 0.37152777708333334 0.1576171875 0.38368055624999997 0.1517578125 0.4079861104166667 0.1517578125 0.42881944375000003 0.1576171875 0.453125 0.1625 0.46180555624999997 0.172265625 0.46875 0.1830078125 0.4670138895833333 0.1947265625 0.453125 0.2 0.425 0.2 0.4025462979166667 0.191796875 0.375 0.1859375 0.36805555624999997
1 0.295703125 0.3059027791666667 0.2859375 0.2989583333333333 0.276171875 0.2989583333333333 0.26640625 0.3059027791666667 0.2576171875 0.3215277791666667 0.2537109375 0.33541666666666664 0.2517578125 0.3631944458333333 0.2556640625 0.38055555625 0.26640625 0.3996527791666667 0.2756835921875 0.40625 0.27792969218749997 0.40625 0.2849609375 0.4048611125 0.28984375 0.403125 0.3005859375 0.3840277791666667 0.3064453125 0.36666666666666664 0.3078125 0.3545138895833333 0.3078125 0.34618055625 0.3025390625 0.31805555625 0.295703125 0.3059027791666667
1 0.4576171875 0.34097222083333334 0.4439453125 0.33055555416666665 0.4185546875 0.33055555416666665 0.4068359375 0.34097222083333334 0.394140625 0.36701388749999997 0.38828125 0.39479166666666665 0.38828125 0.42256944375 0.394140625 0.446875 0.4029296875 0.46597222083333334 0.4166015625 0.4798611104166667 0.4224609375 0.4798611104166667 0.4271484390625 0.48541666666666666 0.43847655625000004 0.48541666666666666 0.441015625 0.48506944375 0.4537109375 0.47291666666666665 0.468359375 0.446875 0.4734375 0.42881944375000003 0.4734375 0.38819444375 0.46640625 0.36006944375 0.4576171875 0.34097222083333334
1 0.67265625 0.2642361125 0.666796875 0.2642361125 0.66484375 0.26076388958333335 0.6453125 0.2642361125 0.635546875 0.2746527791666667 0.6248046875 0.29722222291666667 0.6248046875 0.30416666666666664 0.6208984375 0.3145833333333333 0.6208984375 0.3458333333333333 0.6287109375 0.3736111125 0.6375 0.3892361125 0.653759765625 0.40208333333333335 0.663867190625 0.40208333333333335 0.6697265625 0.4013888895833333 0.682421875 0.3892361125 0.6951171875 0.3631944458333333 0.6951171875 0.3527777791666667 0.6953125 0.35243055624999997 0.6953125 0.30833333333333335 0.6912109375 0.29375 0.67265625 0.2642361125
1 0.0939453125 0.5392361124999999 0.083203125 0.5201388895833333 0.0734375 0.5131944458333334 0.067578125 0.5166666666666667 0.0568359375 0.5357638895833333 0.053125 0.5489583354166666 0.053125 0.5885416666666666 0.0587890625 0.6086805562500001 0.067578125 0.6243055562500001 0.0707031234375 0.6270833333333333 0.07656250625 0.6270833333333333 0.0841796875 0.6260416666666667 0.087109375 0.6243055562500001 0.0958984375 0.6052083333333333 0.096875 0.584375 0.096875 0.5618055562500001 0.0958984375 0.5600694458333333 0.0939453125 0.5392361124999999
1 0.0521484375 0.49583333333333335 0.0453125 0.5079861125 0.04140625 0.521875 0.04140625 0.5635416666666667 0.0453125 0.5809027791666667 0.0478515625 0.5854166666666667 0.0494140640625 0.5854166666666667 0.051171875 0.584375 0.053125 0.5496527791666667 0.05703125 0.5357638895833333 0.0658203125 0.5201388895833333 0.071875 0.51552579375 0.071875 0.5068497479166667 0.0619140625 0.49236111250000003 0.0521484375 0.49583333333333335
1 0 0.6795138875000001 0.0064453125 0.6909722229166667 0.0111328125 0.69375 0.015820310937500002 0.69375 0.02109375 0.6927083333333334 0.0265625 0.6765046312499999 0.0265625 0.6392361104166666 0.02109375 0.6197916666666666 0.02109375 0.6128472229166667 0.0126953125 0.5979166666666667 0.008078835937499999 0.5979166666666667 0 0.6154706791666666 0 0.6795138875000001
0 0.0384765625 0.5534722208333334 0.031640625 0.54131944375 0.019921875 0.54131944375 0.0189453125 0.5465277770833333 0.0150390625 0.55 0.0111328125 0.5673611104166666 0.0111328125 0.5916666666666667 0.0208984375 0.6090277770833333 0.0248046875 0.6333333333333333 0.0271484375 0.6375 0.030664060937499998 0.6375 0.0326171875 0.6368055541666667 0.0404296875 0.6263888875 0.04375 0.61163194375 0.04375 0.59756944375 0.0423828125 0.5708333333333333 0.0384765625 0.5534722208333334