0 0.92890625 0.4427083333333333 0.925 0.4357638895833333 0.923046875 0.42534722291666666 0.9083984375 0.39930555624999997 0.9044921875 0.3958333333333333 0.8947265625 0.3958333333333333 0.8927734375 0.3923611104166667 0.8751953125 0.40277777708333334 0.86640625 0.41840277708333334 0.85859375 0.4427083333333333 0.8546875 0.47743055624999997 0.856640625 0.48090277708333334 0.85859375 0.50868055625 0.8703125 0.546875 0.8888671875 0.5659722229166667 0.9015625 0.5642361104166667 0.9201171875 0.5451388895833333 0.92890625 0.52256944375 0.930859375 0.5017361104166667 0.9328125 0.4982638895833333 0.9328125 0.4670138895833333 0.930859375 0.4635416666666667 0.92890625 0.4427083333333333
0 0.3646484375 0.21597222083333334 0.3490234375 0.21597222083333334 0.3431640625 0.21944444375 0.332421875 0.24201388750000002 0.33046875 0.26979166666666665 0.334375 0.28368055416666665 0.3412109375 0.29583333333333334 0.3447265640625 0.29791666666666666 0.3587890546875 0.29791666666666666 0.36171875 0.29756944375 0.3646484375 0.29583333333333334 0.3765625 0.27139423125 0.3765625 0.23576388750000002 0.375390625 0.23159722083333334 0.3646484375 0.21597222083333334
0 0.5052734375 0.13854166874999999 0.4916015625 0.13854166874999999 0.47890625 0.15763888958333333 0.47890625 0.16805555625000002 0.476953125 0.17152777916666664 0.47890625 0.18541666874999999 0.49242788437499996 0.20625 0.5062500015625 0.20625 0.516015625 0.1923611125 0.51875 0.18263888958333335 0.51875 0.161309525 0.5130859375 0.1454861125 0.5052734375 0.13854166874999999
0 0.9849609375 0.35972222291666667 0.97421875 0.3302083333333333 0.96640625 0.3232638895833333 0.956640625 0.3232638895833333 0.952734375 0.3267361125 0.9419921875 0.34930555625 0.9419921875 0.39097222291666667 0.9478515625 0.4152777791666667 0.9546875 0.42743055625 0.961328125 0.43333333333333335 0.9677734390625 0.43333333333333335 0.9712890625 0.4326388895833333 0.9810546875 0.41875 0.9849609375 0.4048611125 0.9859375 0.3996527791666667 0.9859375 0.3892361125 0.9849609375 0.3840277791666667 0.9849609375 0.35972222291666667
0 0.979296875 0.3232638895833333 0.9744140625 0.33541666666666664 0.9802734375 0.3458333333333333 0.9841796875 0.3631944458333333 0.9841796875 0.4048611125 0.9822265625 0.4083333333333333 0.9822265625 0.41875 0.9876953125 0.42291666666666666 0.995507815625 0.42291666666666666 0.9984375 0.42244318333333336 0.9984375 0.3305941375 0.991015625 0.3232638895833333 0.979296875 0.3232638895833333
0 0.8595703125 0.22881944375 0.8537109375 0.221875 0.8419921875 0.21840277708333333 0.8361328125 0.221875 0.825390625 0.24444444375 0.8234375 0.25486111041666665 0.825390625 0.2791666666666667 0.829296875 0.2930555541666667 0.8380859375 0.3086805541666667 0.8447265625 0.3145833333333333 0.8523437453125 0.3145833333333333 0.856640625 0.3138888875 0.86640625 0.3 0.8703125 0.2861111104166667 0.8703125 0.2618055541666667 0.864453125 0.2375 0.8595703125 0.22881944375
0 0.776953125 0.14618055416666667 0.76328125 0.14618055416666667 0.7544921875 0.16180555416666667 0.7544921875 0.18958333125000001 0.7666796890625001 0.21458333333333332 0.774804675 0.21458333333333332 0.7798828125 0.2138888875 0.784765625 0.20868055416666667 0.790625 0.19528769791666667 0.790625 0.17916666666666667 0.7896484375 0.16527777708333333 0.776953125 0.14618055416666667
0 0.702734375 0.12847222291666666 0.6890625 0.125 0.679296875 0.13541666666666666 0.6763671875 0.14409722291666668 0.6763671875 0.171875 0.687109375 0.19444444375 0.69296875 0.19444444375 0.694921875 0.19791666666666666 0.7017578125 0.19618055625 0.706640625 0.19444444375 0.7125 0.1810515875 0.7125 0.14409722083333334 0.7115234375 0.140625 0.702734375 0.12847222291666666
0 0.6615234375 0.121875 0.6458984375 0.121875 0.6419921875 0.12534722291666667 0.63515625 0.14444444583333332 0.63515625 0.15833333333333333 0.6390625 0.17222222291666667 0.649565971875 0.1875 0.65234375625 0.1875 0.6625 0.18611111249999998 0.6654296875 0.184375 0.6734375 0.16697531041666666 0.6734375 0.14513888958333335 0.672265625 0.14097222291666667 0.6615234375 0.121875
1 0.7353515625 0.13888888958333334 0.7333984375 0.13541666666666666 0.7236328125 0.13888888958333334 0.715625 0.15628857916666666 0.715625 0.18071338333333334 0.7255859375 0.20486111041666666 0.7314453125 0.20833333333333334 0.7421875 0.20659722291666668 0.75 0.19618055625 0.753125 0.18506944374999998 0.753125 0.16006944374999998 0.7412109375 0.13888888958333334 0.7353515625 0.13888888958333334
1 0.8185546875 0.22795138958333333 0.80390625 0.20538194375 0.786328125 0.20538194375 0.7794921875 0.2140625 0.7736328125 0.23142361041666665 0.7736328125 0.26267361041666665 0.7775390625 0.2765625 0.786328125 0.2921875 0.794140625 0.29913194375 0.79951171875 0.3 0.8060221359374999 0.3 0.81171875 0.29565972291666665 0.8205078125 0.2765625 0.821875 0.26927083333333335 0.821875 0.25677083333333334 0.8205078125 0.23489583333333333 0.8185546875 0.22795138958333333
1 0.756640625 0.12152777708333334 0.744921875 0.12847222291666666 0.7419921875 0.13715277708333332 0.752734375 0.15972222291666668 0.7556640625 0.15798611041666666 0.7625 0.14583333333333334 0.768359375 0.14583333333333334 0.7703125 0.14236111041666666 0.7703125 0.13888888958333334 0.7625 0.125 0.756640625 0.12152777708333334
1 0.4263671875 0.18472222083333334 0.4126953125 0.18819444375 0.4048828125 0.19513888750000002 0.398046875 0.21076388750000002 0.39609375 0.21770833333333334 0.39609375 0.23854166666666668 0.4 0.25243055416666665 0.4087890625 0.26458333333333334 0.4123046890625 0.26666666666666666 0.42636717968750004 0.26666666666666666 0.429296875 0.26631944375 0.4390625 0.25243055416666665 0.4421875 0.24131944375 0.4421875 0.21145833333333333 0.4390625 0.20034722083333334 0.4263671875 0.18472222083333334
1 0.7 0.1173611125 0.686328125 0.1173611125 0.6775390625 0.12951388958333332 0.6784375 0.1375 0.679036459375 0.1375 0.686328125 0.12777777916666666 0.698046875 0.12777777916666666 0.70390625 0.13125 0.707421875 0.1375 0.7089843765625 0.1375 0.709375 0.13726851875 0.709375 0.13159722291666667 0.7087890625 0.12951388958333332 0.7 0.1173611125