0 0.2468625125 0.14857639166666667 0.2445121296875 0.15758942708333334 0.25084121718749997 0.153462175 0.257205803125 0.15391228958333333 0.2625161 0.15619144791666667 0.2666015625 0.17013888958333334 0.267578125 0.16840277708333332 0.26953125 0.16493055625 0.26953125 0.15451388958333334 0.267578125 0.15104166666666666 0.267578125 0.14409722291666668 0.2666015625 0.14236111041666666 0.2646484375 0.14236111041666666 0.2626953125 0.13888888958333334 0.2529296875 0.13888888958333334 0.251953125 0.140625 0.2468625125 0.14857639166666667
0 0.2587890625 0.15277777708333332 0.2568359375 0.14930555625 0.2509765625 0.14930555625 0.2490234375 0.14583333333333334 0.244140625 0.15451388958333334 0.244140625 0.15798611041666666 0.240234375 0.16493055625 0.240234375 0.16840277708333332 0.23828125 0.171875 0.23828125 0.18923611041666666 0.2431640625 0.19791666666666666 0.2451171875 0.19791666666666666 0.2470703125 0.20138888958333334 0.2548828125 0.20138888958333334 0.255859375 0.19965277708333332 0.2568359375 0.19791666666666666 0.2587890625 0.19791666666666666 0.263671875 0.18923611041666666 0.263671875 0.18229166666666666 0.265625 0.17881944375 0.265625 0.16493055625 0.263671875 0.16145833333333334 0.263671875 0.15798611041666666 0.2607421875 0.15277777708333332 0.2587890625 0.15277777708333332
0 0.212890625 0.21006944375 0.2197265625 0.22222222291666668 0.2294921875 0.22222222291666668 0.23046875 0.22048611041666666 0.23828125 0.20659722291666668 0.23828125 0.18229166666666666 0.2333984375 0.17361111041666666 0.2314453125 0.17361111041666666 0.2294921875 0.17013888958333334 0.2255859375 0.17013888958333334 0.2236328125 0.17361111041666666 0.2216796875 0.17361111041666666 0.212890625 0.18923611041666666 0.212890625 0.21006944375
1 0.2841796875 0.12152777708333334 0.2822265625 0.125 0.2802734375 0.125 0.275390625 0.13368055625 0.275390625 0.13715277708333332 0.2734375 0.140625 0.2734375 0.15451388958333334 0.275390625 0.15798611041666666 0.275390625 0.16145833333333334 0.2783203125 0.16666666666666666 0.2802734375 0.16666666666666666 0.2822265625 0.17013888958333334 0.2841796875 0.17013888958333334 0.2861328125 0.17361111041666666 0.287109375 0.171875 0.2880859375 0.17013888958333334 0.2919921875 0.17013888958333334 0.298828125 0.15798611041666666 0.298828125 0.15451388958333334 0.30078125 0.15104166666666666 0.30078125 0.13368055625 0.2958984375 0.125 0.2939453125 0.125 0.2919921875 0.12152777708333334 0.2841796875 0.12152777708333334
1 0.349609375 0.16145833333333334 0.3447265625 0.15277777708333332 0.3427734375 0.15277777708333332 0.3408203125 0.14930555625 0.3271484375 0.14930555625 0.3251953125 0.15277777708333332 0.3232421875 0.15277777708333332 0.3193359375 0.15972222291666668 0.31640625 0.16145833333333334 0.31640625 0.16493055625 0.3125 0.171875 0.3125 0.17534722291666668 0.310546875 0.17881944375 0.310546875 0.19965277708333332 0.3125 0.203125 0.314453125 0.21354166666666666 0.3173828125 0.21875 0.3193359375 0.21875 0.3251953125 0.22569444375 0.3310546875 0.22569444375 0.33203125 0.22395833333333334 0.3330078125 0.22222222291666668 0.3388671875 0.22222222291666668 0.3408203125 0.21875 0.3427734375 0.21875 0.34765625 0.21006944375 0.34765625 0.20659722291666668 0.3515625 0.19618055625 0.3515625 0.16840277708333332 0.349609375 0.16493055625 0.349609375 0.16145833333333334
0 0.140625 0.3107638895833333 0.146484375 0.30381944375000003 0.150390625 0.2864583333333333 0.150390625 0.2760416666666667 0.1435546875 0.2604166666666667 0.1357421875 0.2604166666666667 0.126953125 0.2760416666666667 0.125 0.29340277708333334 0.1298828125 0.30902777708333334 0.1337890625 0.3125 0.140625 0.3107638895833333
0 0.04296875 0.4427083333333333 0.0498046875 0.43402777708333334 0.0576171875 0.44097222291666666 0.060546875 0.4357638895833333 0.060546875 0.4114583333333333 0.0537109375 0.39930555624999997 0.0439453125 0.40277777708333334 0.0390625 0.41840277708333334 0.0390625 0.4392361104166667 0.0419921875 0.44444444375000003 0.04296875 0.4427083333333333
1 0.0771484375 0.4270833333333333 0.0859375 0.42534722291666666 0.091796875 0.4114583333333333 0.09375 0.38715277708333334 0.0869140625 0.3645833333333333 0.0771484375 0.3645833333333333 0.0732421875 0.36805555624999997 0.068359375 0.3802083333333333 0.06640625 0.4045138895833333 0.068359375 0.41493055624999997 0.0732421875 0.4236111104166667 0.0771484375 0.4270833333333333
1 0.025390625 0.4670138895833333 0.033203125 0.44965277708333334 0.033203125 0.4427083333333333 0.0283203125 0.4375 0.0244140625 0.4375 0.017578125 0.453125 0.017578125 0.48090277708333334 0.0205078125 0.4895833333333333 0.025390625 0.49131944375000003 0.025390625 0.4670138895833333
1 0.037109375 0.4635416666666667 0.03515625 0.4670138895833333 0.037109375 0.48784722291666666 0.041015625 0.4982638895833333 0.0458984375 0.50694444375 0.046875 0.5052083333333334 0.048828125 0.5017361104166667 0.048828125 0.48090277708333334 0.05078125 0.47743055624999997 0.052734375 0.45659722291666666 0.05859375 0.44618055624999997 0.0537109375 0.43402777708333334 0.0478515625 0.43402777708333334 0.0419921875 0.44097222291666666 0.037109375 0.44965277708333334 0.037109375 0.4635416666666667
1 0.439453125 0.16493055625 0.4375 0.17534722291666668 0.4375 0.19965277708333332 0.4462890625 0.22569444375 0.4560546875 0.23611111041666666 0.4619140625 0.23611111041666666 0.4638671875 0.23958333333333334 0.46875 0.23784722291666668 0.4775390625 0.23611111041666666 0.486328125 0.22395833333333334 0.494140625 0.19965277708333332 0.494140625 0.171875 0.490234375 0.15798611041666666 0.4833984375 0.14583333333333334 0.4716796875 0.13888888958333334 0.4619140625 0.13888888958333334 0.4501953125 0.14583333333333334 0.439453125 0.16493055625
1 0.505859375 0.13715277708333332 0.501953125 0.15104166666666666 0.501953125 0.18229166666666666 0.5126953125 0.20486111041666666 0.5263671875 0.21527777708333332 0.53515625 0.21354166666666666 0.5439453125 0.20833333333333334 0.552734375 0.19618055625 0.55859375 0.17534722291666668 0.55859375 0.15798611041666666 0.5546875 0.140625 0.5458984375 0.125 0.5380859375 0.11805555625 0.5205078125 0.11805555625 0.5146484375 0.12152777708333334 0.505859375 0.13715277708333332
1 0.6171875 0.09895833333333333 0.6171875 0.12326388958333333 0.6240234375 0.13888888958333334 0.6337890625 0.14930555625 0.650390625 0.14756944375 0.6533203125 0.14583333333333334 0.662109375 0.1267361104166667 0.662109375 0.09895833333333333 0.658203125 0.08506944375 0.6494140625 0.07291666666666667 0.6435546875 0.06944444375 0.6357421875 0.06944444375 0.6259765625 0.07638888958333333 0.619140625 0.08854166666666667 0.6171875 0.09895833333333333
1 0.6884765625 0.17013888958333334 0.6708984375 0.17013888958333334 0.6611328125 0.18055555625 0.65234375 0.19965277708333332 0.6484375 0.22048611041666666 0.6484375 0.24826388958333334 0.654296875 0.265625 0.6708984375 0.2916666666666667 0.6748046875 0.2951388895833333 0.6796875 0.29340277708333334 0.6884765625 0.28819444375000003 0.6962890625 0.28819444375000003 0.6982421875 0.28472222291666666 0.7060546875 0.28472222291666666 0.712890625 0.27256944375000003 0.71875 0.24479166666666666 0.716796875 0.21354166666666666 0.7109375 0.19618055625 0.7021484375 0.18055555625 0.6884765625 0.17013888958333334
1 0.712890625 0.08854166666666667 0.712890625 0.109375 0.716796875 0.12326388958333333 0.7255859375 0.13888888958333334 0.7314453125 0.13888888958333334 0.7333984375 0.14236111041666666 0.73828125 0.140625 0.7451171875 0.13541666666666666 0.751953125 0.12326388958333333 0.75390625 0.10590277708333334 0.751953125 0.10243055625 0.751953125 0.09201388958333333 0.7412109375 0.07291666666666667 0.7294921875 0.06597222291666667 0.7197265625 0.07291666666666667 0.71484375 0.08159722291666666 0.712890625 0.08854166666666667
1 0.560546875 0.07465277708333334 0.5625 0.09548611041666667 0.5693359375 0.10763888958333333 0.5732421875 0.11111111041666667 0.576171875 0.109375 0.576171875 0.08854166666666667 0.578125 0.08159722291666666 0.5849609375 0.06944444375 0.595703125 0.06423611041666667 0.595703125 0.060763889583333335 0.5869140625 0.048611110416666665 0.5732421875 0.048611110416666665 0.5693359375 0.052083333333333336 0.5625 0.06423611041666667 0.560546875 0.07465277708333334
1 0.419921875 0.6510416666666666 0.408203125 0.609375 0.3857421875 0.5729166666666666 0.3720703125 0.5625 0.3623046875 0.5625 0.3603515625 0.5590277770833333 0.3349609375 0.5625 0.3173828125 0.5798611104166667 0.30078125 0.6128472229166667 0.29296875 0.6475694437499999 0.29296875 0.6684027770833333 0.291015625 0.671875 0.29296875 0.7100694437499999 0.302734375 0.7447916666666666 0.3154296875 0.7673611104166667 0.3203125 0.765625 0.3251953125 0.7569444437499999 0.3505859375 0.7361111104166667 0.3837890625 0.7326388895833333 0.3955078125 0.7395833333333334 0.4091796875 0.7395833333333334 0.4140625 0.7309027770833333 0.4140625 0.7239583333333334 0.41796875 0.7170138895833333 0.421875 0.6961805562500001 0.419921875 0.6510416666666666
0 0.326171875 0.47743055624999997 0.3203125 0.5052083333333334 0.3203125 0.5434027770833333 0.32421875 0.5538194437499999 0.32421875 0.5607638895833333 0.3271484375 0.5659722229166667 0.3310546875 0.5659722229166667 0.3369140625 0.5590277770833333 0.3681640625 0.5590277770833333 0.3837890625 0.5729166666666666 0.3876953125 0.5729166666666666 0.3916015625 0.5833333333333334 0.3974609375 0.5868055562500001 0.4091796875 0.6076388895833333 0.41015625 0.6059027770833333 0.419921875 0.5954861104166667 0.4296875 0.5572916666666666 0.4296875 0.4982638895833333 0.416015625 0.45659722291666666 0.3974609375 0.43055555624999997 0.3818359375 0.4270833333333333 0.3798828125 0.4236111104166667 0.3603515625 0.4270833333333333 0.3408203125 0.44444444375000003 0.326171875 0.47743055624999997
0 0.6884765625 0.2916666666666667 0.6826171875 0.2916666666666667 0.6748046875 0.2986111104166667 0.673828125 0.30381944375000003 0.6640625 0.3177083333333333 0.658203125 0.33506944375000003 0.65625 0.35590277708333334 0.654296875 0.359375 0.65625 0.4045138895833333 0.66796875 0.4392361104166667 0.6806640625 0.4583333333333333 0.6962890625 0.46875 0.712890625 0.4670138895833333 0.7275390625 0.4583333333333333 0.73828125 0.4392361104166667 0.73828125 0.4322916666666667 0.75 0.4010416666666667 0.75 0.359375 0.73828125 0.32118055624999997 0.7236328125 0.2986111104166667 0.7080078125 0.28819444375000003 0.6904296875 0.28819444375000003 0.6884765625 0.2916666666666667
0 0.751953125 0.39756944375000003 0.75 0.4079861104166667 0.744140625 0.41840277708333334 0.744140625 0.42534722291666666 0.736328125 0.44965277708333334 0.734375 0.484375 0.736328125 0.48784722291666666 0.736328125 0.5052083333333334 0.740234375 0.5190972229166666 0.7626953125 0.5659722229166667 0.7744140625 0.5763888895833333 0.796875 0.5746527770833333 0.8154296875 0.5625 0.830078125 0.5329861104166667 0.837890625 0.5017361104166667 0.837890625 0.4427083333333333 0.828125 0.4079861104166667 0.8173828125 0.3888888895833333 0.7978515625 0.37152777708333334 0.7783203125 0.37152777708333334 0.7568359375 0.3888888895833333 0.751953125 0.39756944375000003
0 0.9345703125 0.40972222291666666 0.9208984375 0.4201388895833333 0.91015625 0.4392361104166667 0.91015625 0.44618055624999997 0.90234375 0.4739583333333333 0.90234375 0.52256944375 0.91015625 0.5642361104166667 0.9169921875 0.5798611104166667 0.9306640625 0.59375 0.943359375 0.5920138895833333 0.9501953125 0.5902777770833333 0.9599609375 0.5798611104166667 0.970703125 0.5572916666666666 0.970703125 0.5503472229166667 0.9765625 0.5329861104166667 0.9765625 0.48090277708333334 0.96875 0.4427083333333333 0.9580078125 0.4201388895833333 0.9462890625 0.40972222291666666 0.9345703125 0.40972222291666666
0 0.8564453125 1 0.8583984375 0.9965277770833333 0.8623046875 1 0.884765625 0.9982638895833333 0.8896484375 0.9965277770833333 0.8984375 0.9774305562500001 0.912109375 0.9288194437499999 0.9140625 0.8940972229166667 0.916015625 0.890625 0.916015625 0.8559027770833333 0.9140625 0.8524305562500001 0.912109375 0.8315972229166667 0.90625 0.8107638895833333 0.8916015625 0.7847222229166667 0.8798828125 0.7743055562500001 0.8642578125 0.7708333333333334 0.8623046875 0.7673611104166667 0.8525390625 0.7673611104166667 0.8505859375 0.7708333333333334 0.8369140625 0.7743055562500001 0.8173828125 0.7916666666666666 0.8017578125 0.8125 0.78515625 0.8489583333333334 0.771484375 0.9079861104166667 0.771484375 0.921875 0.76953125 0.9253472229166667 0.76953125 0.9739583333333334 0.7783203125 0.9965277770833333 0.8330078125 0.9965277770833333 0.8349609375 1 0.8564453125 1
0 0.6748046875 0.17013888958333334 0.6884765625 0.17013888958333334 0.7001953125 0.17708333333333334 0.70703125 0.18576388958333334 0.7177734375 0.21527777708333332 0.72265625 0.21354166666666666 0.728515625 0.203125 0.73046875 0.19270833333333334 0.73046875 0.16145833333333334 0.7265625 0.14756944375 0.7177734375 0.13194444375 0.7041015625 0.12152777708333334 0.6865234375 0.125 0.673828125 0.14756944375 0.671875 0.16493055625 0.6748046875 0.17013888958333334
0 0.666015625 0.08506944375 0.662109375 0.10243055625 0.6640625 0.10590277708333334 0.6640625 0.12326388958333333 0.6708984375 0.13888888958333334 0.6748046875 0.14236111041666666 0.677734375 0.140625 0.6826171875 0.12847222291666666 0.6904296875 0.12152777708333334 0.7080078125 0.12152777708333334 0.7109375 0.11631944375 0.708984375 0.09895833333333333 0.7021484375 0.08333333333333333 0.6904296875 0.07291666666666667 0.6767578125 0.07291666666666667 0.6708984375 0.07638888958333333 0.666015625 0.08506944375
0 0.8017578125 0.14236111041666666 0.806640625 0.140625 0.806640625 0.1267361104166667 0.8134765625 0.11458333333333333 0.828125 0.109375 0.826171875 0.09895833333333333 0.8173828125 0.08680555625 0.8037109375 0.08680555625 0.796875 0.09895833333333333 0.794921875 0.109375 0.796875 0.13368055625 0.8017578125 0.14236111041666666
0 0.806640625 0.15798611041666666 0.8212890625 0.1875 0.83203125 0.18923611041666666 0.8369140625 0.1875 0.84375 0.17534722291666668 0.84765625 0.15798611041666666 0.845703125 0.140625 0.8330078125 0.11458333333333333 0.8251953125 0.10763888958333333 0.8154296875 0.11111111041666667 0.806640625 0.12326388958333333 0.8046875 0.13368055625 0.806640625 0.15798611041666666
0 0.431640625 0.140625 0.435546875 0.15798611041666666 0.4384765625 0.16319444375 0.44140625 0.16145833333333334 0.4541015625 0.14236111041666666 0.4775390625 0.14236111041666666 0.48046875 0.13715277708333332 0.48046875 0.13020833333333334 0.4765625 0.11284722291666666 0.4638671875 0.09722222291666666 0.4521484375 0.09722222291666666 0.4404296875 0.10763888958333333 0.43359375 0.1267361104166667 0.431640625 0.140625
0 0.435546875 0.09895833333333333 0.4375 0.109375 0.44140625 0.109375 0.4462890625 0.10069444375 0.4521484375 0.10069444375 0.4541015625 0.09722222291666666 0.4619140625 0.09722222291666666 0.4736328125 0.10763888958333333 0.474609375 0.08854166666666667 0.4619140625 0.06944444375 0.4501953125 0.06944444375 0.439453125 0.08506944375 0.435546875 0.09895833333333333