1 0.6166015625 0.39756944375000003 0.605859375 0.38194444375000003 0.590234375 0.37152777708333334 0.56484375 0.37152777708333334 0.5453125 0.3888888895833333 0.5345703125 0.4079861104166667 0.5267578125 0.4392361104166667 0.5267578125 0.48090277708333334 0.5345703125 0.515625 0.551171875 0.5451388895833333 0.566796875 0.5555555562500001 0.5892578125 0.5538194437499999 0.59609375 0.5520833333333334 0.6078125 0.5416666666666666 0.6185546875 0.5260416666666666 0.6296875 0.4864583333333333 0.6296875 0.4435763895833333 0.6224609375 0.4114583333333333 0.6166015625 0.39756944375000003
1 0.216796875 0.24791666874999999 0.216796875 0.22708333541666667 0.2099609375 0.21145833541666667 0.2001953125 0.21145833541666667 0.1962890625 0.21493055625000002 0.189453125 0.23055555625000002 0.189453125 0.24444444583333333 0.193359375 0.25138888958333333 0.1953125 0.26527777916666667 0.197265625 0.26875 0.205078125 0.26875 0.2080078125 0.26701388958333333 0.216796875 0.24791666874999999
1 0.1810546875 0.22204861041666665 0.1729847296875 0.23958333333333334 0.19001953124999998 0.23958333333333334 0.190625 0.23420138750000002 0.190625 0.22253472083333334 0.1869140625 0.21857638750000002 0.1810546875 0.22204861041666665
1 0.313671875 0.121875 0.3078125 0.12534722291666667 0.2990234375 0.14097222291666667 0.2990234375 0.16180555625 0.3009765625 0.16875 0.30753906249999996 0.17708333333333334 0.3099609421875 0.17708333333333334 0.3185546875 0.17569444583333332 0.321484375 0.17395833333333333 0.328125 0.1587797625 0.328125 0.14052579375000002 0.321484375 0.12534722291666667 0.313671875 0.121875
1 0.5521484375 0.05173611041666667 0.543359375 0.0638888875 0.54140625 0.08472222083333333 0.5482421875 0.10381944375 0.5509765625 0.10625 0.55976561875 0.10625 0.56484375 0.10555555416666666 0.56484375 0.08819444375 0.571875 0.06631944375 0.571875 0.06249999791666667 0.5658203125 0.05173611041666667 0.5521484375 0.05173611041666667
1 0.587109375 0.06215277708333333 0.5734375 0.065625 0.5666015625 0.07777777708333335 0.5646484375 0.10208333333333333 0.575390625 0.12465277708333335 0.578125 0.12708333333333333 0.5857421828125 0.12708333333333333 0.5900390625 0.1263888875 0.5998046875 0.1125 0.6015625 0.10624999791666667 0.6015625 0.08427579166666667 0.594921875 0.06909722083333333 0.587109375 0.06215277708333333
1 0.66484375 0.05243055625 0.65703125 0.05243055625 0.64921875 0.059375 0.6462890625 0.06805555625 0.6462890625 0.08194444583333334 0.655078125 0.090625 0.66435546875 0.11041666666666666 0.6677734390625 0.11041666666666666 0.6697265625 0.10972222291666665 0.674609375 0.10451388958333332 0.678125 0.09576388958333333 0.678125 0.0736111125 0.6755859375 0.06458333333333334 0.66484375 0.05243055625
1 0.620703125 0.109375 0.62265625 0.13020833333333334 0.6314453125 0.14930555625 0.6392578125 0.15625 0.65 0.15451388958333334 0.6548828125 0.14930555625 0.66171875 0.13368055625 0.6625 0.12951388958333332 0.6625 0.11284722291666666 0.66171875 0.10590277708333334 0.6568359375 0.09375 0.6470703125 0.08333333333333333 0.6333984375 0.08333333333333333 0.62265625 0.09895833333333333 0.620703125 0.109375
1 0.735546875 0.0703125 0.72578125 0.07378472291666666 0.7208984375 0.08246527916666667 0.7189453125 0.1032986125 0.7315559890625 0.12916666666666668 0.7429361984375 0.12916666666666668 0.747265625 0.12586805625 0.7515625 0.11517361250000001 0.7515625 0.09512310624999999 0.74140625 0.07378472291666666 0.735546875 0.0703125
1 0.8197265625 0.13506944375 0.8080078125 0.128125 0.7953125 0.14027777708333333 0.79140625 0.15416666666666667 0.79140625 0.16805555416666668 0.7953125 0.18541666666666667 0.8060546875 0.20451388750000002 0.8089843765625 0.20625 0.816796875 0.20625 0.8216796875 0.20451388750000002 0.828515625 0.19236111041666665 0.8296875 0.18819444375 0.8296875 0.15833333333333333 0.8265625 0.14722222083333333 0.8197265625 0.13506944375
1 0.92265625 0.19791666666666666 0.908984375 0.19444444375 0.9021484375 0.21006944375 0.9001953125 0.24131944375 0.9041015625 0.2552083333333333 0.912890625 0.2708333333333333 0.916796875 0.27430555624999997 0.9197265625 0.27256944375000003 0.9216796875 0.25173611041666666 0.9236328125 0.24479166666666666 0.9328125 0.23173611041666667 0.9328125 0.221875 0.9294921875 0.21006944375 0.92265625 0.19791666666666666
0 0.507421875 0.2597222229166667 0.49375 0.24583333333333332 0.478125 0.24236111249999998 0.460546875 0.25277777916666666 0.4458984375 0.27881944583333335 0.4419921875 0.29965277916666666 0.4419921875 0.3170138895833333 0.4439453125 0.32048611250000003 0.4458984375 0.34131944583333335 0.4498046875 0.35173611250000003 0.464453125 0.37430555625 0.4675781234375 0.3770833333333333 0.476562509375 0.3770833333333333 0.4888671875 0.37604166666666666 0.503515625 0.3638888895833333 0.5142578125 0.34131944583333335 0.5171875 0.33090277916666666 0.5171875 0.28836805625 0.5142578125 0.27534722291666663 0.507421875 0.2597222229166667
0 0.50363120625 0.44824505 0.49581870625 0.42046727291666663 0.47921714375 0.39095338333333335 0.46749839375 0.38748116250000003 0.46163901875 0.38053671666666666 0.45773276875 0.3840089395833333 0.45187339375 0.3840089395833333 0.44992026875 0.38053671666666666 0.44796714375 0.3840089395833333 0.43820151875 0.3840089395833333 0.42843589375 0.39095338333333335 0.42062339375 0.40137005 0.40988120625 0.42393949583333335 0.40206870625 0.46560616250000003 0.40402183125 0.5003283833333333 0.40792808125 0.5142172729166666 0.41964683125 0.5385228291666666 0.43038901875 0.5541478291666666 0.44601401875 0.5576200479166666 0.44758711562500003 0.5604166666666667 0.45442763125 0.5604166666666667 0.46456870625 0.5593561625 0.47726401875 0.5541478291666666 0.48507651875 0.5437311625 0.49972495625 0.5142172729166666 0.50363120625 0.49685616250000003 0.50363120625 0.47602282916666666 0.5046875 0.47414497291666663 0.5046875 0.4709562395833334 0.50363120625 0.46907838333333335 0.50363120625 0.44824505
0 0.366796875 0.3107638895833333 0.358984375 0.33506944375000003 0.35703125 0.36631944375000003 0.36484375 0.4010416666666667 0.3697265625 0.40972222291666666 0.3845703125 0.42291666666666666 0.3943359328125 0.42291666666666666 0.4078125 0.421875 0.43125 0.38715277708333334 0.433203125 0.36631944375000003 0.434375 0.3642361104166667 0.434375 0.33784722291666663 0.43125 0.32118055624999997 0.4224609375 0.3020833333333333 0.4087890625 0.28819444375000003 0.3962890609375 0.28541666666666665 0.3922526046875 0.28541666666666665 0.3794921875 0.2951388895833333 0.366796875 0.3107638895833333
0 0.2724609375 0.28402777916666666 0.2548828125 0.28402777916666666 0.2451171875 0.29444444583333335 0.236328125 0.31354166666666666 0.234375 0.32395833333333335 0.234375 0.35520833333333335 0.236328125 0.365625 0.2470703125 0.38472222291666663 0.2517578109375 0.3875 0.2595703203125 0.3875 0.26953125 0.38645833333333335 0.2744140625 0.38472222291666663 0.283203125 0.36909722291666663 0.2890625 0.3482638895833333 0.2890625 0.31354166666666666 0.287109375 0.30659722291666663 0.2724609375 0.28402777916666666
0 0.1953125 0.2793402791666667 0.193359375 0.2515625 0.1884765625 0.2428819458333333 0.1826171875 0.23940972291666668 0.1708984375 0.24635416666666668 0.1640625 0.26197916666666665 0.1640625 0.2862847229166666 0.166015625 0.29322916666666665 0.1708984375 0.3019097229166666 0.171777340625 0.3020833333333333 0.18173828125 0.3020833333333333 0.1865234375 0.2984375 0.1953125 0.2793402791666667
0 0.1599609375 0.2864583333333333 0.153125 0.27430555624999997 0.147265625 0.2708333333333333 0.14140625 0.27430555624999997 0.1326171875 0.296875 0.1326171875 0.3177083333333333 0.1345703125 0.32465277708333334 0.139453125 0.3333333333333333 0.1462890625 0.33159722291666666 0.151171875 0.3298611104166667 0.1580078125 0.3177083333333333 0.1609375 0.3046875 0.1609375 0.2986111104166667 0.1599609375 0.296875 0.1599609375 0.2864583333333333
0 0.15390625 0.259375 0.151953125 0.27326388749999997 0.159765625 0.28715277708333337 0.162360490625 0.29791666666666666 0.166601559375 0.29791666666666666 0.167578125 0.29756944375 0.163671875 0.28368055416666665 0.163671875 0.26631944375 0.1703125 0.2515625 0.1703125 0.24876893958333335 0.1607421875 0.24722222083333334 0.15390625 0.259375
0 0.2552734375 0.15590277916666664 0.2435546875 0.16284722291666667 0.238671875 0.17500000208333333 0.238671875 0.19583333541666667 0.240625 0.20277777916666664 0.24664062343749998 0.21041666666666667 0.2492187515625 0.21041666666666667 0.250390625 0.20972222291666667 0.2591796875 0.20451388958333333 0.265625 0.18323412916666668 0.265625 0.17916666875 0.2640625 0.16805555625000002 0.2552734375 0.15590277916666664
0 0.240625 0.16493055625 0.2357421875 0.16319444375 0.2298828125 0.16666666666666666 0.223046875 0.18229166666666666 0.225 0.203125 0.2298828125 0.21180555625 0.2421875 0.2101228625 0.2421875 0.20243055625 0.238671875 0.19618055625 0.240625 0.16493055625
0 0.292578125 0.13819444583333332 0.2828125 0.13819444583333332 0.2720703125 0.15381944583333332 0.2701171875 0.16770833333333332 0.2720703125 0.178125 0.276953125 0.18680555625 0.2800781234375 0.18958333333333333 0.2851562546875 0.18958333333333333 0.2916015625 0.18854166666666666 0.2984375 0.17638888958333335 0.2984375 0.146875 0.2974609375 0.14340277916666666 0.292578125 0.13819444583333332
1 0.368359375 0.10086805416666667 0.3673828125 0.10954861041666668 0.3693359375 0.11996527708333334 0.3771484375 0.1477430541666667 0.3791015625 0.1477430541666667 0.384375 0.13836805416666667 0.384375 0.1154513875 0.378125 0.10434027708333334 0.368359375 0.10086805416666667
0 0.52265625 0.05520833541666667 0.5109375 0.05520833541666667 0.5021484375 0.0673611125 0.5001953125 0.07430555624999999 0.5001953125 0.09166666666666666 0.50703125 0.10729166666666666 0.5128906234375 0.1125 0.5197265625 0.1125 0.524609375 0.11076388958333333 0.5328125 0.09618055625 0.5328125 0.07222222291666666 0.5314453125 0.0673611125 0.52265625 0.05520833541666667
0 0.7150390625 0.11770833541666666 0.7072265625 0.11770833541666666 0.7052734375 0.1142361125 0.6955078125 0.11770833541666666 0.6896484375 0.12465277916666667 0.684765625 0.13680555625000002 0.6828125 0.14722222291666667 0.684765625 0.17152777916666664 0.68671875 0.17847222291666667 0.6994140625 0.19756944583333333 0.7021484359375 0.2 0.710937509375 0.2 0.716015625 0.19930555625000002 0.7248046875 0.19062500208333333 0.7296875 0.17500000208333333 0.7296875 0.14722222291666667 0.72578125 0.13333333541666667 0.7150390625 0.11770833541666666
0 0.840234375 0.096875 0.83046875 0.10034722083333333 0.8255859375 0.11597222083333333 0.8275390625 0.13680555416666668 0.832421875 0.14895833333333333 0.83828125 0.15416666666666667 0.8490234375 0.15416666666666667 0.8546875 0.14074073958333333 0.8546875 0.12222222291666666 0.8529296875 0.11597222083333333 0.840234375 0.096875