0 0.625 0.8003472229166667 0.6171875 0.7586805562500001 0.607421875 0.734375 0.5888671875 0.7013888895833333 0.5771484375 0.6944444437499999 0.5732421875 0.6875 0.5615234375 0.6840277770833333 0.5595703125 0.6805555562500001 0.5205078125 0.6805555562500001 0.4970703125 0.6944444437499999 0.4775390625 0.71875 0.46875 0.7378472229166667 0.4609375 0.7586805562500001 0.453125 0.7899305562500001 0.453125 0.8003472229166667 0.451171875 0.8038194437499999 0.451171875 0.8559027770833333 0.458984375 0.8975694437499999 0.4853515625 0.9513888895833333 0.4931640625 0.9583333333333334 0.4990234375 0.9583333333333334 0.5087890625 0.96875 0.5146484375 0.96875 0.5244140625 0.9756944437499999 0.541015625 0.9739583333333334 0.5615234375 0.96875 0.5791015625 0.9548611104166667 0.5830078125 0.9479166666666666 0.5888671875 0.9444444437499999 0.609375 0.9114583333333334 0.6171875 0.8871527770833333 0.623046875 0.8559027770833333 0.625 0.8003472229166667
0 0.9453125 0.5434027770833333 0.9306640625 0.5173611104166667 0.9228515625 0.5104166666666666 0.9013671875 0.5104166666666666 0.8857421875 0.52430555625 0.873046875 0.546875 0.86328125 0.5920138895833333 0.86328125 0.6059027770833333 0.861328125 0.609375 0.86328125 0.6579861104166667 0.873046875 0.6927083333333334 0.8759765625 0.6944444437499999 0.8857421875 0.7152777770833333 0.8935546875 0.7222222229166667 0.8984375 0.7204861104166667 0.9130859375 0.71875 0.9326171875 0.7013888895833333 0.9453125 0.671875 0.953125 0.6371527770833333 0.955078125 0.5954861104166667 0.953125 0.5920138895833333 0.951171875 0.5607638895833333 0.9453125 0.5434027770833333
0 0.9462890625 0.31597222291666666 0.94140625 0.328125 0.94140625 0.35590277708333334 0.939453125 0.359375 0.94140625 0.39756944375000003 0.9501953125 0.41319444375000003 0.9560546875 0.4166666666666667 0.966796875 0.41493055624999997 0.978515625 0.39756944375000003 0.98046875 0.38715277708333334 0.98046875 0.3489583333333333 0.9765625 0.33159722291666666 0.9677734375 0.31597222291666666 0.9599609375 0.30902777708333334 0.9521484375 0.30902777708333334 0.9462890625 0.31597222291666666
0 0.841796875 0.203125 0.841796875 0.23784722291666668 0.8505859375 0.2604166666666667 0.8583984375 0.2673611104166667 0.8671875 0.265625 0.8701171875 0.26388888958333334 0.87890625 0.24479166666666666 0.87890625 0.21701388958333334 0.8662109375 0.19097222291666668 0.8623046875 0.1875 0.8505859375 0.1875 0.8466796875 0.19097222291666668 0.841796875 0.203125
0 0.755859375 0.18923611041666666 0.7578125 0.20659722291666668 0.7705078125 0.23263888958333334 0.7744140625 0.23611111041666666 0.7890625 0.234375 0.798828125 0.22048611041666666 0.80078125 0.19270833333333334 0.796875 0.17881944375 0.7861328125 0.15972222291666668 0.7822265625 0.15625 0.7685546875 0.15625 0.7578125 0.17881944375 0.755859375 0.18923611041666666
0 0.7158203125 0.14930555625 0.7109375 0.16145833333333334 0.7109375 0.18923611041666666 0.712890625 0.19618055625 0.7255859375 0.21527777708333332 0.7294921875 0.21875 0.7421875 0.21701388958333334 0.748046875 0.21006944375 0.75390625 0.19270833333333334 0.751953125 0.16493055625 0.7392578125 0.14236111041666666 0.7333984375 0.14236111041666666 0.7314453125 0.13888888958333334 0.7216796875 0.14236111041666666 0.7158203125 0.14930555625
0 0.529296875 0.17534722291666668 0.529296875 0.203125 0.5400390625 0.22569444375 0.5478515625 0.23263888958333334 0.564453125 0.23090277708333332 0.576171875 0.21354166666666666 0.580078125 0.19618055625 0.580078125 0.18229166666666666 0.576171875 0.16840277708333332 0.5654296875 0.14930555625 0.5595703125 0.14583333333333334 0.5419921875 0.14930555625 0.529296875 0.17534722291666668
1 0.4716796875 0.20486111041666666 0.4580078125 0.20833333333333334 0.4501953125 0.21527777708333332 0.439453125 0.234375 0.435546875 0.25173611041666666 0.435546875 0.2760416666666667 0.439453125 0.28993055624999997 0.4521484375 0.30902777708333334 0.4619140625 0.31597222291666666 0.4765625 0.3142361104166667 0.4853515625 0.30555555624999997 0.49609375 0.2829861104166667 0.498046875 0.27256944375000003 0.49609375 0.23784722291666668 0.4921875 0.22743055625 0.4794921875 0.20833333333333334 0.4736328125 0.20833333333333334 0.4716796875 0.20486111041666666
1 0.89453125 0.3072916666666667 0.892578125 0.3177083333333333 0.892578125 0.35243055624999997 0.8984375 0.3732638895833333 0.9091796875 0.3923611104166667 0.919921875 0.39756944375000003 0.9287109375 0.3923611104166667 0.939453125 0.3697916666666667 0.939453125 0.32465277708333334 0.93359375 0.30381944375000003 0.9267578125 0.2916666666666667 0.9169921875 0.28472222291666666 0.9091796875 0.28472222291666666 0.89453125 0.3072916666666667
1 0.802734375 0.22743055625 0.8134765625 0.25 0.8232421875 0.25694444375 0.828125 0.2552083333333333 0.8349609375 0.25 0.841796875 0.234375 0.841796875 0.19965277708333332 0.837890625 0.18923611041666666 0.8271484375 0.17361111041666666 0.8095703125 0.17708333333333334 0.80078125 0.19618055625 0.802734375 0.22743055625
1 0.8330078125 0.18055555625 0.8408203125 0.19791666666666666 0.84375 0.19618055625 0.849609375 0.18923611041666666 0.849609375 0.17881944375 0.8388671875 0.15625 0.8271484375 0.15277777708333332 0.81640625 0.16840277708333332 0.8193359375 0.17361111041666666 0.8251953125 0.17361111041666666 0.8330078125 0.18055555625
1 0.7705078125 0.13888888958333334 0.7607421875 0.14236111041666666 0.751953125 0.16145833333333334 0.75390625 0.18923611041666666 0.7578125 0.18923611041666666 0.759765625 0.171875 0.7666015625 0.15972222291666668 0.7705078125 0.15625 0.7783203125 0.15625 0.7802734375 0.15972222291666668 0.787109375 0.15798611041666666 0.7763671875 0.14236111041666666 0.7705078125 0.13888888958333334