1 0.50859375 0.03854166458333333 0.496875 0.03854166458333333 0.49296875 0.04548611041666666 0.487109375 0.04548611041666666 0.4822265625 0.07152777708333334 0.4861328125 0.08541666666666667 0.49859730156250004 0.10416666666666667 0.5009765546875 0.10416666666666667 0.5095703125 0.10277777708333334 0.5125 0.10104166666666667 0.521875 0.08134469583333333 0.521875 0.06145833125 0.5212890625 0.05416666458333333 0.50859375 0.03854166458333333
1 0.46328125 0.028472220833333332 0.4505859375 0.04409722083333333 0.4505859375 0.06493055416666667 0.45859375 0.07916666666666666 0.4726562421875 0.07916666666666666 0.4759765625 0.07881944375000001 0.4796875 0.06892361041666667 0.4796875 0.04013888958333334 0.475 0.028472220833333332 0.46328125 0.028472220833333332
1 0.441796875 0.030902777083333333 0.422265625 0.034375 0.4173828125 0.04305555416666666 0.4173828125 0.06736111041666668 0.4193359375 0.07430555624999999 0.4255859375 0.08541666666666667 0.43378906562499997 0.08541666666666667 0.4388671875 0.08472222291666666 0.4466796875 0.07430555624999999 0.45 0.0625 0.45 0.05520833333333333 0.4486328125 0.04305555416666666 0.441796875 0.030902777083333333
1 0.4263671875 0.021354166666666667 0.417578125 0.04045138958333334 0.417578125 0.04583333333333333 0.41990792343749994 0.04583333333333333 0.4224609375 0.03524305625 0.4283203125 0.03524305625 0.4302734375 0.03177083333333333 0.44375 0.03336805416666667 0.44375 0.03188657291666667 0.4361328125 0.021354166666666667 0.4263671875 0.021354166666666667
1 0.452734375 0.020138889583333333 0.4478515625 0.03229166666666667 0.4478515625 0.0392361125 0.450390625 0.04375 0.451171875 0.04375 0.4517578125 0.042708333333333334 0.456640625 0.03055555625 0.460546875 0.027083333333333334 0.471875 0.027083333333333334 0.471875 0.020524691666666664 0.464453125 0.013194445833333334 0.452734375 0.020138889583333333
1 0.4908203125 0.01788194375 0.480078125 0.03350694375 0.480078125 0.03958333333333333 0.48447265625 0.03958333333333333 0.4888671875 0.03177083333333333 0.4947265625 0.03177083333333333 0.4966796875 0.028298610416666665 0.50625 0.03170138958333333 0.50625 0.025405091666666667 0.4986328125 0.01788194375 0.4908203125 0.01788194375
1 0.502734375 0.031423610416666664 0.50078125 0.027951387499999997 0.483203125 0.031423610416666664 0.4802734375 0.0435763875 0.4802734375 0.053993054166666665 0.4822265625 0.053993054166666665 0.487109375 0.041840277083333335 0.5078125 0.03703955208333333 0.5078125 0.03350694375 0.5046875 0.027951387499999997 0.502734375 0.031423610416666664
1 0.537109375 0.05711805625 0.537109375 0.046701389583333336 0.533203125 0.0328125 0.5205078125 0.020659722916666668 0.5126953125 0.024131945833333335 0.509765625 0.029340279166666667 0.509765625 0.036284722916666665 0.521484375 0.05364583333333333 0.523291015625 0.07291666666666667 0.5310546875 0.07291666666666667 0.533203125 0.07100694375000001 0.537109375 0.05711805625
1 0.661328125 0.013368056250000001 0.649609375 0.013368056250000001 0.6427734375 0.032465277083333334 0.6447265625 0.04288194375 0.649609375 0.0515625 0.6540039078125 0.052083333333333336 0.66630859375 0.052083333333333336 0.6701171875 0.04982638958333333 0.671875 0.04045138958333334 0.671875 0.03802083333333333 0.6701171875 0.025520833333333333 0.661328125 0.013368056250000001
1 0.6275390625 0.0034722229166666663 0.6177734375 0 0.608984375 0.012152777083333333 0.608984375 0.026041666666666668 0.6119140625 0.03472222291666667 0.6236328125 0.041666666666666664 0.632421875 0.03993055625 0.6359375 0.02743055625 0.6359375 0.023958333333333335 0.634375 0.015625 0.6275390625 0.0034722229166666663
1 0.55126953125 0 0.546484375 0.008506945833333333 0.546484375 0.0154513875 0.5533203125 0.020659720833333332 0.5553711109374999 0.020833333333333332 0.5734375 0.020833333333333332 0.5734375 0.018923608333333335 0.571875 0.005034720833333334 0.56904296875 0 0.55126953125 0
0 0.8744140625 0.16267361041666667 0.8626953125 0.15920138958333335 0.85390625 0.17135416666666667 0.8587890625 0.18003472291666667 0.8666015625 0.18350694374999998 0.8783203125 0.19739583333333333 0.8803710953125 0.19791666666666666 0.884375 0.19791666666666666 0.884375 0.18360164166666668 0.8744140625 0.16267361041666667
0 0.8841796875 0.1454861125 0.8724609375 0.1454861125 0.867578125 0.15763888958333333 0.87734375 0.16805555625000002 0.883203125 0.18194444583333333 0.88515625 0.19583333541666667 0.8874999984375 0.2 0.888671875 0.2 0.8890625 0.19930555625000002 0.89375 0.1881944458333333 0.89375 0.17083333541666665 0.89296875 0.1611111125 0.8841796875 0.1454861125