1 0.0205078125 0.6319444437499999 0.0166015625 0.6354166666666666 0.01171875 0.6475694437499999 0.009765625 0.6684027770833333 0.0078125 0.671875 0.009765625 0.703125 0.0166015625 0.6979166666666666 0.0283203125 0.6979166666666666 0.0322265625 0.7013888895833333 0.0498046875 0.7361111104166667 0.052734375 0.734375 0.052734375 0.7100694437499999 0.0546875 0.7065972229166667 0.052734375 0.703125 0.05078125 0.6753472229166667 0.046875 0.6614583333333334 0.04296875 0.6510416666666666 0.0302734375 0.6319444437499999 0.0205078125 0.6319444437499999
1 0.15234375 0.7204861104166667 0.1357421875 0.6909722229166667 0.1240234375 0.6805555562500001 0.1103515625 0.6770833333333334 0.0908203125 0.6944444437499999 0.08203125 0.7204861104166667 0.08203125 0.7309027770833333 0.080078125 0.734375 0.08203125 0.7864583333333334 0.091796875 0.8246527770833333 0.1064453125 0.8541666666666666 0.1240234375 0.8680555562500001 0.1328125 0.8663194437499999 0.13671875 0.8628472229166667 0.13671875 0.8385416666666666 0.134765625 0.8350694437499999 0.13671875 0.8003472229166667 0.14453125 0.765625 0.15625 0.7413194437499999 0.15625 0.734375 0.15234375 0.7204861104166667
1 0.1025390625 0.49652777708333334 0.0908203125 0.50694444375 0.083984375 0.52256944375 0.080078125 0.5399305562500001 0.080078125 0.5746527770833333 0.083984375 0.5920138895833333 0.0986328125 0.6180555562500001 0.1044921875 0.6215277770833333 0.1171875 0.6197916666666666 0.12890625 0.5954861104166667 0.12890625 0.5815972229166667 0.130859375 0.578125 0.130859375 0.5399305562500001 0.125 0.515625 0.1162109375 0.5 0.1123046875 0.49652777708333334 0.1025390625 0.49652777708333334
1 0.1357421875 0.4201388895833333 0.123046875 0.4392361104166667 0.1171875 0.4704861104166667 0.1171875 0.4947916666666667 0.1279296875 0.5173611104166667 0.1435546875 0.53125 0.1484375 0.5295138895833333 0.1552734375 0.52430555625 0.162109375 0.50868055625 0.166015625 0.48784722291666666 0.166015625 0.453125 0.1640625 0.4427083333333333 0.1533203125 0.4236111104166667 0.1494140625 0.4201388895833333 0.1357421875 0.4201388895833333
1 0.2021484375 0.34027777708333334 0.1953125 0.35243055624999997 0.189453125 0.3732638895833333 0.189453125 0.4010416666666667 0.19140625 0.4114583333333333 0.2021484375 0.43055555624999997 0.2060546875 0.43402777708333334 0.220703125 0.4322916666666667 0.228515625 0.421875 0.228515625 0.3767361104166667 0.234375 0.36284722291666666 0.234375 0.35243055624999997 0.2294921875 0.34027777708333334 0.2216796875 0.3333333333333333 0.2099609375 0.3333333333333333 0.2021484375 0.34027777708333334
1 0.2490234375 0.34027777708333334 0.236328125 0.35590277708333334 0.228515625 0.3802083333333333 0.228515625 0.41840277708333334 0.2412109375 0.4479166666666667 0.2548828125 0.4583333333333333 0.259765625 0.45659722291666666 0.2685546875 0.4513888895833333 0.283203125 0.421875 0.28515625 0.41493055624999997 0.28515625 0.3732638895833333 0.28125 0.359375 0.2705078125 0.34375 0.2666015625 0.34027777708333334 0.2490234375 0.34027777708333334
1 0.3603515625 0.23611111041666666 0.3505859375 0.24652777708333332 0.34375 0.26215277708333334 0.341796875 0.27256944375000003 0.34375 0.30381944375000003 0.3525390625 0.3229166666666667 0.3564453125 0.3263888895833333 0.359375 0.32465277708333334 0.3740234375 0.3020833333333333 0.3837890625 0.2951388895833333 0.3916015625 0.2951388895833333 0.39453125 0.28993055624999997 0.39453125 0.27256944375000003 0.390625 0.2552083333333333 0.3779296875 0.23611111041666666 0.3603515625 0.23611111041666666
1 0.41796875 0.3177083333333333 0.4052734375 0.2986111104166667 0.3994140625 0.2951388895833333 0.3857421875 0.2951388895833333 0.3740234375 0.3020833333333333 0.359375 0.328125 0.35546875 0.3489583333333333 0.35546875 0.3732638895833333 0.361328125 0.4010416666666667 0.3720703125 0.4166666666666667 0.3759765625 0.4166666666666667 0.3876953125 0.4270833333333333 0.390625 0.42534722291666666 0.392578125 0.421875 0.392578125 0.4114583333333333 0.40234375 0.38368055624999997 0.41796875 0.359375 0.41796875 0.3454861104166667 0.419921875 0.3420138895833333 0.419921875 0.32465277708333334 0.41796875 0.3177083333333333
1 0.4736328125 0.19791666666666666 0.4658203125 0.20486111041666666 0.458984375 0.21701388958333334 0.455078125 0.23090277708333332 0.455078125 0.2552083333333333 0.458984375 0.26909722291666666 0.4716796875 0.28819444375000003 0.4755859375 0.2916666666666667 0.486328125 0.28993055624999997 0.4912109375 0.28819444375000003 0.50390625 0.265625 0.5078125 0.24826388958333334 0.5078125 0.23090277708333332 0.50390625 0.21701388958333334 0.4970703125 0.20486111041666666 0.4873046875 0.19791666666666666 0.4736328125 0.19791666666666666
1 0.6494140625 0.23263888958333334 0.6435546875 0.23611111041666666 0.62890625 0.25868055625 0.625 0.27256944375000003 0.623046875 0.30034722291666666 0.630859375 0.33159722291666666 0.6357421875 0.34027777708333334 0.6474609375 0.3541666666666667 0.6533203125 0.3576388895833333 0.662109375 0.35590277708333334 0.6669921875 0.3541666666666667 0.681640625 0.33506944375000003 0.689453125 0.3072916666666667 0.689453125 0.2829861104166667 0.681640625 0.2552083333333333 0.6728515625 0.24305555625 0.6650390625 0.23611111041666666 0.6494140625 0.23263888958333334
1 0.7958984375 0.22916666666666666 0.7919921875 0.23263888958333334 0.779296875 0.25868055625 0.77734375 0.2795138895833333 0.783203125 0.30034722291666666 0.783203125 0.3072916666666667 0.7958984375 0.3298611104166667 0.80859375 0.33506944375000003 0.8173828125 0.3298611104166667 0.830078125 0.3072916666666667 0.830078125 0.29340277708333334 0.83203125 0.28993055624999997 0.830078125 0.26909722291666666 0.82421875 0.24826388958333334 0.8134765625 0.23263888958333334 0.7958984375 0.22916666666666666
0 0.009765625 0.578125 0.009765625 0.5954861104166667 0.0078125 0.5989583333333334 0.009765625 0.6059027770833333 0.009765625 0.6232638895833333 0.0146484375 0.6354166666666666 0.0322265625 0.6319444437499999 0.0361328125 0.6388888895833333 0.041015625 0.6371527770833333 0.04296875 0.6302083333333334 0.04296875 0.5954861104166667 0.041015625 0.5850694437499999 0.037109375 0.5711805562500001 0.0283203125 0.5555555562500001 0.0205078125 0.5555555562500001 0.013671875 0.5642361104166667 0.009765625 0.578125
0 0.0283203125 0.6979166666666666 0.0166015625 0.6979166666666666 0.009765625 0.7065972229166667 0.00390625 0.734375 0.00390625 0.7690972229166667 0.005859375 0.7725694437499999 0.0078125 0.7934027770833333 0.015625 0.8177083333333334 0.0283203125 0.8402777770833333 0.0341796875 0.84375 0.044921875 0.8420138895833333 0.052734375 0.8315972229166667 0.056640625 0.8177083333333334 0.056640625 0.7760416666666666 0.0546875 0.7725694437499999 0.05078125 0.7413194437499999 0.044921875 0.7239583333333334 0.0322265625 0.7013888895833333 0.0283203125 0.6979166666666666
0 0.25 0.8385416666666666 0.24609375 0.8072916666666666 0.234375 0.7760416666666666 0.2197265625 0.75 0.2060546875 0.7361111104166667 0.1884765625 0.7326388895833333 0.1865234375 0.7291666666666666 0.1748046875 0.7291666666666666 0.1630859375 0.7361111104166667 0.1533203125 0.7465277770833333 0.142578125 0.7725694437499999 0.13671875 0.8038194437499999 0.13671875 0.8454861104166667 0.138671875 0.8489583333333334 0.138671875 0.8628472229166667 0.15234375 0.9079861104166667 0.1748046875 0.9444444437499999 0.1923828125 0.9583333333333334 0.2021484375 0.9583333333333334 0.2041015625 0.9618055562500001 0.212890625 0.9600694437499999 0.2255859375 0.9548611104166667 0.2314453125 0.9479166666666666 0.244140625 0.9253472229166667 0.248046875 0.9114583333333334 0.25 0.8871527770833333 0.251953125 0.8836805562500001 0.251953125 0.8420138895833333 0.25 0.8385416666666666
0 0.107421875 0.4322916666666667 0.1015625 0.453125 0.1015625 0.48090277708333334 0.103515625 0.48784722291666666 0.1103515625 0.49652777708333334 0.1171875 0.4947916666666667 0.1171875 0.4704861104166667 0.12109375 0.44965277708333334 0.125 0.4357638895833333 0.1328125 0.421875 0.1279296875 0.4166666666666667 0.1181640625 0.4166666666666667 0.1142578125 0.4201388895833333 0.107421875 0.4322916666666667
0 0.1728515625 0.375 0.1611328125 0.375 0.1484375 0.390625 0.142578125 0.41493055624999997 0.1455078125 0.4201388895833333 0.1513671875 0.4201388895833333 0.162109375 0.4357638895833333 0.166015625 0.44965277708333334 0.16796875 0.4739583333333333 0.171875 0.4739583333333333 0.1787109375 0.46875 0.185546875 0.453125 0.185546875 0.44618055624999997 0.189453125 0.4357638895833333 0.189453125 0.4079861104166667 0.185546875 0.39409722291666666 0.1767578125 0.37847222291666666 0.1728515625 0.375
0 0.48046875 0.4010416666666667 0.4638671875 0.36805555624999997 0.4482421875 0.3576388895833333 0.4267578125 0.3576388895833333 0.4111328125 0.37152777708333334 0.3984375 0.39409722291666666 0.392578125 0.41493055624999997 0.39453125 0.4670138895833333 0.400390625 0.48784722291666666 0.4150390625 0.5104166666666666 0.4189453125 0.5104166666666666 0.4306640625 0.5208333333333334 0.44921875 0.5190972229166666 0.4580078125 0.5138888895833333 0.470703125 0.4982638895833333 0.474609375 0.484375 0.48046875 0.4739583333333333 0.484375 0.453125 0.484375 0.4322916666666667 0.486328125 0.42881944375000003 0.48046875 0.4010416666666667
0 0.5595703125 0.4791666666666667 0.5576171875 0.4826388895833333 0.5400390625 0.4861111104166667 0.5283203125 0.49652777708333334 0.51171875 0.5190972229166666 0.50390625 0.5399305562500001 0.5 0.5607638895833333 0.5 0.5746527770833333 0.498046875 0.578125 0.498046875 0.6197916666666666 0.5078125 0.6579861104166667 0.5224609375 0.6840277770833333 0.5517578125 0.7083333333333334 0.5576171875 0.7083333333333334 0.5595703125 0.7118055562500001 0.5703125 0.7100694437499999 0.5986328125 0.6875 0.615234375 0.6545138895833333 0.623046875 0.6163194437499999 0.623046875 0.5607638895833333 0.615234375 0.5295138895833333 0.6044921875 0.50694444375 0.5830078125 0.4861111104166667 0.5595703125 0.4791666666666667
0 0.4619140625 0.2916666666666667 0.4462890625 0.2951388895833333 0.4306640625 0.3125 0.419921875 0.33506944375000003 0.419921875 0.3454861104166667 0.41796875 0.3489583333333333 0.4189453125 0.3611111104166667 0.4248046875 0.3611111104166667 0.4267578125 0.3576388895833333 0.4521484375 0.3576388895833333 0.4677734375 0.37152777708333334 0.48046875 0.39756944375000003 0.482421875 0.4079861104166667 0.484375 0.4079861104166667 0.4873046875 0.40625 0.4921875 0.39409722291666666 0.494140625 0.3732638895833333 0.49609375 0.3697916666666667 0.49609375 0.3489583333333333 0.48828125 0.3177083333333333 0.4775390625 0.3020833333333333 0.4619140625 0.2916666666666667
0 0.5517578125 0.27777777708333334 0.5302734375 0.27430555624999997 0.5146484375 0.28472222291666666 0.50390625 0.30381944375000003 0.498046875 0.32465277708333334 0.49609375 0.35243055624999997 0.501953125 0.3767361104166667 0.5126953125 0.39930555624999997 0.5322265625 0.4166666666666667 0.54296875 0.41493055624999997 0.5478515625 0.41319444375000003 0.5595703125 0.39930555624999997 0.568359375 0.38368055624999997 0.57421875 0.36284722291666666 0.576171875 0.33506944375000003 0.5703125 0.3072916666666667 0.5615234375 0.28819444375000003 0.5517578125 0.27777777708333334
0 0.6044921875 0.14930555625 0.595703125 0.171875 0.59375 0.18229166666666666 0.595703125 0.19618055625 0.6103515625 0.21875 0.62890625 0.21701388958333334 0.634765625 0.20659722291666668 0.634765625 0.19965277708333332 0.638671875 0.18923611041666666 0.638671875 0.17881944375 0.634765625 0.16145833333333334 0.6240234375 0.14583333333333334 0.6103515625 0.14583333333333334 0.6044921875 0.14930555625
0 0.9638671875 0.34375 0.9599609375 0.34722222291666666 0.947265625 0.3732638895833333 0.947265625 0.39756944375000003 0.94921875 0.4010416666666667 0.951171875 0.42534722291666666 0.9580078125 0.44097222291666666 0.9609375 0.4392361104166667 0.96484375 0.421875 0.9736328125 0.40625 0.9775390625 0.40277777708333334 0.9921875 0.4010416666666667 0.9921875 0.390625 0.986328125 0.36284722291666666 0.9736328125 0.34375 0.9638671875 0.34375