1 0.6474609375 0.22222222291666668 0.6259765625 0.22222222291666668 0.6142578125 0.23263888958333334 0.6015625 0.25868055625 0.599609375 0.265625 0.599609375 0.3072916666666667 0.607421875 0.33506944375000003 0.6201171875 0.3541666666666667 0.6279296875 0.3611111104166667 0.642578125 0.36284722291666666 0.6494140625 0.3611111104166667 0.666015625 0.3454861104166667 0.671875 0.33159722291666666 0.677734375 0.30381944375000003 0.677734375 0.2795138895833333 0.671875 0.2552083333333333 0.6533203125 0.22569444375 0.6474609375 0.22222222291666668
1 0.5732421875 0.17708333333333334 0.5595703125 0.19097222291666668 0.5546875 0.203125 0.55078125 0.21701388958333334 0.55078125 0.24479166666666666 0.556640625 0.265625 0.5712890625 0.28819444375000003 0.5771484375 0.2916666666666667 0.591796875 0.28993055624999997 0.59765625 0.2829861104166667 0.6015625 0.25868055625 0.6171875 0.22743055625 0.6171875 0.22048611041666666 0.609375 0.19618055625 0.5986328125 0.18055555625 0.5927734375 0.17708333333333334 0.5732421875 0.17708333333333334
1 0.5185546875 0.18402777708333332 0.5009765625 0.18402777708333332 0.4951171875 0.1875 0.486328125 0.19965277708333332 0.482421875 0.21701388958333334 0.478515625 0.22395833333333334 0.478515625 0.23784722291666668 0.48046875 0.24131944375 0.48046875 0.2552083333333333 0.484375 0.2760416666666667 0.4931640625 0.2916666666666667 0.5009765625 0.2986111104166667 0.5068359375 0.2986111104166667 0.5087890625 0.3020833333333333 0.513671875 0.30034722291666666 0.5283203125 0.2916666666666667 0.53515625 0.2795138895833333 0.541015625 0.26215277708333334 0.54296875 0.22395833333333334 0.5390625 0.21701388958333334 0.537109375 0.20659722291666668 0.5283203125 0.19097222291666668 0.5185546875 0.18402777708333332
1 0.4423828125 0.20833333333333334 0.4404296875 0.21180555625 0.4326171875 0.21180555625 0.41796875 0.234375 0.412109375 0.2552083333333333 0.412109375 0.2864583333333333 0.41796875 0.3072916666666667 0.4248046875 0.31944444375000003 0.4404296875 0.3333333333333333 0.451171875 0.33159722291666666 0.4658203125 0.3229166666666667 0.474609375 0.3072916666666667 0.48046875 0.2829861104166667 0.48046875 0.2552083333333333 0.474609375 0.23090277708333332 0.4677734375 0.21875 0.4560546875 0.20833333333333334 0.4423828125 0.20833333333333334
1 0.43359375 0.20659722291666668 0.4345703125 0.21180555625 0.4560546875 0.20833333333333334 0.4658203125 0.21527777708333332 0.4736328125 0.22916666666666666 0.4765625 0.22743055625 0.486328125 0.19618055625 0.4794921875 0.18402777708333332 0.4716796875 0.17708333333333334 0.4658203125 0.17708333333333334 0.4638671875 0.17361111041666666 0.4521484375 0.17708333333333334 0.4423828125 0.1875 0.43359375 0.20659722291666668
1 0.494140625 0.17881944375 0.4951171875 0.1875 0.5009765625 0.18402777708333332 0.5205078125 0.18402777708333332 0.5283203125 0.19097222291666668 0.537109375 0.20659722291666668 0.54296875 0.23090277708333332 0.544921875 0.23090277708333332 0.548828125 0.22048611041666666 0.548828125 0.19618055625 0.54296875 0.17534722291666668 0.5361328125 0.16319444375 0.5283203125 0.15625 0.5126953125 0.15625 0.5009765625 0.16666666666666666 0.494140625 0.17881944375
1 0.5810546875 0.14236111041666666 0.5654296875 0.14583333333333334 0.5546875 0.15798611041666666 0.546875 0.18229166666666666 0.548828125 0.203125 0.55078125 0.21006944375 0.552734375 0.21006944375 0.5595703125 0.19097222291666668 0.5732421875 0.17708333333333334 0.5927734375 0.17708333333333334 0.5986328125 0.18055555625 0.6015625 0.171875 0.599609375 0.16493055625 0.5869140625 0.14583333333333334 0.5810546875 0.14236111041666666
1 0.6015625 0.17534722291666668 0.6015625 0.18229166666666666 0.611328125 0.19965277708333332 0.6181640625 0.22569444375 0.6240234375 0.22569444375 0.6259765625 0.22222222291666668 0.654296875 0.22395833333333334 0.65625 0.22048611041666666 0.65625 0.19270833333333334 0.65234375 0.17881944375 0.6396484375 0.15972222291666668 0.6279296875 0.15277777708333332 0.6240234375 0.15625 0.6142578125 0.15625 0.6015625 0.17534722291666668
1 0.6767578125 0.14583333333333334 0.6787109375 0.14930555625 0.68359375 0.14756944375 0.6875 0.1267361104166667 0.6787109375 0.10069444375 0.6708984375 0.09375 0.6572265625 0.09375 0.646484375 0.109375 0.64453125 0.13368055625 0.6474609375 0.13888888958333334 0.6767578125 0.14583333333333334
1 0.734375 0.15104166666666666 0.7451171875 0.17013888958333334 0.76171875 0.16840277708333332 0.76953125 0.15104166666666666 0.76953125 0.1267361104166667 0.767578125 0.11979166666666667 0.7548828125 0.10069444375 0.7412109375 0.10069444375 0.734375 0.11284722291666666 0.732421875 0.12326388958333333 0.734375 0.15104166666666666
1 0.791015625 0.14409722291666668 0.79296875 0.171875 0.8056640625 0.19791666666666666 0.818359375 0.19618055625 0.8212890625 0.19444444375 0.828125 0.17881944375 0.826171875 0.14756944375 0.8154296875 0.12847222291666666 0.8115234375 0.125 0.8017578125 0.125 0.7978515625 0.12847222291666666 0.791015625 0.14409722291666668