0 0.166015625 0.22048611041666666 0.1728515625 0.23263888958333334 0.1796875 0.23090277708333332 0.1865234375 0.22569444375 0.197265625 0.20659722291666668 0.1953125 0.18576388958333334 0.1865234375 0.17013888958333334 0.1748046875 0.17361111041666666 0.16796875 0.18576388958333334 0.1640625 0.203125 0.166015625 0.22048611041666666
0 0.5107421875 0.3541666666666667 0.4951171875 0.34375 0.4697265625 0.34375 0.4677734375 0.34722222291666666 0.4599609375 0.34722222291666666 0.4443359375 0.3611111104166667 0.427734375 0.390625 0.41796875 0.4322916666666667 0.419921875 0.484375 0.4296875 0.5190972229166666 0.4482421875 0.5486111104166667 0.4638671875 0.5625 0.494140625 0.5607638895833333 0.5146484375 0.5486111104166667 0.53125 0.52256944375 0.5390625 0.4947916666666667 0.5390625 0.484375 0.54296875 0.4704861104166667 0.54296875 0.42881944375000003 0.53125 0.38715277708333334 0.5107421875 0.3541666666666667
0 0.4794921875 0.20138888958333334 0.4677734375 0.20138888958333334 0.4501953125 0.21180555625 0.4375 0.23090277708333332 0.427734375 0.26215277708333334 0.427734375 0.2760416666666667 0.4462890625 0.28472222291666666 0.46484375 0.3142361104166667 0.46875 0.33159722291666666 0.4736328125 0.34027777708333334 0.482421875 0.3385416666666667 0.48828125 0.33159722291666666 0.50390625 0.27256944375000003 0.513671875 0.2552083333333333 0.513671875 0.24131944375 0.51171875 0.234375 0.4951171875 0.20833333333333334 0.4892578125 0.20833333333333334 0.4794921875 0.20138888958333334
0 0.45703125 0.17534722291666668 0.45703125 0.18576388958333334 0.4658203125 0.20138888958333334 0.4814453125 0.20138888958333334 0.4970703125 0.21180555625 0.501953125 0.21006944375 0.505859375 0.18923611041666666 0.5234375 0.16145833333333334 0.5146484375 0.14236111041666666 0.5068359375 0.13541666666666666 0.4873046875 0.13194444375 0.4755859375 0.13888888958333334 0.4609375 0.16145833333333334 0.45703125 0.17534722291666668
0 0.515625 0.11631944375 0.5048828125 0.10069444375 0.4833984375 0.09722222291666666 0.4736328125 0.10416666666666667 0.4609375 0.12326388958333333 0.45703125 0.14409722291666668 0.4619140625 0.15277777708333332 0.466796875 0.15104166666666666 0.4755859375 0.13888888958333334 0.4873046875 0.13194444375 0.4970703125 0.13194444375 0.4990234375 0.13541666666666666 0.5146484375 0.13888888958333334 0.517578125 0.13368055625 0.517578125 0.12326388958333333 0.515625 0.11631944375
0 0.6083984375 0.17708333333333334 0.5927734375 0.1875 0.58203125 0.203125 0.576171875 0.22048611041666666 0.57421875 0.24479166666666666 0.591796875 0.27256944375000003 0.59765625 0.296875 0.59765625 0.32465277708333334 0.599609375 0.33159722291666666 0.6064453125 0.33680555624999997 0.625 0.33506944375000003 0.6474609375 0.31944444375000003 0.65625 0.30381944375000003 0.662109375 0.2795138895833333 0.662109375 0.24131944375 0.65625 0.21701388958333334 0.6416015625 0.19097222291666668 0.6240234375 0.17708333333333334 0.6083984375 0.17708333333333334
0 0.6328125 0.15451388958333334 0.6181640625 0.13194444375 0.6064453125 0.12847222291666666 0.6044921875 0.125 0.5888671875 0.12847222291666666 0.5810546875 0.13541666666666666 0.56640625 0.16493055625 0.5810546875 0.19791666666666666 0.5859375 0.19618055625 0.6005859375 0.18055555625 0.6064453125 0.18055555625 0.6083984375 0.17708333333333334 0.6259765625 0.17708333333333334 0.6318359375 0.18402777708333332 0.6376953125 0.18402777708333332 0.63671875 0.16493055625 0.6328125 0.15451388958333334
0 0.400390625 0.27256944375000003 0.3984375 0.265625 0.3818359375 0.23958333333333334 0.3759765625 0.23611111041666666 0.3544921875 0.23611111041666666 0.3349609375 0.25347222291666666 0.326171875 0.27256944375000003 0.318359375 0.3107638895833333 0.318359375 0.33506944375000003 0.32421875 0.359375 0.3388671875 0.38194444375000003 0.3505859375 0.3923611104166667 0.3671875 0.390625 0.3671875 0.36284722291666666 0.369140625 0.359375 0.369140625 0.3454861104166667 0.373046875 0.33506944375000003 0.373046875 0.328125 0.3935546875 0.28819444375000003 0.400390625 0.2829861104166667 0.400390625 0.27256944375000003
0 0.345703125 0.19270833333333334 0.337890625 0.21701388958333334 0.337890625 0.234375 0.3427734375 0.24305555625 0.3544921875 0.23611111041666666 0.3759765625 0.23611111041666666 0.3837890625 0.24305555625 0.38671875 0.24131944375 0.390625 0.21701388958333334 0.400390625 0.19618055625 0.400390625 0.18923611041666666 0.3955078125 0.18055555625 0.3837890625 0.17013888958333334 0.3740234375 0.16666666666666666 0.3564453125 0.17708333333333334 0.345703125 0.19270833333333334
1 0.3271484375 0.22569444375 0.3134765625 0.22222222291666668 0.2978515625 0.23263888958333334 0.283203125 0.26215277708333334 0.279296875 0.2795138895833333 0.279296875 0.3177083333333333 0.283203125 0.33506944375000003 0.2939453125 0.3541666666666667 0.2998046875 0.3576388895833333 0.3203125 0.35590277708333334 0.318359375 0.3072916666666667 0.32421875 0.2760416666666667 0.328125 0.265625 0.341796875 0.24479166666666666 0.341796875 0.24131944375 0.3369140625 0.23263888958333334 0.3330078125 0.23263888958333334 0.3271484375 0.22569444375
1 0.4609375 0.3072916666666667 0.4541015625 0.2951388895833333 0.4365234375 0.27777777708333334 0.4091796875 0.27777777708333334 0.3955078125 0.28819444375000003 0.376953125 0.3177083333333333 0.369140625 0.3489583333333333 0.369140625 0.39409722291666666 0.375 0.41840277708333334 0.3916015625 0.4479166666666667 0.3994140625 0.4548611104166667 0.4072265625 0.4548611104166667 0.4091796875 0.4583333333333333 0.416015625 0.45659722291666666 0.41796875 0.42881944375000003 0.423828125 0.4079861104166667 0.423828125 0.4010416666666667 0.435546875 0.3732638895833333 0.4482421875 0.3541666666666667 0.46875 0.3420138895833333 0.46875 0.33159722291666666 0.4609375 0.3072916666666667
1 0.4404296875 0.17013888958333334 0.4267578125 0.17013888958333334 0.4248046875 0.17361111041666666 0.4130859375 0.17708333333333334 0.400390625 0.19270833333333334 0.388671875 0.22743055625 0.388671875 0.23784722291666668 0.38671875 0.24131944375 0.396484375 0.25868055625 0.4033203125 0.27777777708333334 0.423828125 0.2760416666666667 0.427734375 0.26909722291666666 0.427734375 0.25868055625 0.4375 0.23090277708333332 0.4501953125 0.21180555625 0.462890625 0.203125 0.462890625 0.19618055625 0.4560546875 0.18402777708333332 0.4404296875 0.17013888958333334
1 0.4423828125 0.12847222291666666 0.4287109375 0.12847222291666666 0.4228515625 0.13194444375 0.4091796875 0.14583333333333334 0.40234375 0.16145833333333334 0.400390625 0.18576388958333334 0.40625 0.18576388958333334 0.4130859375 0.17708333333333334 0.4248046875 0.17013888958333334 0.4404296875 0.17013888958333334 0.4541015625 0.18055555625 0.4609375 0.16145833333333334 0.4609375 0.15104166666666666 0.4521484375 0.13541666666666666 0.4423828125 0.12847222291666666
1 0.587890625 0.265625 0.5791015625 0.25 0.5595703125 0.23611111041666666 0.5419921875 0.23263888958333334 0.5185546875 0.25 0.50390625 0.2760416666666667 0.49609375 0.3072916666666667 0.49609375 0.33506944375000003 0.5009765625 0.34722222291666666 0.5048828125 0.34722222291666666 0.5166015625 0.3576388895833333 0.533203125 0.38715277708333334 0.5419921875 0.41319444375000003 0.5546875 0.4114583333333333 0.5751953125 0.39930555624999997 0.58984375 0.3732638895833333 0.59765625 0.3385416666666667 0.59765625 0.3072916666666667 0.595703125 0.30381944375000003 0.59375 0.2829861104166667 0.58984375 0.2760416666666667 0.587890625 0.265625
1 0.5263671875 0.15972222291666668 0.5078125 0.18576388958333334 0.501953125 0.20659722291666668 0.501953125 0.21354166666666666 0.509765625 0.22743055625 0.513671875 0.24131944375 0.5185546875 0.25 0.51953125 0.24826388958333334 0.5400390625 0.23263888958333334 0.5712890625 0.23958333333333334 0.580078125 0.20659722291666668 0.580078125 0.19618055625 0.5673828125 0.17013888958333334 0.5556640625 0.15972222291666668 0.5498046875 0.15625 0.5263671875 0.15972222291666668
1 0.5263671875 0.15972222291666668 0.5498046875 0.15625 0.5634765625 0.16666666666666666 0.56640625 0.16493055625 0.578125 0.140625 0.578125 0.13368055625 0.5693359375 0.11458333333333333 0.5615234375 0.10763888958333333 0.5380859375 0.10416666666666667 0.5263671875 0.11458333333333333 0.515625 0.13715277708333332 0.5263671875 0.15972222291666668
1 0.6982421875 0.14930555625 0.6904296875 0.13888888958333334 0.6787109375 0.13194444375 0.6689453125 0.13194444375 0.6533203125 0.14236111041666666 0.640625 0.16840277708333332 0.638671875 0.18576388958333334 0.6474609375 0.19791666666666666 0.65625 0.21701388958333334 0.662109375 0.23784722291666668 0.6640625 0.25868055625 0.6669921875 0.26388888958333334 0.681640625 0.26215277708333334 0.6904296875 0.2604166666666667 0.6982421875 0.25347222291666666 0.70703125 0.23784722291666668 0.7109375 0.22395833333333334 0.712890625 0.19965277708333332 0.7109375 0.19618055625 0.708984375 0.17534722291666668 0.6982421875 0.14930555625