1 0.052734375 0.7107638875000001 0.0546875 0.7072916666666667 0.052734375 0.7038194437499999 0.05078125 0.6760416666666667 0.046875 0.6621527770833333 0.04296875 0.6517361104166667 0.0302734375 0.6326388875000001 0.0205078125 0.6326388875000001 0.0166015625 0.6361111104166667 0.01171875 0.6482638875000001 0.009765625 0.6690972208333333 0.0078125 0.6725694437499999 0.009765625 0.7038194437499999 0.0166015625 0.6986111104166667 0.0283203125 0.6986111104166667 0.0322265625 0.7020833333333333 0.0491015625 0.7354166666666667 0.0521484359375 0.7354166666666667 0.052734375 0.7350694437499999 0.052734375 0.7107638875000001
1 0.1359375 0.690625 0.12421875 0.6802083333333333 0.110546875 0.6767361104166666 0.091015625 0.6940972208333334 0.0822265625 0.7201388875 0.0822265625 0.7305555541666667 0.0802734375 0.7340277770833333 0.0822265625 0.7861111104166666 0.0919921875 0.8243055541666667 0.106640625 0.85381944375 0.122900390625 0.8666666666666667 0.1294921828125 0.8666666666666667 0.1330078125 0.8659722208333334 0.1369140625 0.8625 0.1369140625 0.83819444375 0.1349609375 0.8347222208333334 0.1369140625 0.8 0.1447265625 0.7652777770833333 0.15625 0.7413773124999999 0.15625 0.7333333333333333 0.1525390625 0.7201388875 0.1359375 0.690625
1 0.12890625 0.5961805541666667 0.12890625 0.5822916666666667 0.130859375 0.5788194437499999 0.130859375 0.540625 0.125 0.51631944375 0.1162109375 0.50069444375 0.1123046875 0.49722222083333334 0.1025390625 0.49722222083333334 0.0908203125 0.5076388875 0.083984375 0.5232638875 0.080078125 0.540625 0.080078125 0.5753472208333333 0.083984375 0.5927083333333333 0.0986328125 0.61875 0.1021484390625 0.6208333333333333 0.11464843124999999 0.6208333333333333 0.1171875 0.6204861104166667 0.12890625 0.5961805541666667
1 0.153515625 0.4232638875 0.149609375 0.4197916666666667 0.1359375 0.4197916666666667 0.1232421875 0.4388888875 0.1173828125 0.4701388875 0.1173828125 0.49444444375 0.128125 0.5170138875 0.1417968765625 0.5291666666666667 0.1486328125 0.5291666666666667 0.15546875 0.5239583333333333 0.1623046875 0.5083333333333333 0.165625 0.490625 0.165625 0.44965277708333334 0.1642578125 0.4423611104166667 0.153515625 0.4232638875
1 0.221875 0.33368055625 0.21015625 0.33368055625 0.20234375 0.340625 0.1955078125 0.3527777791666667 0.1896484375 0.3736111125 0.1896484375 0.4013888895833333 0.1916015625 0.41180555625 0.20234375 0.4309027791666667 0.205078125 0.43333333333333335 0.215039065625 0.43333333333333335 0.2208984375 0.4326388895833333 0.2287109375 0.42222222291666667 0.2287109375 0.3770833333333333 0.234375 0.3636574083333333 0.234375 0.35229166875 0.2296875 0.340625 0.221875 0.33368055625
1 0.27109375 0.34409722291666667 0.2671875 0.340625 0.249609375 0.340625 0.2369140625 0.35625 0.2291015625 0.38055555625 0.2291015625 0.41875 0.241796875 0.4482638895833333 0.2550130203125 0.4583333333333333 0.256445315625 0.4583333333333333 0.2603515625 0.4569444458333333 0.269140625 0.4517361125 0.2837890625 0.42222222291666667 0.284375 0.4201388895833333 0.284375 0.3687500020833333 0.2818359375 0.35972222291666667 0.27109375 0.34409722291666667
1 0.378125 0.23611111041666666 0.360546875 0.23611111041666666 0.35078125 0.24652777708333332 0.3439453125 0.26215277708333334 0.3421875 0.27152777708333337 0.3421875 0.27569444375 0.3439453125 0.30381944375000003 0.352734375 0.3229166666666667 0.356640625 0.3263888895833333 0.3595703125 0.32465277708333334 0.37421875 0.3020833333333333 0.383984375 0.2951388895833333 0.391796875 0.2951388895833333 0.39375 0.2916666666666667 0.39375 0.2682291666666667 0.3908203125 0.2552083333333333 0.378125 0.23611111041666666
1 0.4046875 0.2982638875 0.398828125 0.2947916666666667 0.38515625 0.2947916666666667 0.3734375 0.3017361104166667 0.3587890625 0.32777777708333333 0.3548828125 0.3486111104166667 0.3548828125 0.3729166666666667 0.3607421875 0.40069444375 0.371484375 0.41631944375 0.375390625 0.41631944375 0.38515625 0.425 0.3900390625 0.425 0.3919921875 0.42152777708333333 0.3919921875 0.4111111104166667 0.4017578125 0.38333333333333336 0.4173828125 0.35902777708333333 0.4173828125 0.3451388875 0.41875 0.34270833333333334 0.41875 0.3222222208333333 0.4173828125 0.3173611104166667 0.4046875 0.2982638875
1 0.4591796875 0.21701388958333334 0.4552734375 0.23090277708333332 0.4552734375 0.2552083333333333 0.4591796875 0.26909722291666666 0.471875 0.28819444375000003 0.47578125 0.2916666666666667 0.4865234375 0.28993055624999997 0.49140625 0.28819444375000003 0.5041015625 0.265625 0.5078125 0.2491319458333333 0.5078125 0.23020833333333332 0.5041015625 0.21701388958333334 0.497265625 0.20486111041666666 0.4875 0.19791666666666666 0.473828125 0.19791666666666666 0.466015625 0.20486111041666666 0.4591796875 0.21701388958333334
1 0.6728515625 0.24236111249999998 0.6650390625 0.23541666666666666 0.6494140625 0.23194444583333332 0.6435546875 0.23541666666666666 0.62890625 0.2579861125 0.625 0.271875 0.6234375 0.2940972229166666 0.6234375 0.3012152791666667 0.630859375 0.33090277916666666 0.6357421875 0.33958333333333335 0.6474609375 0.35347222291666663 0.6521484359375 0.35625 0.6568359421875 0.35625 0.662109375 0.35520833333333335 0.6669921875 0.35347222291666663 0.681640625 0.334375 0.6890625 0.3079861125 0.6890625 0.28090277708333333 0.681640625 0.2545138895833333 0.6728515625 0.24236111249999998
1 0.82421875 0.24809027916666665 0.8134765625 0.23246527916666665 0.7958984375 0.22899305625000002 0.7919921875 0.23246527916666665 0.779296875 0.25850694583333333 0.778125 0.27100694583333335 0.778125 0.28211805624999997 0.783203125 0.3001736125 0.783203125 0.30711805625 0.7958984375 0.3296875 0.80478515625 0.3333333333333333 0.81123046875 0.3333333333333333 0.8173828125 0.3296875 0.830078125 0.30711805625 0.830078125 0.29322916666666665 0.83125 0.2911458333333333 0.83125 0.28142361250000003 0.830078125 0.2689236125 0.82421875 0.24809027916666665
0 0.03671875 0.5704861124999999 0.0279296875 0.5548611124999999 0.0201171875 0.5548611124999999 0.01328125 0.5635416666666667 0.009375 0.5774305562500001 0.009375 0.5947916666666667 0.007421875 0.5982638895833333 0.009375 0.6052083333333333 0.009375 0.6225694458333333 0.0142578125 0.6347222229166667 0.0318359375 0.63125 0.0353515625 0.6375 0.0376953140625 0.6375 0.040625 0.6364583333333333 0.0421875 0.6309027791666666 0.0421875 0.5927083333333333 0.040625 0.584375 0.03671875 0.5704861124999999
0 0.0044921875 0.734375 0.0044921875 0.7690972229166667 0.0064453125 0.7725694437499999 0.0083984375 0.7934027770833333 0.0162109375 0.8177083333333334 0.02890625 0.8402777770833333 0.034765625 0.84375 0.0455078125 0.8420138895833333 0.0533203125 0.8315972229166667 0.05625 0.8211805562500001 0.05625 0.7743055562500001 0.0552734375 0.7725694437499999 0.0513671875 0.7413194437499999 0.0455078125 0.7239583333333334 0.0328125 0.7013888895833333 0.02890625 0.6979166666666666 0.0171875 0.6979166666666666 0.0103515625 0.7065972229166667 0.0044921875 0.734375
0 0.2458984375 0.80694444375 0.2341796875 0.77569444375 0.21953125 0.7496527770833333 0.205859375 0.7357638875 0.18828125 0.7322916666666667 0.186328125 0.72881944375 0.174609375 0.72881944375 0.162890625 0.7357638875 0.153125 0.7461805541666667 0.1423828125 0.7722222208333334 0.1365234375 0.8034722208333334 0.1365234375 0.8451388875 0.1384765625 0.8486111104166666 0.1384765625 0.8625 0.1521484375 0.9076388875 0.174609375 0.9440972208333334 0.1921875 0.9579861104166666 0.201953125 0.9579861104166666 0.2033203125 0.9604166666666667 0.20917968281250002 0.9604166666666667 0.2126953125 0.9597222208333334 0.225390625 0.9545138875 0.23125 0.94756944375 0.2439453125 0.925 0.2478515625 0.9111111104166666 0.2498046875 0.8868055541666667 0.25 0.88645833125 0.25 0.8385416666666666 0.2498046875 0.83819444375 0.2458984375 0.80694444375
0 0.1171875 0.4708333333333333 0.12109375 0.45 0.125 0.4361111125 0.1328125 0.42222222291666667 0.1279296875 0.4170138895833333 0.1181640625 0.4170138895833333 0.1142578125 0.4204861125 0.107421875 0.4326388895833333 0.1015625 0.45347222291666667 0.1015625 0.48125 0.103515625 0.4881944458333333 0.10953125 0.49583333333333335 0.1144531265625 0.49583333333333335 0.1171875 0.4951388895833333 0.1171875 0.4708333333333333
0 0.1771484375 0.3779513895833333 0.1732421875 0.37447916666666664 0.1615234375 0.37447916666666664 0.148828125 0.39010416666666664 0.14296875 0.41440972291666667 0.1458984375 0.41961805625 0.1517578125 0.41961805625 0.1625 0.43524305625 0.16640625 0.44913194375000004 0.168317521875 0.47291666666666665 0.17294921875 0.47291666666666665 0.1791015625 0.46822916666666664 0.1859375 0.45260416666666664 0.1859375 0.44565972291666667 0.1890625 0.4373263895833333 0.1890625 0.4046875 0.1859375 0.3935763895833333 0.1771484375 0.3779513895833333
0 0.4642578125 0.36770833333333336 0.4486328125 0.3572916666666667 0.4271484375 0.3572916666666667 0.4115234375 0.3711805541666667 0.398828125 0.39375 0.39296875 0.41458333333333336 0.394921875 0.4666666666666667 0.40078125 0.4875 0.4154296875 0.5100694437500001 0.4193359375 0.5100694437500001 0.4291015625 0.51875 0.449609375 0.51875 0.4583984375 0.5135416666666667 0.47109375 0.4979166666666667 0.475 0.48402777708333333 0.480859375 0.4736111104166667 0.484765625 0.45277777708333333 0.484765625 0.43194444375 0.4859375 0.4298611104166667 0.4859375 0.4247685166666667 0.480859375 0.40069444375 0.4642578125 0.36770833333333336
0 0.6041015625 0.5065972208333334 0.5826171875 0.4857638875 0.5591796875 0.47881944375 0.5572265625 0.4822916666666667 0.5396484375 0.4857638875 0.5279296875 0.4961805541666667 0.511328125 0.51875 0.503515625 0.5395833333333333 0.499609375 0.5604166666666667 0.499609375 0.5743055541666667 0.49765625 0.5777777770833333 0.49765625 0.61944444375 0.507421875 0.6576388875 0.5220703125 0.6836805541666667 0.5513671875 0.7079861104166666 0.5572265625 0.7079861104166666 0.55859375 0.7104166666666667 0.5656249953125 0.7104166666666667 0.569921875 0.7097222208333334 0.5982421875 0.6871527770833333 0.61484375 0.6541666666666667 0.621875 0.6197916645833333 0.621875 0.5572916666666666 0.61484375 0.5291666666666667 0.6041015625 0.5065972208333334
0 0.4767578125 0.3019097229166666 0.4611328125 0.29149305625 0.4455078125 0.2949652791666667 0.4298828125 0.3123263895833333 0.419140625 0.33489583333333334 0.419140625 0.3453125 0.4171875 0.3487847229166666 0.4181640625 0.3609375 0.4240234375 0.3609375 0.4259765625 0.3574652791666667 0.4513671875 0.3574652791666667 0.4669921875 0.37135416666666665 0.4796875 0.39739583333333334 0.48134765625 0.40625 0.4862304703125 0.40625 0.4865234375 0.4060763895833333 0.49140625 0.3939236125 0.493359375 0.3730902791666667 0.4953125 0.36961805625 0.4953125 0.3487847229166666 0.4875 0.3175347229166666 0.4767578125 0.3019097229166666
0 0.5609375 0.2878472208333333 0.551171875 0.2774305541666667 0.5296875 0.27395833333333336 0.5140625 0.284375 0.5033203125 0.3034722208333333 0.4974609375 0.3243055541666667 0.4955078125 0.35208333333333336 0.5013671875 0.3763888875 0.512109375 0.39895833333333336 0.5296875 0.41458333333333336 0.5423828125 0.41458333333333336 0.547265625 0.4128472208333333 0.558984375 0.39895833333333336 0.5677734375 0.38333333333333336 0.5736328125 0.3625 0.575 0.34305555416666667 0.575 0.33194444375000004 0.5697265625 0.30694444375 0.5609375 0.2878472208333333
0 0.5955078125 0.171875 0.5935546875 0.18229166666666666 0.5955078125 0.19618055625 0.61015625 0.21875 0.6287109375 0.21701388958333334 0.6345703125 0.20659722291666668 0.6345703125 0.19965277708333332 0.6375 0.19184027708333332 0.6375 0.17447916666666666 0.6345703125 0.16145833333333334 0.623828125 0.14583333333333334 0.61015625 0.14583333333333334 0.604296875 0.14930555625 0.5955078125 0.171875
0 0.973828125 0.34340277708333333 0.9640625 0.34340277708333333 0.96015625 0.346875 0.9474609375 0.3729166666666667 0.9474609375 0.3972222208333333 0.9494140625 0.40069444375 0.9513671875 0.425 0.9577473953125001 0.4395833333333333 0.9599609359375 0.4395833333333333 0.9611328125 0.4388888875 0.9650390625 0.42152777708333333 0.973828125 0.40590277708333333 0.977734375 0.4024305541666667 0.9921875 0.4007175916666667 0.9921875 0.38935185208333334 0.9865234375 0.3625 0.973828125 0.34340277708333333