0 0.7556640625 0.190625 0.7498046875 0.18715277708333333 0.7341796875 0.190625 0.7234375 0.21319444375 0.7234375 0.2375 0.725390625 0.24791666666666667 0.73125 0.2618055541666667 0.7392857140625 0.27291666666666664 0.748828128125 0.27291666666666664 0.7546875 0.27222222291666665 0.7615234375 0.26701388958333333 0.768359375 0.25486111041666665 0.76875 0.2534722208333334 0.76875 0.2180555541666667 0.76640625 0.20972222083333333 0.7556640625 0.190625
0 0.800390625 0.20173611249999998 0.790625 0.19826388958333335 0.7740234375 0.21388888958333335 0.7701171875 0.22777777916666667 0.7701171875 0.24861111249999998 0.7740234375 0.26597222291666667 0.784765625 0.28506944375000004 0.7888671875 0.2875 0.797070315625 0.2875 0.8013671875 0.28680555625 0.804296875 0.28506944375000004 0.8140625 0.2645517666666667 0.8140625 0.22874228333333332 0.80625 0.20868055625 0.800390625 0.20173611249999998
0 0.8462890625 0.16388888750000002 0.8365234375 0.16388888750000002 0.8326171875 0.16736111041666665 0.82578125 0.18298611041666665 0.82578125 0.196875 0.8296875 0.21423611041666665 0.8357421875 0.225 0.840429684375 0.225 0.84140625 0.22465277708333334 0.843359375 0.20729166666666668 0.8482421875 0.19861111041666665 0.85625 0.19386573958333334 0.85625 0.18090277708333333 0.853125 0.17256944375 0.8462890625 0.16388888750000002
0 0.8671875 0.16874999791666667 0.87109375 0.15486111041666667 0.87109375 0.14444444374999998 0.8662109375 0.1357638875 0.8564453125 0.1357638875 0.849609375 0.14791666458333333 0.84765625 0.16180555416666667 0.8597656265625 0.18333333333333332 0.86445311875 0.18333333333333332 0.8671875 0.1826388875 0.8671875 0.16874999791666667
0 0.8828125 0.18993055416666668 0.88671875 0.17604166666666668 0.890625 0.17256944375 0.8818359375 0.15347222083333334 0.8701171875 0.15347222083333334 0.8671875 0.16215277708333334 0.8671875 0.18645833333333334 0.8753373578125 0.20416666666666666 0.881445309375 0.20416666666666666 0.8828125 0.20381944375 0.8828125 0.18993055416666668
0 0.88984375 0.16979166874999999 0.8830078125 0.18194444583333333 0.8830078125 0.20625000208333333 0.88984375 0.22534722291666667 0.8917968734375 0.22708333333333333 0.9025390640625 0.22708333333333333 0.9078125 0.21770833541666665 0.9078125 0.19108796458333333 0.899609375 0.17326388958333333 0.88984375 0.16979166874999999
0 0.9796875 0.29930555416666665 0.97578125 0.29930555416666665 0.9650390625 0.3079861104166667 0.9611328125 0.32534722083333334 0.9611328125 0.34618055416666665 0.9669921875 0.3704861104166667 0.971875 0.37916666666666665 0.9742187515625 0.38125 0.9828124953125 0.38125 0.9845703125 0.38090277708333337 0.9875 0.37916666666666665 0.9923828125 0.36701388749999997 0.99375 0.34756944375000004 0.99375 0.3361111104166667 0.9904296875 0.31840277708333337 0.9796875 0.29930555416666665
1 0.8623046875 0.19513888750000002 0.8525390625 0.19513888750000002 0.8486328125 0.19861111041666665 0.8421875 0.2133432541666667 0.8421875 0.23622685208333336 0.8505859375 0.2611111104166667 0.8583984390625 0.26666666666666666 0.864257809375 0.26666666666666666 0.865234375 0.26631944375 0.875 0.25243055416666665 0.8765625 0.23020833333333332 0.8765625 0.22336309375000002 0.8701171875 0.20208333333333334 0.8623046875 0.19513888750000002
1 0.8232421875 0.12534722291666667 0.8134765625 0.121875 0.8095703125 0.12534722291666667 0.809375 0.12638888958333333 0.809375 0.13240740833333334 0.814453125 0.14444444583333332 0.814453125 0.17222222291666667 0.819010415625 0.17708333333333334 0.8199218765625 0.17708333333333334 0.822265625 0.17569444583333332 0.830078125 0.16527777916666667 0.83125 0.15486111249999998 0.83125 0.14375 0.830078125 0.1375 0.8232421875 0.12534722291666667
1 0.7470703125 0.14270833125000001 0.7373046875 0.14618055416666667 0.734375 0.15486111041666667 0.740234375 0.16874999791666667 0.7421875 0.1826388875 0.7451171875 0.18784722083333336 0.7548828125 0.19131944374999998 0.75859375 0.19791666666666666 0.7593749984375 0.19791666666666666 0.76171875 0.19652777708333333 0.765625 0.1826388875 0.765625 0.17222222083333336 0.759765625 0.15486111041666667 0.7470703125 0.14270833125000001
1 0.670703125 0.125 0.666796875 0.12152777708333334 0.651171875 0.12152777708333334 0.6423828125 0.13715277708333332 0.6423828125 0.15798611041666666 0.6462890625 0.17881944375 0.658984375 0.20138888958333334 0.6736328125 0.19965277708333332 0.6814453125 0.18576388958333334 0.6828125 0.17847222291666667 0.6828125 0.15590277708333333 0.6814453125 0.15104166666666666 0.670703125 0.125
1 0.5634765625 0.1282986125 0.5498046875 0.13177083333333334 0.541015625 0.14739583333333334 0.5390625 0.1578125 0.5390625 0.16822916666666668 0.54296875 0.18211805625000002 0.5478515625 0.1907986125 0.5539388 0.19375 0.5640950546875 0.19375 0.5712890625 0.1907986125 0.578125 0.17170138958333334 0.578125 0.15086805625000002 0.576171875 0.1439236125 0.5634765625 0.1282986125
1 0.5274803968749999 0.11899310208333333 0.5186913343749999 0.1346181 0.5186913343749999 0.15892365625 0.5307633921875 0.17708333333333334 0.5361329687499999 0.17708333333333334 0.5401757093749999 0.17628476666666665 0.5421288343749999 0.17281254583333333 0.5401757093749999 0.1658681 0.5421288343749999 0.14850698958333333 0.5484375 0.13729158333333333 0.5484375 0.12500017291666665 0.5450585218749999 0.11899310208333333 0.5274803968749999 0.11899310208333333
1 0.398828125 0.140625 0.398828125 0.16145833333333334 0.4076171875 0.17708333333333334 0.414453125 0.17534722291666668 0.4193359375 0.17361111041666666 0.425 0.16066468125 0.425 0.13645833333333332 0.42421875 0.13368055625 0.4173828125 0.125 0.4076171875 0.125 0.4017578125 0.13194444375 0.398828125 0.140625
1 0.2181640625 0.38229166666666664 0.2044921875 0.37534722291666667 0.1908203125 0.3857638895833333 0.183984375 0.4013888895833333 0.18203125 0.41180555625 0.18203125 0.4465277791666667 0.1927734375 0.46909722291666667 0.1994140625 0.475 0.208203128125 0.475 0.21328125 0.47430555625 0.223046875 0.46041666666666664 0.226953125 0.4465277791666667 0.228125 0.44027777916666666 0.228125 0.40763888958333333 0.226953125 0.4013888895833333 0.2181640625 0.38229166666666664
1 0.2271484375 0.315625 0.2154296875 0.315625 0.2115234375 0.3190972208333333 0.20078125 0.3416666666666667 0.20078125 0.3729166666666667 0.2076171875 0.378125 0.2134765625 0.378125 0.2240234375 0.39375 0.228125 0.39375 0.233984375 0.3868055541666667 0.2390625 0.3687499979166667 0.2390625 0.3364969125 0.2310546875 0.3190972208333333 0.2271484375 0.315625
1 0.1095703125 0.4239583333333333 0.0998046875 0.4239583333333333 0.09296875 0.4326388895833333 0.0890625 0.4465277791666667 0.0890625 0.48125 0.0958984375 0.496875 0.1011718734375 0.5 0.10312500312499999 0.5 0.10859375 0.4986111125 0.11640625 0.4881944458333333 0.1203125 0.47430555625 0.1203125 0.4465277791666667 0.1134765625 0.42743055625 0.1095703125 0.4239583333333333
0 0.1537109375 0.37222222083333334 0.1439453125 0.37222222083333334 0.1400390625 0.37569444375 0.13515625 0.384375 0.129296875 0.41215277708333337 0.13125 0.415625 0.13125 0.42951388749999997 0.13925781406249998 0.44375 0.143945309375 0.44375 0.144921875 0.44340277708333337 0.15078125 0.41909722083333334 0.1640625 0.40223214166666665 0.1640625 0.39826388749999997 0.1625 0.384375 0.1537109375 0.37222222083333334
0 0.2376953125 0.2538194458333333 0.2337890625 0.25034722291666667 0.2240234375 0.25034722291666667 0.2171875 0.2625 0.21328125 0.2763888895833333 0.21328125 0.2902777791666667 0.2201171875 0.3059027791666667 0.2228515625 0.30833333333333335 0.22812500156249998 0.30833333333333335 0.230859375 0.3076388895833333 0.238671875 0.3006944458333333 0.24375 0.27662037083333335 0.24375 0.26875 0.242578125 0.2625 0.2376953125 0.2538194458333333
0 0.2453125 0.27256944375000003 0.2501953125 0.28472222291666666 0.2599609375 0.2916666666666667 0.262890625 0.28993055624999997 0.2677734375 0.28819444375000003 0.274609375 0.27256944375000003 0.2765625 0.265625 0.2765625 0.24826388958333334 0.2677734375 0.22916666666666666 0.2560546875 0.22916666666666666 0.2453125 0.25173611041666666 0.2453125 0.27256944375000003
0 0.33828125 0.17881944375 0.33828125 0.19965277708333332 0.340234375 0.20659722291666668 0.34652343750000003 0.21458333333333332 0.35136718437500003 0.21458333333333332 0.3578125 0.21354166666666666 0.365625 0.20659722291666668 0.36875 0.19548611041666666 0.36875 0.178125 0.367578125 0.171875 0.3626953125 0.16319444375 0.3548828109375 0.16041666666666668 0.3517578125 0.16041666666666668 0.3470703125 0.16319444375 0.33828125 0.17881944375
0 0.8037109375 0.1248263875 0.7919921875 0.1248263875 0.7875 0.1328125 0.7875 0.13447916666666665 0.796875 0.15781249791666668 0.796875 0.17708333333333334 0.8094726546875 0.17708333333333334 0.8140625 0.16892360833333334 0.8140625 0.14253472083333335 0.8125 0.13697916458333334 0.8037109375 0.1248263875
1 0.7181640625 0.10069444375 0.71328125 0.109375 0.715234375 0.140625 0.7220703125 0.14930555625 0.72890625 0.14756944375 0.72890625 0.1267361104166667 0.7359375 0.11111111041666667 0.7359375 0.10798611041666667 0.7318359375 0.10069444375 0.7181640625 0.10069444375
0 0.369140625 0.15729166666666666 0.373046875 0.15034722291666666 0.373046875 0.14340277916666666 0.3642578125 0.13819444583333332 0.3603515625 0.14166666666666666 0.353515625 0.15729166666666666 0.3564453125 0.1625 0.3623046875 0.1625 0.3658203125 0.16875 0.3666015625 0.16875 0.3671875 0.16770833333333332 0.369140625 0.15729166666666666
0 0.3693359375 0.18229166666666666 0.3693359375 0.18923611041666666 0.376171875 0.19791666666666666 0.3869140625 0.19618055625 0.3908203125 0.19270833333333334 0.3966796875 0.17534722291666668 0.3947265625 0.15451388958333334 0.387890625 0.14583333333333334 0.3703125 0.14583333333333334 0.3634765625 0.16145833333333334 0.3693359375 0.18229166666666666
1 0.7671875 0.12152777708333334 0.7603515625 0.13715277708333332 0.7603515625 0.15451388958333334 0.76328125 0.15972222291666668 0.7642578125 0.15798611041666666 0.7662109375 0.14756944375 0.773046875 0.13541666666666666 0.784375 0.13541666666666666 0.784375 0.12847222291666666 0.77890625 0.12152777708333334 0.7671875 0.12152777708333334
0 0.6826171875 0.09322916666666667 0.6728515625 0.09322916666666667 0.666015625 0.10190972291666665 0.666015625 0.10885416666666667 0.6689453125 0.1140625 0.6806640625 0.11059027708333334 0.69259765625 0.11875 0.6932861328125 0.11875 0.69140625 0.10538194375000001 0.6826171875 0.09322916666666667