1 0.4294921875 0.86944444375 0.41484375 0.8434027770833333 0.401171875 0.8260416666666667 0.385546875 0.8121527770833333 0.373828125 0.8086805541666667 0.371875 0.8052083333333333 0.33671875 0.8052083333333333 0.31328125 0.8190972208333334 0.2927734375 0.8486111104166666 0.2849609375 0.8659722208333334 0.2771484375 0.89375 0.2771484375 0.9076388875 0.2751953125 0.9111111104166666 0.2751953125 0.9666666666666667 0.2771484375 0.9701388875 0.2771484375 0.9840277770833333 0.2866970484375 0.9979166666666667 0.3552734375 0.9979166666666667 0.35625 0.9961805541666667 0.3591796890625 0.9979166666666667 0.3689453125 0.9979166666666667 0.369921875 0.9961805541666667 0.3728515640625 0.9979166666666667 0.3865234375 0.9979166666666667 0.3875 0.9961805541666667 0.3884765625 0.9979166666666667 0.3982421875 0.9979166666666667 0.39921875 0.9961805541666667 0.40703125 0.9961805541666667 0.4080078125 0.9979166666666667 0.4119140609375 0.9979166666666667 0.41484375 0.9961805541666667 0.424609375 0.9961805541666667 0.4255859375 0.9979166666666667 0.4285156234375 0.9979166666666667 0.43046875 0.9961805541666667 0.436328125 0.9961805541666667 0.4373046875 0.9979166666666667 0.4431640625 0.9979166666666667 0.4484375 0.9916666645833333 0.4484375 0.9392361104166667 0.4412109375 0.90069444375 0.4294921875 0.86944444375
1 0.2490234375 0.3892361125 0.259765625 0.36666666666666664 0.26171875 0.35625 0.26171875 0.31805555625 0.2470703125 0.28854166666666664 0.2275390625 0.28854166666666664 0.2197265625 0.2954861125 0.208984375 0.3215277791666667 0.20703125 0.34930555625 0.2109375 0.3701388895833333 0.2216796875 0.3892361125 0.23281249843750002 0.3958333333333333 0.23515625468749998 0.3958333333333333 0.2421875 0.3944444458333333 0.2490234375 0.3892361125
1 0.254296875 0.26423611041666667 0.246484375 0.25729166458333336 0.22890625 0.2607638875 0.2181640625 0.27986111041666667 0.2142578125 0.29722222083333333 0.2171875 0.2989583333333333 0.225 0.28854166666666664 0.246484375 0.28854166666666664 0.250390625 0.29201388749999996 0.259993490625 0.3125 0.2603515625 0.3125 0.2611328125 0.31111111041666667 0.2625 0.30625 0.2625 0.29583333333333334 0.2611328125 0.27638888749999996 0.254296875 0.26423611041666667
1 0.2453125 0.21892361041666666 0.235546875 0.2154513875 0.22578125 0.22239583333333332 0.2208984375 0.2310763875 0.2171875 0.24097222083333333 0.2171875 0.27274305416666667 0.2228515625 0.27274305416666667 0.235546875 0.25711805416666667 0.247265625 0.25711805416666667 0.251171875 0.2605902770833333 0.253125 0.25711805416666667 0.253125 0.24322916666666666 0.2521484375 0.2310763875 0.2453125 0.21892361041666666
1 0.299609375 0.19479166458333333 0.28984375 0.20520833125000001 0.2830078125 0.22083333125000001 0.2859375 0.22604166458333333 0.291796875 0.22256944374999998 0.2992187515625 0.22916666666666666 0.3009765578125 0.22916666666666666 0.3064453125 0.22777777708333333 0.32109375 0.21909722083333336 0.3234375 0.212152775 0.3234375 0.20956439166666666 0.31328125 0.19479166458333333 0.299609375 0.19479166458333333
1 0.32314453125 0.16631944583333333 0.30751953125 0.16631944583333333 0.29482421875 0.18541666874999999 0.29384765625 0.19756944583333333 0.31142578125 0.19409722291666667 0.31923828125 0.20104166874999999 0.32275390625 0.21041666666666667 0.3249023453125 0.21041666666666667 0.32607421875 0.20972222291666667 0.3328125 0.19774305833333333 0.3328125 0.19010416875 0.32998046875 0.17500000208333333 0.32314453125 0.16631944583333333
1 0.3642578125 0.19166666666666668 0.3544921875 0.18472222083333334 0.3427734375 0.18819444375 0.3349609375 0.19513888750000002 0.3265625 0.21338734583333335 0.3265625 0.21493055416666668 0.3291015625 0.21944444375 0.3349609375 0.21944444375 0.3427734375 0.22638888750000002 0.349609375 0.23854166666666668 0.353515625 0.2559027770833333 0.353515625 0.27326388749999997 0.3556640625 0.27708333333333335 0.3587890609375 0.27708333333333335 0.359375 0.2767361104166667 0.373046875 0.2559027770833333 0.3765625 0.24027777708333334 0.3765625 0.22291666666666668 0.373046875 0.20729166666666668 0.3642578125 0.19166666666666668
1 0.1626953125 0.28802083333333334 0.1587890625 0.29149305625 0.14609375 0.3175347229166666 0.14609375 0.3487847229166666 0.1548828125 0.36788194583333333 0.1602539 0.36875 0.168066409375 0.36875 0.1705078125 0.36788194583333333 0.1734375 0.3626736125 0.171484375 0.35225694583333333 0.171484375 0.32447916666666665 0.1765625 0.3094328708333334 0.1765625 0.2991815479166667 0.1705078125 0.29149305625 0.1626953125 0.28802083333333334
1 0.1224609375 0.33506944375000003 0.1224609375 0.359375 0.13125 0.37847222291666666 0.134375 0.38125 0.1378906234375 0.38125 0.1419921875 0.3802083333333333 0.1515625 0.36659722083333335 0.1515625 0.3657407395833333 0.1458984375 0.3489583333333333 0.1458984375 0.3177083333333333 0.1478515625 0.3072916666666667 0.140234371875 0.30625 0.134765625 0.30625 0.1244140625 0.32465277708333334 0.1224609375 0.33506944375000003
1 0.1224609375 0.3142361104166667 0.1233072921875 0.31875 0.12539062343750002 0.31875 0.1283203125 0.3177083333333333 0.133203125 0.30902777708333334 0.1390625 0.30555555624999997 0.144921875 0.30555555624999997 0.146875 0.30902777708333334 0.1515625 0.29736111041666663 0.1515625 0.29652777708333333 0.1453125 0.28541666666666665 0.134609375 0.28541666666666665 0.1283203125 0.29340277708333334 0.1224609375 0.3142361104166667
1 0.1564453125 0.27274305416666667 0.1546875 0.29149305416666665 0.1546875 0.2935763875 0.1603515625 0.2935763875 0.1681640625 0.2831597208333333 0.1720703125 0.26579861041666664 0.175 0.26319444375 0.175 0.25711805416666667 0.165234375 0.25711805416666667 0.1564453125 0.27274305416666667
0 0.0224609375 0.46840277916666667 0.017578125 0.47708333333333336 0.0140625 0.49270833541666664 0.0140625 0.5204861104166667 0.017578125 0.5361111104166666 0.0218749984375 0.54375 0.028906257812500002 0.54375 0.033203125 0.54305555625 0.040625 0.5265625020833333 0.040625 0.48640873125 0.0341796875 0.46840277916666667 0.0224609375 0.46840277916666667
0 0.0638671875 0.3927083333333333 0.053125 0.4083333333333333 0.051171875 0.41875 0.051171875 0.45 0.059801135937500007 0.46875 0.0617187546875 0.46875 0.06875 0.4673611125 0.078125 0.44736111250000005 0.078125 0.4109127 0.0716796875 0.39618055625 0.0638671875 0.3927083333333333
0 0.1373046875 0.4092013895833333 0.1314453125 0.40572916666666664 0.1177734375 0.4092013895833333 0.10703125 0.42829861041666667 0.101171875 0.45260416666666664 0.101171875 0.48385416666666664 0.10302734375 0.49375 0.1072709515625 0.49375 0.1158203125 0.47517361041666667 0.1236328125 0.46822916666666664 0.1431640625 0.46822916666666664 0.1490234375 0.47517361041666667 0.1515625 0.47366898125 0.1515625 0.4435763895833333 0.15 0.43524305625 0.1373046875 0.4092013895833333
0 0.1515625 0.47604166666666664 0.14375 0.46909722291666667 0.126171875 0.46909722291666667 0.1203125 0.4725694458333333 0.1056640625 0.4986111125 0.1056640625 0.5090277791666666 0.1017578125 0.5263888895833333 0.1017578125 0.5506944458333333 0.1095703125 0.5854166666666667 0.1203125 0.6045138895833334 0.12861328125 0.6104166666666667 0.13769531562499998 0.6104166666666667 0.1427734375 0.6097222229166667 0.153515625 0.6010416666666667 0.1642578125 0.5784722229166667 0.1642578125 0.56805555625 0.165625 0.565625 0.165625 0.5171006958333334 0.1583984375 0.4881944458333333 0.1515625 0.47604166666666664
0 0.2783203125 0.6739583333333333 0.29296875 0.6513888895833334 0.302734375 0.6166666666666667 0.302734375 0.5923611125 0.3046875 0.5888888895833334 0.302734375 0.5611111125 0.29296875 0.5229166666666667 0.2783203125 0.5003472229166667 0.2744140625 0.5003472229166667 0.2626953125 0.48993055625 0.2392578125 0.48993055625 0.2236328125 0.5038194458333334 0.212890625 0.5229166666666667 0.2109375 0.5333333333333333 0.20703125 0.5402777791666666 0.205078125 0.5611111125 0.203125 0.5645833333333333 0.203125 0.6097222229166667 0.2109375 0.6409722229166667 0.2236328125 0.6670138895833334 0.2419921875 0.6833333333333333 0.2542968796875 0.6833333333333333 0.26171875 0.6826388895833334 0.2783203125 0.6739583333333333
0 0.112109375 0.315625 0.1013671875 0.33819444375 0.0994140625 0.3625 0.10752704375 0.38333333333333336 0.1208984375 0.38333333333333336 0.1234375 0.37881944375000004 0.1234375 0.36354166666666665 0.1228515625 0.3625 0.1228515625 0.32777777708333333 0.1234375 0.32569444375 0.1234375 0.31840277708333337 0.121875 0.315625 0.112109375 0.315625
0 0.190625 0.28888888749999997 0.1779296875 0.30451388749999997 0.1720703125 0.32534722083333334 0.1720703125 0.353125 0.1740234375 0.36354166666666665 0.1828125 0.37916666666666665 0.18515625156249998 0.38125 0.1999999921875 0.38125 0.2033203125 0.38090277708333337 0.2091796875 0.37395833333333334 0.2072265625 0.33576388749999997 0.2125 0.30763888749999996 0.2125 0.30366161458333335 0.20234375 0.28888888749999997 0.190625 0.28888888749999997
0 0.19453125 0.25329861249999996 0.180859375 0.25329861249999996 0.1720703125 0.26545138958333336 0.1662109375 0.28975694583333333 0.1769205703125 0.29791666666666666 0.181877790625 0.29791666666666666 0.190625 0.28802083333333334 0.203125 0.2863114333333333 0.203125 0.26843750208333333 0.1984375 0.25677083333333334 0.19453125 0.25329861249999996
0 0.3390625 0.22256944583333332 0.33515625 0.21909722291666667 0.317578125 0.21909722291666667 0.3029296875 0.23472222291666667 0.2970703125 0.25555555625 0.2970703125 0.2902777791666667 0.309765625 0.3163194458333333 0.3138671875 0.31875 0.32675781718749997 0.31875 0.3341796875 0.31805555625 0.341015625 0.31284722291666667 0.3498046875 0.29722222291666667 0.3498046875 0.2902777791666667 0.353125 0.28142361250000003 0.353125 0.25295138958333335 0.3498046875 0.23819444583333332 0.3390625 0.22256944583333332
0 0.265234375 0.24826388958333334 0.261328125 0.265625 0.261328125 0.2795138895833333 0.265234375 0.30034722291666666 0.2740234375 0.31597222291666666 0.2787109375 0.31875 0.28496093437500003 0.31875 0.292578125 0.3177083333333333 0.2974609375 0.31597222291666666 0.30234375 0.3072916666666667 0.296484375 0.2829861104166667 0.296484375 0.26215277708333334 0.303125 0.23854166666666668 0.303125 0.23288690416666666 0.2974609375 0.22569444375 0.2896484359375 0.22291666666666668 0.2865234390625 0.22291666666666668 0.2759765625 0.22916666666666666 0.265234375 0.24826388958333334
0 0.4986328125 0.20243055625 0.483984375 0.18333333333333332 0.4703125 0.17986111249999998 0.468359375 0.18333333333333332 0.456640625 0.18680555625 0.4458984375 0.20243055625 0.4400390625 0.22326388958333335 0.4400390625 0.2545138895833333 0.4439453125 0.26840277916666666 0.4546875 0.2875 0.4652343734375 0.29375 0.47304688281249996 0.29375 0.4830078125 0.29270833333333335 0.491796875 0.28402777916666666 0.5025390625 0.26145833333333335 0.503125 0.25833333333333336 0.503125 0.2194444458333333 0.5025390625 0.21631944583333332 0.4986328125 0.20243055625
1 0.5771484375 0.2328125 0.5625 0.25885416666666666 0.5625 0.26579861041666664 0.55859375 0.27274305416666667 0.55859375 0.2831597208333333 0.556640625 0.28663194375 0.556640625 0.30399305416666667 0.55859375 0.3074652770833334 0.55859375 0.31788194375 0.5625 0.3248263875 0.564453125 0.33524305416666667 0.5751953125 0.3543402770833334 0.5927734375 0.36475694375 0.603515625 0.36649305416666667 0.6162109375 0.3612847208333333 0.6240234375 0.3543402770833334 0.630859375 0.3421875 0.63671875 0.32135416666666666 0.638671875 0.2935763875 0.6328125 0.26232638750000004 0.6220703125 0.23975694374999998 0.6123046875 0.22934027708333332 0.6064453125 0.22934027708333332 0.6044921875 0.2258680541666667 0.5888671875 0.2258680541666667 0.5771484375 0.2328125