1 0.5294921875 0.3215277791666667 0.51484375 0.2920138895833333 0.49921875 0.28159722291666667 0.4875 0.28159722291666667 0.471875 0.2920138895833333 0.4591796875 0.3145833333333333 0.4533203125 0.3388888895833333 0.4533203125 0.3736111125 0.4630859375 0.4013888895833333 0.471875 0.41354166666666664 0.489453125 0.4204861125 0.4908203125 0.42291666666666666 0.497851565625 0.42291666666666666 0.5021484375 0.42222222291666667 0.508984375 0.4204861125 0.5236328125 0.39791666666666664 0.5314453125 0.3770833333333333 0.5328125 0.3576388895833333 0.5328125 0.3482638895833333 0.5314453125 0.3458333333333333 0.5294921875 0.3215277791666667
1 0.3294921875 0.3006944458333333 0.320703125 0.2850694458333333 0.3109375 0.278125 0.297265625 0.278125 0.2845703125 0.29375 0.2767578125 0.31805555625 0.2767578125 0.3527777791666667 0.285546875 0.37534722291666667 0.2987630203125 0.3854166666666667 0.3009765671875 0.3854166666666667 0.3080078125 0.3840277791666667 0.31875 0.3788194458333333 0.3255859375 0.36666666666666664 0.3275390625 0.35625 0.3314453125 0.34930555625 0.3314453125 0.3319444458333333 0.3328125 0.32951388958333333 0.3328125 0.32743055625 0.3314453125 0.325 0.3294921875 0.3006944458333333
1 0.31484375 0.24375 0.305078125 0.23680555416666668 0.293359375 0.24027777708333334 0.2826171875 0.2559027770833333 0.2787109375 0.26979166666666665 0.2787109375 0.29409722083333334 0.280859375 0.29791666666666666 0.2839843734375 0.29791666666666666 0.2845703125 0.29756944375 0.293359375 0.28194444375 0.29921875 0.27847222083333334 0.308984375 0.27847222083333334 0.3109375 0.28194444375 0.32265625 0.28541666666666665 0.3234375 0.2673611104166667 0.3234375 0.26215277708333334 0.3216796875 0.2559027770833333 0.31484375 0.24375
0 0.2666015625 0.4170138895833333 0.275390625 0.3944444458333333 0.27734375 0.3875 0.27734375 0.3527777791666667 0.2734375 0.3388888895833333 0.2666015625 0.3267361125 0.2568359375 0.31979166666666664 0.2451171875 0.31979166666666664 0.2314453125 0.33368055625 0.2265625 0.3458333333333333 0.22265625 0.35972222291666667 0.22265625 0.3944444458333333 0.224609375 0.4013888895833333 0.2409895828125 0.4270833333333333 0.24414063281249998 0.4270833333333333 0.255859375 0.4256944458333333 0.2666015625 0.4170138895833333
0 0.1677734375 0.4045138895833333 0.1677734375 0.4322916666666667 0.1765625 0.46180555624999997 0.184375 0.46875 0.2029296875 0.4670138895833333 0.2146484375 0.44965277708333334 0.2185546875 0.4357638895833333 0.21875 0.4347222229166666 0.21875 0.39479166666666665 0.2146484375 0.3802083333333333 0.2078125 0.36805555624999997 0.201953125 0.3645833333333333 0.186328125 0.3645833333333333 0.1736328125 0.38368055624999997 0.1677734375 0.4045138895833333
0 0.0177734375 0.6475694437499999 0.0177734375 0.6614583333333334 0.0158203125 0.6649305562500001 0.0177734375 0.6961805562500001 0.0216796875 0.7170138895833333 0.034375 0.7430555562500001 0.0375 0.7458333333333333 0.0449218703125 0.7458333333333333 0.0548828125 0.7447916666666666 0.0587890625 0.7378472229166667 0.0640625 0.7128472208333334 0.0640625 0.69756944375 0.0626953125 0.6684027770833333 0.0568359375 0.6440972229166667 0.044140625 0.6215277770833333 0.0347656234375 0.61875 0.0319444453125 0.61875 0.0216796875 0.6336805562500001 0.0177734375 0.6475694437499999
0 0.3583984375 0.23993055625 0.3544921875 0.24340277916666667 0.3447265625 0.24340277916666667 0.3369140625 0.25034722291666667 0.326171875 0.2694444458333333 0.325 0.2798611125 0.325 0.2888888895833333 0.33203125 0.3076388895833333 0.33203125 0.3215277791666667 0.3369140625 0.3371527791666667 0.3396484375 0.33958333333333335 0.35312500468749997 0.33958333333333335 0.361328125 0.3388888895833333 0.3681640625 0.33368055625 0.373046875 0.325 0.378125 0.30694444375 0.378125 0.27131410208333334 0.3662109375 0.246875 0.3583984375 0.23993055625
0 0.5708984375 0.25295138958333335 0.5533203125 0.2390625 0.5416015625 0.2390625 0.5357421875 0.24253472291666667 0.5318359375 0.24947916666666667 0.5279296875 0.24947916666666667 0.5171875 0.2685763895833333 0.51328125 0.28940972291666667 0.5181640625 0.29461805625 0.526953125 0.31371527708333335 0.530859375 0.32760416666666664 0.5328125 0.35885416666666664 0.5376953125 0.36753472291666667 0.5493164046875 0.36875 0.55505859375 0.36875 0.5669921875 0.36059027708333335 0.5796875 0.33454861041666667 0.5828125 0.32065972291666667 0.5828125 0.28616898125 0.577734375 0.26510416666666664 0.5708984375 0.25295138958333335
0 0.758203125 0.24479166666666666 0.7474609375 0.22916666666666666 0.7416015625 0.22569444375 0.7220703125 0.22916666666666666 0.711328125 0.24479166666666666 0.70546875 0.26215277708333334 0.70546875 0.30034722291666666 0.707421875 0.3107638895833333 0.71328125 0.328125 0.7220703125 0.34375 0.7279296875 0.34722222291666666 0.746484375 0.3454861104166667 0.7552734375 0.33680555624999997 0.766015625 0.3142361104166667 0.7671875 0.3079861104166667 0.7671875 0.271875 0.766015625 0.265625 0.758203125 0.24479166666666666
0 0.8326171875 0.4498263875 0.8248046875 0.47760416666666666 0.8248046875 0.49149305416666667 0.8228515625 0.4949652770833334 0.8228515625 0.53663194375 0.8248046875 0.5401041666666667 0.8248046875 0.5539930541666667 0.8345703125 0.5887152770833333 0.839453125 0.5973958333333333 0.853125 0.6078125 0.8575195328125 0.6083333333333333 0.8700976546874999 0.6083333333333333 0.884375 0.6008680541666667 0.8970703125 0.5817708333333333 0.909375 0.5348958333333333 0.909375 0.48961805416666665 0.9009765625 0.45677083333333335 0.886328125 0.43072916666666666 0.87333984375 0.42083333333333334 0.85830078125 0.42083333333333334 0.8453125 0.43072916666666666 0.8326171875 0.4498263875
0 0.937109375 0.30486111250000003 0.925390625 0.30486111250000003 0.917578125 0.31180555625 0.9107421875 0.33090277916666666 0.9107421875 0.34131944583333335 0.9087890625 0.34479166666666666 0.9107421875 0.3795138895833333 0.9166015625 0.40034722291666663 0.925390625 0.41597222291666663 0.9300781234375 0.41875 0.9355468796874999 0.41875 0.9419921875 0.41770833333333335 0.948828125 0.4125 0.9556640625 0.396875 0.95625 0.39375 0.95625 0.3412393166666667 0.944921875 0.31180555625 0.937109375 0.30486111250000003
0 0.9580078125 0.2635416666666667 0.9501953125 0.26006944375 0.939453125 0.2722222208333333 0.9359375 0.2847222208333333 0.9359375 0.3038580229166667 0.9443359375 0.31215277708333333 0.951171875 0.3243055541666667 0.9576923078125 0.3458333333333333 0.9597656234375 0.3458333333333333 0.9609375 0.3451388875 0.9703125 0.3251388875 0.9703125 0.29166666458333335 0.966796875 0.2791666666666667 0.9580078125 0.2635416666666667
0 0.7990234375 0.28229166666666666 0.8029296875 0.26840277916666666 0.8029296875 0.23715277916666666 0.7990234375 0.22326388958333335 0.790234375 0.20763888958333335 0.782421875 0.20069444583333332 0.76875 0.20069444583333332 0.7580078125 0.21631944583333332 0.7541015625 0.22673611249999998 0.7541015625 0.23715277916666666 0.7619140625 0.25104166666666666 0.7677734375 0.271875 0.7677734375 0.29270833333333335 0.7697265625 0.29965277916666666 0.78046875 0.3013888895833333 0.78203125 0.30416666666666664 0.7835937515625 0.30416666666666664 0.7853515625 0.303125 0.7990234375 0.28229166666666666
0 0.73359375 0.19479166458333333 0.712109375 0.19479166458333333 0.7013671875 0.21041666458333333 0.6974609375 0.22430555416666667 0.6974609375 0.2590277770833333 0.6994140625 0.26597222083333333 0.7021484375 0.2708333333333333 0.7025390625 0.2708333333333333 0.7033203125 0.26944444375000004 0.7091796875 0.24861111041666667 0.71796875 0.23298611041666667 0.7296875 0.22604166458333333 0.74921875 0.2295138875 0.75 0.22534722083333333 0.75 0.22361111041666665 0.7482421875 0.21736111041666667 0.73359375 0.19479166458333333
1 0.2390625 0.30486111250000003 0.22734375 0.30833333333333335 0.2234375 0.31180555625 0.2107421875 0.33784722291666663 0.2087890625 0.36909722291666663 0.2166015625 0.38298611250000003 0.2185546875 0.39340277916666666 0.22109375 0.39791666666666664 0.221875 0.39791666666666664 0.2224609375 0.396875 0.2224609375 0.35868055625 0.2263671875 0.34479166666666666 0.237109375 0.32569444583333335 0.2484375 0.31794871875 0.2484375 0.3145833333333333 0.244921875 0.30833333333333335 0.2390625 0.30486111250000003