1 0.66953125 0.20173611249999998 0.65390625 0.18784722291666667 0.63828125 0.18784722291666667 0.63046875 0.19479166666666667 0.6158203125 0.22430555625 0.6158203125 0.23819444583333332 0.6138671875 0.24166666666666667 0.6158203125 0.26597222291666667 0.6197265625 0.27291666666666664 0.6197265625 0.27986111041666667 0.634375 0.30590277708333335 0.637109375 0.30833333333333335 0.6494140671874999 0.30833333333333335 0.6568359375 0.3076388895833333 0.667578125 0.2989583333333333 0.6763671875 0.2833333333333333 0.6802734375 0.27291666666666664 0.68125 0.25729166666666664 0.68125 0.23776041666666667 0.6744140625 0.21041666666666667 0.66953125 0.20173611249999998
1 0.6107421875 0.17048611249999998 0.6048828125 0.16701388958333335 0.5873046875 0.16701388958333335 0.5794921875 0.17395833333333333 0.570703125 0.18958333333333333 0.566796875 0.21041666666666667 0.566796875 0.23125 0.57265625 0.2520833333333333 0.5853515625 0.27465277708333335 0.5880859375 0.27708333333333335 0.5992187546875 0.27708333333333335 0.605859375 0.2763888895833333 0.613671875 0.26597222291666667 0.615625 0.22430555625 0.625 0.20430555625 0.625 0.19513888958333334 0.6234375 0.18958333333333333 0.6107421875 0.17048611249999998
1 0.6125 0.14930555625 0.602734375 0.14236111041666666 0.591015625 0.14236111041666666 0.583203125 0.14930555625 0.5744140625 0.16493055625 0.5724609375 0.17534722291666668 0.5734375 0.18402777708333332 0.583203125 0.17013888958333334 0.5890625 0.16666666666666666 0.602734375 0.16666666666666666 0.61640625 0.17708333333333334 0.62421875 0.19097222291666668 0.625 0.18958333333333333 0.625 0.18715277708333333 0.6232421875 0.16840277708333332 0.6125 0.14930555625
1 0.5525390625 0.14635416666666667 0.5466796875 0.14288194375 0.5291015625 0.14635416666666667 0.5203125 0.15850694375 0.5203125 0.16545138958333333 0.5330078125 0.17413194375 0.541796875 0.18628472291666667 0.541796875 0.19322916666666667 0.545703125 0.20364583333333333 0.545703125 0.2375 0.5522135421875001 0.2375 0.559375 0.22795138958333333 0.565625 0.20850694374999998 0.565625 0.1703125 0.56328125 0.16197916666666667 0.5525390625 0.14635416666666667
1 0.4900390625 0.18576388958333334 0.4841796875 0.20659722291666668 0.4900390625 0.22395833333333334 0.4919921875 0.25173611041666666 0.498828125 0.26388888958333334 0.506640625 0.2708333333333333 0.5232421875 0.26909722291666666 0.53203125 0.26388888958333334 0.5408203125 0.24479166666666666 0.54375 0.234375 0.54375 0.20254629791666667 0.5388671875 0.18229166666666666 0.528125 0.17013888958333334 0.522265625 0.16666666666666666 0.5046875 0.16666666666666666 0.496875 0.17361111041666666 0.4900390625 0.18576388958333334
1 0.4771484375 0.19722222291666666 0.4693359375 0.19027777916666666 0.4498046875 0.19027777916666666 0.4419921875 0.19722222291666666 0.429296875 0.21979166666666666 0.42734375 0.23020833333333332 0.42734375 0.26145833333333335 0.433203125 0.28229166666666666 0.4458984375 0.3013888895833333 0.4490234359375 0.30416666666666664 0.45566406875 0.30416666666666664 0.464453125 0.303125 0.4751953125 0.29444444583333335 0.4859375 0.27534722291666663 0.4890625 0.26423611041666667 0.4890625 0.22673611041666666 0.4859375 0.21284722291666666 0.4771484375 0.19722222291666666
1 0.4251953125 0.17361111041666666 0.4173828125 0.17361111041666666 0.4154296875 0.17708333333333334 0.4095703125 0.17708333333333334 0.396875 0.19618055625 0.391015625 0.22048611041666666 0.391015625 0.23784722291666668 0.39296875 0.24479166666666666 0.4095703125 0.2708333333333333 0.4134765625 0.27430555624999997 0.426171875 0.27256944375000003 0.428125 0.26909722291666666 0.428125 0.22743055625 0.43203125 0.21354166666666666 0.4369140625 0.20833333333333334 0.440625 0.19909722291666665 0.440625 0.1935019854166667 0.4349609375 0.18055555625 0.4251953125 0.17361111041666666
1 0.4865234375 0.19340277708333334 0.4904296875 0.18645833333333334 0.4904296875 0.17604166666666668 0.485546875 0.16388888750000002 0.473828125 0.15347222083333334 0.458203125 0.15347222083333334 0.450390625 0.16041666666666668 0.4416015625 0.17951388750000002 0.4416015625 0.19340277708333334 0.44453125 0.19861111041666665 0.450390625 0.19166666666666668 0.469921875 0.19166666666666668 0.4804687515625 0.20416666666666666 0.4839843734375 0.20416666666666666 0.4845703125 0.20381944375 0.4865234375 0.19340277708333334
1 0.576171875 0.10555555416666666 0.5634765625 0.08645833333333333 0.5498046875 0.08645833333333333 0.5458984375 0.08993055416666666 0.5390625 0.10555555416666666 0.5399502843749999 0.12291666666666666 0.576171875 0.12291666666666666 0.578125 0.11944444375 0.576171875 0.10555555416666666
1 0.6259765625 0.07256944375 0.619140625 0.08125 0.615625 0.1 0.615625 0.10337301666666666 0.6220703125 0.12465277708333335 0.6279296875 0.12465277708333335 0.629296875 0.12708333333333333 0.6398437421875001 0.12708333333333333 0.646484375 0.1263888875 0.65 0.1201388875 0.65 0.09097222291666666 0.6416015625 0.07604166666666666 0.6259765625 0.07256944375
1 0.708984375 0.1236111125 0.708984375 0.10625 0.6982421875 0.08368055625 0.6943359375 0.08020833333333334 0.6845703125 0.08020833333333334 0.673828125 0.09583333333333334 0.673828125 0.12013888958333332 0.6806640625 0.13229166666666667 0.6859374984375 0.13541666666666666 0.690234384375 0.13541666666666666 0.705078125 0.13402777916666667 0.708984375 0.1236111125
0 0.9515625 0.18715277916666664 0.94375 0.18020833541666667 0.9349609375 0.18541666874999999 0.9330078125 0.20625000208333333 0.9359375 0.21145833541666667 0.949609375 0.21145833541666667 0.9540039046875 0.21666666666666667 0.9578125 0.21666666666666667 0.9578125 0.20461309791666665 0.9515625 0.18715277916666664
0 0.980859375 0.23211805625 0.97109375 0.22864583333333333 0.9642578125 0.24079861041666667 0.9671875 0.24947916666666667 0.9828125 0.26336805625 0.9875976546875 0.26458333333333334 0.9890625 0.26458333333333334 0.9890625 0.25318287083333335 0.980859375 0.23211805625