1 0.3623046875 0.9829861125 0.38671875 0.9534722229166667 0.400390625 0.9152777791666666 0.400390625 0.9013888895833334 0.404296875 0.8840277791666666 0.40234375 0.88055555625 0.404296875 0.8770833333333333 0.40234375 0.8458333333333333 0.390625 0.79375 0.3681640625 0.7538194458333333 0.3505859375 0.7364583333333333 0.3388671875 0.7295138895833334 0.3310546875 0.7295138895833334 0.3291015625 0.7260416666666667 0.3095703125 0.7260416666666667 0.3076171875 0.7295138895833334 0.3017578125 0.7295138895833334 0.2900390625 0.7364583333333333 0.2783203125 0.7503472229166667 0.267578125 0.7694444458333333 0.2578125 0.7972222229166667 0.2578125 0.8041666666666667 0.25390625 0.8145833333333333 0.25390625 0.8388888895833334 0.251953125 0.8423611125 0.25390625 0.8736111125 0.2578125 0.8875 0.2578125 0.8979166666666667 0.265625 0.9256944458333333 0.2734375 0.94305555625 0.2998046875 0.9795138895833334 0.3173828125 0.9864583333333333 0.319140625 0.9895833333333334 0.32421876250000004 0.9895833333333334 0.34375 0.9881944458333333 0.3623046875 0.9829861125
1 0.43203125 0.23680555416666668 0.414453125 0.22638888750000002 0.4046875 0.22986111041666665 0.3900390625 0.25243055416666665 0.3861328125 0.26979166666666665 0.3861328125 0.290625 0.3939453125 0.31493055416666665 0.402734375 0.32708333333333334 0.4062500015625 0.32916666666666666 0.4203124921875 0.32916666666666666 0.4232421875 0.32881944375 0.430078125 0.3236111104166667 0.4369140625 0.31145833333333334 0.4421875 0.28645833125000003 0.4421875 0.26423611041666667 0.4369140625 0.24548611041666665 0.43203125 0.23680555416666668
1 0.40625 0.22413194583333332 0.4072265625 0.22934027916666666 0.4228515625 0.22934027916666666 0.4326171875 0.23628472291666666 0.4375 0.24496527916666666 0.443359375 0.2657986125 0.443359375 0.275 0.44767578124999996 0.275 0.453125 0.25885416875 0.453125 0.23107638958333335 0.4462890625 0.21197916875 0.4351562484375 0.20208333333333334 0.42407226875 0.20208333333333334 0.4150390625 0.20850694583333332 0.40625 0.22413194583333332
1 0.4658203125 0.19409722291666667 0.4765625 0.18888888958333333 0.474609375 0.17152777916666664 0.4638671875 0.15590277916666664 0.4521484375 0.15590277916666664 0.4443359375 0.16284722291666667 0.4375 0.17847222291666667 0.4375 0.20277777916666664 0.4443359375 0.2079861125 0.4515624984375 0.22083333333333333 0.452734375 0.22083333333333333 0.453125 0.22013888958333333 0.4658203125 0.19409722291666667
1 0.5228515625 0.14895833541666667 0.5169921875 0.1454861125 0.5033203125 0.14895833541666667 0.49453125 0.16805555625000002 0.4955078125 0.1767361125 0.4974609375 0.17326388958333333 0.5091796875 0.17326388958333333 0.5150390625 0.18020833541666667 0.5189453125 0.18020833541666667 0.519921875 0.18541666874999999 0.5222656234375 0.18958333333333333 0.5234375 0.18958333333333333 0.523828125 0.18888888958333333 0.5248046875 0.18368055625000002 0.5328125 0.17577160625000002 0.5328125 0.16527777916666667 0.531640625 0.1611111125 0.5228515625 0.14895833541666667
1 0.5205078125 0.20052083541666665 0.5234375 0.18489583541666665 0.5126953125 0.17274305625 0.5068359375 0.17274305625 0.5048828125 0.16927083541666665 0.4970703125 0.16927083541666665 0.484375 0.18489583541666665 0.4853515625 0.19010416875 0.499790734375 0.20208333333333334 0.500227865625 0.20208333333333334 0.5068359375 0.1970486125 0.5205078125 0.20052083541666665
1 0.5556640625 0.1734375 0.5400390625 0.16996527916666665 0.5302734375 0.17690972291666668 0.525390625 0.18559027916666665 0.5234375 0.20295138958333334 0.5322265625 0.2116319458333333 0.541015625 0.23072916666666668 0.5428100578125 0.25625 0.55418526875 0.25625 0.568359375 0.23420138958333334 0.5703125 0.2272569458333333 0.5703125 0.20295138958333334 0.564453125 0.18559027916666665 0.5556640625 0.1734375
1 0.7685546875 0.32256944375 0.7587890625 0.315625 0.7392578125 0.315625 0.7275390625 0.3260416666666667 0.7109375 0.3625 0.7109375 0.3868055541666667 0.709375 0.38958333333333334 0.709375 0.3951388875 0.7109375 0.41458333333333336 0.71875 0.4388888875 0.7373046875 0.4649305541666667 0.7402343765625 0.4666666666666667 0.763671875 0.4666666666666667 0.7724609375 0.46145833333333336 0.787109375 0.4354166666666667 0.790625 0.41979166458333333 0.790625 0.37499999791666666 0.78125 0.3416666666666667 0.7685546875 0.32256944375
1 0.377734375 0.19444444375 0.3640625 0.19444444375 0.3572265625 0.203125 0.3513671875 0.22048611041666666 0.3513671875 0.24479166666666666 0.35625 0.25347222291666666 0.3572265625 0.25173611041666666 0.3591796875 0.23784722291666668 0.36796875 0.21875 0.377734375 0.21180555625 0.3875 0.21022727291666668 0.3875 0.2076388875 0.38359375 0.19791666666666666 0.377734375 0.19444444375
1 0.329296875 0.20104166874999999 0.3185546875 0.21666666874999999 0.3146484375 0.23055555625000002 0.3146484375 0.24791666874999999 0.3234375 0.26701388958333333 0.3253906234375 0.26875 0.3380859375 0.26875 0.34296875 0.26701388958333333 0.3515625 0.24834105208333332 0.3515625 0.21638257708333333 0.341015625 0.20104166874999999 0.329296875 0.20104166874999999
1 0.3234375 0.19965277708333332 0.3244140625 0.20486111041666666 0.3400390625 0.20138888958333334 0.34931640625 0.21458333333333332 0.3509765625 0.21458333333333332 0.352734375 0.21354166666666666 0.3546875 0.21006944375 0.3546875 0.19618055625 0.3444227421875 0.18125 0.3333984375 0.18125 0.3302734375 0.18402777708333332 0.3234375 0.19965277708333332
1 0.3548828125 0.19618055625 0.3548828125 0.19965277708333332 0.357421875 0.20416666666666666 0.358203125 0.20416666666666666 0.3587890625 0.203125 0.375390625 0.17708333333333334 0.379296875 0.17708333333333334 0.3796875 0.175 0.3796875 0.17179487083333334 0.372656246875 0.17083333333333334 0.366796875 0.17083333333333334 0.363671875 0.17361111041666666 0.3548828125 0.19618055625
0 0.39921875 0.17777777708333334 0.3953125 0.17430555416666668 0.3796875 0.17430555416666668 0.3728515625 0.18298611041666665 0.3708984375 0.18993055416666668 0.373828125 0.19513888750000002 0.381640625 0.19861111041666665 0.3983398453125 0.225 0.40312499687500003 0.225 0.4041015625 0.22465277708333334 0.40625 0.21319444375 0.40625 0.19600694375 0.4041015625 0.18645833333333334 0.39921875 0.17777777708333334
0 0.37734375 0.21145833541666667 0.371484375 0.21840277916666664 0.367578125 0.21840277916666664 0.3568359375 0.24444444583333333 0.3568359375 0.26875 0.3607421875 0.28263888958333333 0.371484375 0.29826388958333333 0.3744140609375 0.3 0.3822265625 0.3 0.3880859375 0.29652777916666667 0.3861328125 0.28958333333333336 0.3880859375 0.2548611125 0.4015625 0.23090277916666666 0.4015625 0.23026175208333333 0.3890625 0.21145833541666667 0.37734375 0.21145833541666667
0 0.471484375 0.19062500208333333 0.465625 0.19409722291666667 0.4529296875 0.22013888958333333 0.4529296875 0.24791666874999999 0.4568359375 0.26180555625 0.463671875 0.27395833333333336 0.4695312484375 0.2791666666666667 0.4861328125 0.2791666666666667 0.4880859375 0.27222222291666665 0.4822265625 0.24791666874999999 0.4880859375 0.21666666874999999 0.496875 0.2079861125 0.496875 0.20167298125000002 0.487109375 0.19062500208333333 0.471484375 0.19062500208333333
0 0.5298828125 0.20815972291666668 0.5220703125 0.20121527916666665 0.5025390625 0.20121527916666665 0.487890625 0.2203125 0.483984375 0.24114583333333334 0.483984375 0.26197916666666665 0.487890625 0.27586805625 0.4966796875 0.29149305625 0.50390625 0.29791666666666666 0.5207356812499999 0.29791666666666666 0.5279296875 0.2949652791666667 0.53671875 0.2793402791666667 0.5421875 0.25989583541666667 0.5421875 0.2428819458333333 0.538671875 0.2272569458333333 0.5298828125 0.20815972291666668
0 0.3853515625 0.44166666666666665 0.3716796875 0.42777777708333337 0.3658203125 0.42777777708333337 0.3638671875 0.42430555416666665 0.3423828125 0.42430555416666665 0.3267578125 0.43819444375 0.31015625 0.47118055416666665 0.30625 0.5024305541666666 0.304296875 0.5059027770833333 0.304296875 0.5267361104166667 0.312109375 0.5614583333333333 0.3267578125 0.5875 0.3365234375 0.5979166666666667 0.3462890625 0.5979166666666667 0.3474609375 0.6 0.35839843125000004 0.6 0.3609375 0.5996527770833333 0.3697265625 0.5979166666666667 0.3814453125 0.5875 0.394140625 0.5649305541666667 0.4015625 0.53194444375 0.4015625 0.4869212958333333 0.39609375 0.4642361104166667 0.3853515625 0.44166666666666665
0 0.2978515625 0.46909722291666667 0.3046875 0.4569444458333333 0.310546875 0.42916666666666664 0.310546875 0.3944444458333333 0.30859375 0.39097222291666667 0.30859375 0.38055555625 0.2978515625 0.3614583333333333 0.2841796875 0.35104166666666664 0.2705078125 0.35104166666666664 0.2587890625 0.3614583333333333 0.25 0.3770833333333333 0.244140625 0.4013888895833333 0.244140625 0.42916666666666664 0.248046875 0.45 0.2587890625 0.46909722291666667 0.27200520781250004 0.4791666666666667 0.27500000625 0.4791666666666667 0.28515625 0.4777777791666667 0.2978515625 0.46909722291666667
0 0.3056640625 0.2982638875 0.2958984375 0.29131944375 0.2861328125 0.29131944375 0.2744140625 0.3017361104166667 0.263671875 0.32777777708333333 0.2625 0.34236111041666667 0.2625 0.3520229458333333 0.2841796875 0.3503472208333333 0.2978515625 0.3607638875 0.30703125 0.3770833333333333 0.3093749984375 0.3770833333333333 0.310546875 0.3763888875 0.315625 0.36134259166666666 0.315625 0.32152777708333335 0.3125 0.3104166666666667 0.3056640625 0.2982638875
0 0.2505859375 0.24687499791666667 0.2408203125 0.24687499791666667 0.228125 0.26597222083333333 0.226171875 0.29027777708333335 0.2330078125 0.309375 0.2365234390625 0.3125 0.239453115625 0.3125 0.249609375 0.31111111041666667 0.259375 0.29375 0.2609375 0.27708333333333335 0.2609375 0.27162698333333335 0.2544921875 0.25034722083333333 0.2505859375 0.24687499791666667
0 0.2052734375 0.34930555625 0.2091796875 0.33541666666666664 0.2091796875 0.3145833333333333 0.204296875 0.2989583333333333 0.192578125 0.2920138895833333 0.180859375 0.30243055625 0.1759765625 0.3145833333333333 0.1759765625 0.3458333333333333 0.1779296875 0.3527777791666667 0.18394531249999999 0.36041666666666666 0.19238281562499998 0.36041666666666666 0.1974609375 0.35972222291666667 0.2052734375 0.34930555625
0 0.303515625 0.20104166874999999 0.2927734375 0.2236111125 0.2947265625 0.25138888958333333 0.30276227499999997 0.2625 0.30878906875 0.2625 0.3123046875 0.26180555625 0.3162109375 0.25833333541666664 0.3142578125 0.23055555625000002 0.3203125 0.21171875208333332 0.3203125 0.20451389166666667 0.31328125 0.19756944583333333 0.303515625 0.20104166874999999
0 0.141796875 0.3543402770833334 0.130078125 0.35086805416666667 0.1193359375 0.36649305416666667 0.1173828125 0.38038194375 0.128125 0.3855902770833334 0.1349609375 0.4012152770833334 0.1369140625 0.4185763875 0.1408203125 0.4185763875 0.1486328125 0.4012152770833334 0.1486328125 0.3907986104166667 0.15 0.38836805416666664 0.15 0.38211805416666667 0.1486328125 0.3699652770833334 0.141796875 0.3543402770833334
0 0.1294921875 0.3854166666666667 0.1158203125 0.38194444375000003 0.1119140625 0.3854166666666667 0.101171875 0.4079861104166667 0.101171875 0.4392361104166667 0.1060546875 0.4548611104166667 0.1138671875 0.46180555624999997 0.12265625 0.46006944375000003 0.134375 0.4427083333333333 0.1359375 0.41770833333333335 0.1359375 0.409375 0.132421875 0.390625 0.1294921875 0.3854166666666667
0 0.0943359375 0.38819444583333335 0.085546875 0.40381944583333335 0.08359375 0.41423611250000003 0.08359375 0.4420138895833333 0.0904296875 0.4576388895833333 0.0935546859375 0.46041666666666664 0.097070315625 0.46041666666666664 0.101171875 0.459375 0.105078125 0.45590277916666666 0.105078125 0.44895833333333335 0.101171875 0.43854166666666666 0.101171875 0.40729166666666666 0.10625 0.39525463125000004 0.10625 0.39201388958333333 0.1041015625 0.38819444583333335 0.0943359375 0.38819444583333335
0 0.620703125 0.25173611041666666 0.61875 0.27256944375000003 0.616796875 0.2760416666666667 0.61875 0.296875 0.62265625 0.3107638895833333 0.6353515625 0.3333333333333333 0.6441406265625 0.33958333333333335 0.650976559375 0.33958333333333335 0.659765625 0.3385416666666667 0.6705078125 0.3298611104166667 0.679296875 0.3107638895833333 0.6828125 0.2951388875 0.6828125 0.27094907291666664 0.67734375 0.24826388958333334 0.6666015625 0.22916666666666666 0.6578124984375 0.22291666666666668 0.6384765625 0.22291666666666668 0.6314453125 0.22916666666666666 0.620703125 0.25173611041666666