0 0.4384765625 0.22916666666666666 0.421875 0.2552083333333333 0.41796875 0.2760416666666667 0.419921875 0.30034722291666666 0.423828125 0.3142361104166667 0.4345703125 0.3298611104166667 0.4404296875 0.3298611104166667 0.4423828125 0.3333333333333333 0.458984375 0.33159722291666666 0.4638671875 0.3298611104166667 0.4765625 0.30381944375000003 0.48046875 0.2829861104166667 0.478515625 0.25868055625 0.4677734375 0.23611111041666666 0.4599609375 0.22916666666666666 0.4521484375 0.22916666666666666 0.4501953125 0.22569444375 0.4482421875 0.22916666666666666 0.4384765625 0.22916666666666666
0 0.52734375 0.26909722291666666 0.53125 0.2795138895833333 0.53125 0.2864583333333333 0.5478515625 0.3125 0.572265625 0.3107638895833333 0.58203125 0.296875 0.58984375 0.27256944375000003 0.58984375 0.24826388958333334 0.587890625 0.23784722291666668 0.5771484375 0.21527777708333332 0.5654296875 0.20486111041666666 0.5439453125 0.20833333333333334 0.53125 0.234375 0.52734375 0.25173611041666666 0.52734375 0.26909722291666666
0 0.296875 0.3177083333333333 0.291015625 0.3385416666666667 0.291015625 0.3489583333333333 0.30078125 0.3732638895833333 0.302734375 0.39409722291666666 0.3056640625 0.39930555624999997 0.3115234375 0.40625 0.33203125 0.4045138895833333 0.3388671875 0.39930555624999997 0.34765625 0.3802083333333333 0.3515625 0.36284722291666666 0.3515625 0.33506944375000003 0.345703125 0.3142361104166667 0.3388671875 0.3020833333333333 0.3310546875 0.2951388895833333 0.3154296875 0.2951388895833333 0.3037109375 0.30555555624999997 0.296875 0.3177083333333333
0 0.25 0.33159722291666666 0.244140625 0.35243055624999997 0.244140625 0.36631944375000003 0.24609375 0.36631944375000003 0.2529296875 0.35069444375000003 0.2626953125 0.34375 0.2802734375 0.34375 0.2861328125 0.35069444375000003 0.2900390625 0.35069444375000003 0.29296875 0.328125 0.2802734375 0.3125 0.2646484375 0.3125 0.2568359375 0.31944444375000003 0.25 0.33159722291666666
0 0.2626953125 0.34375 0.2529296875 0.35069444375000003 0.24609375 0.36284722291666666 0.240234375 0.38368055624999997 0.23828125 0.41840277708333334 0.244140625 0.4427083333333333 0.2509765625 0.4548611104166667 0.2646484375 0.46527777708333334 0.27734375 0.4635416666666667 0.2861328125 0.4583333333333333 0.296875 0.4392361104166667 0.30078125 0.42534722291666666 0.30078125 0.4079861104166667 0.302734375 0.4045138895833333 0.30078125 0.3767361104166667 0.296875 0.36284722291666666 0.2861328125 0.34722222291666666 0.2802734375 0.34375 0.2626953125 0.34375
0 0.3515625 0.25868055625 0.3603515625 0.28125 0.3681640625 0.28819444375000003 0.3828125 0.2864583333333333 0.3896484375 0.28125 0.396484375 0.265625 0.3984375 0.234375 0.3896484375 0.21180555625 0.3857421875 0.20833333333333334 0.3759765625 0.20833333333333334 0.3740234375 0.20486111041666666 0.357421875 0.22048611041666666 0.3515625 0.24131944375 0.3515625 0.25868055625
0 0.3046875 0.21006944375 0.30078125 0.24131944375 0.302734375 0.24479166666666666 0.302734375 0.2552083333333333 0.3095703125 0.2673611104166667 0.3173828125 0.27430555624999997 0.3203125 0.27256944375000003 0.3271484375 0.2708333333333333 0.3359375 0.25868055625 0.33984375 0.24131944375 0.33984375 0.23090277708333332 0.3359375 0.21354166666666666 0.3291015625 0.19791666666666666 0.3251953125 0.19444444375 0.3134765625 0.19444444375 0.3076171875 0.20138888958333334 0.3046875 0.21006944375
0 0.29296875 0.2760416666666667 0.302734375 0.2552083333333333 0.30078125 0.22395833333333334 0.2939453125 0.21527777708333332 0.2822265625 0.21527777708333332 0.2734375 0.22743055625 0.26953125 0.24131944375 0.26953125 0.2552083333333333 0.2763671875 0.27430555624999997 0.2802734375 0.27777777708333334 0.29296875 0.2760416666666667
1 0.3515625 0.234375 0.357421875 0.22048611041666666 0.365234375 0.21006944375 0.365234375 0.19618055625 0.3564453125 0.17708333333333334 0.3427734375 0.17708333333333334 0.333984375 0.18923611041666666 0.33203125 0.203125 0.3408203125 0.23263888958333334 0.3447265625 0.23611111041666666 0.3515625 0.234375
1 0.4033203125 0.1875 0.416015625 0.18229166666666666 0.4072265625 0.16319444375 0.3935546875 0.16319444375 0.3828125 0.17881944375 0.380859375 0.18576388958333334 0.380859375 0.203125 0.3876953125 0.21180555625 0.392578125 0.21006944375 0.4033203125 0.1875
1 0.392578125 0.21701388958333334 0.3984375 0.234375 0.3984375 0.25173611041666666 0.4091796875 0.26388888958333334 0.41796875 0.26215277708333334 0.4208984375 0.2604166666666667 0.42578125 0.24479166666666666 0.43359375 0.234375 0.43359375 0.20659722291666668 0.431640625 0.19965277708333332 0.4228515625 0.1875 0.4072265625 0.18402777708333332 0.4013671875 0.1875 0.39453125 0.19965277708333332 0.392578125 0.21701388958333334
1 0.4501953125 0.22569444375 0.4521484375 0.22916666666666666 0.4599609375 0.22916666666666666 0.4677734375 0.23611111041666666 0.4755859375 0.25 0.4765625 0.24826388958333334 0.478515625 0.22395833333333334 0.486328125 0.203125 0.4794921875 0.1875 0.4755859375 0.18402777708333332 0.4619140625 0.18402777708333332 0.4560546875 0.1875 0.4453125 0.203125 0.44140625 0.22395833333333334 0.4443359375 0.22916666666666666 0.4501953125 0.22569444375
1 0.478515625 0.25868055625 0.48046875 0.265625 0.4892578125 0.28125 0.4970703125 0.28819444375000003 0.517578125 0.2864583333333333 0.5205078125 0.28472222291666666 0.52734375 0.26909722291666666 0.52734375 0.25173611041666666 0.53125 0.23784722291666668 0.529296875 0.21701388958333334 0.5205078125 0.20138888958333334 0.5048828125 0.19097222291666668 0.4873046875 0.20138888958333334 0.478515625 0.22395833333333334 0.478515625 0.25868055625
1 0.5205078125 0.20138888958333334 0.529296875 0.21701388958333334 0.53125 0.22743055625 0.53515625 0.22743055625 0.5390625 0.21006944375 0.537109375 0.20659722291666668 0.537109375 0.19618055625 0.5263671875 0.17361111041666666 0.5224609375 0.17013888958333334 0.5048828125 0.17013888958333334 0.494140625 0.18576388958333334 0.4951171875 0.19444444375 0.5126953125 0.19444444375 0.5205078125 0.20138888958333334
1 0.59765625 0.22048611041666666 0.59765625 0.24479166666666666 0.599609375 0.2552083333333333 0.6142578125 0.28125 0.6201171875 0.28472222291666666 0.6328125 0.2829861104166667 0.6435546875 0.27430555624999997 0.650390625 0.25868055625 0.65234375 0.24826388958333334 0.65234375 0.22395833333333334 0.650390625 0.21354166666666666 0.6416015625 0.19444444375 0.6298828125 0.18402777708333332 0.6142578125 0.1875 0.6015625 0.20659722291666668 0.59765625 0.22048611041666666
0 0.5595703125 0.20486111041666666 0.5751953125 0.21527777708333332 0.5810546875 0.22222222291666668 0.5849609375 0.23263888958333334 0.587890625 0.23090277708333332 0.591796875 0.21701388958333334 0.58984375 0.19270833333333334 0.5830078125 0.17708333333333334 0.5712890625 0.16666666666666666 0.5556640625 0.17013888958333334 0.5498046875 0.17708333333333334 0.54296875 0.19270833333333334 0.541015625 0.203125 0.5419921875 0.21527777708333332 0.5595703125 0.20486111041666666
1 0.740234375 0.23784722291666668 0.7548828125 0.26388888958333334 0.7607421875 0.2673611104166667 0.76953125 0.265625 0.7724609375 0.26388888958333334 0.783203125 0.24131944375 0.783203125 0.21354166666666666 0.779296875 0.19965277708333332 0.7724609375 0.1875 0.7646484375 0.18055555625 0.7509765625 0.18055555625 0.7421875 0.19270833333333334 0.73828125 0.20659722291666668 0.740234375 0.23784722291666668
1 0.82421875 0.26909722291666666 0.82421875 0.30381944375000003 0.826171875 0.3142361104166667 0.8388671875 0.34027777708333334 0.8427734375 0.34375 0.857421875 0.3420138895833333 0.8642578125 0.33680555624999997 0.869140625 0.32465277708333334 0.873046875 0.3107638895833333 0.873046875 0.2864583333333333 0.869140625 0.26909722291666666 0.8603515625 0.25 0.8525390625 0.24305555625 0.8388671875 0.24305555625 0.8349609375 0.24652777708333332 0.82421875 0.26909722291666666
1 0.9296875 0.3697916666666667 0.9345703125 0.37847222291666666 0.9384765625 0.38194444375000003 0.94921875 0.3802083333333333 0.958984375 0.3697916666666667 0.962890625 0.35243055624999997 0.962890625 0.33159722291666666 0.955078125 0.30034722291666666 0.9443359375 0.28472222291666666 0.9365234375 0.28472222291666666 0.9326171875 0.28819444375000003 0.923828125 0.3072916666666667 0.921875 0.3385416666666667 0.9296875 0.3697916666666667
0 0.4853515625 0.19791666666666666 0.4921875 0.19618055625 0.49609375 0.18229166666666666 0.49609375 0.171875 0.494140625 0.16493055625 0.4873046875 0.15625 0.4755859375 0.14930555625 0.4658203125 0.15625 0.4609375 0.16493055625 0.4619140625 0.17013888958333334 0.4794921875 0.1875 0.4853515625 0.19791666666666666
0 0.4326171875 0.1875 0.435546875 0.18576388958333334 0.4443359375 0.17013888958333334 0.4580078125 0.16666666666666666 0.4609375 0.16145833333333334 0.458984375 0.15104166666666666 0.4521484375 0.13888888958333334 0.4404296875 0.13541666666666666 0.4326171875 0.14236111041666666 0.427734375 0.15451388958333334 0.427734375 0.17881944375 0.4326171875 0.1875