0 0.7158203125 0.3125 0.6982421875 0.2986111104166667 0.6826171875 0.2986111104166667 0.6650390625 0.3125 0.65234375 0.3385416666666667 0.6484375 0.35590277708333334 0.6484375 0.39409722291666666 0.65625 0.42534722291666666 0.6708984375 0.4513888895833333 0.6884765625 0.4583333333333333 0.6904296875 0.46180555624999997 0.705078125 0.46006944375000003 0.7119140625 0.4583333333333333 0.73046875 0.41840277708333334 0.734375 0.39756944375000003 0.734375 0.36631944375000003 0.728515625 0.3385416666666667 0.7158203125 0.3125
0 0.94921875 0.51631944375 0.955078125 0.49895833333333334 0.95703125 0.47465277708333337 0.958984375 0.47118055416666665 0.958984375 0.44340277708333337 0.953125 0.415625 0.9404296875 0.38958333333333334 0.9326171875 0.38263888749999997 0.9169921875 0.38263888749999997 0.9091796875 0.38958333333333334 0.8984375 0.41215277708333337 0.892578125 0.43993055416666665 0.892578125 0.46770833333333334 0.8984375 0.49895833333333334 0.9091796875 0.525 0.9250000015625 0.5375 0.9337890578125 0.5375 0.935546875 0.5371527770833333 0.94921875 0.51631944375
0 0.3791015625 0.29340277708333334 0.3751953125 0.3107638895833333 0.3751953125 0.3454861104166667 0.3810546875 0.36631944375000003 0.38984375 0.38194444375000003 0.4062500015625 0.39166666666666666 0.4148437453125 0.39166666666666666 0.4259765625 0.390625 0.430859375 0.3888888895833333 0.4357421875 0.3802083333333333 0.4455078125 0.3489583333333333 0.446875 0.3416666666666667 0.446875 0.3076388895833333 0.4455078125 0.30034722291666666 0.4328125 0.27430555624999997 0.421875 0.26458333333333334 0.40078125 0.26458333333333334 0.38984375 0.27430555624999997 0.3791015625 0.29340277708333334
0 0.6107421875 0.18055555625 0.5990234375 0.17708333333333334 0.5970703125 0.17361111041666666 0.5853515625 0.17708333333333334 0.5775390625 0.18402777708333332 0.56875 0.19965277708333332 0.566796875 0.21006944375 0.566796875 0.234375 0.57265625 0.2552083333333333 0.5873046875 0.27430555624999997 0.61171875 0.27256944375000003 0.621484375 0.2552083333333333 0.625 0.23958333333333334 0.625 0.21527777916666666 0.621484375 0.19965277708333332 0.6107421875 0.18055555625
0 0.6662109375 0.25208333125 0.6642578125 0.22777777708333333 0.6662109375 0.22430555416666667 0.6681640625 0.20347222083333336 0.676953125 0.19131944374999998 0.6779296875 0.18611111041666667 0.669140625 0.17048611041666667 0.661328125 0.16354166458333333 0.64765625 0.16354166458333333 0.63984375 0.17048611041666667 0.6330078125 0.1826388875 0.6291015625 0.19652777708333333 0.6291015625 0.22083333125000001 0.6330078125 0.23472222083333336 0.64375 0.25729166458333336 0.6472656265625 0.2604166666666667 0.6505859265625 0.2604166666666667 0.6623046875 0.2590277770833333 0.6662109375 0.25208333125
0 0.7025390625 0.18819444375 0.6869140625 0.18472222083333334 0.6751953125 0.19166666666666668 0.6703125 0.20034722083333334 0.664453125 0.22118055416666668 0.664453125 0.24548611041666665 0.668359375 0.26284722083333334 0.6830078125 0.28541666666666665 0.6865234390625 0.2875 0.705273428125 0.2875 0.709375 0.28715277708333337 0.7142578125 0.28194444375 0.721875 0.26539351666666666 0.721875 0.22881944375 0.719140625 0.21423611041666665 0.7025390625 0.18819444375
0 0.5220703125 0.15659722083333336 0.5103515625 0.14618055416666667 0.4947265625 0.14965277708333333 0.483984375 0.17222222083333336 0.48203125 0.1826388875 0.483984375 0.20347222083333336 0.4908203125 0.21909722083333336 0.4974609390625 0.225 0.5097656078125 0.225 0.5171875 0.22430555416666667 0.528125 0.20162036875 0.528125 0.16944444374999998 0.526953125 0.16527777708333333 0.5220703125 0.15659722083333336
0 0.2703125 0.18715277916666664 0.2595703125 0.20277777916666664 0.2576171875 0.2236111125 0.264453125 0.2392361125 0.2671874984375 0.24166666666666667 0.27363281875 0.24166666666666667 0.2771484375 0.24097222291666667 0.2830078125 0.23402777916666664 0.2859375 0.2236111125 0.2859375 0.20034722291666668 0.28203125 0.19062500208333333 0.2703125 0.18715277916666664
0 0.17890625 0.32881944375 0.1828125 0.30451388749999997 0.17890625 0.28715277708333337 0.1759765625 0.28194444375 0.1681640625 0.27847222083333334 0.1623046875 0.28194444375 0.15546875 0.29409722083333334 0.1515625 0.3079861104166667 0.1515625 0.31840277708333337 0.153515625 0.32881944375 0.1595703125 0.33958333333333335 0.1689453078125 0.33958333333333335 0.17109375 0.3392361104166667 0.17890625 0.32881944375
1 0.4671875 0.15625 0.461328125 0.15625 0.459375 0.15277777708333332 0.449609375 0.15625 0.445703125 0.15972222291666668 0.4349609375 0.18229166666666666 0.4349609375 0.21006944375 0.4388671875 0.22048611041666666 0.445703125 0.22916666666666666 0.4515625 0.23263888958333334 0.4662109375 0.23090277708333332 0.469140625 0.22916666666666666 0.4779296875 0.21006944375 0.4796875 0.20069444374999998 0.4796875 0.196875 0.4779296875 0.171875 0.4671875 0.15625
1 0.4580078125 0.11753472291666665 0.4482421875 0.11753472291666665 0.4404296875 0.12447916666666667 0.4359375 0.13885416666666667 0.4359375 0.15954861041666665 0.43727213593750003 0.16666666666666666 0.44052734375 0.16666666666666666 0.4501953125 0.15572916666666667 0.4560546875 0.15572916666666667 0.4580078125 0.15225694374999998 0.4677734375 0.15572916666666667 0.4703125 0.15121527708333332 0.4703125 0.14704861041666667 0.46875 0.13315972291666667 0.4580078125 0.11753472291666665
1 0.4271484375 0.11475694583333333 0.422265625 0.1234375 0.4291015625 0.1251736125 0.4330078125 0.13211805625 0.43642578125 0.13333333333333333 0.43818359375 0.13333333333333333 0.440625 0.12899305625 0.440625 0.11788194583333333 0.4388671875 0.11475694583333333 0.4271484375 0.11475694583333333
1 0.4884765625 0.09652777916666667 0.4796875 0.10868055624999999 0.4962890625 0.11388888958333333 0.503125 0.12604166666666666 0.503125 0.1329861125 0.5056640625 0.1375 0.5072265640625 0.1375 0.508984375 0.13645833333333332 0.5109375 0.1329861125 0.5109375 0.11909722291666666 0.5001953125 0.09652777916666667 0.4884765625 0.09652777916666667
0 0.4853515625 0.17083333333333334 0.4951171875 0.15 0.505859375 0.14479166666666668 0.505859375 0.134375 0.4970703125 0.11180555416666667 0.4814453125 0.11180555416666667 0.4736328125 0.12222222083333333 0.470703125 0.13090277708333334 0.470703125 0.15173611041666665 0.47265625 0.15868055416666668 0.4806640625 0.17291666666666666 0.4822265625 0.17291666666666666 0.482421875 0.17256944375 0.4853515625 0.17083333333333334
0 0.412890625 0.12795138958333332 0.4060546875 0.14010416666666667 0.4060546875 0.16440972291666667 0.4080078125 0.17135416666666667 0.41484375 0.18003472291666667 0.4209960921875 0.18125 0.42509765625 0.18125 0.428515625 0.18003472291666667 0.434375 0.17259424583333333 0.434375 0.13191964375 0.428515625 0.12447916666666667 0.412890625 0.12795138958333332
0 0.383984375 0.13506944375 0.3791015625 0.14375 0.3771484375 0.16805555416666668 0.38203125 0.18020833333333333 0.387890625 0.18541666666666667 0.3966796875 0.18541666666666667 0.403515625 0.18020833333333333 0.40625 0.17210648125 0.40625 0.14009081041666666 0.39375 0.128125 0.383984375 0.13506944375
1 0.2037109375 0.24652777708333332 0.194921875 0.26215277708333334 0.19296875 0.2829861104166667 0.194921875 0.29340277708333334 0.1998046875 0.3020833333333333 0.2037109375 0.30555555624999997 0.214453125 0.30381944375000003 0.2173828125 0.3020833333333333 0.222265625 0.28993055624999997 0.2234375 0.27534722291666663 0.2234375 0.2634424604166667 0.2173828125 0.24652777708333332 0.2037109375 0.24652777708333332