0 0.8857421875 0.41319444375000003 0.87890625 0.42534722291666666 0.87890625 0.4322916666666667 0.8916015625 0.4479166666666667 0.900390625 0.4670138895833333 0.900390625 0.4739583333333333 0.904296875 0.484375 0.904296875 0.4982638895833333 0.90625 0.5017361104166667 0.904296875 0.5642361104166667 0.91015625 0.5642361104166667 0.9248046875 0.5555555562500001 0.93359375 0.5399305562500001 0.94140625 0.50868055625 0.943359375 0.4704861104166667 0.94140625 0.4670138895833333 0.939453125 0.44618055624999997 0.9287109375 0.4166666666666667 0.9169921875 0.40277777708333334 0.8994140625 0.39930555624999997 0.8857421875 0.41319444375000003
0 0.8583984375 0.4270833333333333 0.8388671875 0.44097222291666666 0.828125 0.46006944375000003 0.82421875 0.4739583333333333 0.82421875 0.484375 0.8310546875 0.49305555624999997 0.8427734375 0.5 0.859375 0.5260416666666666 0.87109375 0.5746527770833333 0.87109375 0.609375 0.876953125 0.609375 0.8818359375 0.6076388895833333 0.8916015625 0.59375 0.904296875 0.5607638895833333 0.904296875 0.5503472229166667 0.90625 0.546875 0.90625 0.4982638895833333 0.8984375 0.4635416666666667 0.8876953125 0.44097222291666666 0.8759765625 0.43055555624999997 0.8583984375 0.4270833333333333
0 0.8330078125 0.49305555624999997 0.8115234375 0.4895833333333333 0.7939453125 0.5 0.7861328125 0.5104166666666666 0.771484375 0.5399305562500001 0.76953125 0.5503472229166667 0.765625 0.5572916666666666 0.763671875 0.578125 0.76171875 0.5815972229166667 0.76171875 0.6302083333333334 0.771484375 0.671875 0.7822265625 0.6909722229166667 0.8017578125 0.7048611104166667 0.826171875 0.703125 0.8330078125 0.7013888895833333 0.8486328125 0.6840277770833333 0.86328125 0.6510416666666666 0.87109375 0.609375 0.87109375 0.5815972229166667 0.869140625 0.578125 0.8671875 0.5538194437499999 0.861328125 0.5329861104166667 0.8525390625 0.5138888895833333 0.8330078125 0.49305555624999997
0 0.78515625 0.38368055624999997 0.7900390625 0.3923611104166667 0.7978515625 0.3958333333333333 0.8125 0.421875 0.818359375 0.4427083333333333 0.8203125 0.4635416666666667 0.8232421875 0.46875 0.82421875 0.4670138895833333 0.8408203125 0.4375 0.8603515625 0.4270833333333333 0.861328125 0.4045138895833333 0.85546875 0.3767361104166667 0.8427734375 0.35069444375000003 0.8310546875 0.34027777708333334 0.8154296875 0.33680555624999997 0.7978515625 0.35069444375000003 0.7890625 0.36631944375000003 0.78515625 0.38368055624999997
0 0.7626953125 0.3125 0.7568359375 0.30902777708333334 0.7529296875 0.3020833333333333 0.7451171875 0.3020833333333333 0.7431640625 0.2986111104166667 0.7236328125 0.3020833333333333 0.7177734375 0.3125 0.7119140625 0.31597222291666666 0.701171875 0.3420138895833333 0.701171875 0.35243055624999997 0.7099609375 0.3611111104166667 0.71875 0.3767361104166667 0.7265625 0.4114583333333333 0.7265625 0.421875 0.728515625 0.42881944375000003 0.73046875 0.42881944375000003 0.7490234375 0.39930555624999997 0.7607421875 0.3888888895833333 0.7705078125 0.3888888895833333 0.7724609375 0.3854166666666667 0.7783203125 0.3888888895833333 0.783203125 0.38368055624999997 0.783203125 0.36631944375000003 0.77734375 0.3454861104166667 0.77734375 0.3385416666666667 0.7626953125 0.3125
0 0.8095703125 0.25 0.7939453125 0.25 0.7861328125 0.25694444375 0.775390625 0.2760416666666667 0.771484375 0.28993055624999997 0.76953125 0.3177083333333333 0.775390625 0.33159722291666666 0.783203125 0.359375 0.783203125 0.36631944375000003 0.7890625 0.36631944375000003 0.7998046875 0.34722222291666666 0.8076171875 0.34027777708333334 0.8232421875 0.33680555624999997 0.8349609375 0.34375 0.837890625 0.3385416666666667 0.837890625 0.30381944375000003 0.833984375 0.29340277708333334 0.833984375 0.2864583333333333 0.8232421875 0.26388888958333334 0.8095703125 0.25
0 0.7265625 0.27256944375000003 0.7314453125 0.2986111104166667 0.7451171875 0.2986111104166667 0.7470703125 0.3020833333333333 0.7529296875 0.3020833333333333 0.7626953125 0.3125 0.765625 0.3107638895833333 0.7734375 0.2829861104166667 0.7734375 0.265625 0.76953125 0.24826388958333334 0.7587890625 0.22569444375 0.7431640625 0.21180555625 0.7333984375 0.21180555625 0.7177734375 0.22222222291666668 0.708984375 0.23784722291666668 0.708984375 0.24479166666666666 0.7265625 0.27256944375000003
0 0.7099609375 0.18055555625 0.69921875 0.203125 0.69921875 0.23784722291666668 0.7041015625 0.24305555625 0.708984375 0.24131944375 0.7177734375 0.22222222291666668 0.7255859375 0.21527777708333332 0.7431640625 0.21180555625 0.7568359375 0.22222222291666668 0.7578125 0.21006944375 0.75390625 0.19618055625 0.7412109375 0.17708333333333334 0.7353515625 0.17361111041666666 0.7177734375 0.17361111041666666 0.7099609375 0.18055555625
0 0.677734375 0.16840277708333332 0.6806640625 0.17708333333333334 0.6884765625 0.18402777708333332 0.693359375 0.19618055625 0.6982421875 0.20486111041666666 0.69921875 0.203125 0.7119140625 0.17708333333333334 0.7158203125 0.17361111041666666 0.7255859375 0.17361111041666666 0.728515625 0.16840277708333332 0.7197265625 0.14930555625 0.7080078125 0.13888888958333334 0.6962890625 0.13888888958333334 0.6865234375 0.14583333333333334 0.6796875 0.15798611041666666 0.677734375 0.16840277708333332
1 0.638671875 0.38368055624999997 0.6328125 0.4045138895833333 0.630859375 0.44965277708333334 0.640625 0.484375 0.6611328125 0.5173611104166667 0.6708984375 0.52430555625 0.69140625 0.52256944375 0.7060546875 0.5104166666666666 0.720703125 0.48090277708333334 0.7265625 0.46006944375000003 0.7265625 0.4114583333333333 0.716796875 0.3732638895833333 0.7001953125 0.35069444375000003 0.6884765625 0.34375 0.6689453125 0.34375 0.6494140625 0.3611111104166667 0.638671875 0.38368055624999997
1 0.66015625 0.26909722291666666 0.65625 0.2864583333333333 0.65625 0.328125 0.6630859375 0.34722222291666666 0.6748046875 0.34027777708333334 0.6826171875 0.34027777708333334 0.6943359375 0.34722222291666666 0.701171875 0.3454861104166667 0.70703125 0.32465277708333334 0.7236328125 0.3020833333333333 0.7294921875 0.2986111104166667 0.73046875 0.28993055624999997 0.7265625 0.27256944375000003 0.7138671875 0.25 0.6982421875 0.23958333333333334 0.6826171875 0.23958333333333334 0.6708984375 0.25 0.66015625 0.26909722291666666
1 0.767578125 0.24131944375 0.7734375 0.26215277708333334 0.7734375 0.27256944375000003 0.77734375 0.27256944375000003 0.7880859375 0.25347222291666666 0.7939453125 0.25 0.814453125 0.25173611041666666 0.810546875 0.23090277708333332 0.7998046875 0.21180555625 0.7919921875 0.20486111041666666 0.7744140625 0.20486111041666666 0.76171875 0.22048611041666666 0.76171875 0.23090277708333332 0.767578125 0.24131944375
1 0.744140625 0.17534722291666668 0.755859375 0.19965277708333332 0.7578125 0.21354166666666666 0.759765625 0.22048611041666666 0.76171875 0.22048611041666666 0.7744140625 0.20486111041666666 0.7880859375 0.20486111041666666 0.791015625 0.19965277708333332 0.78515625 0.17881944375 0.7822265625 0.17708333333333334 0.7783203125 0.16666666666666666 0.7685546875 0.15972222291666668 0.7509765625 0.16319444375 0.7470703125 0.16666666666666666 0.744140625 0.17534722291666668
1 0.7314453125 0.11458333333333333 0.7197265625 0.10763888958333333 0.71875 0.11631944375 0.72265625 0.13715277708333332 0.7265625 0.13715277708333332 0.7353515625 0.13194444375 0.736328125 0.12326388958333333 0.7314453125 0.11458333333333333
1 0.7373046875 0.17361111041666666 0.7392578125 0.17708333333333334 0.744140625 0.17534722291666668 0.7470703125 0.16666666666666666 0.7548828125 0.15972222291666668 0.7626953125 0.15972222291666668 0.763671875 0.15451388958333334 0.7509765625 0.13194444375 0.7314453125 0.13194444375 0.72265625 0.140625 0.720703125 0.15104166666666666 0.7314453125 0.17361111041666666 0.7373046875 0.17361111041666666
1 0.5830078125 0.22569444375 0.5712890625 0.23611111041666666 0.5546875 0.26215277708333334 0.55078125 0.2795138895833333 0.55078125 0.30381944375000003 0.5546875 0.32118055624999997 0.5634765625 0.33680555624999997 0.568359375 0.33506944375000003 0.572265625 0.3177083333333333 0.5849609375 0.2951388895833333 0.5966796875 0.28472222291666666 0.6142578125 0.28125 0.6259765625 0.28819444375000003 0.62890625 0.2829861104166667 0.625 0.26215277708333334 0.6142578125 0.23958333333333334 0.6025390625 0.22916666666666666 0.5830078125 0.22569444375
1 0.6103515625 0.17013888958333334 0.619140625 0.16840277708333332 0.623046875 0.15451388958333334 0.623046875 0.13020833333333334 0.6123046875 0.10763888958333333 0.6005859375 0.09722222291666666 0.5947265625 0.09722222291666666 0.5849609375 0.10416666666666667 0.578125 0.11631944375 0.5966796875 0.12847222291666666 0.603515625 0.140625 0.6103515625 0.17013888958333334
1 0.6171875 0.109375 0.62109375 0.12326388958333333 0.6240234375 0.12847222291666666 0.625 0.1267361104166667 0.6337890625 0.11111111041666667 0.6416015625 0.10416666666666667 0.6552734375 0.10416666666666667 0.65625 0.09548611041666667 0.654296875 0.08854166666666667 0.6455078125 0.07638888958333333 0.6318359375 0.07638888958333333 0.6259765625 0.07986111041666667 0.6171875 0.09548611041666667 0.6171875 0.109375
1 0.6357421875 0.06597222291666667 0.6455078125 0.0625 0.646484375 0.05381944375 0.6376953125 0.045138889583333335 0.6240234375 0.052083333333333336 0.619140625 0.060763889583333335 0.6171875 0.07118055625 0.6171875 0.08506944375 0.623046875 0.08506944375 0.6357421875 0.06597222291666667
1 0.615234375 0.07118055625 0.6171875 0.06423611041666667 0.626953125 0.05034722291666667 0.626953125 0.04340277708333333 0.6240234375 0.03819444375 0.6083984375 0.03819444375 0.603515625 0.046875 0.603515625 0.05034722291666667 0.609375 0.057291666666666664 0.611328125 0.07118055625 0.615234375 0.07118055625
1 0.501953125 0.10590277708333334 0.5048828125 0.10416666666666667 0.51171875 0.08854166666666667 0.51171875 0.06770833333333333 0.5029296875 0.052083333333333336 0.4892578125 0.052083333333333336 0.4814453125 0.05902777708333333 0.4765625 0.07465277708333334 0.478515625 0.09201388958333333 0.4892578125 0.10763888958333333 0.501953125 0.10590277708333334
0 0.5869140625 0.07986111041666667 0.6005859375 0.07986111041666667 0.6064453125 0.08680555625 0.611328125 0.08506944375 0.61328125 0.078125 0.611328125 0.060763889583333335 0.5986328125 0.045138889583333335 0.5869140625 0.045138889583333335 0.5830078125 0.048611110416666665 0.576171875 0.060763889583333335 0.57421875 0.07118055625 0.5771484375 0.08680555625 0.5810546875 0.08680555625 0.5869140625 0.07986111041666667
0 0.66796875 0.05381944375 0.6630859375 0.041666666666666664 0.6533203125 0.03819444375 0.6513671875 0.045138889583333335 0.6474609375 0.041666666666666664 0.64453125 0.046875 0.6513671875 0.0625 0.6552734375 0.06597222291666667 0.66015625 0.06423611041666667 0.66796875 0.05381944375
0 0.6728515625 0.07638888958333333 0.681640625 0.06770833333333333 0.681640625 0.06423611041666667 0.6748046875 0.05555555625 0.6650390625 0.05555555625 0.658203125 0.06423611041666667 0.6640625 0.07465277708333334 0.666015625 0.08506944375 0.669921875 0.08506944375 0.6728515625 0.07638888958333333
0 0.6337890625 0.07638888958333333 0.6435546875 0.07638888958333333 0.6474609375 0.07986111041666667 0.6533203125 0.08680555625 0.6572265625 0.09722222291666666 0.662109375 0.09548611041666667 0.6650390625 0.09375 0.66796875 0.08506944375 0.666015625 0.078125 0.6552734375 0.0625 0.6494140625 0.0625 0.6474609375 0.05902777708333333 0.6455078125 0.0625 0.6396484375 0.0625 0.6328125 0.07118055625 0.6337890625 0.07638888958333333
0 0.5634765625 0.12847222291666666 0.5546875 0.14409722291666668 0.552734375 0.15451388958333334 0.5546875 0.18576388958333334 0.5615234375 0.19791666666666666 0.5654296875 0.20138888958333334 0.5703125 0.19965277708333332 0.5830078125 0.17361111041666666 0.5947265625 0.16666666666666666 0.607421875 0.16493055625 0.607421875 0.15451388958333334 0.603515625 0.140625 0.5888671875 0.12152777708333334 0.5830078125 0.12152777708333334 0.5810546875 0.11805555625 0.5712890625 0.12152777708333334 0.5634765625 0.12847222291666666
0 0.57421875 0.18923611041666666 0.5703125 0.19965277708333332 0.5703125 0.20659722291666668 0.5771484375 0.22569444375 0.5966796875 0.22569444375 0.6083984375 0.23263888958333334 0.6123046875 0.23611111041666666 0.6259765625 0.26388888958333334 0.62890625 0.26215277708333334 0.634765625 0.24826388958333334 0.63671875 0.22743055625 0.634765625 0.22395833333333334 0.634765625 0.20659722291666668 0.6328125 0.19965277708333332 0.6220703125 0.17708333333333334 0.6083984375 0.16666666666666666 0.5947265625 0.16666666666666666 0.5810546875 0.17708333333333334 0.57421875 0.18923611041666666
0 0.515625 0.21701388958333334 0.509765625 0.24131944375 0.509765625 0.25868055625 0.515625 0.2864583333333333 0.5263671875 0.30555555624999997 0.5380859375 0.31597222291666666 0.55078125 0.3142361104166667 0.55078125 0.2795138895833333 0.552734375 0.26909722291666666 0.556640625 0.2552083333333333 0.5673828125 0.24305555625 0.576171875 0.22395833333333334 0.57421875 0.21701388958333334 0.5595703125 0.19444444375 0.5380859375 0.19097222291666668 0.5244140625 0.20138888958333334 0.515625 0.21701388958333334