0 0.955078125 0.32465277708333334 0.9638671875 0.33680555624999997 0.97265625 0.33506944375000003 0.9755859375 0.3333333333333333 0.984375 0.3142361104166667 0.984375 0.2829861104166667 0.978515625 0.25868055625 0.9716796875 0.24652777708333332 0.9599609375 0.24305555625 0.9541015625 0.24652777708333332 0.94921875 0.25868055625 0.947265625 0.28993055624999997 0.955078125 0.32465277708333334
0 0.4267578125 0.19791666666666666 0.4169921875 0.20833333333333334 0.40625 0.23090277708333332 0.40234375 0.24826388958333334 0.40234375 0.2760416666666667 0.40625 0.29340277708333334 0.4228515625 0.31944444375000003 0.4345703125 0.3229166666666667 0.4365234375 0.3263888895833333 0.447265625 0.32465277708333334 0.4619140625 0.31597222291666666 0.47265625 0.29340277708333334 0.478515625 0.26909722291666666 0.478515625 0.25173611041666666 0.47265625 0.22395833333333334 0.4658203125 0.20833333333333334 0.4560546875 0.19791666666666666 0.4345703125 0.19444444375 0.4326171875 0.19791666666666666 0.4267578125 0.19791666666666666
0 0.4189453125 0.17708333333333334 0.4248046875 0.18402777708333332 0.4287109375 0.19444444375 0.44921875 0.19270833333333334 0.453125 0.171875 0.4609375 0.15451388958333334 0.4482421875 0.13541666666666666 0.4423828125 0.13194444375 0.4248046875 0.13541666666666666 0.4169921875 0.14236111041666666 0.408203125 0.15798611041666666 0.40625 0.16840277708333332 0.4091796875 0.17361111041666666 0.4189453125 0.17708333333333334
0 0.4501953125 0.13888888958333334 0.453125 0.13715277708333332 0.45703125 0.12326388958333333 0.466796875 0.11284722291666666 0.466796875 0.10590277708333334 0.4580078125 0.09375 0.4443359375 0.09375 0.4384765625 0.09722222291666666 0.423828125 0.11979166666666667 0.4248046875 0.13541666666666666 0.4423828125 0.13194444375 0.4501953125 0.13888888958333334
0 0.4423828125 0.09375 0.4658203125 0.09722222291666666 0.466796875 0.08854166666666667 0.4599609375 0.07638888958333333 0.4423828125 0.07291666666666667 0.4306640625 0.08333333333333333 0.423828125 0.09895833333333333 0.423828125 0.109375 0.4296875 0.109375 0.4423828125 0.09375
0 0.505859375 0.1267361104166667 0.501953125 0.14756944375 0.51171875 0.16493055625 0.515625 0.18576388958333334 0.515625 0.19965277708333332 0.5224609375 0.21180555625 0.5390625 0.21006944375 0.556640625 0.19270833333333334 0.5625 0.171875 0.5625 0.14756944375 0.560546875 0.13715277708333332 0.556640625 0.1267361104166667 0.5458984375 0.11111111041666667 0.5400390625 0.10763888958333333 0.5224609375 0.10763888958333333 0.5166015625 0.11111111041666667 0.505859375 0.1267361104166667
0 0.5048828125 0.09375 0.501953125 0.10243055625 0.501953125 0.11284722291666666 0.5068359375 0.12152777708333334 0.509765625 0.11979166666666667 0.5224609375 0.10763888958333333 0.5400390625 0.10763888958333333 0.5458984375 0.11458333333333333 0.5498046875 0.11458333333333333 0.55078125 0.10590277708333334 0.548828125 0.09895833333333333 0.5380859375 0.08333333333333333 0.5322265625 0.07986111041666667 0.5185546875 0.07986111041666667 0.5048828125 0.09375
0 0.3603515625 0.15972222291666668 0.3447265625 0.17013888958333334 0.3359375 0.18576388958333334 0.33203125 0.203125 0.33203125 0.23090277708333332 0.333984375 0.24131944375 0.3427734375 0.25694444375 0.3505859375 0.26388888958333334 0.359375 0.265625 0.37109375 0.26215277708333334 0.37109375 0.25173611041666666 0.369140625 0.24826388958333334 0.369140625 0.21701388958333334 0.373046875 0.203125 0.3828125 0.18576388958333334 0.3828125 0.17534722291666668 0.3740234375 0.16319444375 0.3681640625 0.15972222291666668 0.3603515625 0.15972222291666668
0 0.34765625 0.16840277708333332 0.3583984375 0.15972222291666668 0.3759765625 0.16319444375 0.380859375 0.13715277708333332 0.3759765625 0.12847222291666666 0.3701171875 0.125 0.3623046875 0.125 0.3525390625 0.13194444375 0.33984375 0.15798611041666666 0.3408203125 0.17013888958333334 0.34765625 0.16840277708333332
1 0.3115234375 0.17013888958333334 0.3046875 0.18229166666666666 0.298828125 0.203125 0.298828125 0.22743055625 0.302734375 0.24131944375 0.3115234375 0.25347222291666666 0.326171875 0.2552083333333333 0.3330078125 0.25347222291666666 0.3359375 0.24826388958333334 0.33203125 0.234375 0.33203125 0.203125 0.3359375 0.18576388958333334 0.33984375 0.17881944375 0.33984375 0.16840277708333332 0.3369140625 0.16319444375 0.3193359375 0.16319444375 0.3115234375 0.17013888958333334
1 0.369140625 0.22048611041666666 0.369140625 0.24479166666666666 0.373046875 0.26215277708333334 0.3876953125 0.28472222291666666 0.40234375 0.2829861104166667 0.40234375 0.24826388958333334 0.40625 0.23090277708333332 0.4189453125 0.20486111041666666 0.427734375 0.19618055625 0.4208984375 0.18055555625 0.4111328125 0.17361111041666666 0.3955078125 0.17361111041666666 0.3857421875 0.18055555625 0.375 0.19965277708333332 0.369140625 0.22048611041666666
1 0.376953125 0.16145833333333334 0.37890625 0.16840277708333332 0.3857421875 0.18055555625 0.38671875 0.17881944375 0.3955078125 0.17361111041666666 0.4033203125 0.17361111041666666 0.408203125 0.15798611041666666 0.421875 0.13715277708333332 0.421875 0.13020833333333334 0.4150390625 0.12152777708333334 0.3994140625 0.12152777708333334 0.3896484375 0.12847222291666666 0.380859375 0.14409722291666668 0.376953125 0.16145833333333334
1 0.3994140625 0.12152777708333334 0.4228515625 0.125 0.423828125 0.10590277708333334 0.4150390625 0.09722222291666666 0.4013671875 0.09722222291666666 0.3935546875 0.10416666666666667 0.384765625 0.11979166666666667 0.3828125 0.13368055625 0.38671875 0.13368055625 0.3994140625 0.12152777708333334
1 0.4794921875 0.14236111041666666 0.4677734375 0.14583333333333334 0.453125 0.17534722291666668 0.451171875 0.19270833333333334 0.4638671875 0.20486111041666666 0.470703125 0.21701388958333334 0.4765625 0.234375 0.4794921875 0.25347222291666666 0.490234375 0.25173611041666666 0.4990234375 0.24652777708333332 0.51171875 0.22395833333333334 0.515625 0.20659722291666668 0.515625 0.19270833333333334 0.513671875 0.18923611041666666 0.513671875 0.17534722291666668 0.5048828125 0.15277777708333332 0.4951171875 0.14236111041666666 0.4814453125 0.13888888958333334 0.4794921875 0.14236111041666666
1 0.4580078125 0.12152777708333334 0.455078125 0.13020833333333334 0.455078125 0.140625 0.4619140625 0.15277777708333332 0.46484375 0.15104166666666666 0.4814453125 0.13888888958333334 0.4892578125 0.13888888958333334 0.5009765625 0.14583333333333334 0.505859375 0.13020833333333334 0.505859375 0.12326388958333333 0.5009765625 0.11111111041666667 0.4912109375 0.10416666666666667 0.4736328125 0.10416666666666667 0.4677734375 0.10763888958333333 0.4580078125 0.12152777708333334
1 0.5 0.109375 0.50390625 0.09548611041666667 0.5078125 0.09201388958333333 0.5078125 0.08506944375 0.4970703125 0.07291666666666667 0.4814453125 0.07291666666666667 0.4736328125 0.07986111041666667 0.466796875 0.09201388958333333 0.4677734375 0.10416666666666667 0.4912109375 0.10416666666666667 0.5 0.109375
1 0.5546875 0.09895833333333333 0.552734375 0.11979166666666667 0.560546875 0.13715277708333332 0.5625 0.15451388958333334 0.5693359375 0.16666666666666666 0.5751953125 0.17013888958333334 0.580078125 0.16840277708333332 0.5927734375 0.16319444375 0.603515625 0.14409722291666668 0.60546875 0.13715277708333332 0.60546875 0.11284722291666666 0.6015625 0.09895833333333333 0.5927734375 0.08333333333333333 0.5830078125 0.07638888958333333 0.5712890625 0.07638888958333333 0.5634765625 0.08333333333333333 0.5546875 0.09895833333333333
1 0.1875 0.21354166666666666 0.1923828125 0.21180555625 0.201171875 0.19618055625 0.203125 0.18576388958333334 0.1962890625 0.16319444375 0.1845703125 0.16319444375 0.1806640625 0.16666666666666666 0.173828125 0.19270833333333334 0.17578125 0.20659722291666668 0.1806640625 0.21527777708333332 0.1875 0.21354166666666666
1 0.94921875 0.17534722291666668 0.953125 0.16493055625 0.953125 0.15104166666666666 0.94921875 0.13715277708333332 0.9423828125 0.125 0.9326171875 0.12847222291666666 0.931640625 0.15104166666666666 0.93359375 0.15798611041666666 0.9423828125 0.17361111041666666 0.9462890625 0.17708333333333334 0.94921875 0.17534722291666668
1 0.90234375 0.09895833333333333 0.8955078125 0.08333333333333333 0.8837890625 0.07986111041666667 0.87890625 0.08506944375 0.876953125 0.09201388958333333 0.8798828125 0.10069444375 0.8896484375 0.10763888958333333 0.8974609375 0.11805555625 0.90234375 0.11631944375 0.90234375 0.09895833333333333
1 0.9765625 0.21006944375 0.98046875 0.19965277708333332 0.98046875 0.18923611041666666 0.9765625 0.171875 0.9677734375 0.15972222291666668 0.9599609375 0.16319444375 0.95703125 0.171875 0.958984375 0.19270833333333334 0.9638671875 0.20486111041666666 0.9716796875 0.21180555625 0.9765625 0.21006944375