1 0.5947265625 0.79131944375 0.6005859375 0.784375 0.62109375 0.74444444375 0.630859375 0.6993055541666667 0.630859375 0.6611111104166666 0.62109375 0.6125 0.61328125 0.5916666666666667 0.6005859375 0.5690972208333334 0.5771484375 0.5482638875 0.5439453125 0.5447916666666667 0.5185546875 0.5586805541666667 0.5029296875 0.5795138875 0.4921875 0.6020833333333333 0.478515625 0.6611111104166666 0.478515625 0.7027777770833333 0.484375 0.7340277770833333 0.48828125 0.7409722208333334 0.490234375 0.7513888875 0.5146484375 0.79131944375 0.537923178125 0.8104166666666667 0.564453125 0.8104166666666667 0.5791015625 0.8052083333333333 0.5947265625 0.79131944375
1 0.587109375 0.4263888895833333 0.565625 0.40902777916666666 0.53828125 0.40902777916666666 0.524609375 0.41944444583333335 0.5109375 0.44027777916666666 0.505078125 0.44375 0.4923828125 0.47673611250000003 0.490625 0.5236111125 0.490625 0.5298611125 0.4982421875 0.5704861124999999 0.50078125 0.575 0.5031250015625 0.575 0.5060546875 0.5739583333333333 0.5109375 0.5652777791666667 0.5265625 0.5513888895833333 0.53828125 0.5479166666666667 0.540234375 0.5444444458333333 0.571484375 0.5444444458333333 0.5734375 0.5479166666666667 0.579296875 0.5479166666666667 0.594921875 0.5652777791666667 0.598828125 0.5652777791666667 0.602734375 0.5722222229166667 0.6095703125 0.5565972229166667 0.6115234375 0.5357638895833333 0.6125 0.5340277770833333 0.6125 0.49583333333333335 0.6056640625 0.459375 0.587109375 0.4263888895833333
1 0.42109375 0.31944444375000003 0.407421875 0.30902777708333334 0.383984375 0.3125 0.364453125 0.3333333333333333 0.3537109375 0.36631944375000003 0.3537109375 0.3802083333333333 0.3517578125 0.38368055624999997 0.3517578125 0.39756944375000003 0.3595703125 0.4392361104166667 0.3703125 0.4583333333333333 0.38203125 0.46875 0.387890625 0.46875 0.38984375 0.47222222291666666 0.3966796875 0.4704861104166667 0.41328125 0.46527777708333334 0.4259765625 0.44618055624999997 0.4279296875 0.4045138895833333 0.4318359375 0.38715277708333334 0.4390625 0.37109375 0.4390625 0.3572916666666667 0.4357421875 0.3454861104166667 0.42109375 0.31944444375000003
1 0.5033203125 0.24479166666666666 0.4994140625 0.23090277708333332 0.48671875 0.21180555625 0.476953125 0.20486111041666666 0.461328125 0.20486111041666666 0.44765625 0.21527777708333332 0.4388671875 0.23090277708333332 0.4330078125 0.25868055625 0.4330078125 0.27256944375000003 0.4388671875 0.30034722291666666 0.453515625 0.3229166666666667 0.457421875 0.3263888895833333 0.4759765625 0.32465277708333334 0.484765625 0.31944444375000003 0.4994140625 0.29340277708333334 0.5046875 0.26527777708333333 0.5046875 0.2611111104166667 0.5033203125 0.25868055625 0.5033203125 0.24479166666666666
1 0.6794921875 0.140625 0.6853515625 0.15798611041666666 0.687890625 0.1625 0.688671875 0.1625 0.6892578125 0.16145833333333334 0.698046875 0.14236111041666666 0.701953125 0.13888888958333334 0.715625 0.13888888958333334 0.715625 0.13226010208333333 0.7063368046875 0.11875 0.687734375 0.11875 0.6814453125 0.1267361104166667 0.6794921875 0.140625
0 0.3521484375 0.5307291666666667 0.3345703125 0.5168402770833334 0.3150390625 0.5133680562499999 0.3130859375 0.5168402770833334 0.2994140625 0.5203125 0.2876953125 0.5307291666666667 0.273046875 0.5567708333333333 0.265234375 0.5810763895833334 0.261328125 0.6019097229166667 0.261328125 0.6470486104166666 0.269140625 0.6887152770833332 0.2876953125 0.7217013895833334 0.3130859375 0.7390625 0.319238284375 0.7395833333333334 0.33655598750000004 0.7395833333333334 0.3462890625 0.7355902770833332 0.362890625 0.71649305625 0.378515625 0.6748263895833334 0.378515625 0.66788194375 0.38125 0.6605902770833333 0.38125 0.6069097229166667 0.37265625 0.5671875 0.3521484375 0.5307291666666667
0 0.50859375 0.35 0.496875 0.33958333333333335 0.471484375 0.33611111250000003 0.455859375 0.34652777916666666 0.4392578125 0.36909722291666663 0.4275390625 0.40729166666666666 0.4275390625 0.44895833333333335 0.4353515625 0.48368055625 0.448046875 0.50625 0.4649218734375 0.5229166666666667 0.473828134375 0.5229166666666667 0.4861328125 0.521875 0.4880859375 0.5184027791666667 0.4880859375 0.5010416666666667 0.4900390625 0.49756944583333335 0.4900390625 0.48368055625 0.4939453125 0.46284722291666663 0.502734375 0.44375 0.51640625 0.42986111250000003 0.522265625 0.41944444583333335 0.528125 0.41597222291666663 0.5296875 0.41319444583333337 0.5296875 0.39548611250000004 0.5251953125 0.3795138895833333 0.50859375 0.35
0 0.4658203125 0.16649305416666668 0.4521484375 0.17690972083333334 0.44140625 0.19600694375 0.4375 0.20989583125 0.4375 0.22916666666666666 0.4403320296875 0.22916666666666666 0.4501953125 0.21163194375 0.4580078125 0.20468749791666668 0.4794921875 0.20468749791666668 0.4970703125 0.22552083125 0.5 0.22031249791666668 0.5 0.20642361041666665 0.4853515625 0.17690972083333334 0.4658203125 0.16649305416666668
0 0.4869140625 0.1454861125 0.4673828125 0.1454861125 0.4595703125 0.15243055625000002 0.45078125 0.17152777916666664 0.45078125 0.17500000208333333 0.4537109375 0.1767361125 0.4595703125 0.16979166874999999 0.4693359375 0.16631944583333333 0.4810546875 0.1767361125 0.4849609375 0.1767361125 0.49765625 0.19930555625000002 0.49765625 0.20625000208333333 0.4999999984375 0.21041666666666667 0.501171875 0.21041666666666667 0.5015625 0.20972222291666667 0.5046875 0.19305555625 0.5046875 0.18194444583333333 0.503515625 0.17152777916666664 0.4869140625 0.1454861125
0 0.5896484375 0.140625 0.5876953125 0.15104166666666666 0.5896484375 0.17534722291666668 0.5916015625 0.18229166666666666 0.604296875 0.20138888958333334 0.607421875 0.20416666666666666 0.613281246875 0.20416666666666666 0.6208984375 0.203125 0.627734375 0.19791666666666666 0.6359375 0.18009259166666666 0.6359375 0.17673611041666665 0.6345703125 0.171875 0.6359375 0.16701388958333335 0.6359375 0.142824075 0.627734375 0.125 0.620703125 0.11875 0.605078125 0.11875 0.600390625 0.12152777708333334 0.5896484375 0.140625
0 0.6724609375 0.13159722083333333 0.6666015625 0.128125 0.6509765625 0.128125 0.6470703125 0.13159722083333333 0.636328125 0.15416666666666667 0.636328125 0.18541666666666667 0.6509765625 0.21493055416666668 0.6539062515625 0.21666666666666667 0.671484375 0.21666666666666667 0.683203125 0.19930555416666668 0.6859375 0.175 0.6859375 0.16041666666666668 0.683203125 0.15069444375 0.6724609375 0.13159722083333333
0 0.6892578125 0.16145833333333334 0.6873046875 0.171875 0.6892578125 0.19965277708333332 0.69609375 0.21527777708333332 0.709765625 0.22916666666666666 0.7244140625 0.22743055625 0.7341796875 0.21701388958333334 0.7390625 0.19675926041666666 0.7390625 0.18489583333333334 0.7361328125 0.16145833333333334 0.72734375 0.14583333333333334 0.715625 0.13541666666666666 0.705859375 0.13541666666666666 0.698046875 0.14236111041666666 0.6892578125 0.16145833333333334
0 0.75703125 0.14270833333333333 0.751171875 0.13576388958333335 0.739453125 0.13229166666666667 0.7267578125 0.14444444583333332 0.731640625 0.14965277916666667 0.7365234375 0.16180555625 0.7404296875 0.18263888958333335 0.7365234375 0.21388888958333335 0.741080728125 0.21875 0.7435546921875 0.21875 0.7521484375 0.21736111249999998 0.7638671875 0.20347222291666667 0.7671875 0.18871527916666667 0.7671875 0.16961805625 0.7638671875 0.15486111249999998 0.75703125 0.14270833333333333
0 0.864453125 0.2079861125 0.8546875 0.20104166874999999 0.8390625 0.20451388958333333 0.8322265625 0.21319444583333333 0.8283203125 0.22708333541666667 0.8283203125 0.26180555625 0.8302734375 0.27222222291666665 0.8361328125 0.28958333333333336 0.8436662937499999 0.3 0.8615234375 0.3 0.86640625 0.29826388958333333 0.8751953125 0.2791666666666667 0.8765625 0.271875 0.8765625 0.259375 0.8751953125 0.23750000208333333 0.864453125 0.2079861125
0 0.8546875 0.17048611041666667 0.844921875 0.16354166458333333 0.83515625 0.1670138875 0.8265625 0.18229166458333335 0.8265625 0.21423611041666665 0.8291015625 0.21875 0.8298828109375 0.21875 0.8322265625 0.21736111041666667 0.833203125 0.21215277708333333 0.844921875 0.20173611041666667 0.8625 0.20520833125000001 0.8625 0.18958333125000001 0.8595703125 0.17916666458333333 0.8546875 0.17048611041666667
0 1 0.30451388749999997 0.9873046875 0.27847222083333334 0.9794921875 0.27847222083333334 0.9755859375 0.28194444375 0.96875 0.29756944375 0.96875 0.32534722083333334 0.974609375 0.34965277708333337 0.9806640625 0.36041666666666666 0.99160155625 0.36041666666666666 0.994140625 0.36006944375 1 0.34965277708333337 1 0.30451388749999997